timestamp,AccX,AccY,AccZ
1748972101949,1.6350498962402344,8.858129425048828,4.237837371826172
1748972101971,1.447639617919922,9.126371612548828,3.699856109619141
1748972102038,0.8322692871093751,9.107660522460938,3.327879638671875
1748972102104,0.9231303405761719,9.066795501708985,3.802841949462891
1748972102171,3.111280059814453,7.163503417968751,8.892857208251954
1748972102238,3.0852342224121094,7.177574157714844,6.392007751464844
1748972102304,1.8693127441406252,7.436385955810548,4.983586578369141
1748972102371,3.481011199951172,8.416847076416015,5.176984405517579
1748972102439,3.886667633056641,5.771697692871094,2.9428802490234376
1748972102504,6.452781372070313,5.543721771240235,5.661975860595703
1748972102571,2.213147735595703,4.62044174194336,1.3250445556640627
1748972102638,-2.977608032226563,4.255051574707031,2.441572723388672
1748972102704,-4.508474578857422,6.7473687744140625,8.478219451904298
1748972102770,-5.575455780029297,5.520220642089844,7.17308349609375
1748972102839,-2.8428881835937503,4.264182586669922,11.037447509765625
1748972102904,-0.047900390625000004,2.8801606750488284,11.21542739868164
1748972102971,0.4800517272949219,1.8628761291503908,12.6600732421875
1748972103038,0.6617738342285157,1.4480886840820313,10.559341735839844
1748972103104,0.980610809326172,0.5312452697753907,9.130562896728517
1748972103171,0.9604028320312501,0.6737489318847657,10.932964782714844
1748972103240,-0.0041912841796875,1.1801458740234376,7.828121337890625
1748972103304,0.17199234008789063,0.17573455810546876,10.175839233398438
1748972103371,1.2463082885742187,-0.11780502319335938,9.675429840087892
1748972103438,0.5701643371582031,0.1574725341796875,9.181906127929688
1748972103504,0.8619076538085938,-0.3896397399902344,9.021888885498047
1748972103571,0.24444168090820315,-0.25192611694335937,10.395432586669923
1748972103640,0.6156697082519531,-0.24803421020507813,7.49686019897461
1748972103704,0.34623001098632816,-0.03457809448242188,9.703421630859376
1748972103771,0.34982254028320314,-0.022752685546875002,9.699080657958985
1748972103840,0.21555175781250002,-0.08562194824218751,9.721084899902344
1748972103904,0.2805166625976563,-0.05254074096679688,9.703721008300782
1748972103971,0.2951861572265625,-0.04071533203125,9.708361358642579
1748972104038,0.3112028503417969,-0.042361907958984375,9.697733459472657
1748972104104,0.3323089599609375,-0.0389190673828125,9.710457000732422
1748972104171,0.30865814208984377,-0.033679962158203125,9.711654510498047
1748972104239,0.2977308654785156,-0.044307861328125,9.700727233886719
1748972104304,0.23067031860351564,-0.07439529418945313,9.705068206787109
1748972104371,-0.013921051025390626,-0.1119671630859375,9.6998291015625
1748972104439,0.06271957397460938,-0.07349716186523438,9.725575561523438
1748972104504,0.228724365234375,-0.03622467041015625,9.708511047363281
1748972104570,0.32407608032226565,-0.045205993652343755,9.701775054931641
1748972104641,0.3345542907714844,-0.04101470947265625,9.704768829345703
1748972104704,0.3534150695800781,-0.025297393798828127,9.699978790283204
1748972104771,0.3692820739746094,-0.019908599853515625,9.707912292480469
1748972104840,0.36778518676757815,-0.02484832763671875,9.692793731689454
1748972104904,0.36673736572265625,-0.032332763671875,9.698481903076173
1748972104971,0.36673736572265625,-0.02365081787109375,9.688452758789063
1748972105039,0.35940261840820314,-0.028590545654296876,9.69548812866211
1748972105104,0.33979339599609376,-0.03143463134765625,9.701325988769531
1748972105171,0.33709899902343754,-0.027393035888671875,9.698332214355469
1748972105239,0.34563125610351564,-0.02963836669921875,9.70027816772461
1748972105304,0.3538641357421875,0.010627899169921875,9.693691864013672
1748972105371,0.35835479736328124,-0.026195526123046875,9.700427856445312
1748972105438,0.3534150695800781,-0.04026626586914063,9.705217895507813
1748972105504,0.3561094665527344,-0.016615447998046876,9.69264404296875
1748972105571,0.32841705322265624,-0.03861968994140625,9.701176300048829
1748972105640,0.36434234619140626,-0.035326538085937505,9.701325988769531
1748972105704,0.3770658874511719,-0.024099884033203126,9.691745910644531
1748972105771,0.358055419921875,-0.02903961181640625,9.69788314819336
1748972105840,0.3406915283203125,-0.030237121582031252,9.697583770751953
1748972105904,0.33769775390625,-0.0161663818359375,9.682914276123048
1748972105971,0.3239263916015625,-0.042810974121093755,9.70027816772461
1748972106038,0.3309617614746094,-0.04266128540039063,9.705217895507813
1748972106104,0.36164794921875004,-0.01466949462890625,9.695338439941407
1748972106171,0.35700759887695316,-0.056582336425781254,9.71315139770508
1748972106238,0.35042129516601567,-0.019908599853515625,9.702972564697266
1748972106304,0.33440460205078126,-0.04146377563476563,9.713750152587892
1748972106371,0.3276686096191406,-0.061072998046875,9.725575561523438
1748972106438,0.32302825927734374,-0.0431103515625,9.705367584228517
1748972106504,0.3043171691894531,-0.038769378662109374,9.713450775146486
1748972106571,0.3062631225585938,-0.04819976806640625,9.707762603759766
1748972106638,0.3788621520996094,-0.029488677978515627,9.695637817382813
1748972106704,0.3680845642089844,-0.018112335205078125,9.700128479003906
1748972106771,0.3345542907714844,-0.037571868896484374,9.696086883544922
1748972106840,0.365240478515625,-0.018262023925781252,9.689949645996094
1748972106934,0.2866539001464844,-0.04924758911132813,9.699380035400392
1748972106971,0.42047561645507814,-0.01916015625,9.69743408203125
1748972107040,0.38035903930664067,-0.04056564331054688,9.709109802246095
1748972107104,0.30222152709960937,-0.04700225830078125,9.707163848876954
1748972107171,0.44846740722656253,-0.026794281005859375,9.695637817382813
1748972107238,0.3523672485351563,-0.021106109619140626,9.696685638427734
1748972107304,0.3224295043945313,-0.03562591552734375,9.714348907470704
1748972107371,0.33560211181640626,-0.022004241943359377,9.701176300048829
1748972107440,0.33829650878906253,-0.04206253051757813,9.70267318725586
1748972107504,0.32946487426757814,-0.037272491455078126,9.701625366210939
1748972107571,0.32946487426757814,-0.03397933959960937,9.715995483398437
1748972107641,0.3246748352050781,-0.037122802734375,9.71464828491211
1748972107704,0.34637969970703125,-0.03697311401367188,9.693691864013672
1748972107771,0.33799713134765624,-0.036074981689453126,9.706415405273438
1748972107839,0.34443374633789064,-0.032332763671875,9.69788314819336
1748972107904,0.33859588623046877,-0.025147705078125002,9.694440307617189
1748972107971,0.3320095825195313,-0.031734008789062504,9.70267318725586
1748972108039,0.3438349914550781,-0.00868194580078125,9.707612915039062
1748972108104,0.34203872680664066,-0.03742218017578125,9.701924743652345
1748972108192,0.35131942749023437,-0.026794281005859375,9.70746322631836
1748972108237,0.34637969970703125,-0.014070739746093752,9.699978790283204
1748972108304,0.35221755981445313,-0.03817062377929688,9.70746322631836
1748972108371,-0.3405418395996094,-1.4923965454101564,9.69743408203125
1748972108437,-0.1926493835449219,0.6093827819824219,7.537425842285157
1748972108504,0.08038284301757813,-3.027604064941406,9.565857696533204
1748972108571,-0.025596771240234375,-0.6426136779785157,9.994416503906251
1748972108638,1.0240205383300782,-0.15911911010742188,9.516909484863282
1748972108704,0.3745211791992188,-0.632135467529297,9.5657080078125
1748972108771,-0.6295907592773438,0.6140231323242188,10.087522888183594
1748972108838,-0.38619689941406254,-0.03742218017578125,9.435478820800782
1748972108904,-0.6819818115234375,0.950673065185547,9.705666961669923
1748972108971,-1.761387176513672,-0.0031434631347656253,9.766290893554688
1748972109039,-0.7798782348632813,0.7554789733886719,9.769883422851564
1748972109104,1.85135009765625,0.300574951171875,8.76771743774414
1748972109171,2.3538551330566406,0.016615447998046876,9.462123413085939
1748972109240,1.1018586730957032,-0.5758525085449219,10.065069580078125
1748972109304,2.3213726806640627,-0.4417314147949219,9.14134048461914
1748972109371,7.120243377685547,-3.8336778259277344,9.819280700683594
1748972109439,0.21555175781250002,-0.09145980834960937,9.663305053710937
1748972109504,0.13367202758789062,-0.042810974121093755,9.709109802246095
1748972109571,0.18411712646484377,-0.052989807128906254,9.697583770751953
1748972109639,0.12903167724609377,-0.046253814697265624,9.664951629638672
1748972109704,0.19010467529296876,-0.06032455444335938,9.700427856445312
1748972109771,0.18426681518554688,-0.04700225830078125,9.693991241455079
1748972109844,0.1922003173828125,-0.05358856201171875,9.695787506103516
1748972109904,0.18950592041015626,-0.04206253051757813,9.708960113525391
1748972109971,0.20432510375976565,-0.0473016357421875,9.725874938964845
1748972110041,0.19474502563476564,-0.04445755004882813,9.701625366210939
1748972110104,0.19788848876953127,-0.049097900390625004,9.706116027832032
1748972110171,0.19669097900390625,-0.04176315307617188,9.717192993164064
1748972110239,0.183218994140625,-0.04999603271484375,9.706265716552736
1748972110304,0.17558486938476564,-0.0496966552734375,9.705367584228517
1748972110371,0.1802252197265625,-0.06077362060546875,9.722132720947267
1748972110438,0.173638916015625,-0.04176315307617188,9.692943420410156
1748972110504,0.18561401367187502,-0.049097900390625004,9.711055755615234
1748972110571,0.1802252197265625,-0.046702880859375004,9.695637817382813
1748972110638,0.18142272949218752,-0.05239105224609375,9.69593719482422
1748972110704,0.18217117309570313,-0.047151947021484376,9.710606689453126
1748972110771,0.1824705505371094,-0.05478607177734375,9.710457000732422
1748972110839,0.173638916015625,-0.0431103515625,9.683962097167969
1748972110904,0.1742376708984375,-0.04535568237304688,9.704768829345703
1748972110971,0.18636245727539064,-0.07319778442382813,9.698481903076173
1748972111041,0.228724365234375,-0.06391708374023437,9.730365600585937
1748972111104,0.2597099304199219,-0.037272491455078126,9.840536499023438
1748972111171,0.23980133056640626,-0.037122802734375,9.729766845703125
1748972111239,0.20926483154296877,-0.05239105224609375,9.712253265380859
1748972111304,0.21405487060546877,-0.049097900390625004,9.715546417236329
1748972111371,0.17753082275390625,-0.0437091064453125,9.69309310913086
1748972111439,0.13651611328125002,-0.05179229736328125,9.674232330322265
1748972111504,0.2751278686523438,0.026195526123046875,9.759554901123048
1748972111571,0.15911911010742188,-0.11720626831054688,9.686806182861329
1748972111643,0.05313949584960938,-0.025147705078125002,9.65043182373047
1748972111704,0.15193405151367187,-0.04685256958007813,9.69159622192383
1748972111771,0.16615447998046876,-0.04894821166992188,9.688901824951172
1748972111839,0.17199234008789063,-0.027093658447265627,9.698182525634767
1748972111931,0.1772314453125,-0.05718109130859375,9.704619140625
1748972111971,0.19923568725585938,-0.04819976806640625,9.716294860839843
1748972112037,0.1874102783203125,-0.051043853759765626,9.71704330444336
1748972112104,0.192799072265625,-0.0568817138671875,9.699380035400392
1748972112170,0.16091537475585938,-0.04026626586914063,9.704469451904297
1748972112240,0.18411712646484377,-0.04101470947265625,9.716594238281251
1748972112304,0.18830841064453127,-0.060923309326171876,9.709558868408203
1748972112371,0.18995498657226564,-0.0568817138671875,9.714947662353516
1748972112441,0.1824705505371094,-0.022602996826171878,9.694589996337891
1748972112504,0.19055374145507814,-0.047900390625000004,9.719737701416015
1748972112571,0.16360977172851562,-0.04296066284179688,9.68351303100586
1748972112661,0.20058288574218752,-0.05837860107421875,9.706565093994142
1748972112704,0.1682501220703125,-0.041912841796875,9.70551727294922
1748972112770,0.1778302001953125,-0.038020935058593754,9.696535949707032
1748972112839,0.19145187377929687,-0.06002517700195313,9.717642059326172
1748972112904,0.1945953369140625,-0.0508941650390625,9.712552642822265
1748972112971,0.18172210693359375,-0.046403503417968756,9.704918518066407
1748972113039,0.18920654296875,-0.05403762817382813,9.704768829345703
1748972113104,0.20447479248046876,-0.04685256958007813,9.705666961669923
1748972113171,0.19160156250000002,-0.0473016357421875,9.71030731201172
1748972113239,0.1742376708984375,-0.038470001220703126,9.689350891113282
1748972113498,0.2022294616699219,-0.054636383056640626,9.719288635253907
1748972113504,0.2022294616699219,-0.054636383056640626,9.719288635253907
1748972113571,0.17318984985351563,-0.045056304931640624,9.70267318725586
1748972113737,0.18112335205078126,-0.0461041259765625,9.707313537597656
1748972113851,0.18052459716796876,-0.05703140258789063,9.721084899902344
1748972113927,0.19414627075195315,-0.045505371093750004,9.730215911865235
1748972114077,0.17378860473632812,-0.047451324462890625,9.704319763183594
1748972114104,0.19489471435546876,-0.04939727783203125,9.71030731201172
1748972114171,0.197589111328125,-0.051043853759765626,9.712103576660157
1748972114239,0.19504440307617188,-0.041912841796875,9.708960113525391
1748972114304,0.1884580993652344,-0.04445755004882813,9.706116027832032
1748972114381,0.188009033203125,-0.055085449218750006,9.710606689453126
1748972114437,0.19100280761718752,-0.052690429687500005,9.713001708984375
1748972114504,0.18351837158203127,-0.045056304931640624,9.717342681884766
1748972114571,0.19788848876953127,-0.04775070190429688,9.715546417236329
1748972114638,0.197589111328125,-0.023201751708984378,9.730365600585937
1748972114704,0.20627105712890625,-0.062120819091796876,9.710756378173828
1748972114771,0.18755996704101563,-0.04655319213867188,9.698332214355469
1748972114839,0.178428955078125,-0.052241363525390626,9.70746322631836
1748972114904,0.18291961669921875,-0.05433700561523438,9.71315139770508
1748972114971,0.18007553100585938,-0.04580474853515625,9.700427856445312
1748972115041,0.17753082275390625,-0.0520916748046875,9.706565093994142
1748972115104,0.19788848876953127,-0.0628692626953125,9.720935211181642
1748972115171,0.18621276855468752,-0.04685256958007813,9.707163848876954
1748972115238,0.17872833251953127,-0.05284011840820313,9.706864471435548
1748972115304,0.19908599853515627,-0.06810836791992188,9.697733459472657
1748972115371,0.17753082275390625,-0.06182144165039063,9.704319763183594
1748972115438,0.1730401611328125,-0.06361770629882812,9.698332214355469
1748972115504,0.17408798217773438,-0.047601013183593756,9.69593719482422
1748972115571,0.164058837890625,-0.042810974121093755,9.688003692626953
1748972115638,0.1526824951171875,-0.041613464355468754,9.691446533203125
1748972115704,0.16420852661132812,-0.0425115966796875,9.700876922607423
1748972115771,0.18950592041015626,-0.0520916748046875,9.66674789428711
1748972115839,0.18696121215820313,-0.04221221923828125,9.689650268554688
1748972115904,0.14744338989257813,-0.044756927490234376,9.653575286865236
1748972115971,0.1621128845214844,-0.050295410156250005,9.687255249023439
1748972116039,0.18770965576171875,-0.04879852294921875,9.697134704589844
1748972116104,0.18681152343750002,-0.04221221923828125,9.687105560302735
1748972116171,0.18007553100585938,-0.046403503417968756,9.694589996337891
1748972116239,0.18935623168945315,-0.0389190673828125,9.705816650390625
1748972116304,0.2417472839355469,-0.08352630615234376,9.77302688598633
1748972116371,0.21001327514648438,-0.025596771240234375,9.70746322631836
1748972116439,0.19893630981445312,-0.0389190673828125,9.694440307617189
1748972116504,0.20327728271484377,-0.04805007934570313,9.708061981201173
1748972116571,0.15597564697265626,-0.03787124633789063,9.681417388916016
1748972116638,0.17184265136718752,-0.041912841796875,9.693542175292968
1748972116704,0.17019607543945314,-0.05059478759765625,9.69264404296875
1748972116771,0.17483642578125,-0.034727783203125,9.693991241455079
1748972116839,0.17977615356445314,-0.0401165771484375,9.695787506103516
1748972116927,0.1778302001953125,-0.045954437255859376,9.704768829345703
1748972116971,0.178428955078125,-0.030386810302734376,9.709558868408203
1748972117039,0.17678237915039063,-0.047151947021484376,9.70701416015625
1748972117104,0.19115249633789064,-0.035326538085937505,9.706864471435548
1748972117171,0.188009033203125,-0.0544866943359375,9.706265716552736
1748972117239,0.1838177490234375,-0.0383203125,9.694889373779297
1748972117304,0.1926493835449219,-0.0496966552734375,9.707163848876954
1748972117371,0.18621276855468752,-0.0461041259765625,9.714797973632812
1748972117438,0.1926493835449219,-0.03622467041015625,9.700876922607423
1748972117504,0.1866618347167969,-0.046253814697265624,9.68875213623047
1748972117571,0.17797988891601563,-0.053887939453125006,9.69264404296875
1748972117639,0.18681152343750002,-0.04939727783203125,9.71180419921875
1748972117704,0.1772314453125,-0.020507354736328125,9.712402954101563
1748972117771,0.1754351806640625,-0.04700225830078125,9.68306396484375
1748972117838,0.1633103942871094,-0.029788055419921876,9.688602447509766
1748972117904,0.1872605895996094,-0.06301895141601563,9.704319763183594
1748972117971,0.18426681518554688,-0.05014572143554688,9.70596633911133
1748972118039,0.17573455810546876,-0.04700225830078125,9.692344665527344
1748972118104,0.17693206787109375,-0.043858795166015624,9.709708557128907
1748972118171,0.19474502563476564,-0.07499404907226563,9.716743927001954
1748972118239,0.21046234130859376,-0.05478607177734375,9.724378051757814
1748972118304,0.20252883911132813,-0.039966888427734375,9.718390502929688
1748972118371,0.1836680603027344,-0.06616241455078126,9.705816650390625
1748972118438,0.18875747680664062,-0.01107696533203125,9.692793731689454
1748972118504,0.18232086181640625,-0.05957611083984375,9.716294860839843
1748972118571,0.19025436401367188,-0.052690429687500005,9.712852020263673
1748972118639,0.16570541381835938,-0.021106109619140626,9.701625366210939
1748972118704,0.18531463623046876,-0.05239105224609375,9.704469451904297
1748972118771,0.18336868286132812,-0.04939727783203125,9.698930969238281
1748972118839,0.18471588134765626,-0.041912841796875,9.702074432373047
1748972118905,0.20941452026367188,-0.044008483886718755,9.664951629638672
1748972118971,0.19474502563476564,-0.06182144165039063,9.705068206787109
1748972119039,0.17887802124023439,-0.03143463134765625,9.706265716552736
1748972119104,0.1874102783203125,-0.049846343994140625,9.679022369384766
1748972119171,0.16301101684570313,-0.05059478759765625,9.70027816772461
1748972119239,0.1886077880859375,-0.0383203125,9.701625366210939
1748972119304,0.1850152587890625,-0.03562591552734375,9.701924743652345
1748972119371,0.18516494750976564,-0.03308120727539063,9.684560852050781
1748972119438,0.17199234008789063,-0.032482452392578125,9.696236572265626
1748972119504,0.16585510253906252,-0.03906875610351563,9.703421630859376
1748972119571,0.18561401367187502,-0.03457809448242188,9.712852020263673
1748972119639,0.17139358520507814,-0.024399261474609375,9.68351303100586
1748972119704,0.16001724243164064,-0.006436614990234376,9.696236572265626
1748972119771,0.17483642578125,-0.0383203125,9.701625366210939
1748972119840,0.192799072265625,-0.03263214111328125,9.716145172119141
1748972119904,0.18232086181640625,-0.020806732177734377,9.692943420410156
1748972119971,0.19354751586914062,-0.04700225830078125,9.707762603759766
1748972120040,0.18172210693359375,-0.030835876464843752,9.697134704589844
1748972120104,0.19145187377929687,-0.03278182983398438,9.704918518066407
1748972120171,0.1932481384277344,-0.032482452392578125,9.693691864013672
1748972120239,0.18456619262695315,-0.026794281005859375,9.695787506103516
1748972120304,0.1818717956542969,-0.022902374267578126,9.695787506103516
1748972120371,0.18696121215820313,-0.042810974121093755,9.70417007446289
1748972120438,0.18067428588867188,-0.022752685546875002,9.690398712158204
1748972120504,0.20013381958007814,-0.026794281005859375,9.690847778320313
1748972120571,0.188009033203125,-0.029937744140625,9.700727233886719
1748972120640,0.19983444213867188,-0.030686187744140628,9.712852020263673
1748972120704,0.19444564819335938,-0.030686187744140628,9.701625366210939
1748972120771,0.18336868286132812,-0.043559417724609376,9.706714782714844
1748972120839,0.18127304077148437,-0.027393035888671875,9.689650268554688
1748972120904,0.19160156250000002,-0.041613464355468754,9.701775054931641
1748972120971,0.20193008422851563,-0.028889923095703127,9.719588012695313
1748972121039,0.137713623046875,-0.026943969726562503,9.667496337890626
1748972121104,0.17663269042968752,-0.03667373657226563,9.698182525634767
1748972121172,0.18037490844726564,-0.05403762817382813,9.692045288085938
1748972121239,0.1920506286621094,-0.04999603271484375,9.697733459472657
1748972121304,0.20312759399414063,-0.0532891845703125,9.708960113525391
1748972121371,0.19294876098632813,-0.03263214111328125,9.699080657958985
1748972121438,0.1790277099609375,-0.051492919921875005,9.694290618896485
1748972121504,0.18935623168945315,-0.056133270263671875,9.704619140625
1748972121571,0.20058288574218752,-0.03382965087890625,9.706714782714844
1748972121639,0.1818717956542969,-0.051043853759765626,9.70596633911133
1748972121704,0.18770965576171875,-0.05179229736328125,9.702523498535157
1748972121771,0.1898052978515625,-0.046403503417968756,9.708211669921875
1748972121840,0.1836680603027344,-0.04805007934570313,9.694889373779297
1748972121934,0.18097366333007814,-0.037721557617187505,9.692344665527344
1748972121971,0.19115249633789064,-0.04924758911132813,9.71135513305664
1748972122040,0.17378860473632812,-0.03667373657226563,9.690997467041017
1748972122104,0.19669097900390625,-0.05044509887695313,9.706265716552736
1748972122171,0.17154327392578125,-0.03861968994140625,9.69743408203125
1748972122244,0.17513580322265626,-0.045205993652343755,9.679770812988282
1748972122304,0.17453704833984376,-0.03667373657226563,9.692045288085938
1748972122371,0.17558486938476564,-0.03697311401367188,9.699529724121094
1748972122441,0.19489471435546876,-0.037721557617187505,9.686057739257812
1748972122504,0.19728973388671875,-0.03457809448242188,9.689500579833984
1748972122577,0.20552261352539064,-0.04954696655273438,9.720635833740236
1748972122637,0.18606307983398437,-0.034129028320312504,9.70701416015625
1748972122704,0.17274078369140625,-0.031284942626953124,9.687854003906251
1748972122771,0.17274078369140625,-0.05059478759765625,9.681866455078126
1748972122838,0.1872605895996094,-0.04775070190429688,9.696086883544922
1748972122905,0.17857864379882812,-0.03861968994140625,9.685009918212891
1748972122971,0.18905685424804688,-0.038470001220703126,9.704768829345703
1748972123038,0.18082397460937502,-0.04954696655273438,9.703721008300782
1748972123104,0.1790277099609375,-0.045954437255859376,9.681716766357422
1748972123172,0.18471588134765626,-0.03682342529296875,9.692494354248048
1748972123239,0.17992584228515626,-0.0449066162109375,9.699230346679688
1748972123304,0.18157241821289063,-0.03861968994140625,9.699080657958985
1748972123371,0.1836680603027344,-0.040415954589843754,9.690398712158204
1748972123440,0.16540603637695314,-0.04924758911132813,9.70312225341797
1748972123504,0.168848876953125,-0.051492919921875005,9.685758361816406
1748972123572,0.19384689331054689,-0.0484991455078125,9.688003692626953
1748972123639,0.18127304077148437,-0.0484991455078125,9.700128479003906
1748972123704,0.1818717956542969,-0.04296066284179688,9.693691864013672
1748972123771,0.18636245727539064,-0.049097900390625004,9.691745910644531
1748972123840,0.1728904724121094,-0.0413140869140625,9.687704315185547
1748972123904,0.16121475219726564,-0.039517822265625,9.691446533203125
1748972123972,0.17947677612304688,-0.049846343994140625,9.696236572265626
1748972124039,0.17917739868164062,-0.053887939453125006,9.695637817382813
1748972124105,0.17468673706054688,-0.03502716064453125,9.700876922607423
1748972124171,0.17483642578125,-0.04999603271484375,9.680519256591797
1748972124239,0.17633331298828125,-0.045056304931640624,9.695188751220703
1748972124304,0.1669029235839844,-0.036374359130859374,9.695338439941407
1748972124372,0.1790277099609375,-0.05912704467773438,9.685309295654298
1748972124438,0.168848876953125,-0.049846343994140625,9.679022369384766
1748972124504,0.17588424682617188,-0.053887939453125006,9.686357116699218
1748972124571,0.17648300170898437,-0.03981719970703125,9.700427856445312
1748972124639,0.18755996704101563,-0.0532891845703125,9.704768829345703
1748972124705,0.18681152343750002,-0.0413140869140625,9.698930969238281
1748972124772,0.18396743774414062,-0.045056304931640624,9.702822875976564
1748972124838,0.17648300170898437,-0.0437091064453125,9.679471435546876
1748972124904,0.1776805114746094,-0.0556842041015625,9.69593719482422
1748972124972,0.19100280761718752,-0.044756927490234376,9.68875213623047
1748972125040,0.17079483032226564,-0.0473016357421875,9.690099334716797
1748972125104,0.17154327392578125,-0.0461041259765625,9.692943420410156
1748972125172,0.18396743774414062,-0.042361907958984375,9.698631591796875
1748972125245,0.178428955078125,-0.047601013183593756,9.687704315185547
1748972125304,0.1830693054199219,-0.05403762817382813,9.704020385742188
1748972125372,0.1686991882324219,-0.047601013183593756,9.694290618896485
1748972125439,0.18007553100585938,-0.042361907958984375,9.68979995727539
1748972125504,0.17648300170898437,-0.05074447631835938,9.688901824951172
1748972125571,0.19968475341796876,-0.0431103515625,9.695039062500001
1748972125639,0.14190490722656252,-0.022752685546875002,9.668544158935548
1748972125704,0.1531315612792969,-0.060174865722656255,9.682016143798828
1748972125771,0.20492385864257814,-0.051043853759765626,9.714797973632812
1748972125840,0.21046234130859376,-0.044307861328125,9.712253265380859
1748972125904,0.21315673828125,-0.0688568115234375,9.71270233154297
1748972125972,0.18142272949218752,-0.038020935058593754,9.681417388916016
1748972126041,0.15492782592773438,-0.046403503417968756,9.68111801147461
1748972126104,0.1431024169921875,-0.055085449218750006,9.701475677490235
1748972126172,0.1782792663574219,-0.047451324462890625,9.694739685058595
1748972126241,0.14938934326171877,-0.04206253051757813,9.696236572265626
1748972126305,0.1836680603027344,-0.050295410156250005,9.695338439941407
1748972126372,0.2472857666015625,-0.08382568359375,9.69593719482422
1748972126441,0.19160156250000002,-0.042810974121093755,9.724527740478516
1748972126504,0.3203338623046875,-0.06870712280273437,9.104816436767578
1748972126572,0.29593460083007816,-0.19654129028320313,9.489965515136719
1748972126641,0.28695327758789063,-0.370030517578125,9.842632141113281
1748972126704,0.15762222290039063,-0.12678634643554687,9.859996032714845
1748972126771,0.429906005859375,-0.00209564208984375,9.623787231445313
1748972126839,0.5861810302734375,0.04221221923828125,10.033036193847657
1748972126932,0.14400054931640627,0.02125579833984375,9.630223846435547
1748972126972,0.22498214721679688,-0.07918533325195314,9.72662338256836
1748972127042,0.02844085693359375,-0.38619689941406254,9.578281860351563
1748972127105,-1.8440153503417969,-0.8479866027832031,9.713001708984375
1748972127171,0.4209246826171875,-2.226170654296875,11.798464965820314
1748972127239,1.1265573120117187,0.052690429687500005,10.734627227783204
1748972127305,1.4925462341308595,-0.5077441406250001,10.30142807006836
1748972127371,3.9152581787109377,-2.815046081542969,9.768685913085937
1748972127439,3.882925415039063,0.5297483825683594,10.28900390625
1748972127505,0.5291496276855469,1.265917510986328,8.858279113769532
1748972127571,-1.973346405029297,2.3224205017089843,9.577533416748047
1748972127639,-4.193529510498047,2.519410858154297,10.40441390991211
1748972127704,-2.963836669921875,-0.1770817565917969,8.864266662597657
1748972127771,-2.525548095703125,-0.2701881408691406,7.3639366149902346
1748972127839,-2.0639080810546875,-0.30686187744140625,10.659483489990235
1748972127904,-0.25102798461914066,0.33799713134765624,9.399553527832031
1748972127971,0.38634658813476563,-0.10253677368164063,9.74249038696289
1748972128039,0.21465362548828126,-0.04580474853515625,9.705068206787109
1748972128104,0.25102798461914066,-0.05643264770507813,9.708960113525391
1748972128171,0.26659561157226563,-0.05523513793945313,9.70746322631836
1748972128239,0.24623794555664064,-0.046702880859375004,9.705217895507813
1748972128304,0.2597099304199219,-0.05598358154296875,9.711654510498047
1748972128371,0.26315277099609374,-0.06002517700195313,9.706415405273438
1748972128438,0.2496807861328125,-0.05014572143554688,9.702822875976564
1748972128504,0.27647506713867187,-0.04580474853515625,9.705816650390625
1748972128571,0.2667453002929688,-0.0544866943359375,9.709409179687501
1748972128639,0.27273284912109375,-0.05254074096679688,9.698930969238281
1748972128704,0.26539810180664064,-0.04834945678710938,9.708361358642579
1748972128771,0.1874102783203125,-0.049097900390625004,9.72572525024414
1748972128839,0.2594105529785156,-0.07379653930664062,9.726922760009765
1748972128904,0.17962646484375,-0.04176315307617188,9.703571319580078
1748972128971,0.26764343261718754,-0.05957611083984375,9.712103576660157
1748972129039,0.2839595031738281,-0.04296066284179688,9.715546417236329
1748972129104,0.2652484130859375,-0.05912704467773438,9.693841552734375
1748972129171,0.35356475830078127,-0.08098159790039063,9.712253265380859
1748972129241,0.2856060791015625,-0.0461041259765625,9.71419921875
1748972129305,0.2980302429199219,-0.06601272583007813,9.70417007446289
1748972129371,0.2770738220214844,-0.05164260864257813,9.70701416015625
1748972129440,0.2996768188476563,-0.04805007934570313,9.700427856445312
1748972129504,0.29114456176757814,-0.047451324462890625,9.706714782714844
1748972129571,0.3052153015136719,-0.05194198608398438,9.713899841308594
1748972129639,0.2977308654785156,-0.0431103515625,9.70701416015625
1748972129704,0.29234207153320313,-0.05194198608398438,9.710906066894532
1748972129771,0.3100053405761719,-0.043559417724609376,9.700727233886719
1748972129840,0.29069549560546876,-0.0508941650390625,9.717342681884766
1748972129904,0.29847930908203124,-0.061072998046875,9.699679412841798
1748972129971,0.2734812927246094,-0.04101470947265625,9.706714782714844
1748972130039,0.30326934814453127,-0.0461041259765625,9.70267318725586
1748972130104,0.31255004882812504,-0.05239105224609375,9.699080657958985
1748972130171,0.2947370910644531,-0.0532891845703125,9.711055755615234
1748972130240,0.29219238281250004,-0.040415954589843754,9.705367584228517
1748972130305,0.29952713012695314,-0.051043853759765626,9.696086883544922
1748972130371,0.3074606323242188,-0.056282958984375006,9.70985824584961
1748972130441,0.30147308349609375,-0.03577560424804688,9.704319763183594
1748972130504,0.27033782958984376,-0.05074447631835938,9.707163848876954
1748972130571,0.2859054565429688,-0.05673202514648438,9.699978790283204
1748972130641,0.28291168212890627,-0.04535568237304688,9.700577545166016
1748972130705,0.29713211059570316,-0.05673202514648438,9.704469451904297
1748972130771,0.27767257690429686,-0.0580792236328125,9.704619140625
1748972130841,0.27303222656250004,-0.045205993652343755,9.705217895507813
1748972130904,0.26225463867187504,-0.06182144165039063,9.709409179687501
1748972130971,0.2692900085449219,-0.03667373657226563,9.700727233886719
1748972131042,0.28755203247070316,-0.05358856201171875,9.699978790283204
1748972131104,0.30371841430664065,-0.0580792236328125,9.709558868408203
1748972131171,0.26000930786132814,-0.060474243164062504,9.708211669921875
1748972131242,0.28635452270507816,-0.046253814697265624,9.698332214355469
1748972131304,0.22842498779296877,-0.08008346557617188,9.728120269775392
1748972131371,0.3403921508789063,-0.01676513671875,9.685758361816406
1748972131440,0.31883697509765624,-0.015867004394531252,9.702224121093751
1748972131504,0.26914031982421877,-0.0437091064453125,9.716294860839843
1748972131571,0.3261717224121094,-0.03936813354492188,9.707612915039062
1748972131640,0.27842102050781253,-0.08906478881835939,9.740544433593751
1748972131704,0.3320095825195313,-0.026494903564453127,9.706415405273438
1748972131771,0.25462051391601564,-0.08247848510742188,9.743238830566407
1748972131840,0.298179931640625,-0.031734008789062504,9.70417007446289
1748972131928,0.3309617614746094,-0.037122802734375,9.721683654785156
1748972131971,0.32946487426757814,-0.03158432006835938,9.71854019165039
1748972132042,0.26240432739257813,-0.06691085815429688,9.733209686279297
1748972132104,0.3170407104492188,-0.04805007934570313,9.720635833740236
1748972132171,0.31943572998046876,-0.03382965087890625,9.724827117919922
1748972132241,0.3043171691894531,-0.05059478759765625,9.72467742919922
1748972132304,0.2800675964355469,-0.05882766723632813,9.730365600585937
1748972132371,0.27497817993164064,-0.05942642211914063,9.725276184082032
1748972132440,0.2808160400390625,-0.0473016357421875,9.72662338256836
1748972132504,0.28156448364257813,-0.04819976806640625,9.717642059326172
1748972132571,0.2932402038574219,-0.04445755004882813,9.73096435546875
1748972132638,0.2844085693359375,-0.05583389282226563,9.73096435546875
1748972132704,0.29054580688476567,-0.050295410156250005,9.720935211181642
1748972132772,0.29144393920898437,-0.04026626586914063,9.710457000732422
1748972132839,0.29832962036132815,-0.04655319213867188,9.716594238281251
1748972132904,0.26599685668945316,-0.07858657836914062,9.741891632080078
1748972132972,0.277822265625,-0.0676593017578125,9.729467468261719
1748972133043,0.28306137084960936,-0.06256988525390625,9.727521514892578
1748972133105,0.3047662353515625,-0.038020935058593754,9.715396728515625
1748972133172,0.28410919189453127,-0.04924758911132813,9.711055755615234
1748972133240,0.30147308349609375,-0.05179229736328125,9.71180419921875
1748972133305,0.29368927001953127,-0.05014572143554688,9.713899841308594
1748972133372,0.2944377136230469,-0.05673202514648438,9.720037078857422
1748972133441,0.3104544067382813,-0.027692413330078127,9.701176300048829
1748972133505,0.2878514099121094,-0.042810974121093755,9.714797973632812
1748972133572,0.2951861572265625,-0.049097900390625004,9.722432098388673
1748972133640,0.2980302429199219,-0.03787124633789063,9.712402954101563
1748972133704,0.29069549560546876,-0.05433700561523438,9.720635833740236
1748972133772,0.29728179931640625,-0.05358856201171875,9.72138427734375
1748972133840,0.300574951171875,-0.06511459350585938,9.731114044189454
1748972133905,0.30072463989257814,-0.037571868896484374,9.71464828491211
1748972133972,0.2839595031738281,-0.05478607177734375,9.730215911865235
1748972134038,0.31150222778320313,-0.03906875610351563,9.711953887939453
1748972134105,0.30761032104492186,-0.041613464355468754,9.722432098388673
1748972134172,0.30296997070312504,-0.03427871704101563,9.708660736083985
1748972134243,0.30072463989257814,-0.047900390625000004,9.72662338256836
1748972134305,0.3052153015136719,-0.04340972900390625,9.724378051757814
1748972134372,0.30805938720703124,-0.028291168212890627,9.711504821777345
1748972134441,0.2884501647949219,-0.06436614990234375,9.727371826171876
1748972134505,0.2881507873535156,-0.050295410156250005,9.725276184082032
1748972134572,0.3113525390625,-0.039218444824218754,9.719737701416015
1748972134641,0.31823822021484377,-0.03906875610351563,9.722881164550781
1748972134705,0.29847930908203124,-0.04535568237304688,9.722432098388673
1748972134772,0.3107537841796875,-0.0496966552734375,9.711205444335938
1748972134841,0.28994705200195314,-0.04954696655273438,9.728719024658204
1748972134905,0.2986289978027344,-0.04580474853515625,9.731712799072266
1748972134972,0.30716125488281254,-0.044307861328125,9.728719024658204
1748972135041,0.26494903564453126,-0.07409591674804687,9.73575439453125
1748972135104,0.3112028503417969,-0.029189300537109376,9.709259490966797
1748972135172,0.29608428955078125,-0.025147705078125002,9.709109802246095
1748972135244,0.28111541748046875,-0.06586303710937501,9.743687896728517
1748972135304,0.3143463134765625,-0.038020935058593754,9.719288635253907
1748972135372,0.267044677734375,-0.07020401000976563,9.728868713378906
1748972135438,0.2724334716796875,-0.0580792236328125,9.721234588623048
1748972135505,0.2812651062011719,-0.06361770629882812,9.727371826171876
1748972135572,0.29608428955078125,-0.04206253051757813,9.72183334350586
1748972135641,0.2847079467773438,-0.04819976806640625,9.72422836303711
1748972135704,0.29234207153320313,-0.03667373657226563,9.701625366210939
1748972135772,0.30716125488281254,-0.038470001220703126,9.710906066894532
1748972135840,0.2944377136230469,-0.05134323120117188,9.718390502929688
1748972135904,0.2582130432128906,-0.082628173828125,9.74144256591797
1748972135972,0.295784912109375,-0.05179229736328125,9.725276184082032
1748972136039,0.2989283752441406,-0.055384826660156254,9.723030853271485
1748972136104,0.30716125488281254,-0.04999603271484375,9.717642059326172
1748972136172,0.2912942504882813,-0.05478607177734375,9.713301086425782
1748972136241,0.25776397705078125,-0.0508941650390625,9.716594238281251
1748972136304,0.34503250122070317,-0.03547622680664063,9.702972564697266
1748972136372,0.3129991149902344,-0.0712518310546875,9.710457000732422
1748972136441,0.29264144897460936,-0.05957611083984375,9.704020385742188
1748972136504,0.2932402038574219,-0.057779846191406255,9.714797973632812
1748972136572,0.3119512939453125,-0.049846343994140625,9.696835327148438
1748972136640,0.30386810302734374,-0.04206253051757813,9.699230346679688
1748972136705,0.2935395812988281,-0.04999603271484375,9.70551727294922
1748972136772,0.30132339477539066,-0.04894821166992188,9.69698501586914
1748972136838,0.3016227722167969,-0.04655319213867188,9.690847778320313
1748972136928,0.29309051513671874,-0.046253814697265624,9.698930969238281
1748972136972,0.2986289978027344,-0.056133270263671875,9.69878128051758
1748972137042,0.30446685791015626,-0.04221221923828125,9.69593719482422
1748972137104,0.2986289978027344,-0.04700225830078125,9.693841552734375
1748972137172,0.30491592407226564,-0.0383203125,9.688602447509766
1748972137241,0.29264144897460936,-0.052989807128906254,9.698332214355469
1748972137304,0.3070115661621094,-0.048648834228515625,9.69743408203125
1748972137372,0.3010240173339844,-0.04071533203125,9.700577545166016
1748972137441,0.29788055419921877,-0.047900390625000004,9.692943420410156
1748972137505,0.2954855346679688,-0.05179229736328125,9.698481903076173
1748972137572,0.3034190368652344,-0.04924758911132813,9.700727233886719
1748972137641,0.2884501647949219,-0.0496966552734375,9.703721008300782
1748972137704,0.31030471801757814,-0.036374359130859374,9.696386260986328
1748972137772,0.295784912109375,-0.04685256958007813,9.700427856445312
1748972137841,0.2989283752441406,-0.050295410156250005,9.70312225341797
1748972137904,0.2977308654785156,-0.05239105224609375,9.695637817382813
1748972137972,0.29713211059570316,-0.0473016357421875,9.694739685058595
1748972138044,0.27812164306640624,-0.0544866943359375,9.709708557128907
1748972138105,0.3180885314941406,-0.03682342529296875,9.694589996337891
1748972138172,0.30566436767578126,-0.042361907958984375,9.696535949707032
1748972138240,0.3031196594238281,-0.04026626586914063,9.70596633911133
1748972138305,0.3065625,-0.041613464355468754,9.69788314819336
1748972138372,0.2824626159667969,-0.06960525512695313,9.712852020263673
1748972138441,0.3150947570800781,-0.04565505981445313,9.69698501586914
1748972138504,0.29788055419921877,-0.05403762817382813,9.698332214355469
1748972138572,0.305364990234375,-0.04086502075195313,9.692793731689454
1748972138640,0.3107537841796875,-0.03742218017578125,9.695787506103516
1748972138705,0.30296997070312504,-0.05194198608398438,9.697134704589844
1748972138772,0.3008743286132813,-0.04879852294921875,9.69743408203125
1748972138840,0.28800109863281254,-0.048648834228515625,9.703271942138672
1748972138904,0.27542724609375,-0.04565505981445313,9.708511047363281
1748972138972,0.28380981445312503,-0.06032455444335938,9.713750152587892
1748972139038,0.31030471801757814,-0.047451324462890625,9.695787506103516
1748972139105,0.30192214965820313,-0.036524047851562505,9.698631591796875
1748972139172,0.3001258850097656,-0.0401165771484375,9.697134704589844
1748972139240,0.30895751953125,-0.038769378662109374,9.69548812866211
1748972139305,0.2806663513183594,-0.06586303710937501,9.718091125488282
1748972139372,0.3242257690429688,-0.04206253051757813,9.696086883544922
1748972139441,0.29264144897460936,-0.05763015747070313,9.701475677490235
1748972139505,0.29832962036132815,-0.051043853759765626,9.705367584228517
1748972139572,0.2686912536621094,-0.06915618896484375,9.716444549560547
1748972139644,0.27452911376953126,-0.05179229736328125,9.709409179687501
1748972139704,0.2962339782714844,-0.03592529296875,9.700128479003906
1748972139772,0.30446685791015626,-0.05119354248046875,9.705367584228517
1748972139839,0.27991790771484376,-0.05748046875,9.714049530029298
1748972139904,0.27273284912109375,-0.05433700561523438,9.701625366210939
1748972139972,0.28725265502929687,-0.04879852294921875,9.694440307617189
1748972140038,0.29713211059570316,-0.04805007934570313,9.698182525634767
1748972140105,0.27572662353515626,-0.06631210327148437,9.713899841308594
1748972140172,0.3016227722167969,-0.04221221923828125,9.691296844482423
1748972140242,0.2992277526855469,-0.03113525390625,9.688452758789063
1748972140304,0.28830047607421877,-0.06481521606445313,9.69743408203125
1748972140372,0.3046165466308594,-0.04460723876953125,9.694889373779297
1748972140441,0.2903961181640625,-0.05074447631835938,9.699230346679688
1748972140504,0.28455825805664064,-0.0592767333984375,9.708061981201173
1748972140572,0.33560211181640626,-0.06631210327148437,9.723928985595704
1748972140641,0.31210098266601566,-0.03577560424804688,9.695787506103516
1748972140704,0.28306137084960936,-0.044008483886718755,9.717342681884766
1748972140772,0.28725265502929687,-0.052241363525390626,9.704619140625
1748972140841,0.2900967407226563,-0.05643264770507813,9.699679412841798
1748972140904,0.2896476745605469,-0.06152206420898438,9.70701416015625
1748972140972,0.2954855346679688,-0.041912841796875,9.696386260986328
1748972141041,0.2903961181640625,-0.0544866943359375,9.71988739013672
1748972141104,0.29758117675781254,-0.049846343994140625,9.6998291015625
1748972141172,0.29294082641601565,-0.046702880859375004,9.696086883544922
1748972141241,0.29653335571289063,-0.04805007934570313,9.709109802246095
1748972141305,0.2998265075683594,-0.053438873291015626,9.709409179687501
1748972141372,0.29593460083007816,-0.04535568237304688,9.700727233886719
1748972141441,0.2662962341308594,-0.058528289794921876,9.702822875976564
1748972141504,0.288599853515625,-0.04326004028320313,9.713001708984375
1748972141572,0.305364990234375,-0.05403762817382813,9.715396728515625
1748972141640,0.2856060791015625,-0.049846343994140625,9.70596633911133
1748972141704,0.2927911376953125,-0.05583389282226563,9.703421630859376
1748972141772,0.28770172119140625,-0.04879852294921875,9.709259490966797
1748972141841,0.2710862731933594,-0.056133270263671875,9.70596633911133
1748972141931,0.2836601257324219,-0.039517822265625,9.704469451904297
1748972141972,0.28770172119140625,-0.04939727783203125,9.718390502929688
1748972142042,0.2999761962890625,-0.06301895141601563,9.708660736083985
1748972142104,0.28455825805664064,-0.058528289794921876,9.717642059326172
1748972142172,0.28770172119140625,-0.051043853759765626,9.715097351074219
1748972142239,0.2980302429199219,-0.055085449218750006,9.727820892333986
1748972142304,0.28740234375,-0.06735992431640625,9.706864471435548
1748972142372,0.2932402038574219,-0.053738250732421874,9.708810424804687
1748972142438,0.3016227722167969,-0.05433700561523438,9.701775054931641
1748972142504,0.29219238281250004,-0.054636383056640626,9.697134704589844
1748972142572,0.2856060791015625,-0.05523513793945313,9.713001708984375
1748972142641,0.29713211059570316,-0.04775070190429688,9.709259490966797
1748972142705,0.29608428955078125,-0.046253814697265624,9.705666961669923
1748972142772,0.3050656127929688,-0.047900390625000004,9.70312225341797
1748972142841,0.3028202819824219,-0.04834945678710938,9.704768829345703
1748972142905,0.288599853515625,-0.052241363525390626,9.708660736083985
1748972142972,0.30416748046875003,-0.043559417724609376,9.703271942138672
1748972143042,0.29054580688476567,-0.05194198608398438,9.70746322631836
1748972143104,0.30147308349609375,-0.05059478759765625,9.693542175292968
1748972143172,0.29593460083007816,-0.047451324462890625,9.697583770751953
1748972143239,0.2962339782714844,-0.051492919921875005,9.707762603759766
1748972143305,0.27991790771484376,-0.0568817138671875,9.703721008300782
1748972143372,0.3062631225585938,-0.04655319213867188,9.696386260986328
1748972143440,0.30910720825195315,-0.03547622680664063,9.701176300048829
1748972143505,0.2956352233886719,-0.052989807128906254,9.697733459472657
1748972143572,0.28351043701171874,-0.06556365966796876,9.713001708984375
1748972143641,0.27812164306640624,-0.06077362060546875,9.710906066894532
1748972143705,0.30222152709960937,-0.045954437255859376,9.701475677490235
1748972143772,0.3023712158203125,-0.04101470947265625,9.692045288085938
1748972143841,0.295784912109375,-0.045505371093750004,9.693542175292968
1748972143905,0.3034190368652344,-0.05074447631835938,9.702972564697266
1748972143972,0.27542724609375,-0.06721023559570313,9.711654510498047
1748972144043,0.30222152709960937,-0.05583389282226563,9.70027816772461
1748972144105,0.29788055419921877,-0.04819976806640625,9.701325988769531
1748972144172,0.28650421142578125,-0.05703140258789063,9.702972564697266
1748972144241,0.28380981445312503,-0.0568817138671875,9.699080657958985
1748972144305,0.307760009765625,-0.05194198608398438,9.695188751220703
1748972144372,0.2998265075683594,-0.04326004028320313,9.6998291015625
1748972144438,0.2992277526855469,-0.052989807128906254,9.685608673095704
1748972144505,0.29309051513671874,-0.0664617919921875,9.704469451904297
1748972144572,0.28231292724609375,-0.053738250732421874,9.700128479003906
1748972144641,0.2942880249023438,-0.05912704467773438,9.701026611328125
1748972144705,0.3158432006835938,-0.034727783203125,9.700727233886719
1748972144772,0.31284942626953127,-0.06376739501953126,9.712402954101563
1748972144840,0.2998265075683594,-0.05313949584960938,9.695338439941407
1748972144905,0.26689498901367187,-0.06122268676757813,9.708960113525391
1748972144972,0.28919860839843753,-0.04700225830078125,9.698182525634767
1748972145039,0.29832962036132815,-0.052241363525390626,9.699679412841798
1748972145104,0.2932402038574219,-0.0508941650390625,9.702523498535157
1748972145172,0.2721340942382813,-0.05119354248046875,9.706565093994142
1748972145241,0.28680358886718754,-0.0676593017578125,9.707313537597656
1748972145305,0.2716850280761719,-0.06586303710937501,9.716444549560547
1748972145372,0.3347039794921875,-0.028291168212890627,9.69788314819336
1748972145441,0.31090347290039066,-0.034877471923828125,9.698032836914063
1748972145505,0.30177246093750004,-0.04580474853515625,9.704918518066407
1748972145572,0.288599853515625,-0.061072998046875,9.708361358642579
1748972145638,0.2927911376953125,-0.04101470947265625,9.71464828491211
1748972145705,0.2927911376953125,-0.05673202514648438,9.715995483398437
1748972145772,0.28770172119140625,-0.03861968994140625,9.706265716552736
1748972145841,0.30611343383789064,-0.060474243164062504,9.711953887939453
1748972145905,0.3158432006835938,-0.0401165771484375,9.689500579833984
1748972145972,0.31374755859375003,-0.05987548828125,9.707163848876954
1748972146041,0.317340087890625,-0.05164260864257813,9.715097351074219
1748972146105,0.29832962036132815,-0.0688568115234375,9.712552642822265
1748972146172,0.2582130432128906,-0.053438873291015626,9.7189892578125
1748972146241,0.2628533935546875,-0.050295410156250005,9.702972564697266
1748972146305,0.29234207153320313,-0.038769378662109374,9.697583770751953
1748972146372,0.2748284912109375,-0.07978408813476563,9.718091125488282
1748972146439,0.31030471801757814,-0.04176315307617188,9.69548812866211
1748972146505,0.2785707092285156,-0.06421646118164062,9.712253265380859
1748972146572,0.2986289978027344,-0.06391708374023437,9.703421630859376
1748972146639,0.44068359375000005,-0.05403762817382813,9.717941436767578
1748972146705,0.32302825927734374,-0.08562194824218751,9.71030731201172
1748972146772,0.30790969848632815,-0.047151947021484376,9.700128479003906
1748972146841,0.32257919311523436,-0.0568817138671875,9.71749237060547
1748972146927,0.24998016357421876,-0.060923309326171876,9.707762603759766
1748972146972,0.3249742126464844,-0.06346801757812501,9.718091125488282
1748972147041,0.31225067138671875,-0.05643264770507813,9.702822875976564
1748972147105,0.2724334716796875,-0.06331832885742188,9.71315139770508
1748972147172,0.28740234375,-0.054636383056640626,9.705068206787109
1748972147241,0.3023712158203125,-0.05433700561523438,9.709259490966797
1748972147305,0.25626708984375,-0.05987548828125,9.713750152587892
1748972147372,0.24159759521484375,-0.07200027465820313,9.720635833740236
1748972147440,0.2752775573730469,-0.025746459960937502,9.707912292480469
1748972147505,0.29458740234375,-0.036524047851562505,9.700727233886719
1748972147572,0.2938389587402344,-0.045505371093750004,9.709409179687501
1748972147641,0.29219238281250004,-0.0496966552734375,9.717342681884766
1748972147705,0.2896476745605469,-0.03338058471679688,9.702523498535157
1748972147772,0.3016227722167969,-0.03143463134765625,9.703870697021484
1748972147840,0.3050656127929688,-0.08846603393554688,9.710906066894532
1748972147905,0.35042129516601567,-0.039218444824218754,9.709558868408203
1748972147972,0.2763253784179688,-0.086220703125,9.73904754638672
1748972148041,0.3020718383789063,-0.04340972900390625,9.694140930175783
1748972148105,0.2597099304199219,-0.08083190917968751,9.728269958496094
1748972148172,0.31329849243164065,-0.022004241943359377,9.69069808959961
1748972148238,0.31524444580078126,-0.0413140869140625,9.715097351074219
1748972148305,0.3047662353515625,-0.06032455444335938,9.715097351074219
1748972148372,0.29054580688476567,-0.042810974121093755,9.71704330444336
1748972148440,0.26584716796875,-0.03158432006835938,9.704319763183594
1748972148505,0.3016227722167969,-0.023800506591796878,9.69264404296875
1748972148572,0.26300308227539065,-0.09580078125000001,9.72617431640625
1748972148640,0.33904495239257815,-0.02305206298828125,9.687554626464845
1748972148705,0.26180557250976566,-0.07469467163085938,9.720785522460938
1748972148772,0.28830047607421877,-0.02664459228515625,9.700427856445312
1748972148841,0.3890409851074219,-0.03278182983398438,9.696685638427734
1748972148905,0.27333160400390627,-0.06960525512695313,9.716893615722658
1748972148972,0.26105712890625,-0.06616241455078126,9.718689880371095
1748972149041,0.2701881408691406,-0.061072998046875,9.727222137451172
1748972149105,0.2966830444335938,-0.05598358154296875,9.707912292480469
1748972149172,0.27617568969726564,-0.06451583862304688,9.730066223144531
1748972149238,0.2977308654785156,-0.0532891845703125,9.710906066894532
1748972149305,0.3094065856933594,-0.067060546875,9.705666961669923
1748972149372,0.30446685791015626,-0.057330780029296875,9.711055755615234
1748972149441,0.30132339477539066,-0.055085449218750006,9.699529724121094
1748972149505,0.28979736328125,-0.04445755004882813,9.707163848876954
1748972149572,0.28156448364257813,-0.04460723876953125,9.706415405273438
1748972149641,0.29713211059570316,-0.06002517700195313,9.712253265380859
1748972149705,0.29758117675781254,-0.052241363525390626,9.70551727294922
1748972149772,0.31449600219726564,-0.057779846191406255,9.724827117919922
1748972149841,0.2992277526855469,-0.0568817138671875,9.708960113525391
1748972149905,0.2860551452636719,-0.04775070190429688,9.700128479003906
1748972149972,0.2847079467773438,-0.05044509887695313,9.710756378173828
1748972150041,0.2782713317871094,-0.06481521606445313,9.70701416015625
1748972150105,0.2827619934082031,-0.05313949584960938,9.70701416015625
1748972150172,0.28575576782226564,-0.05912704467773438,9.708960113525391
1748972150241,0.3153941345214844,-0.0508941650390625,9.708061981201173
1748972150305,0.2989283752441406,-0.0568817138671875,9.711205444335938
1748972150372,0.27333160400390627,-0.046702880859375004,9.710157623291016
1748972150438,0.30296997070312504,-0.0580792236328125,9.712402954101563
1748972150505,0.2854563903808594,-0.053887939453125006,9.7189892578125
1748972150572,0.28919860839843753,-0.04819976806640625,9.713301086425782
1748972150641,0.30252090454101566,-0.055085449218750006,9.706415405273438
1748972150705,0.28635452270507816,-0.0556842041015625,9.714049530029298
1748972150772,0.3001258850097656,-0.053438873291015626,9.721234588623048
1748972150841,0.28889923095703124,-0.03742218017578125,9.711055755615234
1748972150905,0.296982421875,-0.05059478759765625,9.701625366210939
1748972150972,0.29488677978515626,-0.05284011840820313,9.70746322631836
1748972151041,0.28021728515625,-0.05119354248046875,9.72183334350586
1748972151105,0.2944377136230469,-0.05119354248046875,9.713001708984375
1748972151172,0.29219238281250004,-0.05987548828125,9.71419921875
1748972151238,0.288599853515625,-0.05134323120117188,9.70551727294922
1748972151305,0.288599853515625,-0.04819976806640625,9.71180419921875
1748972151372,0.30416748046875003,-0.0425115966796875,9.707912292480469
1748972151441,0.30177246093750004,-0.05837860107421875,9.714947662353516
1748972151505,0.279019775390625,-0.0496966552734375,9.712103576660157
1748972151572,0.2935395812988281,-0.052241363525390626,9.706415405273438
1748972151641,0.28770172119140625,-0.04805007934570313,9.702972564697266
1748972151705,0.2890489196777344,-0.047900390625000004,9.705816650390625
1748972151772,0.2956352233886719,-0.044008483886718755,9.705068206787109
1748972151841,0.2924917602539063,-0.04879852294921875,9.721533966064454
1748972151929,0.298179931640625,-0.05583389282226563,9.701625366210939
1748972151972,0.29368927001953127,-0.053438873291015626,9.70701416015625
1748972152040,0.29338989257812503,-0.05059478759765625,9.6998291015625
1748972152105,0.2902464294433594,-0.05179229736328125,9.70417007446289
1748972152172,0.295784912109375,-0.05044509887695313,9.706565093994142
1748972152241,0.30641281127929687,-0.054935760498046875,9.717642059326172
1748972152305,0.27842102050781253,-0.05718109130859375,9.695637817382813
1748972152372,0.310155029296875,-0.054636383056640626,9.701325988769531
1748972152441,0.29952713012695314,-0.055085449218750006,9.706265716552736
1748972152505,0.3092568969726563,-0.0532891845703125,9.70417007446289
1748972152572,0.30446685791015626,-0.056582336425781254,9.707762603759766
1748972152641,0.30805938720703124,-0.05882766723632813,9.707612915039062
1748972152705,0.2989283752441406,-0.05239105224609375,9.704020385742188
1748972152772,0.2927911376953125,-0.05673202514648438,9.695637817382813
1748972152841,0.30072463989257814,-0.04834945678710938,9.70267318725586
1748972152905,0.2817141723632813,-0.0508941650390625,9.703421630859376
1748972152972,0.27303222656250004,-0.0520916748046875,9.716444549560547
1748972153041,0.2986289978027344,-0.05239105224609375,9.69878128051758
1748972153105,0.29264144897460936,-0.056282958984375006,9.710457000732422
1748972153172,0.30835876464843753,-0.060474243164062504,9.713450775146486
1748972153241,0.29294082641601565,-0.0568817138671875,9.71135513305664
1748972153305,0.2794688415527344,-0.05194198608398438,9.706265716552736
1748972153372,0.28530670166015626,-0.05134323120117188,9.701026611328125
1748972153440,0.29174331665039066,-0.04340972900390625,9.705367584228517
1748972153505,0.30147308349609375,-0.055085449218750006,9.71135513305664
1748972153572,0.3088078308105469,-0.04775070190429688,9.70701416015625
1748972153641,0.314945068359375,-0.0496966552734375,9.70312225341797
1748972153705,0.29294082641601565,-0.05164260864257813,9.710157623291016
1748972153772,0.30416748046875003,-0.058677978515625,9.705068206787109
1748972153840,0.30551467895507817,-0.052690429687500005,9.69698501586914
1748972153905,0.28755203247070316,-0.049097900390625004,9.708511047363281
1748972153972,0.3020718383789063,-0.05284011840820313,9.71464828491211
1748972154041,0.2996768188476563,-0.06077362060546875,9.708660736083985
1748972154105,0.28231292724609375,-0.0484991455078125,9.715546417236329
1748972154172,0.2912942504882813,-0.044756927490234376,9.718240814208984
1748972154238,0.27647506713867187,-0.0592767333984375,9.720037078857422
1748972154305,0.30416748046875003,-0.0449066162109375,9.709409179687501
1748972154371,0.31404693603515627,-0.043559417724609376,9.714348907470704
1748972154441,0.29728179931640625,-0.0496966552734375,9.717941436767578
1748972154505,0.30551467895507817,-0.0508941650390625,9.719588012695313
1748972154572,0.28455825805664064,-0.06301895141601563,9.720935211181642
1748972154640,0.30072463989257814,-0.05822891235351563,9.72617431640625
1748972154705,0.28530670166015626,-0.06062393188476563,9.725276184082032
1748972154772,0.2900967407226563,-0.08726852416992188,9.749226379394532
1748972154839,0.3146456909179688,-0.044307861328125,9.71943832397461
1748972154905,0.31883697509765624,-0.024698638916015626,9.705367584228517
1748972154972,0.30446685791015626,-0.03742218017578125,9.718390502929688
1748972155041,0.2900967407226563,-0.0676593017578125,9.718689880371095
1748972155105,0.2866539001464844,-0.0484991455078125,9.722282409667969
1748972155172,0.28755203247070316,-0.056282958984375006,9.722132720947267
1748972155238,0.28994705200195314,-0.05044509887695313,9.72572525024414
1748972155305,0.3020718383789063,-0.04206253051757813,9.712852020263673
1748972155372,0.3447331237792969,-0.02185455322265625,9.701924743652345
1748972155441,0.2939886474609375,-0.05553451538085938,9.727222137451172
1748972155505,0.29608428955078125,-0.06032455444335938,9.734407196044922
1748972155572,0.28096572875976566,-0.05478607177734375,9.721983032226563
1748972155641,0.2854563903808594,-0.05403762817382813,9.717642059326172
1748972155705,0.3062631225585938,-0.04415817260742188,9.712852020263673
1748972155772,0.2954855346679688,-0.057779846191406255,9.709708557128907
1748972155841,0.3031196594238281,-0.05673202514648438,9.725425872802735
1748972155905,0.30192214965820313,-0.05673202514648438,9.72617431640625
1748972155972,0.28336074829101565,-0.05598358154296875,9.723779296875
1748972156041,0.27692413330078125,-0.04954696655273438,9.718091125488282
1748972156105,0.29413833618164065,-0.04775070190429688,9.724378051757814
1748972156172,0.30566436767578126,-0.032183074951171876,9.709558868408203
1748972156241,0.2992277526855469,-0.06571334838867188,9.735155639648438
1748972156305,0.3135978698730469,-0.04026626586914063,9.710457000732422
1748972156372,0.2951861572265625,-0.0544866943359375,9.719288635253907
1748972156441,0.29114456176757814,-0.055384826660156254,9.72422836303711
1748972156505,0.2977308654785156,-0.0461041259765625,9.708660736083985
1748972156572,0.2758763122558594,-0.05523513793945313,9.722731475830079
1748972156641,0.2859054565429688,-0.053438873291015626,9.723330230712891
1748972156705,0.2944377136230469,-0.0425115966796875,9.71419921875
1748972156772,0.30072463989257814,-0.04805007934570313,9.721084899902344
1748972156841,0.2996768188476563,-0.049097900390625004,9.722581787109375
1748972156935,0.2902464294433594,-0.05987548828125,9.723330230712891
1748972156972,0.29683273315429687,-0.041164398193359375,9.712103576660157
1748972157039,0.27737319946289063,-0.07289840698242188,9.729766845703125
1748972157105,0.2974314880371094,-0.06152206420898438,9.716294860839843
1748972157172,0.2962339782714844,-0.05523513793945313,9.716145172119141
1748972157241,0.2944377136230469,-0.05822891235351563,9.716145172119141
1748972157305,0.3047662353515625,-0.03562591552734375,9.71135513305664
1748972157372,0.30551467895507817,-0.0383203125,9.714797973632812
1748972157441,0.29832962036132815,-0.0556842041015625,9.72183334350586
1748972157505,0.2989283752441406,-0.051043853759765626,9.715546417236329
1748972157572,0.28530670166015626,-0.050295410156250005,9.716594238281251
1748972157641,0.30072463989257814,-0.04805007934570313,9.71180419921875
1748972157705,0.28979736328125,-0.06077362060546875,9.721533966064454
1748972157772,0.28874954223632815,-0.050295410156250005,9.717791748046876
1748972157841,0.28889923095703124,-0.058528289794921876,9.718390502929688
1748972157905,0.2908451843261719,-0.05313949584960938,9.721234588623048
1748972157972,0.30835876464843753,-0.04879852294921875,9.71943832397461
1748972158041,0.298179931640625,-0.05837860107421875,9.7189892578125
1748972158105,0.2962339782714844,-0.05403762817382813,9.728719024658204
1748972158172,0.3035687255859375,-0.05433700561523438,9.721983032226563
1748972158241,0.3092568969726563,-0.053887939453125006,9.720935211181642
1748972158305,0.29593460083007816,-0.046702880859375004,9.7189892578125
1748972158372,0.3010240173339844,-0.05703140258789063,9.721983032226563
1748972158440,0.2902464294433594,-0.052989807128906254,9.71180419921875
1748972158505,0.30177246093750004,-0.04924758911132813,9.721084899902344
1748972158572,0.30296997070312504,-0.05313949584960938,9.72617431640625
1748972158641,0.30835876464843753,-0.0622705078125,9.723330230712891
1748972158705,0.3180885314941406,-0.038470001220703126,9.716594238281251
1748972158772,0.2966830444335938,-0.06436614990234375,9.723928985595704
1748972158838,0.30611343383789064,-0.05179229736328125,9.71988739013672
1748972158905,0.29533584594726564,-0.06032455444335938,9.722282409667969
1748972158972,0.2944377136230469,-0.04924758911132813,9.716743927001954
1748972159041,0.307760009765625,-0.05164260864257813,9.715396728515625
1748972159105,0.2881507873535156,-0.05044509887695313,9.705816650390625
1748972159172,0.29593460083007816,-0.06616241455078126,9.731563110351564
1748972159241,0.2903961181640625,-0.06197113037109375,9.722731475830079
1748972159305,0.3070115661621094,-0.05673202514648438,9.723030853271485
1748972159372,0.3288661193847656,-0.05643264770507813,9.721533966064454
1748972159441,0.30731094360351563,-0.05194198608398438,9.711205444335938
1748972159505,0.28410919189453127,-0.054935760498046875,9.725276184082032
1748972159572,0.2950364685058594,-0.058677978515625,9.71988739013672
1748972159641,0.29144393920898437,-0.051492919921875005,9.716145172119141
1748972159705,0.3200344848632813,-0.04879852294921875,9.718240814208984
1748972159772,0.3065625,-0.05583389282226563,9.718689880371095
1748972159841,0.2912942504882813,-0.04685256958007813,9.727820892333986
1748972159905,0.2704875183105469,-0.05553451538085938,9.7189892578125
1748972159972,0.3189866638183594,-0.027542724609375003,9.706116027832032
1748972160038,0.27617568969726564,-0.08397537231445312,9.740843811035157
1748972160105,0.3200344848632813,-0.04206253051757813,9.709409179687501
1748972160172,0.31629226684570316,-0.06197113037109375,9.71315139770508
1748972160238,0.29114456176757814,-0.04101470947265625,9.708211669921875
1748972160305,0.2836601257324219,-0.048648834228515625,9.72422836303711
1748972160372,0.3234773254394531,-0.052989807128906254,9.711504821777345
1748972160438,0.28650421142578125,-0.05433700561523438,9.726922760009765
1748972160505,0.31225067138671875,-0.060923309326171876,9.724827117919922
1748972160572,0.296982421875,-0.06421646118164062,9.725874938964845
1748972160641,0.27872039794921877,-0.07409591674804687,9.728868713378906
1748972160705,0.3094065856933594,-0.03817062377929688,9.71464828491211
1748972160772,0.28036697387695314,-0.06122268676757813,9.733509063720703
1748972160840,0.2954855346679688,-0.044008483886718755,9.722432098388673
1748972160905,0.319735107421875,-0.039667510986328126,9.71419921875
1748972160972,0.2951861572265625,-0.05358856201171875,9.716743927001954
1748972161041,0.29533584594726564,-0.06556365966796876,9.73096435546875
1748972161105,0.28919860839843753,-0.0592767333984375,9.720635833740236
1748972161172,0.2890489196777344,-0.05792953491210938,9.715845794677735
1748972161241,0.3001258850097656,-0.05433700561523438,9.719138946533203
1748972161305,0.31030471801757814,-0.047451324462890625,9.718839569091797
1748972161372,0.288599853515625,-0.057330780029296875,9.716444549560547
1748972161441,0.26435028076171874,-0.060474243164062504,9.723330230712891
1748972161505,0.2775228881835938,-0.06421646118164062,9.72422836303711
1748972161572,0.3004252624511719,-0.05074447631835938,9.709109802246095
1748972161641,0.2775228881835938,-0.05074447631835938,9.724378051757814
1748972161705,0.28979736328125,-0.0568817138671875,9.715696105957031
1748972161772,0.29533584594726564,-0.061072998046875,9.723479919433593
1748972161841,0.3124003601074219,-0.0401165771484375,9.71180419921875
1748972161933,0.3031196594238281,-0.05284011840820313,9.726024627685547
1748972161972,0.30252090454101566,-0.0592767333984375,9.715845794677735
1748972162039,0.30835876464843753,-0.0473016357421875,9.715247039794923
1748972162105,0.32287857055664065,-0.04146377563476563,9.713750152587892
1748972162172,0.2748284912109375,-0.059725799560546876,9.72901840209961
1748972162241,0.30326934814453127,-0.01466949462890625,9.704619140625
1748972162305,0.28680358886718754,-0.06301895141601563,9.727521514892578
1748972162372,0.3135978698730469,-0.03592529296875,9.73380844116211
1748972162441,0.31030471801757814,-0.05403762817382813,9.720935211181642
1748972162505,0.3113525390625,-0.03158432006835938,9.700876922607423
1748972162572,0.2866539001464844,-0.051492919921875005,9.726473693847657
1748972162641,0.28575576782226564,-0.056582336425781254,9.718839569091797
1748972162704,0.2977308654785156,-0.037272491455078126,9.712253265380859
1748972162772,0.2989283752441406,-0.04879852294921875,9.718240814208984
1748972162841,0.28979736328125,-0.06676116943359375,9.71180419921875
1748972162905,0.3201841735839844,-0.04415817260742188,9.713301086425782
1748972162972,0.3448828125,-0.0413140869140625,9.710007934570314
1748972163041,0.3219804382324219,-0.06601272583007813,9.73620346069336
1748972163105,0.28919860839843753,-0.07035369873046875,9.720635833740236
1748972163172,0.29653335571289063,-0.022303619384765626,9.712552642822265
1748972163241,0.29368927001953127,-0.03278182983398438,9.708660736083985
1748972163305,0.29728179931640625,-0.0449066162109375,9.713750152587892
1748972163372,0.28036697387695314,-0.052989807128906254,9.721983032226563
1748972163439,0.30865814208984377,-0.05553451538085938,9.719588012695313
1748972163504,0.317340087890625,-0.040415954589843754,9.71030731201172
1748972163571,0.29458740234375,-0.05583389282226563,9.718689880371095
1748972163638,0.2639012145996094,-0.06795867919921875,9.726473693847657
1748972163705,0.35595977783203125,-0.050295410156250005,9.707912292480469
1748972163771,0.28575576782226564,-0.06496490478515625,9.716743927001954
1748972163838,0.27812164306640624,-0.06780899047851563,9.720785522460938
1748972163905,0.3074606323242188,-0.039218444824218754,9.70746322631836
1748972163971,0.3001258850097656,-0.0592767333984375,9.710457000732422
1748972164041,0.30865814208984377,-0.057779846191406255,9.711055755615234
1748972164105,0.295784912109375,-0.0676593017578125,9.721533966064454
1748972164171,0.296982421875,-0.05194198608398438,9.712253265380859
1748972164239,0.3131488037109375,-0.0473016357421875,9.707912292480469
1748972164305,0.2782713317871094,-0.07259902954101563,9.721683654785156
1748972164371,0.2832110595703125,-0.05284011840820313,9.720935211181642
1748972164441,0.2950364685058594,-0.0383203125,9.71854019165039
1748972164505,0.32138168334960937,-0.05523513793945313,9.72901840209961
1748972164571,0.3028202819824219,-0.05284011840820313,9.713301086425782
1748972164641,0.30296997070312504,-0.042810974121093755,9.715696105957031
1748972164705,0.2980302429199219,-0.0449066162109375,9.708511047363281
1748972164771,0.29144393920898437,-0.07993377685546875,9.741891632080078
1748972164841,0.27647506713867187,-0.0556842041015625,9.717192993164064
1748972164904,0.29114456176757814,-0.050295410156250005,9.71943832397461
1748972164971,0.31883697509765624,-0.03682342529296875,9.712103576660157
1748972165041,0.30491592407226564,-0.05433700561523438,9.714947662353516
1748972165105,0.29144393920898437,-0.06002517700195313,9.710906066894532
1748972165171,0.30252090454101566,-0.059725799560546876,9.719138946533203
1748972165241,0.28306137084960936,-0.06601272583007813,9.725575561523438
1748972165305,0.29683273315429687,-0.05718109130859375,9.715845794677735
1748972165371,0.32227981567382813,-0.05179229736328125,9.717342681884766
1748972165441,0.34503250122070317,-0.042810974121093755,9.71988739013672
1748972165505,0.30805938720703124,-0.05403762817382813,9.71180419921875
1748972165571,0.27393035888671874,-0.05673202514648438,9.71854019165039
1748972165641,0.29488677978515626,-0.05523513793945313,9.712253265380859
1748972165705,0.29413833618164065,-0.054935760498046875,9.714947662353516
1748972165771,0.2924917602539063,-0.06256988525390625,9.714947662353516
1748972165841,0.2963836669921875,-0.04999603271484375,9.711654510498047
1748972165905,0.30371841430664065,-0.053887939453125006,9.718390502929688
1748972165971,0.29788055419921877,-0.061372375488281256,9.72033645629883
1748972166039,0.30716125488281254,-0.0556842041015625,9.715247039794923
1748972166105,0.28500732421875,-0.044756927490234376,9.71749237060547
1748972166172,0.27063720703125,-0.057779846191406255,9.720037078857422
1748972166241,0.3094065856933594,-0.08098159790039063,9.731563110351564
1748972166305,0.19474502563476564,-0.0017962646484375,9.721533966064454
1748972166371,0.23531066894531252,-0.039667510986328126,9.72033645629883
1748972166438,0.1525328063964844,-0.028141479492187503,9.717192993164064
1748972166505,0.2893482971191406,-0.07214996337890625,9.723030853271485
1748972166572,0.25102798461914066,-0.04954696655273438,9.726473693847657
1748972166641,0.3046165466308594,-0.016465759277343752,9.717941436767578
1748972166705,0.3448828125,-0.043559417724609376,9.71315139770508
1748972166771,0.3183879089355469,-0.05254074096679688,9.722881164550781
1748972166838,0.33784744262695315,-0.054636383056640626,9.707762603759766
1748972166933,0.2636018371582031,-0.05792953491210938,9.740245056152345
1748972166972,0.3059637451171875,-0.04535568237304688,9.713899841308594
1748972167040,0.2712359619140625,-0.04924758911132813,9.730814666748048
1748972167105,0.32287857055664065,-0.06780899047851563,9.729617156982423
1748972167172,0.2820135498046875,-0.05763015747070313,9.715546417236329
1748972167238,0.2785707092285156,-0.06631210327148437,9.727820892333986
1748972167305,0.2999761962890625,-0.05942642211914063,9.723779296875
1748972167372,0.2836601257324219,-0.060174865722656255,9.724078674316408
1748972167441,0.29488677978515626,-0.05942642211914063,9.721234588623048
1748972167505,0.30192214965820313,-0.05059478759765625,9.719588012695313
1748972167572,0.29728179931640625,-0.050295410156250005,9.731263732910156
1748972167639,0.2996768188476563,-0.05239105224609375,9.722282409667969
1748972167705,0.2989283752441406,-0.05478607177734375,9.720635833740236
1748972167772,0.29488677978515626,-0.05598358154296875,9.72183334350586
1748972167840,0.2900967407226563,-0.05358856201171875,9.727671203613282
1748972167905,0.300574951171875,-0.0413140869140625,9.714049530029298
1748972167972,0.2992277526855469,-0.052989807128906254,9.713600463867188
1748972168040,0.316142578125,-0.06616241455078126,9.72138427734375
1748972168105,0.3059637451171875,-0.053887939453125006,9.723330230712891
1748972168172,0.2900967407226563,-0.06331832885742188,9.732610931396485
1748972168238,0.28889923095703124,-0.04939727783203125,9.717342681884766
1748972168305,0.305364990234375,-0.058528289794921876,9.722132720947267
1748972168372,0.29832962036132815,-0.05957611083984375,9.728719024658204
1748972168438,0.29832962036132815,-0.054636383056640626,9.724078674316408
1748972168505,0.29488677978515626,-0.05673202514648438,9.718839569091797
1748972168572,0.2989283752441406,-0.060474243164062504,9.72033645629883
1748972168640,0.290994873046875,-0.055085449218750006,9.71988739013672
1748972168705,0.28530670166015626,-0.05433700561523438,9.721983032226563
1748972168772,0.2927911376953125,-0.054636383056640626,9.722132720947267
1748972168841,0.29488677978515626,-0.0556842041015625,9.720935211181642
1748972168905,0.30865814208984377,-0.06346801757812501,9.719588012695313
1748972168971,0.28231292724609375,-0.060923309326171876,9.717941436767578
1748972169038,0.28156448364257813,-0.06376739501953126,9.727970581054688
1748972169105,0.2912942504882813,-0.05059478759765625,9.723928985595704
1748972169172,0.29144393920898437,-0.057330780029296875,9.729916534423829
1748972169238,0.300574951171875,-0.045505371093750004,9.733658752441407
1748972169305,0.30865814208984377,-0.046702880859375004,9.722881164550781
1748972169372,0.2989283752441406,-0.05254074096679688,9.720935211181642
1748972169442,0.2920426940917969,-0.0592767333984375,9.727521514892578
1748972169505,0.29608428955078125,-0.0544866943359375,9.723030853271485
1748972169572,0.31284942626953127,-0.053887939453125006,9.715247039794923
1748972169641,0.2920426940917969,-0.053738250732421874,9.725126495361328
1748972169705,0.3040177917480469,-0.05403762817382813,9.723629608154297
1748972169772,0.3106040954589844,-0.053738250732421874,9.722432098388673
1748972169838,0.3001258850097656,-0.055384826660156254,9.723180541992187
1748972169905,0.2935395812988281,-0.06062393188476563,9.721983032226563
1748972169972,0.28231292724609375,-0.06735992431640625,9.7285693359375
1748972170039,0.2797682189941406,-0.056582336425781254,9.710157623291016
1748972170105,0.28979736328125,-0.05912704467773438,9.725276184082032
1748972170172,0.3040177917480469,-0.055085449218750006,9.724078674316408
1748972170242,0.30671218872070316,-0.05403762817382813,9.715995483398437
1748972170305,0.30147308349609375,-0.05703140258789063,9.729916534423829
1748972170372,0.30790969848632815,-0.05179229736328125,9.726922760009765
1748972170439,0.30790969848632815,-0.05403762817382813,9.7189892578125
1748972170505,0.28455825805664064,-0.05478607177734375,9.723479919433593
1748972170572,0.3153941345214844,-0.0484991455078125,9.72572525024414
1748972170642,0.30132339477539066,-0.05194198608398438,9.721084899902344
1748972170705,0.2954855346679688,-0.05433700561523438,9.718091125488282
1748972170772,0.2947370910644531,-0.05718109130859375,9.722432098388673
1748972170842,0.29847930908203124,-0.06346801757812501,9.72572525024414
1748972170905,0.3085084533691406,-0.052989807128906254,9.716893615722658
1748972170972,0.28336074829101565,-0.06930587768554688,9.724827117919922
1748972171041,0.2866539001464844,-0.05822891235351563,9.712402954101563
1748972171105,0.29114456176757814,-0.06481521606445313,9.714947662353516
1748972171172,0.2893482971191406,-0.05478607177734375,9.723030853271485
1748972171239,0.2878514099121094,-0.05598358154296875,9.725126495361328
1748972171305,0.27916946411132815,-0.053887939453125006,9.720785522460938
1748972171372,0.29189300537109375,-0.05119354248046875,9.719138946533203
1748972171439,0.26764343261718754,-0.05792953491210938,9.723030853271485
1748972171505,0.30716125488281254,-0.059725799560546876,9.730664978027344
1748972171572,0.30386810302734374,-0.05358856201171875,9.720935211181642
1748972171639,0.29264144897460936,-0.04924758911132813,9.721234588623048
1748972171705,0.3001258850097656,-0.05763015747070313,9.71419921875
1748972171772,0.33185989379882813,-0.05014572143554688,9.711205444335938
1748972171841,0.25387207031250003,-0.056282958984375006,9.718689880371095
1748972171929,0.28291168212890627,-0.05284011840820313,9.711953887939453
1748972171972,0.3183879089355469,-0.054935760498046875,9.718240814208984
1748972172039,0.2915936279296875,-0.049846343994140625,9.711205444335938
1748972172105,0.3155438232421875,-0.05179229736328125,9.72572525024414
1748972172172,0.31090347290039066,-0.0520916748046875,9.721234588623048
1748972172241,0.2788700866699219,-0.05987548828125,9.723330230712891
1748972172305,0.2998265075683594,-0.06571334838867188,9.723928985595704
1748972172372,0.29952713012695314,-0.056282958984375006,9.717192993164064
1748972172441,0.30386810302734374,-0.05748046875,9.717642059326172
1748972172505,0.2938389587402344,-0.05403762817382813,9.727521514892578
1748972172572,0.2896476745605469,-0.058677978515625,9.720186767578125
1748972172641,0.28874954223632815,-0.0532891845703125,9.723180541992187
1748972172705,0.28635452270507816,-0.0622705078125,9.723479919433593
1748972172772,0.2924917602539063,-0.0592767333984375,9.722731475830079
1748972172838,0.288599853515625,-0.05179229736328125,9.718240814208984
1748972172905,0.27916946411132815,-0.05822891235351563,9.719138946533203
1748972172972,0.30296997070312504,-0.05942642211914063,9.724827117919922
1748972173041,0.2980302429199219,-0.05239105224609375,9.715097351074219
1748972173105,0.29309051513671874,-0.054636383056640626,9.722282409667969
1748972173172,0.2896476745605469,-0.06481521606445313,9.725276184082032
1748972173241,0.2832110595703125,-0.058677978515625,9.724827117919922
1748972173305,0.29458740234375,-0.060174865722656255,9.715546417236329
1748972173372,0.2986289978027344,-0.054187316894531254,9.729916534423829
1748972173441,0.2963836669921875,-0.05523513793945313,9.726324005126953
1748972173505,0.2977308654785156,-0.058677978515625,9.727820892333986
1748972173572,0.2944377136230469,-0.0544866943359375,9.724527740478516
1748972173641,0.29952713012695314,-0.04954696655273438,9.730066223144531
1748972173705,0.30371841430664065,-0.05643264770507813,9.722581787109375
1748972173772,0.30611343383789064,-0.06002517700195313,9.727671203613282
1748972173841,0.30132339477539066,-0.05942642211914063,9.721983032226563
1748972173905,0.2935395812988281,-0.056582336425781254,9.716893615722658
1748972173972,0.28994705200195314,-0.05403762817382813,9.725425872802735
1748972174041,0.2896476745605469,-0.05598358154296875,9.724827117919922
1748972174105,0.296982421875,-0.054636383056640626,9.727222137451172
1748972174172,0.2963836669921875,-0.057779846191406255,9.711504821777345
1748972174240,0.29728179931640625,-0.0556842041015625,9.723330230712891
1748972174305,0.2950364685058594,-0.057330780029296875,9.726773071289063
1748972174372,0.29368927001953127,-0.0544866943359375,9.724078674316408
1748972174439,0.30371841430664065,-0.0628692626953125,9.723629608154297
1748972174505,0.28830047607421877,-0.05987548828125,9.715696105957031
1748972174572,0.2947370910644531,-0.058677978515625,9.727970581054688
1748972174641,0.3106040954589844,-0.060174865722656255,9.717791748046876
1748972174705,0.30371841430664065,-0.0532891845703125,9.718689880371095
1748972174772,0.2974314880371094,-0.054935760498046875,9.717791748046876
1748972174841,0.29937744140625,-0.05284011840820313,9.718689880371095
1748972174905,0.29653335571289063,-0.053438873291015626,9.717941436767578
1748972174972,0.2915936279296875,-0.05942642211914063,9.724827117919922
1748972175040,0.2915936279296875,-0.06182144165039063,9.71704330444336
1748972175105,0.29234207153320313,-0.047451324462890625,9.712552642822265
1748972175172,0.2832110595703125,-0.0461041259765625,9.711953887939453
1748972175244,0.2839595031738281,-0.054636383056640626,9.731114044189454
1748972175305,0.2956352233886719,-0.05748046875,9.719588012695313
1748972175372,0.2827619934082031,-0.04415817260742188,9.711654510498047
1748972175442,0.2998265075683594,-0.0700543212890625,9.71988739013672
1748972175505,0.28351043701171874,-0.058977355957031255,9.725425872802735
1748972175572,0.3047662353515625,-0.04954696655273438,9.716743927001954
1748972175644,0.29608428955078125,-0.06077362060546875,9.722132720947267
1748972175705,0.29413833618164065,-0.054935760498046875,9.718689880371095
1748972175772,0.2932402038574219,-0.059725799560546876,9.724527740478516
1748972175844,0.29488677978515626,-0.05313949584960938,9.720037078857422
1748972175905,0.28740234375,-0.05583389282226563,9.723479919433593
1748972175972,0.2947370910644531,-0.056133270263671875,9.717192993164064
1748972176041,0.30296997070312504,-0.0568817138671875,9.716444549560547
1748972176105,0.2966830444335938,-0.05074447631835938,9.70417007446289
1748972176172,0.2938389587402344,-0.05313949584960938,9.71943832397461
1748972176241,0.3046165466308594,-0.05882766723632813,9.71749237060547
1748972176305,0.30566436767578126,-0.056282958984375006,9.719737701416015
1748972176372,0.29533584594726564,-0.05014572143554688,9.719288635253907
1748972176441,0.28695327758789063,-0.06152206420898438,9.715995483398437
1748972176505,0.27497817993164064,-0.05313949584960938,9.715696105957031
1748972176572,0.2760260009765625,-0.0568817138671875,9.716594238281251
1748972176641,0.2710862731933594,-0.07619155883789062,9.719138946533203
1748972176705,0.28635452270507816,-0.04954696655273438,9.716893615722658
1748972176772,0.28635452270507816,-0.060174865722656255,9.72033645629883
1748972176841,0.2974314880371094,-0.052241363525390626,9.709409179687501
1748972176930,0.319735107421875,-0.05254074096679688,9.71854019165039
1748972176972,0.3092568969726563,-0.06152206420898438,9.72422836303711
1748972177039,0.2770738220214844,-0.05763015747070313,9.717192993164064
1748972177105,0.2924917602539063,-0.06197113037109375,9.715097351074219
1748972177172,0.29683273315429687,-0.06152206420898438,9.713450775146486
1748972177243,0.2836601257324219,-0.060923309326171876,9.716893615722658
1748972177305,0.2963836669921875,-0.0622705078125,9.716893615722658
1748972177372,0.28874954223632815,-0.05164260864257813,9.722132720947267
1748972177441,0.2848576354980469,-0.057330780029296875,9.717791748046876
1748972177505,0.2890489196777344,-0.05164260864257813,9.718091125488282
1748972177572,0.30731094360351563,-0.05313949584960938,9.713600463867188
1748972177641,0.3062631225585938,-0.05179229736328125,9.710007934570314
1748972177705,0.3028202819824219,-0.06301895141601563,9.7189892578125
1748972177772,0.3062631225585938,-0.061072998046875,9.722881164550781
1748972177841,0.29907806396484377,-0.04954696655273438,9.712852020263673
1748972177905,0.3094065856933594,-0.058977355957031255,9.71135513305664
1748972177972,0.30252090454101566,-0.05583389282226563,9.71315139770508
1748972178041,0.3023712158203125,-0.0592767333984375,9.713450775146486
1748972178105,0.296982421875,-0.06152206420898438,9.722282409667969
1748972178172,0.3047662353515625,-0.05044509887695313,9.718839569091797
1748972178240,0.3107537841796875,-0.053438873291015626,9.711205444335938
1748972178305,0.3180885314941406,-0.0580792236328125,9.707612915039062
1748972178372,0.29054580688476567,-0.05703140258789063,9.720486145019532
1748972178440,0.31180160522460937,-0.0520916748046875,9.71419921875
1748972178505,0.3047662353515625,-0.05837860107421875,9.71180419921875
1748972178572,0.30147308349609375,-0.0437091064453125,9.717941436767578
1748972178638,0.30686187744140625,-0.05822891235351563,9.724078674316408
1748972178705,0.30386810302734374,-0.057779846191406255,9.715845794677735
1748972178772,0.27916946411132815,-0.07289840698242188,9.725425872802735
1748972178840,0.29533584594726564,-0.06735992431640625,9.72033645629883
1748972178905,0.2915936279296875,-0.06122268676757813,9.714797973632812
1748972178972,0.2977308654785156,-0.05643264770507813,9.720186767578125
1748972179040,0.31329849243164065,-0.05284011840820313,9.714498596191406
1748972179105,0.26719436645507816,-0.05194198608398438,9.720935211181642
1748972179172,0.29877868652343753,-0.0676593017578125,9.708810424804687
1748972179240,0.2932402038574219,-0.06271957397460938,9.720186767578125
1748972179305,0.29608428955078125,-0.05284011840820313,9.715546417236329
1748972179372,0.2912942504882813,-0.05763015747070313,9.710007934570314
1748972179440,0.2902464294433594,-0.06331832885742188,9.7189892578125
1748972179505,0.30267059326171875,-0.05703140258789063,9.719288635253907
1748972179571,0.29069549560546876,-0.05703140258789063,9.716893615722658
1748972179639,0.30566436767578126,-0.05942642211914063,9.719288635253907
1748972179705,0.28979736328125,-0.05673202514648438,9.716743927001954
1748972179772,0.3004252624511719,-0.05194198608398438,9.713450775146486
1748972179839,0.305364990234375,-0.05673202514648438,9.717342681884766
1748972179905,0.30371841430664065,-0.06631210327148437,9.715396728515625
1748972179972,0.30716125488281254,-0.05912704467773438,9.723180541992187
1748972180039,0.29234207153320313,-0.05792953491210938,9.719288635253907
1748972180105,0.2896476745605469,-0.05763015747070313,9.722881164550781
1748972180172,0.2817141723632813,-0.0592767333984375,9.718839569091797
1748972180239,0.29713211059570316,-0.06122268676757813,9.70596633911133
1748972180305,0.28291168212890627,-0.062420196533203125,9.71135513305664
1748972180372,0.2842588806152344,-0.06122268676757813,9.726473693847657
1748972180439,0.2908451843261719,-0.05792953491210938,9.72422836303711
1748972180505,0.26809249877929686,-0.07289840698242188,9.716893615722658
1748972180572,0.28306137084960936,-0.05957611083984375,9.726473693847657
1748972180639,0.2963836669921875,-0.0532891845703125,9.715097351074219
1748972180705,0.3177891540527344,-0.055384826660156254,9.715396728515625
1748972180772,0.3131488037109375,-0.054935760498046875,9.714049530029298
1748972180839,0.317340087890625,-0.06421646118164062,9.723928985595704
1748972180905,0.31644195556640625,-0.056282958984375006,9.72617431640625
1748972180972,0.2966830444335938,-0.061671752929687504,9.711504821777345
1748972181039,0.29054580688476567,-0.06002517700195313,9.717791748046876
1748972181105,0.29728179931640625,-0.055384826660156254,9.701775054931641
1748972181172,0.3050656127929688,-0.05119354248046875,9.71135513305664
1748972181241,0.30446685791015626,-0.06062393188476563,9.707912292480469
1748972181305,0.29234207153320313,-0.06601272583007813,9.710007934570314
1748972181372,0.2721340942382813,-0.06676116943359375,9.717791748046876
1748972181441,0.27677444458007816,-0.07095245361328126,9.727371826171876
1748972181505,0.30790969848632815,-0.06825805664062501,9.701625366210939
1748972181572,0.2743794250488281,-0.08322692871093751,9.732311553955078
1748972181641,0.32721954345703125,-0.023201751708984378,9.678423614501954
1748972181705,0.2806663513183594,-0.055384826660156254,9.717342681884766
1748972181772,0.3104544067382813,-0.0772393798828125,9.706714782714844
1748972181839,0.3411405944824219,-0.04685256958007813,9.711504821777345
1748972181931,0.3129991149902344,-0.05059478759765625,9.710157623291016
1748972181972,0.29458740234375,-0.05403762817382813,9.719737701416015
1748972182039,0.3004252624511719,-0.10538085937500001,9.754764862060547
1748972182105,0.264649658203125,-0.060474243164062504,9.726473693847657
1748972182172,0.2851570129394531,-0.05254074096679688,9.714797973632812
1748972182244,0.28949798583984376,-0.06511459350585938,9.732760620117189
1748972182305,0.2797682189941406,-0.0592767333984375,9.723928985595704
1748972182372,0.2942880249023438,-0.0473016357421875,9.723479919433593
1748972182444,0.2942880249023438,-0.0580792236328125,9.722132720947267
1748972182505,0.3088078308105469,-0.052241363525390626,9.717791748046876
1748972182572,0.30566436767578126,-0.05822891235351563,9.723030853271485
1748972182644,0.29608428955078125,-0.056282958984375006,9.713750152587892
1748972182705,0.3058140563964844,-0.058977355957031255,9.727521514892578
1748972182772,0.3016227722167969,-0.05134323120117188,9.721234588623048
1748972182844,0.29758117675781254,-0.055085449218750006,9.716145172119141
1748972182905,0.29832962036132815,-0.06436614990234375,9.72033645629883
1748972182972,0.2743794250488281,-0.04805007934570313,9.727222137451172
1748972183041,0.2900967407226563,-0.053438873291015626,9.729467468261719
1748972183105,0.28680358886718754,-0.055384826660156254,9.725126495361328
1748972183172,0.28231292724609375,-0.06436614990234375,9.729766845703125
1748972183241,0.277822265625,-0.058977355957031255,9.724078674316408
1748972183305,0.27722351074218754,-0.06541397094726563,9.720635833740236
1748972183372,0.3146456909179688,-0.04775070190429688,9.71749237060547
1748972183441,0.27737319946289063,-0.05882766723632813,9.72183334350586
1748972183505,0.29069549560546876,-0.06451583862304688,9.73291030883789
1748972183572,0.31793884277343754,-0.05553451538085938,9.713600463867188
1748972183641,0.2942880249023438,-0.06002517700195313,9.722731475830079
1748972183705,0.28216323852539066,-0.057779846191406255,9.73620346069336
1748972183772,0.34338592529296874,-0.0622705078125,9.722432098388673
1748972183839,0.3106040954589844,-0.04655319213867188,9.729766845703125
1748972183905,0.2980302429199219,-0.05179229736328125,9.730814666748048
1748972183972,0.31090347290039066,-0.054187316894531254,9.728120269775392
1748972184041,0.3088078308105469,-0.05583389282226563,9.710007934570314
1748972184105,0.3059637451171875,-0.058528289794921876,9.731263732910156
1748972184172,0.3261717224121094,-0.0484991455078125,9.713450775146486
1748972184239,0.31255004882812504,-0.062120819091796876,9.723779296875
1748972184305,0.2896476745605469,-0.06481521606445313,9.734107818603515
1748972184372,0.28650421142578125,-0.0544866943359375,9.72183334350586
1748972184441,0.3189866638183594,-0.0335302734375,9.701924743652345
1748972184505,0.32332763671875003,-0.0556842041015625,9.713001708984375
1748972184572,0.25731491088867187,-0.08607101440429688,9.73859848022461
1748972184644,0.2974314880371094,-0.0622705078125,9.730515289306641
1748972184705,0.31943572998046876,-0.062420196533203125,9.725874938964845
1748972184772,0.2710862731933594,-0.053438873291015626,9.715995483398437
1748972184843,0.2847079467773438,-0.0628692626953125,9.729916534423829
1748972184905,0.30192214965820313,-0.053887939453125006,9.718839569091797
1748972184972,0.2927911376953125,-0.05478607177734375,9.723180541992187
1748972185044,0.29234207153320313,-0.06571334838867188,9.71854019165039
1748972185105,0.300574951171875,-0.057330780029296875,9.718240814208984
1748972185172,0.31105316162109375,-0.04939727783203125,9.729617156982423
1748972185239,0.29832962036132815,-0.06556365966796876,9.720935211181642
1748972185305,0.29832962036132815,-0.05433700561523438,9.716444549560547
1748972185372,0.30072463989257814,-0.058528289794921876,9.723629608154297
1748972185438,0.2817141723632813,-0.06451583862304688,9.724527740478516
1748972185505,0.32108230590820314,-0.06795867919921875,9.722731475830079
1748972185572,0.290994873046875,-0.05957611083984375,9.715546417236329
1748972185644,0.3034190368652344,-0.062120819091796876,9.72901840209961
1748972185705,0.29054580688476567,-0.06421646118164062,9.720635833740236
1748972185772,0.2856060791015625,-0.07559280395507813,9.723629608154297
1748972185844,0.2656974792480469,-0.052989807128906254,9.722581787109375
1748972185905,0.25267456054687504,-0.057779846191406255,9.722432098388673
1748972185972,0.27677444458007816,-0.061372375488281256,9.730814666748048
1748972186044,0.3031196594238281,-0.0544866943359375,9.735005950927734
1748972186105,0.27737319946289063,-0.0568817138671875,9.731712799072266
1748972186172,0.3004252624511719,-0.047151947021484376,9.713001708984375
1748972186244,0.3100053405761719,-0.06915618896484375,9.72662338256836
1748972186305,0.2935395812988281,-0.06301895141601563,9.726922760009765
1748972186372,0.2896476745605469,-0.062420196533203125,9.724827117919922
1748972186441,0.2938389587402344,-0.056133270263671875,9.718091125488282
1748972186505,0.29069549560546876,-0.05837860107421875,9.725874938964845
1748972186572,0.2903961181640625,-0.06152206420898438,9.723479919433593
1748972186644,0.3040177917480469,-0.05822891235351563,9.71943832397461
1748972186705,0.3201841735839844,-0.05703140258789063,9.704319763183594
1748972186772,0.30147308349609375,-0.04460723876953125,9.726773071289063
1748972186844,0.2856060791015625,-0.05748046875,9.720935211181642
1748972186926,0.29338989257812503,-0.06376739501953126,9.726324005126953
1748972186972,0.33440460205078126,-0.053438873291015626,9.709708557128907
1748972187039,0.2704875183105469,-0.04924758911132813,9.71270233154297
1748972187105,0.2752775573730469,-0.06735992431640625,9.723479919433593
1748972187172,0.27737319946289063,-0.06077362060546875,9.71270233154297
1748972187239,0.2974314880371094,-0.0580792236328125,9.71943832397461
1748972187305,0.2859054565429688,-0.06346801757812501,9.726922760009765
1748972187372,0.28800109863281254,-0.05718109130859375,9.723180541992187
1748972187444,0.30326934814453127,-0.060174865722656255,9.712103576660157
1748972187505,0.26719436645507816,-0.053738250732421874,9.720785522460938
1748972187572,0.2647993469238281,-0.06301895141601563,9.71704330444336
1748972187640,0.2736309814453125,-0.06571334838867188,9.726324005126953
1748972187705,0.2805166625976563,-0.06032455444335938,9.715546417236329
1748972187772,0.3016227722167969,-0.0628692626953125,9.723180541992187
1748972187838,0.310155029296875,-0.0508941650390625,9.705367584228517
1748972187905,0.29683273315429687,-0.061372375488281256,9.715546417236329
1748972187972,0.3004252624511719,-0.05313949584960938,9.711504821777345
1748972188043,0.30192214965820313,-0.045505371093750004,9.723030853271485
1748972188105,0.2942880249023438,-0.05598358154296875,9.721683654785156
1748972188172,0.29937744140625,-0.04685256958007813,9.727222137451172
1748972188243,0.3146456909179688,-0.052690429687500005,9.723330230712891
1748972188305,0.30805938720703124,-0.06376739501953126,9.717941436767578
1748972188372,0.30416748046875003,-0.044008483886718755,9.709558868408203
1748972188441,0.2962339782714844,-0.0449066162109375,9.720186767578125
1748972188505,0.28111541748046875,-0.05358856201171875,9.71854019165039
1748972188572,0.28874954223632815,-0.05074447631835938,9.712552642822265
1748972188643,0.27797195434570315,-0.052241363525390626,9.725126495361328
1748972188705,0.27916946411132815,-0.060174865722656255,9.719138946533203
1748972188772,0.2878514099121094,-0.05703140258789063,9.723479919433593
1748972188843,0.2902464294433594,-0.05882766723632813,9.717342681884766
1748972188905,0.28500732421875,-0.047900390625000004,9.724378051757814
1748972188972,0.2848576354980469,-0.05059478759765625,9.708061981201173
1748972189043,0.28830047607421877,-0.06316864013671876,9.722731475830079
1748972189105,0.2915936279296875,-0.055085449218750006,9.718689880371095
1748972189172,0.29713211059570316,-0.051492919921875005,9.714797973632812
1748972189243,0.2890489196777344,-0.04685256958007813,9.730515289306641
1748972189305,0.31210098266601566,-0.04685256958007813,9.71464828491211
1748972189372,0.3028202819824219,-0.06571334838867188,9.723928985595704
1748972189442,0.2820135498046875,-0.0556842041015625,9.721683654785156
1748972189505,0.29413833618164065,-0.050295410156250005,9.724378051757814
1748972189572,0.2939886474609375,-0.05134323120117188,9.719588012695313
1748972189639,0.2844085693359375,-0.05792953491210938,9.716294860839843
1748972189705,0.3028202819824219,-0.062420196533203125,9.727671203613282
1748972189772,0.3046165466308594,-0.04565505981445313,9.712552642822265
1748972189839,0.3050656127929688,-0.05074447631835938,9.708511047363281
1748972189905,0.29608428955078125,-0.054187316894531254,9.725575561523438
1748972189972,0.3023712158203125,-0.05987548828125,9.720186767578125
1748972190045,0.28740234375,-0.05119354248046875,9.719138946533203
1748972190105,0.3126997375488281,-0.0532891845703125,9.708810424804687
1748972190172,0.30895751953125,-0.05912704467773438,9.70701416015625
1748972190239,0.2782713317871094,-0.06601272583007813,9.725126495361328
1748972190305,0.298179931640625,-0.058677978515625,9.713301086425782
1748972190372,0.2924917602539063,-0.05194198608398438,9.715396728515625
1748972190442,0.29832962036132815,-0.058677978515625,9.714797973632812
1748972190505,0.29114456176757814,-0.05478607177734375,9.722581787109375
1748972190572,0.3052153015136719,-0.060923309326171876,9.71704330444336
1748972190645,0.2956352233886719,-0.054935760498046875,9.719588012695313
1748972190705,0.2920426940917969,-0.060923309326171876,9.722881164550781
1748972190772,0.2977308654785156,-0.04999603271484375,9.705217895507813
1748972190844,0.296982421875,-0.051043853759765626,9.713899841308594
1748972190905,0.3010240173339844,-0.05837860107421875,9.719138946533203
1748972190972,0.2944377136230469,-0.0568817138671875,9.724827117919922
1748972191044,0.2977308654785156,-0.05284011840820313,9.726473693847657
1748972191105,0.29593460083007816,-0.0484991455078125,9.72467742919922
1748972191172,0.3047662353515625,-0.06062393188476563,9.715247039794923
1748972191244,0.3126997375488281,-0.048648834228515625,9.720486145019532
1748972191305,0.3046165466308594,-0.06032455444335938,9.718689880371095
1748972191372,0.31090347290039066,-0.038470001220703126,9.717342681884766
1748972191438,0.2890489196777344,-0.062120819091796876,9.721084899902344
1748972191505,0.29728179931640625,-0.0568817138671875,9.71180419921875
1748972191572,0.2908451843261719,-0.053438873291015626,9.722282409667969
1748972191644,0.2996768188476563,-0.05044509887695313,9.723030853271485
1748972191705,0.2912942504882813,-0.05942642211914063,9.72138427734375
1748972191772,0.28695327758789063,-0.0592767333984375,9.718839569091797
1748972191844,0.29174331665039066,-0.056282958984375006,9.722881164550781
1748972191932,0.30910720825195315,-0.04894821166992188,9.711654510498047
1748972191972,0.29294082641601565,-0.05478607177734375,9.724527740478516
1748972192039,0.3001258850097656,-0.05074447631835938,9.724527740478516
1748972192105,0.3020718383789063,-0.05119354248046875,9.71704330444336
1748972192172,0.3092568969726563,-0.0640667724609375,9.721234588623048
1748972192244,0.30551467895507817,-0.044307861328125,9.715546417236329
1748972192305,0.30132339477539066,-0.05957611083984375,9.717342681884766
1748972192372,0.29653335571289063,-0.05837860107421875,9.718689880371095
1748972192444,0.2999761962890625,-0.04415817260742188,9.71180419921875
1748972192505,0.31449600219726564,-0.045505371093750004,9.713600463867188
1748972192572,0.30716125488281254,-0.0532891845703125,9.717941436767578
1748972192644,0.30192214965820313,-0.06346801757812501,9.710157623291016
1748972192705,0.2962339782714844,-0.05718109130859375,9.71988739013672
1748972192772,0.29533584594726564,-0.05942642211914063,9.725874938964845
1748972192842,0.2842588806152344,-0.05912704467773438,9.72033645629883
1748972192905,0.2896476745605469,-0.06331832885742188,9.718390502929688
1748972192972,0.3112028503417969,-0.058977355957031255,9.72183334350586
1748972193043,0.3001258850097656,-0.06466552734375,9.729317779541017
1748972193105,0.27692413330078125,-0.05598358154296875,9.725874938964845
1748972193172,0.28830047607421877,-0.05822891235351563,9.71988739013672
1748972193239,0.2986289978027344,-0.056582336425781254,9.723030853271485
1748972193305,0.29174331665039066,-0.05358856201171875,9.719288635253907
1748972193372,0.29877868652343753,-0.045056304931640624,9.71315139770508
1748972193441,0.3034190368652344,-0.061671752929687504,9.717642059326172
1748972193505,0.3023712158203125,-0.05583389282226563,9.724378051757814
1748972193572,0.30222152709960937,-0.0461041259765625,9.714348907470704
1748972193643,0.30177246093750004,-0.05179229736328125,9.716594238281251
1748972193705,0.2977308654785156,-0.05583389282226563,9.712253265380859
1748972193772,0.296982421875,-0.061372375488281256,9.722731475830079
1748972193843,0.29114456176757814,-0.0568817138671875,9.71749237060547
1748972193905,0.29458740234375,-0.04939727783203125,9.726024627685547
1748972193972,0.2962339782714844,-0.05179229736328125,9.72572525024414
1748972194039,0.29294082641601565,-0.05583389282226563,9.725874938964845
1748972194105,0.2980302429199219,-0.05433700561523438,9.713600463867188
1748972194172,0.2915936279296875,-0.058677978515625,9.706864471435548
1748972194243,0.2947370910644531,-0.05553451538085938,9.712103576660157
1748972194305,0.2996768188476563,-0.0580792236328125,9.716743927001954
1748972194372,0.2903961181640625,-0.054636383056640626,9.709109802246095
1748972194441,0.30027557373046876,-0.049097900390625004,9.719288635253907
1748972194505,0.29683273315429687,-0.052989807128906254,9.711654510498047
1748972194572,0.25806335449218754,-0.07020401000976563,9.74009536743164
1748972194644,0.32721954345703125,-0.07903564453125,9.727371826171876
1748972194705,0.31629226684570316,-0.03457809448242188,9.703721008300782
1748972194772,0.3333567810058594,-0.060474243164062504,9.714797973632812
1748972194845,0.31105316162109375,-0.05119354248046875,9.715247039794923
1748972194905,0.30296997070312504,-0.0568817138671875,9.717941436767578
1748972194972,0.30446685791015626,-0.053887939453125006,9.729168090820313
1748972195044,0.28755203247070316,-0.05074447631835938,9.719588012695313
1748972195105,0.29952713012695314,-0.05523513793945313,9.718839569091797
1748972195172,0.29788055419921877,-0.055085449218750006,9.725874938964845
1748972195244,0.3023712158203125,-0.05164260864257813,9.729766845703125
1748972195305,0.2977308654785156,-0.05059478759765625,9.728868713378906
1748972195372,0.3192860412597656,-0.056282958984375006,9.720186767578125
1748972195442,0.30491592407226564,-0.050295410156250005,9.720935211181642
1748972195505,0.28979736328125,-0.0532891845703125,9.724976806640626
1748972195572,0.29338989257812503,-0.055085449218750006,9.722731475830079
1748972195639,0.30177246093750004,-0.06122268676757813,9.722282409667969
1748972195705,0.28949798583984376,-0.04340972900390625,9.722132720947267
1748972195772,0.3043171691894531,-0.05583389282226563,9.721084899902344
1748972195845,0.30641281127929687,-0.061072998046875,9.711654510498047
1748972195905,0.29219238281250004,-0.05792953491210938,9.724527740478516
1748972195973,0.30446685791015626,-0.058977355957031255,9.722581787109375
1748972196044,0.30865814208984377,-0.05598358154296875,9.729168090820313
1748972196105,0.30790969848632815,-0.05478607177734375,9.720486145019532
1748972196172,0.3035687255859375,-0.047900390625000004,9.724527740478516
1748972196239,0.28979736328125,-0.05703140258789063,9.728868713378906
1748972196305,0.30671218872070316,-0.05957611083984375,9.72617431640625
1748972196372,0.29294082641601565,-0.05912704467773438,9.726324005126953
1748972196442,0.3010240173339844,-0.06197113037109375,9.728868713378906
1748972196505,0.27572662353515626,-0.07080276489257813,9.72707244873047
1748972196573,0.2860551452636719,-0.062120819091796876,9.730365600585937
1748972196644,0.32063323974609376,-0.026195526123046875,9.708660736083985
1748972196705,0.28455825805664064,-0.054187316894531254,9.73186248779297
1748972196773,0.26599685668945316,-0.08277786254882813,9.741592254638672
1748972196844,0.2908451843261719,-0.05284011840820313,9.721234588623048
1748972196931,0.2824626159667969,-0.05478607177734375,9.723928985595704
1748972196973,0.30641281127929687,-0.054636383056640626,9.71270233154297
1748972197039,0.29713211059570316,-0.05583389282226563,9.715696105957031
1748972197105,0.2956352233886719,-0.047151947021484376,9.71419921875
1748972197173,0.29488677978515626,-0.05987548828125,9.718240814208984
1748972197244,0.3023712158203125,-0.05134323120117188,9.721234588623048
1748972197305,0.29653335571289063,-0.05763015747070313,9.716893615722658
1748972197372,0.2962339782714844,-0.052989807128906254,9.722731475830079
1748972197444,0.2832110595703125,-0.06915618896484375,9.72467742919922
1748972197505,0.30267059326171875,-0.04415817260742188,9.710606689453126
1748972197572,0.3004252624511719,-0.05044509887695313,9.716594238281251
1748972197644,0.2998265075683594,-0.06256988525390625,9.723779296875
1748972197705,0.30371841430664065,-0.058977355957031255,9.717192993164064
1748972197772,0.2700384521484375,-0.06421646118164062,9.72183334350586
1748972197844,0.29174331665039066,-0.028740234375,9.70701416015625
1748972197905,0.286204833984375,-0.05583389282226563,9.723779296875
1748972197972,0.26854156494140624,-0.06721023559570313,9.719138946533203
1748972198043,0.28380981445312503,-0.04879852294921875,9.717791748046876
1748972198105,0.31943572998046876,-0.012274475097656251,9.701325988769531
1748972198172,0.27797195434570315,-0.047451324462890625,9.709558868408203
1748972198243,0.2652484130859375,-0.07080276489257813,9.715546417236329
1748972198305,0.3309617614746094,-0.038769378662109374,9.705217895507813
1748972198373,0.31913635253906253,-0.04086502075195313,9.714797973632812
1748972198441,0.3251239013671875,-0.07948471069335938,9.72901840209961
1748972198505,0.27452911376953126,-0.06466552734375,9.722731475830079
1748972198573,0.32302825927734374,-0.06451583862304688,9.721683654785156
1748972198643,0.3209326171875,-0.06301895141601563,9.734107818603515
1748972198705,0.3146456909179688,-0.0676593017578125,9.72662338256836
1748972198773,0.27842102050781253,-0.04954696655273438,9.729467468261719
1748972198843,0.2788700866699219,-0.06256988525390625,9.709259490966797
1748972198905,0.3243754577636719,-0.05882766723632813,9.714797973632812
1748972198973,0.32602203369140625,-0.05074447631835938,9.722282409667969
1748972199042,0.32946487426757814,-0.07334747314453126,9.720486145019532
1748972199105,0.35581008911132816,-0.04924758911132813,9.717342681884766
1748972199173,0.3082090759277344,-0.06152206420898438,9.715247039794923
1748972199239,0.3153941345214844,-0.056282958984375006,9.722282409667969
1748972199305,0.3234773254394531,-0.05822891235351563,9.721983032226563
1748972199373,0.2944377136230469,-0.05239105224609375,9.716294860839843
1748972199442,0.2942880249023438,-0.05957611083984375,9.718091125488282
1748972199505,0.30132339477539066,-0.056282958984375006,9.717192993164064
1748972199573,0.30641281127929687,-0.061072998046875,9.715247039794923
1748972199645,0.33635055541992187,-0.05119354248046875,9.720037078857422
1748972199705,0.3088078308105469,-0.06361770629882812,9.715396728515625
1748972199773,0.3239263916015625,-0.055384826660156254,9.712402954101563
1748972199844,0.3059637451171875,-0.05239105224609375,9.722881164550781
1748972199905,0.28650421142578125,-0.0556842041015625,9.722581787109375
1748972199973,0.27692413330078125,-0.05912704467773438,9.719288635253907
1748972200039,0.29234207153320313,-0.051492919921875005,9.720785522460938
1748972200105,0.2935395812988281,-0.05837860107421875,9.7189892578125
1748972200173,0.2796185302734375,-0.05134323120117188,9.719288635253907
1748972200245,0.29593460083007816,-0.05403762817382813,9.729766845703125
1748972200305,0.3203338623046875,-0.0736468505859375,9.72422836303711
1748972200373,0.28874954223632815,-0.04700225830078125,9.709409179687501
1748972200442,0.29608428955078125,-0.058528289794921876,9.718689880371095
1748972200505,0.29488677978515626,-0.06436614990234375,9.71135513305664
1748972200573,0.2721340942382813,-0.062120819091796876,9.725425872802735
1748972200644,0.27378067016601565,-0.05763015747070313,9.723180541992187
1748972200705,0.29413833618164065,-0.062120819091796876,9.725126495361328
1748972200773,0.30177246093750004,-0.06032455444335938,9.715247039794923
1748972200845,0.30641281127929687,-0.057330780029296875,9.714348907470704
1748972200905,0.31748977661132816,-0.05718109130859375,9.717642059326172
1748972200973,0.2942880249023438,-0.06316864013671876,9.708660736083985
1748972201039,0.2996768188476563,-0.054187316894531254,9.704469451904297
1748972201105,0.29338989257812503,-0.05553451538085938,9.715546417236329
1748972201173,0.2998265075683594,-0.05313949584960938,9.712402954101563
1748972201244,0.31210098266601566,-0.053887939453125006,9.71749237060547
1748972201305,0.298179931640625,-0.05284011840820313,9.712103576660157
1748972201373,0.27647506713867187,-0.06062393188476563,9.723030853271485
1748972201442,0.2903961181640625,-0.05987548828125,9.71419921875
1748972201505,0.29832962036132815,-0.05358856201171875,9.7189892578125
1748972201573,0.28919860839843753,-0.0622705078125,9.71854019165039
1748972201644,0.28770172119140625,-0.05284011840820313,9.715396728515625
1748972201705,0.30252090454101566,-0.06152206420898438,9.71315139770508
1748972201773,0.2992277526855469,-0.0628692626953125,9.729168090820313
1748972201844,0.31180160522460937,-0.05987548828125,9.707762603759766
1748972201929,0.2974314880371094,-0.0544866943359375,9.718091125488282
1748972201973,0.3065625,-0.060474243164062504,9.718689880371095
1748972202039,0.30386810302734374,-0.062120819091796876,9.718240814208984
1748972202105,0.28530670166015626,-0.05239105224609375,9.716294860839843
1748972202173,0.30566436767578126,-0.06496490478515625,9.71464828491211
1748972202239,0.2956352233886719,-0.060923309326171876,9.70985824584961
1748972202305,0.29937744140625,-0.05553451538085938,9.702224121093751
1748972202373,0.2942880249023438,-0.05358856201171875,9.701176300048829
1748972202444,0.2992277526855469,-0.06795867919921875,9.700727233886719
1748972202505,0.2860551452636719,-0.06870712280273437,9.695338439941407
1748972202573,0.2908451843261719,-0.05957611083984375,9.705666961669923
1748972202644,0.29368927001953127,-0.056282958984375006,9.701325988769531
1748972202705,0.28291168212890627,-0.06197113037109375,9.690548400878907
1748972202773,0.2920426940917969,-0.05718109130859375,9.690398712158204
1748972202842,0.30671218872070316,-0.050295410156250005,9.688452758789063
1748972202905,0.2884501647949219,-0.0640667724609375,9.694739685058595
1748972202973,0.29309051513671874,-0.057779846191406255,9.698182525634767
1748972203043,0.30611343383789064,-0.05718109130859375,9.686357116699218
1748972203105,0.29488677978515626,-0.055085449218750006,9.70267318725586
1748972203173,0.2836601257324219,-0.057779846191406255,9.705666961669923
1748972203244,0.2944377136230469,-0.05523513793945313,9.698182525634767
1748972203305,0.29847930908203124,-0.05179229736328125,9.700427856445312
1748972203373,0.30147308349609375,-0.053887939453125006,9.701625366210939
1748972203441,0.2944377136230469,-0.0592767333984375,9.696685638427734
1748972203505,0.29683273315429687,-0.05643264770507813,9.694889373779297
1748972203573,0.2820135498046875,-0.05358856201171875,9.700727233886719
1748972203643,0.2944377136230469,-0.05553451538085938,9.697284393310547
1748972203705,0.2935395812988281,-0.05583389282226563,9.69159622192383
1748972203773,0.28889923095703124,-0.052690429687500005,9.69548812866211
1748972203842,0.30222152709960937,-0.05164260864257813,9.697134704589844
1748972203905,0.29832962036132815,-0.06391708374023437,9.699230346679688
1748972203973,0.2980302429199219,-0.053887939453125006,9.700727233886719
1748972204043,0.29952713012695314,-0.05703140258789063,9.699679412841798
1748972204105,0.2992277526855469,-0.05643264770507813,9.689500579833984
1748972204173,0.2900967407226563,-0.047151947021484376,9.70417007446289
1748972204243,0.300574951171875,-0.0532891845703125,9.703421630859376
1748972204305,0.2947370910644531,-0.0568817138671875,9.709109802246095
1748972204373,0.305364990234375,-0.05882766723632813,9.696236572265626
1748972204442,0.30252090454101566,-0.055384826660156254,9.697583770751953
1748972204505,0.2932402038574219,-0.06780899047851563,9.708061981201173
1748972204573,0.3016227722167969,-0.053887939453125006,9.69264404296875
1748972204644,0.2896476745605469,-0.056582336425781254,9.70027816772461
1748972204705,0.3050656127929688,-0.05523513793945313,9.702972564697266
1748972204773,0.30566436767578126,-0.05254074096679688,9.704469451904297
1748972204845,0.279019775390625,-0.047900390625000004,9.700128479003906
1748972204905,0.2977308654785156,-0.06631210327148437,9.702373809814453
1748972204973,0.2893482971191406,-0.056133270263671875,9.701176300048829
1748972205044,0.2881507873535156,-0.049846343994140625,9.701475677490235
1748972205105,0.2962339782714844,-0.06122268676757813,9.709708557128907
1748972205173,0.2954855346679688,-0.05014572143554688,9.703870697021484
1748972205245,0.28979736328125,-0.049846343994140625,9.700876922607423
1748972205305,0.2977308654785156,-0.056582336425781254,9.695338439941407
1748972205373,0.2924917602539063,-0.05074447631835938,9.706116027832032
1748972205442,0.29653335571289063,-0.05942642211914063,9.69878128051758
1748972205505,0.29338989257812503,-0.058528289794921876,9.704918518066407
1748972205573,0.29728179931640625,-0.05583389282226563,9.704020385742188
1748972205642,0.2797682189941406,-0.05583389282226563,9.708960113525391
1748972205705,0.3085084533691406,-0.07200027465820313,9.694889373779297
1748972205773,0.30027557373046876,-0.0401165771484375,9.696535949707032
1748972205839,0.2966830444335938,-0.04954696655273438,9.691895599365235
1748972205905,0.30027557373046876,-0.05239105224609375,9.704469451904297
1748972205973,0.2986289978027344,-0.0544866943359375,9.710457000732422
1748972206044,0.3052153015136719,-0.05882766723632813,9.704918518066407
1748972206105,0.3004252624511719,-0.0580792236328125,9.705217895507813
1748972206173,0.29832962036132815,-0.05478607177734375,9.700727233886719
1748972206244,0.30566436767578126,-0.06197113037109375,9.704469451904297
1748972206305,0.3035687255859375,-0.060174865722656255,9.700727233886719
1748972206373,0.30147308349609375,-0.048648834228515625,9.705666961669923
1748972206442,0.30132339477539066,-0.0544866943359375,9.717941436767578
1748972206505,0.29368927001953127,-0.056582336425781254,9.710906066894532
1748972206573,0.27797195434570315,-0.046403503417968756,9.709708557128907
1748972206644,0.29294082641601565,-0.05957611083984375,9.700128479003906
1748972206705,0.22378463745117189,-0.12708572387695313,9.750723266601563
1748972206773,0.31748977661132816,-0.108973388671875,9.692793731689454
1748972206844,0.3085084533691406,-0.0383203125,9.693991241455079
1748972206933,0.29758117675781254,-0.05433700561523438,9.707612915039062
1748972206973,0.2962339782714844,-0.05942642211914063,9.6998291015625
1748972207038,0.2938389587402344,-0.06002517700195313,9.710007934570314
1748972207105,0.2878514099121094,-0.05044509887695313,9.707912292480469
1748972207173,0.3097059631347656,-0.05478607177734375,9.707762603759766
1748972207242,0.3011737060546875,-0.06960525512695313,9.710906066894532
1748972207305,0.29368927001953127,-0.055085449218750006,9.705068206787109
1748972207373,0.29533584594726564,-0.06032455444335938,9.710606689453126
1748972207444,0.28979736328125,-0.0544866943359375,9.704469451904297
1748972207505,0.2980302429199219,-0.05942642211914063,9.715247039794923
1748972207573,0.29054580688476567,-0.05553451538085938,9.709558868408203
1748972207644,0.3299139404296875,-0.077838134765625,9.722432098388673
1748972207705,0.29937744140625,-0.06436614990234375,9.70596633911133
1748972207773,0.3052153015136719,-0.04939727783203125,9.708960113525391
1748972207844,0.300574951171875,-0.0508941650390625,9.710457000732422
1748972207905,0.3094065856933594,-0.06256988525390625,9.71464828491211
1748972207973,0.296982421875,-0.0580792236328125,9.707163848876954
1748972208044,0.2847079467773438,-0.06182144165039063,9.710007934570314
1748972208105,0.28306137084960936,-0.05134323120117188,9.710157623291016
1748972208173,0.2704875183105469,-0.0544866943359375,9.710457000732422
1748972208239,0.3020718383789063,-0.06361770629882812,9.724976806640626
1748972208305,0.2860551452636719,-0.05987548828125,9.713450775146486
1748972208373,0.3001258850097656,-0.05284011840820313,9.708361358642579
1748972208441,0.3001258850097656,-0.06062393188476563,9.708061981201173
1748972208506,0.28755203247070316,-0.039667510986328126,9.697583770751953
1748972208573,0.295784912109375,-0.07454498291015625,9.71464828491211
1748972208644,0.3023712158203125,-0.05523513793945313,9.713750152587892
1748972208705,0.2950364685058594,-0.05718109130859375,9.695338439941407
1748972208773,0.2950364685058594,-0.05643264770507813,9.708960113525391
1748972208843,0.28740234375,-0.07110214233398438,9.720037078857422
1748972208905,0.27931915283203124,-0.05748046875,9.718240814208984
1748972208973,0.30267059326171875,-0.008382568359375,9.689650268554688
1748972209043,0.3339555358886719,-0.051492919921875005,9.697583770751953
1748972209105,0.31180160522460937,-0.07454498291015625,9.713301086425782
1748972209173,0.29683273315429687,-0.053738250732421874,9.708660736083985
1748972209243,0.3034190368652344,-0.04819976806640625,9.709109802246095
1748972209305,0.2797682189941406,-0.05882766723632813,9.71270233154297
1748972209373,0.29758117675781254,-0.04655319213867188,9.704619140625
1748972209439,0.28994705200195314,-0.04954696655273438,9.702373809814453
1748972209506,0.2760260009765625,-0.058977355957031255,9.698481903076173
1748972209573,0.279019775390625,-0.067060546875,9.703271942138672
1748972209644,0.28949798583984376,-0.0556842041015625,9.709259490966797
1748972209705,0.29338989257812503,-0.06122268676757813,9.710457000732422
1748972209773,0.3046165466308594,-0.059725799560546876,9.706415405273438
1748972209844,0.2847079467773438,-0.0592767333984375,9.702373809814453
1748972209906,0.2878514099121094,-0.060474243164062504,9.710157623291016
1748972209973,0.2755769348144531,-0.04879852294921875,9.71419921875
1748972210044,0.28575576782226564,-0.052690429687500005,9.701775054931641
1748972210105,0.3046165466308594,-0.05912704467773438,9.70985824584961
1748972210173,0.29234207153320313,-0.05059478759765625,9.714348907470704
1748972210244,0.30222152709960937,-0.061072998046875,9.71704330444336
1748972210305,0.295784912109375,-0.04834945678710938,9.712402954101563
1748972210373,0.30072463989257814,-0.05358856201171875,9.709259490966797
1748972210442,0.296982421875,-0.05598358154296875,9.708660736083985
1748972210506,0.29877868652343753,-0.0580792236328125,9.706415405273438
1748972210573,0.2956352233886719,-0.07409591674804687,9.71180419921875
1748972210644,0.28994705200195314,-0.07304809570312501,9.699080657958985
1748972210705,0.28740234375,-0.0508941650390625,9.704319763183594
1748972210773,0.2890489196777344,-0.05822891235351563,9.706116027832032
1748972210844,0.2817141723632813,-0.05882766723632813,9.702972564697266
1748972210905,0.288599853515625,-0.0592767333984375,9.70985824584961
1748972210973,0.29144393920898437,-0.05358856201171875,9.696835327148438
1748972211039,0.31030471801757814,-0.055085449218750006,9.704319763183594
1748972211106,0.3165916442871094,-0.05643264770507813,9.710007934570314
1748972211173,0.31449600219726564,-0.05553451538085938,9.698930969238281
1748972211239,0.31150222778320313,-0.06421646118164062,9.699230346679688
1748972211306,0.30686187744140625,-0.05403762817382813,9.708061981201173
1748972211373,0.30566436767578126,-0.0568817138671875,9.70746322631836
1748972211442,0.29264144897460936,-0.058977355957031255,9.716743927001954
1748972211505,0.30072463989257814,-0.0568817138671875,9.705816650390625
1748972211573,0.2950364685058594,-0.0622705078125,9.705367584228517
1748972211644,0.2992277526855469,-0.053438873291015626,9.70596633911133
1748972211706,0.3251239013671875,-0.061671752929687504,9.707163848876954
1748972211773,0.3143463134765625,-0.04999603271484375,9.702373809814453
1748972211844,0.2954855346679688,-0.06182144165039063,9.712552642822265
1748972211932,0.2812651062011719,-0.05718109130859375,9.713750152587892
1748972211973,0.2947370910644531,-0.05194198608398438,9.700427856445312
1748972212040,0.3020718383789063,-0.0508941650390625,9.705367584228517
1748972212105,0.298179931640625,-0.0568817138671875,9.70985824584961
1748972212173,0.29533584594726564,-0.056582336425781254,9.709558868408203
1748972212239,0.2966830444335938,-0.0568817138671875,9.703421630859376
1748972212306,0.2890489196777344,-0.05987548828125,9.716444549560547
1748972212373,0.28994705200195314,-0.04775070190429688,9.703421630859376
1748972212444,0.2832110595703125,-0.060474243164062504,9.70701416015625
1748972212506,0.29608428955078125,-0.05942642211914063,9.705217895507813
1748972212573,0.30192214965820313,-0.0544866943359375,9.708810424804687
1748972212644,0.2893482971191406,-0.04685256958007813,9.713600463867188
1748972212705,0.2836601257324219,-0.05837860107421875,9.715097351074219
1748972212773,0.28156448364257813,-0.058977355957031255,9.721084899902344
1748972212839,0.2851570129394531,-0.057330780029296875,9.714797973632812
1748972212906,0.2896476745605469,-0.06436614990234375,9.718689880371095
1748972212973,0.28156448364257813,-0.056133270263671875,9.723330230712891
1748972213041,0.29189300537109375,-0.06271957397460938,9.72707244873047
1748972213106,0.31284942626953127,-0.05703140258789063,9.724827117919922
1748972213173,0.3008743286132813,-0.05119354248046875,9.71419921875
1748972213243,0.2938389587402344,-0.05194198608398438,9.718689880371095
1748972213306,0.3201841735839844,-0.0532891845703125,9.723779296875
1748972213373,0.2956352233886719,-0.0508941650390625,9.71988739013672
1748972213441,0.3209326171875,-0.05643264770507813,9.723030853271485
1748972213506,0.30641281127929687,-0.052690429687500005,9.727371826171876
1748972213573,0.29608428955078125,-0.053438873291015626,9.722132720947267
1748972213643,0.28979736328125,-0.06122268676757813,9.724527740478516
1748972213705,0.3405418395996094,-0.06331832885742188,9.727371826171876
1748972213773,0.2477348327636719,-0.060474243164062504,9.718390502929688
1748972213839,0.26958938598632814,-0.07065307617187501,9.718091125488282
1748972213906,0.26539810180664064,-0.06197113037109375,9.720635833740236
1748972213973,0.28216323852539066,-0.058977355957031255,9.723030853271485
1748972214039,0.2954855346679688,-0.07649093627929687,9.716444549560547
1748972214106,0.32227981567382813,-0.04700225830078125,9.716893615722658
1748972214173,0.31030471801757814,-0.0473016357421875,9.726324005126953
1748972214239,0.36898269653320315,-0.04685256958007813,9.713001708984375
1748972214306,0.2980302429199219,-0.04775070190429688,9.72572525024414
1748972214373,0.3288661193847656,-0.0712518310546875,9.71854019165039
1748972214442,0.25641677856445316,-0.06451583862304688,9.72617431640625
1748972214506,0.2785707092285156,-0.060474243164062504,9.720486145019532
1748972214573,0.264649658203125,-0.057779846191406255,9.717342681884766
1748972214644,0.29189300537109375,-0.06301895141601563,9.73186248779297
1748972214705,0.3031196594238281,-0.05553451538085938,9.733509063720703
1748972214773,0.29877868652343753,-0.056582336425781254,9.724078674316408
1748972214839,0.3231779479980469,-0.05718109130859375,9.717342681884766
1748972214906,0.2954855346679688,-0.058977355957031255,9.71464828491211
1748972214973,0.25896148681640624,-0.06256988525390625,9.72572525024414
1748972215044,0.27422973632812503,-0.06466552734375,9.724378051757814
1748972215106,0.31569351196289064,-0.060474243164062504,9.736802215576173
1748972215173,0.28351043701171874,-0.06511459350585938,9.72572525024414
1748972215244,0.3742218017578125,-0.03667373657226563,9.710906066894532
1748972215306,0.32138168334960937,-0.04894821166992188,9.7189892578125
1748972215373,0.3231779479980469,-0.061671752929687504,9.71854019165039
1748972215442,0.3138972473144531,-0.042810974121093755,9.716594238281251
1748972215506,0.29189300537109375,-0.07200027465820313,9.725425872802735
1748972215573,0.3028202819824219,-0.04939727783203125,9.725425872802735
1748972215639,0.30671218872070316,-0.11091934204101563,9.749525756835938
1748972215705,0.3499722290039063,-0.014070739746093752,9.706864471435548
1748972215773,0.32183074951171875,-0.061072998046875,9.733658752441407
1748972215844,0.30192214965820313,-0.053738250732421874,9.725425872802735
1748972215906,0.3477268981933594,-0.03278182983398438,9.715995483398437
1748972215973,0.3047662353515625,-0.07379653930664062,9.725276184082032
1748972216044,0.3384461975097656,-0.05882766723632813,9.724827117919922
1748972216106,0.3320095825195313,-0.05254074096679688,9.72138427734375
1748972216173,0.2980302429199219,-0.06182144165039063,9.729467468261719
1748972216244,0.28800109863281254,-0.06466552734375,9.714049530029298
1748972216306,0.288599853515625,-0.04939727783203125,9.719588012695313
1748972216373,0.28231292724609375,-0.05433700561523438,9.725575561523438
1748972216442,0.30132339477539066,-0.057330780029296875,9.726773071289063
1748972216506,0.2812651062011719,-0.049097900390625004,9.721683654785156
1748972216573,0.2785707092285156,-0.06391708374023437,9.735005950927734
1748972216644,0.3119512939453125,-0.07768844604492188,9.739346923828126
1748972216705,0.2710862731933594,-0.053438873291015626,9.73904754638672
1748972216773,0.3046165466308594,-0.03338058471679688,9.715097351074219
1748972216844,0.2601589965820313,-0.0532891845703125,9.727222137451172
1748972216935,0.29533584594726564,-0.09235794067382813,9.756261749267578
1748972216973,0.26958938598632814,-0.0335302734375,9.714348907470704
1748972217041,0.2701881408691406,-0.054187316894531254,9.731712799072266
1748972217105,0.296982421875,-0.07065307617187501,9.731712799072266
1748972217173,0.2878514099121094,-0.03861968994140625,9.720486145019532
1748972217239,0.3034190368652344,-0.020357666015625,9.708960113525391
1748972217305,0.2808160400390625,-0.07679031372070313,9.742191009521484
1748972217373,0.336500244140625,-0.049846343994140625,9.708960113525391
1748972217444,0.3212319946289063,-0.05763015747070313,9.732161865234376
1748972217506,0.30222152709960937,-0.06915618896484375,9.72617431640625
1748972217573,0.31030471801757814,-0.04834945678710938,9.70417007446289
1748972217644,0.2881507873535156,-0.06601272583007813,9.725425872802735
1748972217705,0.3040177917480469,-0.031734008789062504,9.702972564697266
1748972217773,0.2848576354980469,-0.06182144165039063,9.718091125488282
1748972217844,0.2606080627441406,-0.06077362060546875,9.721234588623048
1748972217906,0.2939886474609375,-0.049097900390625004,9.71854019165039
1748972217973,0.3387455749511719,-0.0413140869140625,9.709558868408203
1748972218044,0.25387207031250003,-0.09430389404296875,9.756710815429688
1748972218106,0.29413833618164065,-0.07289840698242188,9.72467742919922
1748972218173,0.2956352233886719,-0.0431103515625,9.710756378173828
1748972218243,0.29788055419921877,-0.0622705078125,9.734706573486328
1748972218306,0.31090347290039066,-0.04819976806640625,9.708960113525391
1748972218373,0.31105316162109375,-0.032482452392578125,9.710157623291016
1748972218442,0.2932402038574219,-0.077838134765625,9.72662338256836
1748972218506,0.3183879089355469,-0.055384826660156254,9.714348907470704
1748972218573,0.33979339599609376,-0.0473016357421875,9.704020385742188
1748972218642,0.31689102172851563,-0.045056304931640624,9.708211669921875
1748972218705,0.28650421142578125,-0.0748443603515625,9.730365600585937
1748972218773,0.3418890380859375,-0.045205993652343755,9.711205444335938
1748972218841,0.2743794250488281,-0.06691085815429688,9.708960113525391
1748972218906,0.2748284912109375,-0.062420196533203125,9.700427856445312
1748972218973,0.290994873046875,-0.062120819091796876,9.701924743652345
1748972219043,0.3050656127929688,-0.056133270263671875,9.71315139770508
1748972219106,0.3094065856933594,-0.06571334838867188,9.699380035400392
1748972219173,0.3487747192382813,-0.061671752929687504,9.69548812866211
1748972219244,0.31210098266601566,-0.05313949584960938,9.685758361816406
1748972219306,0.24054977416992188,-0.0652642822265625,9.701924743652345
1748972219373,0.243094482421875,-0.056582336425781254,9.689201202392578
1748972219442,0.30446685791015626,-0.061072998046875,9.696086883544922
1748972219506,0.3043171691894531,-0.07694000244140625,9.692344665527344
1748972219573,0.3062631225585938,-0.047451324462890625,9.696086883544922
1748972219639,0.3158432006835938,-0.051043853759765626,9.690548400878907
1748972219705,0.30551467895507817,-0.04939727783203125,9.688003692626953
1748972219773,0.335302734375,-0.054935760498046875,9.694589996337891
1748972219839,0.29069549560546876,-0.053738250732421874,9.694440307617189
1748972219906,0.2555186462402344,-0.05119354248046875,9.700727233886719
1748972219973,0.2656974792480469,-0.06721023559570313,9.70551727294922
1748972220039,0.31180160522460937,-0.0652642822265625,9.704020385742188
1748972220106,0.2980302429199219,-0.05837860107421875,9.70551727294922
1748972220173,0.26120681762695314,-0.052241363525390626,9.698332214355469
1748972220239,0.28635452270507816,-0.02664459228515625,9.695338439941407
1748972220306,0.3441343688964844,-0.05673202514648438,9.708511047363281
1748972220373,0.31105316162109375,-0.06361770629882812,9.700577545166016
1748972220442,0.2652484130859375,-0.055085449218750006,9.712253265380859
1748972220506,0.30147308349609375,-0.06721023559570313,9.700577545166016
1748972220573,0.27647506713867187,-0.046702880859375004,9.702822875976564
1748972220645,0.2752775573730469,-0.058528289794921876,9.704319763183594
1748972220705,0.30686187744140625,-0.06152206420898438,9.70312225341797
1748972220773,0.30566436767578126,-0.058977355957031255,9.706116027832032
1748972220839,0.29877868652343753,-0.047601013183593756,9.698332214355469
1748972220906,0.2775228881835938,-0.07214996337890625,9.699230346679688
1748972220973,0.28635452270507816,-0.07634124755859376,9.706864471435548
1748972221044,0.2974314880371094,-0.0473016357421875,9.707163848876954
1748972221106,0.26599685668945316,-0.06436614990234375,9.708061981201173
1748972221173,0.31180160522460937,-0.08532257080078126,9.717791748046876
1748972221245,0.3438349914550781,-0.003592529296875,9.691745910644531
1748972221306,0.2213896179199219,-0.06661148071289062,9.708960113525391
1748972221373,0.2496807861328125,-0.05194198608398438,9.687404937744141
1748972221442,0.28306137084960936,-0.08277786254882813,9.718689880371095
1748972221506,0.2942880249023438,-0.056133270263671875,9.703571319580078
1748972221573,0.28680358886718754,-0.054187316894531254,9.69788314819336
1748972221642,0.3094065856933594,-0.05792953491210938,9.70551727294922
1748972221705,0.2956352233886719,-0.06900650024414062,9.70596633911133
1748972221773,0.3059637451171875,-0.0592767333984375,9.708511047363281
1748972221844,0.31255004882812504,-0.06346801757812501,9.703870697021484
1748972221932,0.30641281127929687,-0.057779846191406255,9.710756378173828
1748972221973,0.28351043701171874,-0.08771759033203125,9.716444549560547
1748972222041,0.2881507873535156,0.046403503417968756,9.662257232666017
1748972222106,0.30147308349609375,-0.08517288208007813,9.725126495361328
1748972222173,0.29309051513671874,-0.07589218139648438,9.704469451904297
1748972222244,0.30491592407226564,-0.008232879638671876,9.696236572265626
1748972222306,0.32227981567382813,-0.05433700561523438,9.702224121093751
1748972222373,0.29832962036132815,-0.054187316894531254,9.71030731201172
1748972222441,0.281414794921875,-0.05792953491210938,9.70027816772461
1748972222506,0.2893482971191406,-0.04266128540039063,9.702523498535157
1748972222573,0.32527359008789064,-0.06586303710937501,9.71135513305664
1748972222645,0.33724868774414063,-0.06945556640625,9.723779296875
1748972222705,0.30985565185546876,-0.05643264770507813,9.712253265380859
1748972222773,0.29234207153320313,-0.05358856201171875,9.712253265380859
1748972222844,0.31150222778320313,-0.05403762817382813,9.708511047363281
1748972222906,0.33215927124023437,-0.06122268676757813,9.698182525634767
1748972222973,0.2900967407226563,-0.05912704467773438,9.706116027832032
1748972223043,0.3147953796386719,-0.07274871826171875,9.707313537597656
1748972223106,0.310155029296875,-0.0437091064453125,9.712103576660157
1748972223173,0.3362008666992188,-0.07200027465820313,9.720037078857422
1748972223239,0.27333160400390627,-0.056282958984375006,9.704768829345703
1748972223306,0.27722351074218754,-0.06122268676757813,9.716294860839843
1748972223373,0.36314483642578127,-0.08487350463867188,9.722881164550781
1748972223441,0.3016227722167969,-0.06586303710937501,9.71419921875
1748972223506,0.30296997070312504,-0.0556842041015625,9.705666961669923
1748972223573,0.2884501647949219,-0.08217910766601563,9.714498596191406
1748972223644,0.27617568969726564,-0.061671752929687504,9.728269958496094
1748972223706,0.28635452270507816,-0.07095245361328126,9.715696105957031
1748972223773,0.30072463989257814,-0.04999603271484375,9.704768829345703
1748972223841,0.3082090759277344,-0.05358856201171875,9.716145172119141
1748972223906,0.28351043701171874,-0.067060546875,9.72422836303711
1748972223973,0.28725265502929687,-0.0520916748046875,9.701625366210939
1748972224041,0.2966830444335938,-0.0056881713867187505,9.694290618896485
1748972224106,0.2896476745605469,-0.05957611083984375,9.70417007446289
1748972224173,0.29054580688476567,-0.06601272583007813,9.716594238281251
1748972224243,0.2591111755371094,-0.08008346557617188,9.728120269775392
1748972224306,0.30910720825195315,-0.07259902954101563,9.70985824584961
1748972224373,0.2567161560058594,-0.06915618896484375,9.713899841308594
1748972224442,0.35895355224609377,-0.03667373657226563,9.691446533203125
1748972224506,0.3591032409667969,-0.023501129150390626,9.684261474609375
1748972224573,0.22168899536132813,-0.10283615112304688,9.745633850097656
1748972224645,0.2689906311035156,-0.09894424438476564,9.722432098388673
1748972224706,0.36284545898437504,-0.025596771240234375,9.692793731689454
1748972224773,0.2856060791015625,-0.05748046875,9.716594238281251
1748972224845,0.2728825378417969,-0.06691085815429688,9.716893615722658
1748972224906,0.2890489196777344,-0.06571334838867188,9.709409179687501
1748972224973,0.29219238281250004,-0.06556365966796876,9.7189892578125
1748972225045,0.28530670166015626,-0.051492919921875005,9.712253265380859
1748972225109,0.30551467895507817,-0.0724493408203125,9.708810424804687
1748972225173,0.2962339782714844,-0.07304809570312501,9.723928985595704
1748972225245,0.29054580688476567,-0.052241363525390626,9.715546417236329
1748972225306,0.3016227722167969,-0.06676116943359375,9.711654510498047
1748972225373,0.3203338623046875,-0.054636383056640626,9.705217895507813
1748972225442,0.316142578125,-0.05059478759765625,9.698631591796875
1748972225506,0.2721340942382813,-0.0544866943359375,9.714498596191406
1748972225573,0.3011737060546875,-0.07080276489257813,9.718689880371095
1748972225643,0.2662962341308594,-0.07619155883789062,9.72707244873047
1748972225709,0.3430865478515625,-0.041912841796875,9.68830307006836
1748972225773,0.36359390258789065,-0.07334747314453126,9.715995483398437
1748972225845,0.33410522460937503,-0.028590545654296876,9.692943420410156
1748972225909,0.2992277526855469,-0.07334747314453126,9.728419647216798
1748972225973,0.2939886474609375,-0.035176849365234374,9.702224121093751
1748972226044,0.3104544067382813,-0.0484991455078125,9.701475677490235
1748972226107,0.3016227722167969,-0.07469467163085938,9.719588012695313
1748972226176,0.3165916442871094,-0.037122802734375,9.694589996337891
1748972226239,0.28336074829101565,-0.06346801757812501,9.709558868408203
1748972226306,0.29533584594726564,-0.06466552734375,9.701625366210939
1748972226375,0.28500732421875,-0.07289840698242188,9.729317779541017
1748972226444,0.31180160522460937,-0.037272491455078126,9.702972564697266
1748972226509,0.30072463989257814,-0.06631210327148437,9.712253265380859
1748972226573,0.27497817993164064,-0.07529342651367188,9.717791748046876
1748972226644,0.31629226684570316,-0.0383203125,9.700128479003906
1748972226709,0.30177246093750004,-0.05179229736328125,9.713750152587892
1748972226773,0.2974314880371094,-0.05284011840820313,9.70551727294922
1748972226844,0.31943572998046876,-0.046702880859375004,9.71135513305664
1748972226932,0.2954855346679688,-0.07304809570312501,9.733209686279297
1748972226974,0.27737319946289063,-0.06002517700195313,9.714348907470704
1748972227041,0.3031196594238281,-0.06421646118164062,9.710157623291016
1748972227109,0.3082090759277344,-0.0544866943359375,9.708361358642579
1748972227173,0.28635452270507816,-0.06002517700195313,9.711055755615234
1748972227242,0.2963836669921875,-0.06436614990234375,9.709558868408203
1748972227306,0.3016227722167969,-0.05673202514648438,9.713001708984375
1748972227373,0.27647506713867187,-0.06825805664062501,9.724078674316408
1748972227444,0.33320709228515627,-0.03278182983398438,9.695188751220703
1748972227509,0.3040177917480469,-0.051043853759765626,9.704020385742188
1748972227573,0.3209326171875,-0.05718109130859375,9.705367584228517
1748972227644,0.3195854187011719,-0.032482452392578125,9.707762603759766
1748972227709,0.3330574035644531,-0.0496966552734375,9.709259490966797
1748972227773,0.264649658203125,-0.10702743530273438,9.729317779541017
1748972227845,0.33799713134765624,-0.006885681152343751,9.678573303222656
1748972227909,0.3637435913085938,-0.025746459960937502,9.690548400878907
1748972227973,0.21630020141601564,-0.13307327270507813,9.739496612548828
1748972228040,0.26120681762695314,-0.08277786254882813,9.712402954101563
1748972228107,0.25626708984375,-0.07065307617187501,9.70746322631836
1748972228173,0.28216323852539066,-0.05403762817382813,9.720635833740236
1748972228239,0.28156448364257813,-0.06391708374023437,9.71270233154297
1748972228306,0.2844085693359375,-0.06631210327148437,9.708960113525391
1748972228373,0.28156448364257813,-0.06451583862304688,9.71419921875
1748972228442,0.28919860839843753,-0.06376739501953126,9.712253265380859
1748972228507,0.2900967407226563,-0.05433700561523438,9.71135513305664
1748972228573,0.28336074829101565,-0.061372375488281256,9.70417007446289
1748972228642,0.30566436767578126,-0.06661148071289062,9.717941436767578
1748972228707,0.310155029296875,-0.04266128540039063,9.701026611328125
1748972228773,0.29114456176757814,-0.0640667724609375,9.702224121093751
1748972228841,0.33126113891601566,-0.05179229736328125,9.696236572265626
1748972228908,0.3411405944824219,-0.08472381591796875,9.695637817382813
1748972228973,0.31284942626953127,-0.05703140258789063,9.703721008300782
1748972229044,0.3138972473144531,-0.036524047851562505,9.699380035400392
1748972229108,0.3146456909179688,-0.06541397094726563,9.70027816772461
1748972229173,0.30326934814453127,-0.060174865722656255,9.705816650390625
1748972229239,0.28889923095703124,-0.06197113037109375,9.708660736083985
1748972229306,0.27647506713867187,-0.058528289794921876,9.704619140625
1748972229373,0.3200344848632813,-0.05643264770507813,9.704918518066407
1748972229439,0.35206787109375004,-0.030686187744140628,9.680818634033203
1748972229507,0.35296600341796874,-0.041164398193359375,9.690997467041017
1748972229573,0.30686187744140625,-0.05763015747070313,9.70267318725586
1748972229639,0.2992277526855469,-0.06346801757812501,9.704918518066407
1748972229706,0.30671218872070316,-0.060174865722656255,9.698930969238281
1748972229773,0.3207829284667969,-0.06077362060546875,9.710157623291016
1748972229843,0.3195854187011719,-0.04655319213867188,9.702822875976564
1748972229907,0.29788055419921877,-0.05792953491210938,9.702972564697266
1748972229973,0.281414794921875,-0.06795867919921875,9.70701416015625
1748972230045,0.3004252624511719,-0.06750961303710938,9.702373809814453
1748972230109,0.2856060791015625,-0.056282958984375006,9.698930969238281
1748972230173,0.2847079467773438,-0.062420196533203125,9.71030731201172
1748972230242,0.2903961181640625,-0.05284011840820313,9.713899841308594
1748972230306,0.2942880249023438,-0.05673202514648438,9.708960113525391
1748972230373,0.295784912109375,-0.054636383056640626,9.712852020263673
1748972230445,0.2839595031738281,-0.0544866943359375,9.700577545166016
1748972230509,0.2989283752441406,-0.0520916748046875,9.706116027832032
1748972230573,0.2942880249023438,-0.05523513793945313,9.707313537597656
1748972230645,0.2796185302734375,-0.056133270263671875,9.701924743652345
1748972230708,0.2974314880371094,-0.067060546875,9.699080657958985
1748972230773,0.28979736328125,-0.07214996337890625,9.703421630859376
1748972230845,0.28096572875976566,-0.06975494384765625,9.702972564697266
1748972230909,0.2677931213378906,-0.061372375488281256,9.706714782714844
1748972230973,0.27393035888671874,-0.057779846191406255,9.710906066894532
1748972231045,0.26854156494140624,-0.056282958984375006,9.719288635253907
1748972231109,0.26839187622070315,-0.058528289794921876,9.705068206787109
1748972231173,0.29952713012695314,-0.06721023559570313,9.705816650390625
1748972231245,0.31105316162109375,-0.0568817138671875,9.717642059326172
1748972231309,0.28994705200195314,-0.05478607177734375,9.708660736083985
1748972231373,0.29309051513671874,-0.06301895141601563,9.712253265380859
1748972231442,0.2986289978027344,-0.061072998046875,9.713750152587892
1748972231508,0.281414794921875,-0.0473016357421875,9.709259490966797
1748972231573,0.30566436767578126,-0.053438873291015626,9.709109802246095
1748972231645,0.3065625,-0.05837860107421875,9.703421630859376
1748972231709,0.31689102172851563,-0.05748046875,9.708211669921875
1748972231773,0.28770172119140625,-0.046403503417968756,9.710906066894532
1748972231844,0.3035687255859375,-0.056282958984375006,9.710906066894532
1748972231935,0.31374755859375003,-0.055085449218750006,9.706864471435548
1748972231973,0.2860551452636719,-0.046702880859375004,9.703870697021484
1748972232039,0.31404693603515627,-0.06077362060546875,9.699679412841798
1748972232106,0.31689102172851563,-0.060174865722656255,9.706415405273438
1748972232173,0.3113525390625,-0.06271957397460938,9.709409179687501
1748972232239,0.3085084533691406,-0.061072998046875,9.708660736083985
1748972232306,0.3106040954589844,-0.06152206420898438,9.709259490966797
1748972232375,0.31719039916992187,-0.05987548828125,9.696835327148438
1748972232445,0.2698887634277344,-0.06855743408203126,9.702822875976564
1748972232508,0.28306137084960936,-0.05718109130859375,9.698032836914063
1748972232573,0.30491592407226564,-0.06301895141601563,9.700876922607423
1748972232644,0.27991790771484376,-0.044756927490234376,9.70985824584961
1748972232709,0.29937744140625,-0.0532891845703125,9.708810424804687
1748972232772,0.31524444580078126,-0.06122268676757813,9.697733459472657
1748972232840,0.29952713012695314,-0.058977355957031255,9.714498596191406
1748972232908,0.3043171691894531,-0.058528289794921876,9.708511047363281
1748972232973,0.2980302429199219,-0.05239105224609375,9.69788314819336
1748972233041,0.3035687255859375,-0.05942642211914063,9.707313537597656
1748972233106,0.28575576782226564,-0.0676593017578125,9.700876922607423
1748972233173,0.2859054565429688,-0.0664617919921875,9.700727233886719
1748972233244,0.29758117675781254,-0.05598358154296875,9.709708557128907
1748972233308,0.2980302429199219,-0.05748046875,9.698481903076173
1748972233372,0.2842588806152344,-0.05598358154296875,9.709558868408203
1748972233443,0.27333160400390627,-0.0688568115234375,9.702373809814453
1748972233508,0.2977308654785156,-0.054187316894531254,9.6998291015625
1748972233572,0.27617568969726564,-0.054636383056640626,9.699080657958985
1748972233644,0.30192214965820313,-0.06002517700195313,9.704469451904297
1748972233708,0.3224295043945313,-0.059725799560546876,9.710906066894532
1748972233772,0.30731094360351563,-0.061072998046875,9.698481903076173
1748972233844,0.27677444458007816,-0.0622705078125,9.705666961669923
1748972233908,0.27842102050781253,-0.06691085815429688,9.704768829345703
1748972233973,0.28021728515625,-0.060474243164062504,9.710457000732422
1748972234044,0.28530670166015626,-0.06421646118164062,9.70551727294922
1748972234107,0.2746788024902344,-0.06077362060546875,9.705217895507813
1748972234173,0.21001327514648438,-0.07514373779296875,9.709259490966797
1748972234240,0.28575576782226564,-0.06466552734375,9.711055755615234
1748972234308,0.28680358886718754,-0.06496490478515625,9.711205444335938
1748972234373,0.27677444458007816,-0.07229965209960938,9.703571319580078
1748972234442,0.29174331665039066,-0.06840774536132813,9.705068206787109
1748972234508,0.29907806396484377,-0.05837860107421875,9.708211669921875
1748972234575,0.31210098266601566,-0.06750961303710938,9.709409179687501
1748972234645,0.3031196594238281,-0.04999603271484375,9.699080657958985
1748972234708,0.3001258850097656,-0.056133270263671875,9.70746322631836
1748972234773,0.30416748046875003,-0.056133270263671875,9.703421630859376
1748972234840,0.3082090759277344,-0.046253814697265624,9.701924743652345
1748972234909,0.29937744140625,-0.061372375488281256,9.707912292480469
1748972234973,0.305364990234375,-0.06122268676757813,9.708511047363281
1748972235045,0.2932402038574219,-0.06032455444335938,9.714348907470704
1748972235109,0.2327659606933594,-0.058977355957031255,9.729467468261719
1748972235173,0.3158432006835938,-0.05987548828125,9.707163848876954
1748972235239,0.28994705200195314,-0.05553451538085938,9.70027816772461
1748972235306,0.2999761962890625,-0.051492919921875005,9.71270233154297
1748972235373,0.30222152709960937,-0.041613464355468754,9.699230346679688
1748972235441,0.30491592407226564,-0.07574249267578126,9.712552642822265
1748972235509,0.25956024169921876,-0.11017089843750001,9.734856262207032
1748972235573,0.25222549438476566,-0.1119671630859375,9.739945678710939
1748972235645,0.33215927124023437,-0.014519805908203126,9.686955871582033
1748972235708,0.3430865478515625,-0.032482452392578125,9.687704315185547
1748972235773,0.26075775146484376,-0.08996292114257813,9.736951904296875
1748972235845,0.31180160522460937,-0.067060546875,9.71749237060547
1748972235909,0.33485366821289064,-0.04805007934570313,9.706415405273438
1748972235972,0.29114456176757814,-0.06810836791992188,9.720635833740236
1748972236046,0.30985565185546876,-0.05748046875,9.708061981201173
1748972236109,0.2854563903808594,-0.059725799560546876,9.709558868408203
1748972236173,0.2677931213378906,-0.0688568115234375,9.71749237060547
1748972236245,0.279019775390625,-0.06002517700195313,9.719588012695313
1748972236309,0.3088078308105469,-0.06032455444335938,9.71135513305664
1748972236373,0.3359014892578125,-0.06077362060546875,9.6998291015625
1748972236445,0.31793884277343754,-0.05748046875,9.712253265380859
1748972236509,0.2986289978027344,-0.06361770629882812,9.700577545166016
1748972236572,0.30416748046875003,-0.06152206420898438,9.714498596191406
1748972236645,0.30641281127929687,-0.059725799560546876,9.706864471435548
1748972236708,0.30551467895507817,-0.05703140258789063,9.709109802246095
1748972236772,0.3106040954589844,-0.05792953491210938,9.712552642822265
1748972236845,0.29368927001953127,-0.05523513793945313,9.712103576660157
1748972236932,0.29054580688476567,-0.03787124633789063,9.706565093994142
1748972236973,0.3094065856933594,-0.04565505981445313,9.701176300048829
1748972237039,0.2966830444335938,-0.0425115966796875,9.71419921875
1748972237106,0.3153941345214844,-0.06421646118164062,9.708211669921875
1748972237172,0.30566436767578126,-0.05882766723632813,9.706714782714844
1748972237245,0.27872039794921877,-0.082628173828125,9.71419921875
1748972237308,0.3113525390625,-0.047451324462890625,9.70312225341797
1748972237372,0.30805938720703124,-0.0437091064453125,9.692344665527344
1748972237445,0.3097059631347656,-0.06451583862304688,9.709558868408203
1748972237508,0.31569351196289064,-0.05523513793945313,9.707912292480469
1748972237573,0.3035687255859375,-0.052690429687500005,9.698182525634767
1748972237641,0.3309617614746094,-0.05433700561523438,9.705367584228517
1748972237708,0.3047662353515625,-0.04834945678710938,9.705068206787109
1748972237772,0.2797682189941406,-0.07828720092773438,9.71315139770508
1748972237845,0.23546035766601564,-0.07589218139648438,9.709109802246095
1748972237908,0.25581802368164064,-0.04879852294921875,9.694889373779297
1748972237972,0.3394940185546875,-0.04834945678710938,9.69593719482422
1748972238044,0.2938389587402344,-0.06481521606445313,9.710906066894532
1748972238108,0.30132339477539066,-0.05583389282226563,9.703571319580078
1748972238172,0.29937744140625,-0.057779846191406255,9.708361358642579
1748972238240,0.30326934814453127,-0.053738250732421874,9.719737701416015
1748972238309,0.30416748046875003,-0.0508941650390625,9.707313537597656
1748972238372,0.34084121704101566,-0.039667510986328126,9.692344665527344
1748972238442,0.3059637451171875,-0.0622705078125,9.708960113525391
1748972238508,0.3219804382324219,-0.054935760498046875,9.710157623291016
1748972238573,0.2805166625976563,-0.05523513793945313,9.706415405273438
1748972238641,0.3011737060546875,-0.06256988525390625,9.723928985595704
1748972238708,0.30731094360351563,-0.06032455444335938,9.719138946533203
1748972238775,0.2800675964355469,-0.06077362060546875,9.718240814208984
1748972238844,0.3234773254394531,-0.05478607177734375,9.71030731201172
1748972238908,0.3150947570800781,-0.05748046875,9.711205444335938
1748972238972,0.3146456909179688,-0.04819976806640625,9.705068206787109
1748972239044,0.2878514099121094,-0.05837860107421875,9.710606689453126
1748972239108,0.2667453002929688,-0.04805007934570313,9.713750152587892
1748972239172,0.2956352233886719,-0.06331832885742188,9.713899841308594
1748972239240,0.3020718383789063,-0.061372375488281256,9.708361358642579
1748972239308,0.29114456176757814,-0.06077362060546875,9.70701416015625
1748972239372,0.300574951171875,-0.06062393188476563,9.709558868408203
1748972239442,0.31793884277343754,-0.058677978515625,9.711654510498047
1748972239508,0.3028202819824219,-0.05763015747070313,9.716594238281251
1748972239572,0.2974314880371094,-0.054187316894531254,9.71943832397461
1748972239645,0.2954855346679688,-0.06900650024414062,9.713450775146486
1748972239707,0.2947370910644531,-0.05882766723632813,9.706714782714844
1748972239772,0.29189300537109375,-0.060923309326171876,9.707762603759766
1748972239842,0.3004252624511719,-0.0580792236328125,9.713600463867188
1748972239907,0.30566436767578126,-0.062120819091796876,9.71464828491211
1748972239972,0.3143463134765625,-0.06256988525390625,9.703870697021484
1748972240045,0.3004252624511719,-0.06122268676757813,9.715995483398437
1748972240108,0.30491592407226564,-0.050295410156250005,9.70701416015625
1748972240172,0.300574951171875,-0.0568817138671875,9.718689880371095
1748972240245,0.3050656127929688,-0.06676116943359375,9.711055755615234
1748972240308,0.2851570129394531,-0.05643264770507813,9.705666961669923
1748972240372,0.27767257690429686,-0.062120819091796876,9.708511047363281
1748972240445,0.3046165466308594,-0.061372375488281256,9.701475677490235
1748972240508,0.2854563903808594,-0.0568817138671875,9.712103576660157
1748972240572,0.2710862731933594,-0.08382568359375,9.702074432373047
1748972240645,0.27063720703125,-0.0532891845703125,9.705068206787109
1748972240708,0.30611343383789064,-0.06960525512695313,9.707762603759766
1748972240772,0.3201841735839844,-0.06182144165039063,9.701775054931641
1748972240845,0.3020718383789063,-0.06346801757812501,9.705068206787109
1748972240907,0.2947370910644531,-0.047601013183593756,9.708511047363281
1748972240972,0.314945068359375,-0.060474243164062504,9.689500579833984
1748972241044,0.2782713317871094,-0.05239105224609375,9.700727233886719
1748972241108,0.12005035400390626,-0.2417472839355469,9.776320037841797
1748972241172,-0.019010467529296877,0.13382171630859377,9.67153793334961
1748972241240,0.37197647094726566,-0.11316467285156251,9.71270233154297
1748972241308,0.259859619140625,-0.02724334716796875,9.696835327148438
1748972241372,0.29593460083007816,-0.061072998046875,9.709558868408203
1748972241441,0.3357518005371094,-0.05074447631835938,9.698032836914063
1748972241508,0.329315185546875,-0.06391708374023437,9.711055755615234
1748972241572,0.3170407104492188,-0.052690429687500005,9.70985824584961
1748972241645,0.30416748046875003,-0.04954696655273438,9.70596633911133
1748972241708,0.29593460083007816,-0.06750961303710938,9.709109802246095
1748972241772,0.3150947570800781,-0.06571334838867188,9.718240814208984
1748972241844,0.3107537841796875,-0.05284011840820313,9.717342681884766
1748972241936,0.30192214965820313,-0.045056304931640624,9.706415405273438
1748972241973,0.29413833618164065,-0.06930587768554688,9.712253265380859
1748972242039,0.29458740234375,-0.05703140258789063,9.712852020263673
1748972242106,0.305364990234375,-0.06346801757812501,9.715845794677735
1748972242172,0.29608428955078125,-0.05583389282226563,9.714498596191406
1748972242243,0.27153533935546875,-0.051043853759765626,9.710756378173828
1748972242308,0.2751278686523438,-0.07873626708984376,9.718689880371095
1748972242372,0.2847079467773438,-0.0622705078125,9.711055755615234
1748972242445,0.25626708984375,-0.07394622802734375,9.727671203613282
1748972242508,0.33679962158203125,-0.0437091064453125,9.703870697021484
1748972242572,0.3034190368652344,-0.05254074096679688,9.726324005126953
1748972242644,0.319735107421875,-0.032482452392578125,9.69548812866211
1748972242708,0.3004252624511719,-0.04954696655273438,9.714498596191406
1748972242772,0.28740234375,-0.0622705078125,9.704319763183594
1748972242840,0.32706985473632816,-0.042810974121093755,9.711654510498047
1748972242908,0.30147308349609375,-0.046702880859375004,9.703721008300782
1748972242972,0.3106040954589844,-0.03547622680664063,9.71419921875
1748972243043,0.30895751953125,-0.07200027465820313,9.722132720947267
1748972243108,0.29054580688476567,-0.05837860107421875,9.722581787109375
1748972243172,0.2796185302734375,-0.0556842041015625,9.735305328369142
1748972243240,0.30731094360351563,-0.0700543212890625,9.721084899902344
1748972243308,0.3112028503417969,-0.0473016357421875,9.721983032226563
1748972243372,0.29234207153320313,-0.06915618896484375,9.720037078857422
1748972243444,0.34862503051757815,-0.04056564331054688,9.714348907470704
1748972243508,0.3147953796386719,-0.0508941650390625,9.725276184082032
1748972243573,0.30835876464843753,-0.039218444824218754,9.715546417236329
1748972243644,0.2884501647949219,-0.05194198608398438,9.736353149414063
1748972243708,0.3001258850097656,-0.061072998046875,9.72617431640625
1748972243773,0.30446685791015626,-0.06541397094726563,9.723928985595704
1748972243844,0.2842588806152344,-0.06376739501953126,9.733209686279297
1748972243908,0.3170407104492188,-0.052989807128906254,9.730066223144531
1748972243974,0.30716125488281254,-0.05179229736328125,9.72572525024414
1748972244044,0.28380981445312503,-0.0736468505859375,9.741292877197266
1748972244108,0.29533584594726564,-0.06735992431640625,9.731563110351564
1748972244173,0.3034190368652344,-0.05912704467773438,9.728269958496094
1748972244243,0.31180160522460937,-0.06331832885742188,9.728868713378906
1748972244308,0.290994873046875,-0.061671752929687504,9.720785522460938
1748972244373,0.30611343383789064,-0.05792953491210938,9.726922760009765
1748972244444,0.290994873046875,-0.0544866943359375,9.73575439453125
1748972244508,0.3095562744140625,-0.053738250732421874,9.725126495361328
1748972244573,0.2980302429199219,-0.057779846191406255,9.723779296875
1748972244641,0.29608428955078125,-0.06481521606445313,9.733059997558595
1748972244708,0.28575576782226564,-0.05643264770507813,9.727671203613282
1748972244773,0.30027557373046876,-0.05598358154296875,9.726773071289063
1748972244843,0.3074606323242188,-0.05837860107421875,9.727222137451172
1748972244908,0.3011737060546875,-0.05403762817382813,9.743089141845704
1748972244973,0.30865814208984377,-0.052989807128906254,9.721533966064454
1748972245045,0.3034190368652344,-0.06301895141601563,9.730664978027344
1748972245107,0.2844085693359375,-0.05179229736328125,9.732760620117189
1748972245173,0.2824626159667969,-0.0664617919921875,9.729766845703125
1748972245241,0.2893482971191406,-0.0532891845703125,9.733958129882813
1748972245308,0.2924917602539063,-0.05673202514648438,9.7381494140625
1748972245373,0.28979736328125,-0.06586303710937501,9.729766845703125
1748972245445,0.30371841430664065,-0.056582336425781254,9.72901840209961
1748972245508,0.2896476745605469,-0.055085449218750006,9.734556884765626
1748972245573,0.29937744140625,-0.06451583862304688,9.729617156982423
1748972245644,0.2900967407226563,-0.06062393188476563,9.72901840209961
1748972245708,0.30671218872070316,-0.05164260864257813,9.730215911865235
1748972245773,0.2856060791015625,-0.067060546875,9.725425872802735
1748972245845,0.2974314880371094,-0.05822891235351563,9.730664978027344
1748972245908,0.29608428955078125,-0.060923309326171876,9.737999725341798
1748972245973,0.33185989379882813,-0.058677978515625,9.725276184082032
1748972246045,0.310155029296875,-0.06256988525390625,9.727671203613282
1748972246107,0.296982421875,-0.06122268676757813,9.729317779541017
1748972246173,0.31090347290039066,-0.07170089721679689,9.733658752441407
1748972246245,0.2796185302734375,-0.06840774536132813,9.726773071289063
1748972246308,0.2851570129394531,-0.04894821166992188,9.732610931396485
1748972246373,0.29458740234375,-0.05703140258789063,9.73141342163086
1748972246445,0.28994705200195314,-0.059725799560546876,9.727820892333986
1748972246508,0.30371841430664065,-0.05358856201171875,9.71988739013672
1748972246573,0.31853759765625,-0.05059478759765625,9.737850036621094
1748972246644,0.257464599609375,-0.06661148071289062,9.73620346069336
1748972246707,0.2854563903808594,-0.05433700561523438,9.726473693847657
1748972246773,0.29189300537109375,-0.05718109130859375,9.726473693847657
1748972246845,0.2851570129394531,-0.05673202514648438,9.731563110351564
1748972246932,0.296982421875,-0.052690429687500005,9.724378051757814
1748972246973,0.27692413330078125,-0.05792953491210938,9.72033645629883
1748972247039,0.2956352233886719,-0.05703140258789063,9.728120269775392
1748972247107,0.2951861572265625,-0.05194198608398438,9.730664978027344
1748972247173,0.29653335571289063,-0.054636383056640626,9.726473693847657
1748972247242,0.29847930908203124,-0.07738906860351563,9.735155639648438
1748972247308,0.30985565185546876,-0.06795867919921875,9.723479919433593
1748972247373,0.3357518005371094,-0.07858657836914062,9.727671203613282
1748972247444,0.31629226684570316,-0.05673202514648438,9.728719024658204
1748972247508,0.314945068359375,-0.06451583862304688,9.718390502929688
1748972247573,0.3028202819824219,-0.06197113037109375,9.724527740478516
1748972247644,0.29458740234375,-0.06541397094726563,9.72183334350586
1748972247708,0.29533584594726564,-0.054935760498046875,9.727671203613282
1748972247773,0.2836601257324219,-0.06182144165039063,9.730814666748048
1748972247844,0.27842102050781253,-0.05194198608398438,9.728269958496094
1748972247908,0.29294082641601565,-0.046253814697265624,9.724378051757814
1748972247973,0.2992277526855469,-0.06152206420898438,9.73186248779297
1748972248040,0.2974314880371094,-0.04924758911132813,9.727970581054688
1748972248107,0.2859054565429688,-0.06661148071289062,9.729617156982423
1748972248173,0.2743794250488281,-0.05792953491210938,9.734706573486328
1748972248242,0.2927911376953125,-0.05478607177734375,9.722432098388673
1748972248308,0.2878514099121094,-0.056582336425781254,9.73291030883789
1748972248373,0.3119512939453125,-0.05957611083984375,9.730066223144531
1748972248443,0.29788055419921877,-0.06062393188476563,9.72467742919922
1748972248508,0.30371841430664065,-0.05792953491210938,9.723180541992187
1748972248573,0.3034190368652344,-0.05912704467773438,9.728868713378906
1748972248644,0.295784912109375,-0.05598358154296875,9.729617156982423
1748972248707,0.2655477905273438,-0.0556842041015625,9.733509063720703
1748972248773,0.30805938720703124,-0.06586303710937501,9.73141342163086
1748972248844,0.29234207153320313,-0.06062393188476563,9.72422836303711
1748972248907,0.30910720825195315,-0.05942642211914063,9.726473693847657
1748972248973,0.3082090759277344,-0.05478607177734375,9.73141342163086
1748972249044,0.30252090454101566,-0.05313949584960938,9.730215911865235
1748972249108,0.28455825805664064,-0.05478607177734375,9.72901840209961
1748972249173,0.28410919189453127,-0.06541397094726563,9.729766845703125
1748972249240,0.2927911376953125,-0.055384826660156254,9.73380844116211
1748972249307,0.30177246093750004,-0.05523513793945313,9.733059997558595
1748972249373,0.30551467895507817,-0.05478607177734375,9.722581787109375
1748972249444,0.3020718383789063,-0.06316864013671876,9.718839569091797
1748972249507,0.29219238281250004,-0.05358856201171875,9.723479919433593
1748972249573,0.2954855346679688,-0.0652642822265625,9.734556884765626
1748972249644,0.298179931640625,-0.05703140258789063,9.729916534423829
1748972249706,0.2974314880371094,-0.051492919921875005,9.731712799072266
1748972249773,0.2999761962890625,-0.05837860107421875,9.719138946533203
1748972249845,0.29593460083007816,-0.06301895141601563,9.729317779541017
1748972249907,0.2951861572265625,-0.058977355957031255,9.73291030883789
1748972249973,0.3008743286132813,-0.052241363525390626,9.728719024658204
1748972250045,0.3095562744140625,-0.051043853759765626,9.73380844116211
1748972250108,0.3074606323242188,-0.06062393188476563,9.736053771972657
1748972250173,0.3135978698730469,-0.053738250732421874,9.729317779541017
1748972250242,0.28500732421875,-0.058677978515625,9.727371826171876
1748972250308,0.29653335571289063,-0.06077362060546875,9.733958129882813
1748972250373,0.3016227722167969,-0.05987548828125,9.727970581054688
1748972250445,0.2962339782714844,-0.05643264770507813,9.732461242675782
1748972250508,0.290994873046875,-0.061671752929687504,9.735904083251954
1748972250573,0.29294082641601565,-0.05553451538085938,9.722731475830079
1748972250644,0.3074606323242188,-0.06271957397460938,9.722731475830079
1748972250708,0.3050656127929688,-0.057779846191406255,9.728120269775392
1748972250773,0.29713211059570316,-0.054935760498046875,9.72183334350586
1748972250845,0.2942880249023438,-0.0664617919921875,9.723330230712891
1748972250908,0.29488677978515626,-0.053438873291015626,9.72138427734375
1748972250973,0.29368927001953127,-0.0640667724609375,9.720785522460938
1748972251045,0.2848576354980469,-0.06197113037109375,9.722881164550781
1748972251108,0.29054580688476567,-0.060474243164062504,9.730515289306641
1748972251173,0.2893482971191406,-0.05912704467773438,9.722881164550781
1748972251241,0.2920426940917969,-0.05478607177734375,9.724078674316408
1748972251307,0.29937744140625,-0.05718109130859375,9.729467468261719
1748972251373,0.2999761962890625,-0.05553451538085938,9.723479919433593
1748972251445,0.29593460083007816,-0.06900650024414062,9.723180541992187
1748972251508,0.29234207153320313,-0.05942642211914063,9.717342681884766
1748972251573,0.29294082641601565,-0.05718109130859375,9.72422836303711
1748972251645,0.28695327758789063,-0.06256988525390625,9.715247039794923
1748972251708,0.29788055419921877,-0.0532891845703125,9.715995483398437
1748972251773,0.2989283752441406,-0.06062393188476563,9.731263732910156
1748972251842,0.3058140563964844,-0.052241363525390626,9.727521514892578
1748972251936,0.29653335571289063,-0.057779846191406255,9.713001708984375
1748972251973,0.30386810302734374,-0.05942642211914063,9.719737701416015
1748972252039,0.27497817993164064,-0.054935760498046875,9.728719024658204
1748972252107,0.2962339782714844,-0.061372375488281256,9.714049530029298
1748972252173,0.29937744140625,-0.056282958984375006,9.722581787109375
1748972252241,0.31105316162109375,-0.06182144165039063,9.713001708984375
1748972252308,0.30805938720703124,-0.06256988525390625,9.717941436767578
1748972252373,0.3011737060546875,-0.06032455444335938,9.717342681884766
1748972252445,0.2963836669921875,-0.0568817138671875,9.720037078857422
1748972252508,0.2950364685058594,-0.061671752929687504,9.711953887939453
1748972252573,0.29458740234375,-0.06346801757812501,9.720037078857422
1748972252645,0.27737319946289063,-0.06556365966796876,9.722132720947267
1748972252707,0.30386810302734374,-0.05478607177734375,9.699080657958985
1748972252773,0.3219804382324219,-0.07304809570312501,9.718240814208984
1748972252845,0.2986289978027344,-0.09086105346679688,9.736502838134767
1748972252908,0.3058140563964844,-0.044307861328125,9.710457000732422
1748972252973,0.30326934814453127,-0.05912704467773438,9.71464828491211
1748972253044,0.2748284912109375,-0.06616241455078126,9.721533966064454
1748972253108,0.31868728637695315,-0.0496966552734375,9.709409179687501
1748972253173,0.3147953796386719,-0.06032455444335938,9.719288635253907
1748972253240,0.3131488037109375,-0.05254074096679688,9.713750152587892
1748972253307,0.30551467895507817,-0.0520916748046875,9.717941436767578
1748972253373,0.3004252624511719,-0.036524047851562505,9.707762603759766
1748972253444,0.2775228881835938,-0.05987548828125,9.717941436767578
1748972253508,0.31674133300781254,-0.04535568237304688,9.711654510498047
1748972253573,0.31150222778320313,-0.04026626586914063,9.70985824584961
1748972253644,0.2697390747070313,-0.085023193359375,9.740544433593751
1748972253707,0.36119888305664066,-0.05358856201171875,9.706565093994142
1748972253773,0.269439697265625,-0.0724493408203125,9.732610931396485
1748972253844,0.2848576354980469,-0.06032455444335938,9.72707244873047
1748972253907,0.38050872802734376,-0.0389190673828125,9.701026611328125
1748972253973,0.2884501647949219,-0.08277786254882813,9.739197235107422
1748972254044,0.29144393920898437,-0.08666976928710939,9.724976806640626
1748972254107,0.324525146484375,-0.0532891845703125,9.714947662353516
1748972254173,0.27422973632812503,-0.045056304931640624,9.71854019165039
1748972254244,0.3004252624511719,-0.07379653930664062,9.723479919433593
1748972254307,0.2859054565429688,-0.07259902954101563,9.723180541992187
1748972254373,0.2844085693359375,-0.07274871826171875,9.719588012695313
1748972254444,0.3305126953125,-0.0496966552734375,9.718390502929688
1748972254507,0.32362701416015627,-0.04805007934570313,9.721983032226563
1748972254573,0.3308120727539063,-0.0718505859375,9.723030853271485
1748972254640,0.31793884277343754,-0.053738250732421874,9.730365600585937
1748972254707,0.3619473266601563,-0.05718109130859375,9.712253265380859
1748972254773,0.317340087890625,-0.049097900390625004,9.722581787109375
1748972254845,0.32108230590820314,-0.05748046875,9.719737701416015
1748972254907,0.3323089599609375,-0.051492919921875005,9.7189892578125
1748972254973,0.28979736328125,-0.0628692626953125,9.723779296875
1748972255045,0.3143463134765625,-0.06661148071289062,9.722881164550781
1748972255108,0.29533584594726564,-0.05748046875,9.718390502929688
1748972255173,0.3004252624511719,-0.060174865722656255,9.716444549560547
1748972255241,0.30252090454101566,-0.0724493408203125,9.728719024658204
1748972255308,0.28380981445312503,-0.061671752929687504,9.71464828491211
1748972255373,0.26884094238281253,-0.06915618896484375,9.727521514892578
1748972255445,0.2851570129394531,-0.0640667724609375,9.722731475830079
1748972255508,0.2686912536621094,-0.05748046875,9.72662338256836
1748972255573,0.30611343383789064,-0.06676116943359375,9.725874938964845
1748972255645,0.3183879089355469,-0.0568817138671875,9.727820892333986
1748972255708,0.2827619934082031,-0.05284011840820313,9.722132720947267
1748972255773,0.2824626159667969,-0.05837860107421875,9.724078674316408
1748972255845,0.3016227722167969,-0.052989807128906254,9.722881164550781
1748972255908,0.31524444580078126,-0.05583389282226563,9.71854019165039
1748972255973,0.3028202819824219,-0.06750961303710938,9.71749237060547
1748972256045,0.2954855346679688,-0.0652642822265625,9.722581787109375
1748972256108,0.31868728637695315,-0.0676593017578125,9.726324005126953
1748972256173,0.2986289978027344,-0.05837860107421875,9.721983032226563
1748972256240,0.2998265075683594,-0.05748046875,9.716893615722658
1748972256306,0.3097059631347656,-0.0568817138671875,9.720935211181642
1748972256373,0.30671218872070316,-0.07050338745117188,9.734407196044922
1748972256445,0.3165916442871094,-0.045954437255859376,9.711654510498047
1748972256508,0.31524444580078126,-0.05942642211914063,9.72422836303711
1748972256573,0.2998265075683594,-0.056582336425781254,9.717941436767578
1748972256645,0.30132339477539066,-0.06511459350585938,9.724976806640626
1748972256707,0.2998265075683594,-0.0628692626953125,9.721234588623048
1748972256773,0.28695327758789063,-0.057330780029296875,9.72662338256836
1748972256841,0.3001258850097656,-0.053887939453125006,9.72467742919922
1748972256936,0.3215313720703125,-0.05059478759765625,9.71135513305664
1748972256973,0.3046165466308594,-0.06301895141601563,9.714049530029298
1748972257039,0.31913635253906253,-0.04805007934570313,9.725575561523438
1748972257106,0.30611343383789064,-0.06077362060546875,9.705068206787109
1748972257173,0.30267059326171875,-0.06331832885742188,9.723330230712891
1748972257240,0.2915936279296875,-0.06197113037109375,9.722282409667969
1748972257307,0.29653335571289063,-0.06182144165039063,9.703721008300782
1748972257373,0.2947370910644531,-0.052989807128906254,9.72033645629883
1748972257445,0.29174331665039066,-0.06691085815429688,9.713750152587892
1748972257507,0.29458740234375,-0.056582336425781254,9.710007934570314
1748972257573,0.2966830444335938,-0.060174865722656255,9.708511047363281
1748972257644,0.29713211059570316,-0.06182144165039063,9.720785522460938
1748972257707,0.30910720825195315,-0.06301895141601563,9.723180541992187
1748972257773,0.29533584594726564,-0.055085449218750006,9.720486145019532
1748972257845,0.3065625,-0.056133270263671875,9.712852020263673
1748972257907,0.3170407104492188,-0.05478607177734375,9.722881164550781
1748972257973,0.2827619934082031,-0.056133270263671875,9.715845794677735
1748972258043,0.2962339782714844,-0.0580792236328125,9.708361358642579
1748972258107,0.3219804382324219,-0.0580792236328125,9.722581787109375
1748972258173,0.3155438232421875,-0.054187316894531254,9.71135513305664
1748972258240,0.3203338623046875,-0.05822891235351563,9.71464828491211
1748972258307,0.2950364685058594,-0.06197113037109375,9.715097351074219
1748972258373,0.31255004882812504,-0.057330780029296875,9.718839569091797
1748972258441,0.2881507873535156,-0.06721023559570313,9.710606689453126
1748972258507,0.3031196594238281,-0.058677978515625,9.715995483398437
1748972258573,0.31524444580078126,-0.05403762817382813,9.72138427734375
1748972258644,0.3243754577636719,-0.06182144165039063,9.72707244873047
1748972258707,0.3059637451171875,-0.05882766723632813,9.715845794677735
1748972258773,0.29309051513671874,-0.06346801757812501,9.72033645629883
1748972258844,0.2944377136230469,-0.0544866943359375,9.717791748046876
1748972258907,0.3058140563964844,-0.058528289794921876,9.717342681884766
1748972258973,0.30641281127929687,-0.06511459350585938,9.723779296875
1748972259044,0.3231779479980469,-0.05059478759765625,9.71704330444336
1748972259106,0.3043171691894531,-0.06735992431640625,9.726324005126953
1748972259173,0.3050656127929688,-0.04954696655273438,9.71749237060547
1748972259240,0.28351043701171874,-0.06511459350585938,9.724078674316408
1748972259307,0.286204833984375,-0.039517822265625,9.69698501586914
1748972259373,0.2782713317871094,-0.0449066162109375,9.708211669921875
1748972259444,0.3112028503417969,-0.047601013183593756,9.716145172119141
1748972259507,0.2915936279296875,-0.06870712280273437,9.72617431640625
1748972259573,0.30895751953125,-0.03861968994140625,9.716444549560547
1748972259645,0.3170407104492188,-0.061671752929687504,9.715995483398437
1748972259707,0.3126997375488281,-0.053438873291015626,9.710457000732422
1748972259773,0.3327580261230469,-0.07110214233398438,9.716893615722658
1748972259845,0.3155438232421875,-0.05358856201171875,9.715247039794923
1748972259907,0.29219238281250004,-0.04954696655273438,9.718689880371095
1748972259973,0.2606080627441406,-0.07918533325195314,9.737999725341798
1748972260045,0.28575576782226564,-0.0484991455078125,9.714498596191406
1748972260107,0.32527359008789064,-0.06062393188476563,9.720186767578125
1748972260173,0.2763253784179688,-0.0508941650390625,9.71135513305664
1748972260241,0.2878514099121094,-0.0401165771484375,9.711205444335938
1748972260307,0.2851570129394531,-0.05583389282226563,9.720037078857422
1748972260373,0.31943572998046876,-0.062120819091796876,9.716743927001954
1748972260445,0.3010240173339844,-0.06316864013671876,9.722581787109375
1748972260507,0.31150222778320313,-0.046702880859375004,9.718689880371095
1748972260573,0.2755769348144531,-0.08337661743164063,9.731114044189454
1748972260645,0.31823822021484377,-0.035326538085937505,9.708361358642579
1748972260707,0.4189787292480469,-0.06451583862304688,9.739646301269532
1748972260773,0.3418890380859375,-0.10792556762695313,9.742041320800782
1748972260845,0.30566436767578126,-0.050295410156250005,9.718091125488282
1748972260908,0.3031196594238281,-0.06256988525390625,9.714797973632812
1748972260973,0.2686912536621094,-0.07768844604492188,9.727970581054688
1748972261043,0.30072463989257814,-0.04805007934570313,9.70417007446289
1748972261106,0.2915936279296875,-0.059725799560546876,9.711205444335938
1748972261173,0.29488677978515626,-0.060923309326171876,9.71030731201172
1748972261240,0.29877868652343753,-0.07304809570312501,9.707762603759766
1748972261306,0.3159928894042969,-0.049097900390625004,9.698631591796875
1748972261373,0.3050656127929688,-0.04805007934570313,9.694589996337891
1748972261442,0.28979736328125,-0.06810836791992188,9.70701416015625
1748972261506,0.2935395812988281,-0.06331832885742188,9.705367584228517
1748972261573,0.3008743286132813,-0.054636383056640626,9.704020385742188
1748972261640,0.2903961181640625,-0.061072998046875,9.701625366210939
1748972261706,0.3104544067382813,-0.046253814697265624,9.695637817382813
1748972261773,0.28291168212890627,-0.07289840698242188,9.70267318725586
1748972261844,0.31210098266601566,-0.05792953491210938,9.699679412841798
1748972261935,0.29832962036132815,-0.04924758911132813,9.695787506103516
1748972261973,0.2950364685058594,-0.05792953491210938,9.696236572265626
1748972262039,0.3082090759277344,-0.05748046875,9.691895599365235
1748972262106,0.30611343383789064,-0.053438873291015626,9.694140930175783
1748972262174,0.30132339477539066,-0.058677978515625,9.69698501586914
1748972262240,0.2999761962890625,-0.06032455444335938,9.70312225341797
1748972262307,0.30835876464843753,-0.0556842041015625,9.685458984375
1748972262373,0.2950364685058594,-0.061072998046875,9.698631591796875
1748972262445,0.2942880249023438,-0.06496490478515625,9.701625366210939
1748972262507,0.2942880249023438,-0.0556842041015625,9.693392486572266
1748972262573,0.30671218872070316,-0.0580792236328125,9.695188751220703
1748972262641,0.31644195556640625,-0.05957611083984375,9.702822875976564
1748972262707,0.3082090759277344,-0.05763015747070313,9.698631591796875
1748972262774,0.3058140563964844,-0.05284011840820313,9.703421630859376
1748972262845,0.28186386108398437,-0.06062393188476563,9.69159622192383
1748972262907,0.28530670166015626,-0.044008483886718755,9.699380035400392
1748972262974,0.30371841430664065,-0.05748046875,9.68979995727539
1748972263044,0.2944377136230469,-0.05583389282226563,9.709558868408203
1748972263107,0.29937744140625,-0.0437091064453125,9.708511047363281
1748972263174,0.29952713012695314,-0.05059478759765625,9.69548812866211
1748972263243,0.2836601257324219,-0.056582336425781254,9.704469451904297
1748972263307,0.31329849243164065,-0.03682342529296875,9.697284393310547
1748972263374,0.3074606323242188,-0.06256988525390625,9.704918518066407
1748972263444,0.3215313720703125,-0.04939727783203125,9.693542175292968
1748972263507,0.3124003601074219,-0.04879852294921875,9.716294860839843
1748972263574,0.2896476745605469,-0.061671752929687504,9.715396728515625
1748972263644,0.3028202819824219,-0.05942642211914063,9.70985824584961
1748972263707,0.2806663513183594,-0.06077362060546875,9.711055755615234
1748972263773,0.29952713012695314,-0.056582336425781254,9.71464828491211
1748972263844,0.2996768188476563,-0.06301895141601563,9.70312225341797
1748972263907,0.3016227722167969,-0.062120819091796876,9.69593719482422
1748972263973,0.30790969848632815,-0.046702880859375004,9.70267318725586
1748972264044,0.3100053405761719,-0.052241363525390626,9.70551727294922
1748972264107,0.30641281127929687,-0.05942642211914063,9.699230346679688
1748972264174,0.305364990234375,-0.0556842041015625,9.706714782714844
1748972264242,0.29758117675781254,-0.06032455444335938,9.704768829345703
1748972264307,0.26719436645507816,-0.06466552734375,9.702523498535157
1748972264374,0.2797682189941406,-0.05358856201171875,9.703721008300782
1748972264440,0.29907806396484377,-0.06062393188476563,9.708061981201173
1748972264507,0.3100053405761719,-0.06376739501953126,9.713600463867188
1748972264573,0.30491592407226564,-0.0580792236328125,9.710007934570314
1748972264641,0.3028202819824219,-0.05942642211914063,9.70596633911133
1748972264707,0.30132339477539066,-0.062420196533203125,9.701775054931641
1748972264773,0.3011737060546875,-0.052989807128906254,9.705666961669923
1748972264841,0.30985565185546876,-0.05164260864257813,9.701775054931641
1748972264907,0.3020718383789063,-0.06795867919921875,9.708211669921875
1748972264973,0.3058140563964844,-0.04894821166992188,9.702373809814453
1748972265045,0.29847930908203124,-0.059725799560546876,9.710457000732422
1748972265107,0.2954855346679688,-0.05313949584960938,9.708061981201173
1748972265173,0.29219238281250004,-0.054935760498046875,9.707163848876954
1748972265241,0.31644195556640625,-0.04834945678710938,9.694589996337891
1748972265307,0.2992277526855469,-0.06331832885742188,9.715696105957031
1748972265373,0.3047662353515625,-0.05942642211914063,9.702224121093751
1748972265445,0.3008743286132813,-0.047601013183593756,9.710007934570314
1748972265507,0.2951861572265625,-0.05792953491210938,9.714049530029298
1748972265573,0.2992277526855469,-0.04655319213867188,9.706116027832032
1748972265645,0.30731094360351563,-0.052241363525390626,9.709409179687501
1748972265707,0.2966830444335938,-0.05403762817382813,9.70551727294922
1748972265773,0.30761032104492186,-0.051043853759765626,9.693242797851562
1748972265843,0.3016227722167969,-0.05119354248046875,9.714348907470704
1748972265907,0.30761032104492186,-0.0508941650390625,9.70985824584961
1748972265974,0.3082090759277344,-0.044307861328125,9.708960113525391
1748972266045,0.29458740234375,-0.06571334838867188,9.707163848876954
1748972266107,0.2903961181640625,-0.06032455444335938,9.709558868408203
1748972266173,0.30835876464843753,-0.05553451538085938,9.708361358642579
1748972266244,0.30761032104492186,-0.046702880859375004,9.693242797851562
1748972266307,0.3141966247558594,-0.04460723876953125,9.69593719482422
1748972266373,0.3058140563964844,-0.05179229736328125,9.706714782714844
1748972266445,0.29683273315429687,-0.061671752929687504,9.714797973632812
1748972266507,0.30132339477539066,-0.053738250732421874,9.696685638427734
1748972266573,0.3001258850097656,-0.047151947021484376,9.709109802246095
1748972266641,0.29952713012695314,-0.06810836791992188,9.708810424804687
1748972266707,0.3047662353515625,-0.05239105224609375,9.700427856445312
1748972266773,0.30296997070312504,-0.0628692626953125,9.690997467041017
1748972266841,0.2920426940917969,-0.06391708374023437,9.701775054931641
1748972266937,0.30386810302734374,-0.05957611083984375,9.70985824584961
1748972266973,0.29788055419921877,-0.0580792236328125,9.702224121093751
1748972267039,0.29877868652343753,-0.0532891845703125,9.704768829345703
1748972267107,0.3043171691894531,-0.050295410156250005,9.696236572265626
1748972267173,0.28949798583984376,-0.07304809570312501,9.717342681884766
1748972267244,0.29653335571289063,-0.061372375488281256,9.690398712158204
1748972267307,0.28725265502929687,-0.041613464355468754,9.706265716552736
1748972267373,0.2847079467773438,-0.06002517700195313,9.708061981201173
1748972267445,0.2890489196777344,-0.06122268676757813,9.705217895507813
1748972267507,0.29788055419921877,-0.06616241455078126,9.701924743652345
1748972267573,0.29144393920898437,-0.047900390625000004,9.712103576660157
1748972267643,0.3010240173339844,-0.054636383056640626,9.699529724121094
1748972267707,0.30491592407226564,-0.06316864013671876,9.715845794677735
1748972267773,0.29368927001953127,-0.05942642211914063,9.694140930175783
1748972267844,0.30147308349609375,-0.06721023559570313,9.703571319580078
1748972267907,0.29219238281250004,-0.056133270263671875,9.713899841308594
1748972267974,0.3180885314941406,-0.04775070190429688,9.706415405273438
1748972268044,0.30132339477539066,-0.058528289794921876,9.70027816772461
1748972268106,0.2571652221679688,-0.057779846191406255,9.715995483398437
1748972268173,0.30386810302734374,-0.054636383056640626,9.711654510498047
1748972268240,0.30252090454101566,-0.06466552734375,9.713750152587892
1748972268307,0.3082090759277344,-0.056282958984375006,9.709708557128907
1748972268373,0.3001258850097656,-0.0628692626953125,9.716743927001954
1748972268441,0.2954855346679688,-0.0580792236328125,9.701475677490235
1748972268507,0.2980302429199219,-0.0508941650390625,9.701475677490235
1748972268573,0.2908451843261719,-0.056582336425781254,9.715396728515625
1748972268644,0.3023712158203125,-0.061072998046875,9.705367584228517
1748972268707,0.30267059326171875,-0.053438873291015626,9.712103576660157
1748972268773,0.29847930908203124,-0.05673202514648438,9.707313537597656
1748972268844,0.288599853515625,-0.0688568115234375,9.702074432373047
1748972268907,0.296982421875,-0.06316864013671876,9.703870697021484
1748972268973,0.30192214965820313,-0.055085449218750006,9.70596633911133
1748972269044,0.29608428955078125,-0.045205993652343755,9.70596633911133
1748972269107,0.29608428955078125,-0.060923309326171876,9.71180419921875
1748972269173,0.2854563903808594,-0.058528289794921876,9.709259490966797
1748972269244,0.28231292724609375,-0.052690429687500005,9.708211669921875
1748972269307,0.2992277526855469,-0.04879852294921875,9.698631591796875
1748972269373,0.29309051513671874,-0.050295410156250005,9.705666961669923
1748972269444,0.3065625,-0.067060546875,9.6998291015625
1748972269507,0.3129991149902344,-0.06002517700195313,9.706864471435548
1748972269573,0.2980302429199219,-0.05987548828125,9.712552642822265
1748972269645,0.2977308654785156,-0.056282958984375006,9.706565093994142
1748972269707,0.2950364685058594,-0.05703140258789063,9.697583770751953
1748972269773,0.2947370910644531,-0.0568817138671875,9.711055755615234
1748972269841,0.3040177917480469,-0.06032455444335938,9.70267318725586
1748972269907,0.3059637451171875,-0.06346801757812501,9.70551727294922
1748972269973,0.2942880249023438,-0.06062393188476563,9.70312225341797
1748972270045,0.30222152709960937,-0.06571334838867188,9.703721008300782
1748972270107,0.30641281127929687,-0.05882766723632813,9.700876922607423
1748972270173,0.2996768188476563,-0.055085449218750006,9.706565093994142
1748972270240,0.30551467895507817,-0.0592767333984375,9.706265716552736
1748972270307,0.30641281127929687,-0.056133270263671875,9.704469451904297
1748972270373,0.29338989257812503,-0.060474243164062504,9.714049530029298
1748972270445,0.2856060791015625,-0.058528289794921876,9.711205444335938
1748972270507,0.3097059631347656,-0.058677978515625,9.708361358642579
1748972270573,0.28919860839843753,-0.06182144165039063,9.703571319580078
1748972270645,0.2854563903808594,-0.06256988525390625,9.715845794677735
1748972270707,0.30147308349609375,-0.06421646118164062,9.71270233154297
1748972270773,0.2951861572265625,-0.0496966552734375,9.69593719482422
1748972270845,0.2938389587402344,-0.06556365966796876,9.713450775146486
1748972270907,0.31329849243164065,-0.05598358154296875,9.711504821777345
1748972270973,0.31225067138671875,-0.053738250732421874,9.708960113525391
1748972271045,0.3192860412597656,-0.05598358154296875,9.699529724121094
1748972271107,0.3008743286132813,-0.046253814697265624,9.705217895507813
1748972271173,0.3107537841796875,-0.05478607177734375,9.715696105957031
1748972271240,0.3285667419433594,-0.05553451538085938,9.704319763183594
1748972271306,0.3058140563964844,-0.07080276489257813,9.70596633911133
1748972271373,0.30252090454101566,-0.06062393188476563,9.706565093994142
1748972271445,0.28410919189453127,-0.05957611083984375,9.712552642822265
1748972271507,0.28455825805664064,-0.06032455444335938,9.71180419921875
1748972271573,0.30686187744140625,0.010328521728515625,9.691147155761719
1748972271645,0.3347039794921875,-0.05179229736328125,9.71030731201172
1748972271707,0.3242257690429688,-0.051043853759765626,9.697733459472657
1748972271773,0.28979736328125,-0.0461041259765625,9.696386260986328
1748972271845,0.28770172119140625,-0.062120819091796876,9.705816650390625
1748972271933,0.29728179931640625,-0.056582336425781254,9.709558868408203
1748972271973,0.2920426940917969,-0.055085449218750006,9.709708557128907
1748972272039,0.29338989257812503,-0.06930587768554688,9.706714782714844
1748972272106,0.2902464294433594,-0.06182144165039063,9.707163848876954
1748972272174,0.2956352233886719,-0.06062393188476563,9.707762603759766
1748972272241,0.28874954223632815,-0.06152206420898438,9.708660736083985
1748972272307,0.2912942504882813,-0.049846343994140625,9.710906066894532
1748972272373,0.3058140563964844,-0.055384826660156254,9.709259490966797
1748972272445,0.2794688415527344,-0.052690429687500005,9.72183334350586
1748972272507,0.2935395812988281,-0.06346801757812501,9.710606689453126
1748972272573,0.276624755859375,-0.05718109130859375,9.709109802246095
1748972272643,0.30147308349609375,-0.06511459350585938,9.709708557128907
1748972272707,0.29788055419921877,-0.05912704467773438,9.6998291015625
1748972272773,0.30835876464843753,-0.0592767333984375,9.710756378173828
1748972272845,0.310155029296875,-0.0568817138671875,9.71464828491211
1748972272906,0.32138168334960937,-0.06361770629882812,9.708361358642579
1748972272973,0.2854563903808594,-0.05957611083984375,9.72183334350586
1748972273041,0.3094065856933594,-0.06361770629882812,9.709409179687501
1748972273106,0.2893482971191406,-0.046702880859375004,9.712402954101563
1748972273173,0.29832962036132815,-0.05164260864257813,9.710756378173828
1748972273244,0.2808160400390625,-0.06556365966796876,9.72183334350586
1748972273307,0.28186386108398437,-0.054935760498046875,9.724378051757814
1748972273373,0.30790969848632815,-0.07140151977539062,9.717342681884766
1748972273442,0.29368927001953127,-0.05284011840820313,9.72033645629883
1748972273506,0.3234773254394531,-0.06271957397460938,9.726024627685547
1748972273573,0.2963836669921875,-0.04894821166992188,9.719288635253907
1748972273644,0.3100053405761719,-0.06451583862304688,9.729317779541017
1748972273706,0.3020718383789063,-0.04700225830078125,9.729317779541017
1748972273773,0.29937744140625,-0.054187316894531254,9.72707244873047
1748972273843,0.30761032104492186,-0.0568817138671875,9.719288635253907
1748972273906,0.29653335571289063,-0.0568817138671875,9.722282409667969
1748972273973,0.2796185302734375,-0.05433700561523438,9.726473693847657
1748972274044,0.28979736328125,-0.05703140258789063,9.726324005126953
1748972274106,0.2908451843261719,-0.05748046875,9.722581787109375
1748972274173,0.29219238281250004,-0.054636383056640626,9.7189892578125
1748972274240,0.28725265502929687,-0.0568817138671875,9.728719024658204
1748972274306,0.30371841430664065,-0.0580792236328125,9.723629608154297
1748972274373,0.29832962036132815,-0.06661148071289062,9.726024627685547
1748972274440,0.2748284912109375,-0.06062393188476563,9.7285693359375
1748972274506,0.27931915283203124,-0.05313949584960938,9.732760620117189
1748972274573,0.28889923095703124,-0.057330780029296875,9.71854019165039
1748972274644,0.2800675964355469,-0.07933502197265625,9.730664978027344
1748972274706,0.307760009765625,-0.06735992431640625,9.727222137451172
1748972274773,0.2856060791015625,-0.052690429687500005,9.723928985595704
1748972274844,0.30805938720703124,-0.06002517700195313,9.725276184082032
1748972274906,0.30641281127929687,-0.0401165771484375,9.716743927001954
1748972274973,0.2912942504882813,-0.1095721435546875,9.745633850097656
1748972275045,0.34024246215820314,-0.018860778808593753,9.708660736083985
1748972275107,0.34518218994140626,-0.08412506103515625,9.706415405273438
1748972275173,0.26345214843750003,-0.06511459350585938,9.730664978027344
1748972275245,0.22827529907226562,0.023201751708984378,9.685009918212891
1748972275307,0.1734892272949219,-0.08322692871093751,9.754465484619141
1748972275373,0.41388931274414065,-0.054187316894531254,9.692194976806642
1748972275442,0.4194277954101563,-0.0161663818359375,9.701924743652345
1748972275507,0.30805938720703124,-0.06511459350585938,9.730515289306641
1748972275573,0.33635055541992187,-0.07619155883789062,9.730664978027344
1748972275644,0.31943572998046876,-0.055085449218750006,9.722132720947267
1748972275706,0.31868728637695315,-0.05044509887695313,9.71854019165039
1748972275774,0.2601589965820313,-0.06930587768554688,9.728719024658204
1748972275842,0.30147308349609375,-0.06256988525390625,9.725276184082032
1748972275907,0.2728825378417969,-0.05014572143554688,9.729467468261719
1748972275973,0.3092568969726563,-0.037571868896484374,9.722432098388673
1748972276045,0.3350033569335938,-0.05403762817382813,9.717642059326172
1748972276107,0.30551467895507817,-0.07289840698242188,9.729317779541017
1748972276173,0.27063720703125,-0.06316864013671876,9.728868713378906
1748972276240,0.2758763122558594,-0.05822891235351563,9.733658752441407
1748972276307,0.2974314880371094,-0.060923309326171876,9.733958129882813
1748972276373,0.3052153015136719,-0.06256988525390625,9.720785522460938
1748972276444,0.3058140563964844,-0.07289840698242188,9.723928985595704
1748972276507,0.28695327758789063,-0.04999603271484375,9.722432098388673
1748972276573,0.29174331665039066,-0.06376739501953126,9.726324005126953
1748972276644,0.28740234375,-0.05987548828125,9.730814666748048
1748972276707,0.28949798583984376,-0.060474243164062504,9.736053771972657
1748972276773,0.30835876464843753,-0.03622467041015625,9.711055755615234
1748972276844,0.28695327758789063,-0.04954696655273438,9.71749237060547
1748972276933,0.2812651062011719,-0.06122268676757813,9.736802215576173
1748972276973,0.28695327758789063,-0.07708969116210938,9.740843811035157
1748972277039,0.2951861572265625,-0.054935760498046875,9.733509063720703
1748972277106,0.30147308349609375,-0.06945556640625,9.727970581054688
1748972277174,0.28156448364257813,-0.05194198608398438,9.718839569091797
1748972277240,0.23306533813476563,-0.08487350463867188,9.744885406494141
1748972277307,0.28650421142578125,-0.03323089599609375,9.71464828491211
1748972277373,0.31105316162109375,-0.019609222412109377,9.708960113525391
1748972277444,0.29653335571289063,-0.07319778442382813,9.737400970458985
1748972277507,0.32287857055664065,-0.06541397094726563,9.71943832397461
1748972277573,-0.9735754394531251,-0.7789801025390626,13.785433044433594
1748972277644,1.2181668090820312,1.2412188720703126,7.601193237304688
1748972277707,1.2256512451171875,-6.173911285400391,7.190148010253907
1748972277773,0.2954855346679688,-2.315534820556641,14.642999725341797
1748972277842,-3.1820828247070314,3.570674743652344,13.756393432617188
1748972277906,-3.3391062927246096,2.7801686096191407,7.927065582275391
1748972277973,-1.349443817138672,3.3928445434570316,7.092850341796876
1748972278044,-0.26884094238281253,5.503605194091797,5.1642608642578125
1748972278106,3.437601470947266,3.8178108215332034,3.8148170471191407
1748972278173,1.6343014526367188,3.177741851806641,4.98882568359375
1748972278240,1.7251625061035156,3.0948143005371094,6.681655426025391
1748972278307,9.188642120361328,1.5164964294433594,11.677815856933595
1748972278373,2.1332139587402343,3.647315368652344,6.714736633300782
1748972278441,2.8985723876953124,4.638703765869141,5.951324157714844
1748972278507,1.1054512023925782,6.546187133789063,8.372090148925782
1748972278573,1.4485377502441408,6.49813705444336,7.963589630126953
1748972278659,0.9704319763183594,6.378535766601563,6.7720674133300784
1748972278706,0.7226971435546875,6.521488494873047,7.073989562988282
1748972278773,0.8852590942382813,6.520141296386719,6.417903900146484
1748972278844,0.9223818969726563,7.7071728515625,6.700815582275391
1748972278906,0.9851014709472656,6.548282775878906,6.217021636962891
1748972278973,0.9544152832031251,7.267537078857422,6.314019927978516
1748972279043,0.8192463684082032,7.296427001953125,6.1013122558593755
1748972279106,0.9190887451171875,7.3048095703125,4.818629608154297
1748972279173,-0.08801696777343751,8.034392395019532,4.906496887207031
1748972279243,-0.27378067016601565,7.990683288574219,4.320016479492188
1748972279306,-0.8704399108886719,7.877817993164063,5.120851135253907
1748972279373,-1.1716136169433595,8.940308532714845,5.360203399658204
1748972279442,-1.5103591918945314,7.731422424316406,5.329816589355469
1748972279532,-1.2018507385253907,8.347990264892578,6.156996459960938
1748972279573,-1.312470703125,7.268285522460938,5.888305206298829
1748972279640,-0.4727169799804688,5.970634002685547,7.074438629150391
1748972279706,-0.4194277954101563,6.2017533874511726,7.355254669189454
1748972279773,-0.93884765625,6.005511474609375,7.384443969726563
1748972279839,-1.0960208129882814,6.147416381835938,7.353458404541016
1748972279906,-1.3153147888183594,6.250402221679688,7.253616027832032
1748972279973,-1.4831158447265627,6.439459075927735,6.799310760498047
1748972280040,-1.9095790100097658,6.712640991210938,7.643405456542969
1748972280106,-2.2112017822265626,7.133415985107423,6.646478576660156
1748972280173,-2.2203327941894533,7.239844665527344,6.444847869873048
1748972280240,-2.0851638793945315,5.966742095947266,6.190377044677735
1748972280306,-1.7580940246582033,7.418273620605469,7.133565673828126
1748972280373,-1.4434483337402344,6.7244664001464844,7.000492401123047
1748972280440,-1.0208770751953125,6.728358306884766,7.2530172729492195
1748972280506,-0.37392242431640627,6.668033752441406,8.121810607910156
1748972280573,0.5490582275390625,6.421496429443359,5.709876251220703
1748972280640,0.5728587341308594,6.545289001464844,5.702840881347656
1748972280707,0.2279759216308594,7.186405792236329,6.589447174072266
1748972280773,-0.36179763793945313,7.651338958740235,6.865173797607422
1748972280841,-0.2924917602539063,7.2934332275390625,6.765630798339844
1748972280906,-0.23381378173828127,7.074139251708985,6.383475494384766
1748972280973,-0.2662962341308594,7.6068814086914065,6.479126586914063
1748972281041,-0.22662872314453125,7.3920780944824225,6.448440399169923
1748972281107,-0.2484832763671875,7.669451293945313,6.264472961425781
1748972281173,0.17109420776367187,7.462880859375001,5.382507019042969
1748972281243,-0.5114863586425782,8.778045959472657,6.122118988037109
1748972281306,0.06795867919921875,8.83477798461914,5.4337005615234375
1748972281374,1.1521540832519532,6.443949737548828,4.989125061035156
1748972281442,1.6399896240234375,8.233777770996094,3.7497024536132812
1748972281507,1.1726614379882814,8.92758499145508,3.789070587158203
1748972281574,1.3479469299316407,8.994046783447265,2.96742919921875
1748972281645,1.2933105468750001,8.729546813964845,3.181184692382813
1748972281707,1.046473846435547,9.304800567626954,3.3459919738769535
1748972281774,1.0577005004882813,8.980874176025392,3.4600547790527347
1748972281841,1.1636801147460938,8.94345199584961,3.823199615478516
1748972281937,1.2765454101562501,8.948990478515626,3.5425332641601566
1748972281979,1.2364288330078126,8.968599700927735,3.2907568359375
1748972282039,1.0265652465820314,8.785081329345704,4.273612976074219
1748972282106,1.174757080078125,8.886719970703126,4.0159986877441405
1748972282174,1.026415557861328,8.550818481445313,4.750970306396485
1748972282240,1.0708731079101563,8.65754653930664,3.6348912048339845
1748972282306,1.1304492187500002,8.554860076904298,4.490811309814453
1748972282374,1.0472222900390626,8.669821014404297,4.314777374267578
1748972282442,1.0722203063964844,8.764424285888673,4.405638427734376
1748972282507,1.2049942016601562,8.615484008789062,4.441264343261719
1748972282574,1.1160791015625,8.568032684326173,4.1447309875488285
1748972282644,1.1641291809082033,8.671766967773438,4.552183685302735
1748972282706,1.2108320617675783,8.738228759765626,3.610192565917969
1748972282774,1.9465521240234376,8.343649291992188,2.9844937133789062
1748972282844,2.82851806640625,8.458011474609375,3.301085357666016
1748972282907,3.2168106079101566,10.299482116699219,3.334016876220703
1748972282974,3.5317556762695315,7.068451080322266,5.532195739746094
1748972283043,2.1824615478515628,8.02660858154297,2.402354278564453
1748972283107,5.719905395507813,4.622088317871094,4.452940063476563
1748972283174,3.028202819824219,6.128256225585938,5.071753234863282
1748972283243,0.7451504516601563,4.09308837890625,5.2470387268066405
1748972283306,-3.731141052246094,4.695735168457031,6.056405639648438
1748972283374,-4.303550720214844,3.3332684326171877,10.003846893310547
1748972283439,-2.071542205810547,0.7990383911132813,12.490625610351563
1748972283506,1.848805389404297,0.74964111328125,13.658047943115236
1748972283574,1.3055850219726564,0.7475454711914062,11.318113861083985
1748972283643,0.23171813964843752,0.5766009521484375,11.18129837036133
1748972283707,-0.1239422607421875,-1.97589111328125,14.946119384765625
1748972283774,-0.4689747619628907,-1.2132270812988282,2.8386968994140624
1748972283843,0.33215927124023437,-0.0293389892578125,9.533824310302736
1748972283907,0.33605117797851564,-0.022902374267578126,9.71180419921875
1748972283974,0.3177891540527344,-0.025896148681640627,9.703870697021484
1748972284043,0.30731094360351563,-0.04565505981445313,9.716145172119141
1748972284107,0.32227981567382813,-0.0029937744140625003,9.693991241455079
1748972284174,0.28800109863281254,-0.040415954589843754,9.71135513305664
1748972284239,0.2878514099121094,-0.026494903564453127,9.708810424804687
1748972284307,0.2851570129394531,-0.0014968872070312501,9.716294860839843
1748972284374,0.4540058898925782,-0.07619155883789062,9.732012176513672
1748972284443,0.48214736938476566,-0.044756927490234376,9.716444549560547
1748972284507,0.29847930908203124,-0.062120819091796876,9.74862762451172
1748972284574,0.08966354370117188,-0.035326538085937505,9.708810424804687
1748972284644,0.2751278686523438,0.140108642578125,9.684560852050781
1748972284707,0.31210098266601566,-0.05912704467773438,9.703870697021484
1748972284774,0.36404296875000003,-0.03188369750976563,9.71749237060547
1748972284844,0.3200344848632813,-0.011526031494140625,9.700876922607423
1748972284907,0.296982421875,-0.03263214111328125,9.718390502929688
1748972284974,0.32257919311523436,-0.0305364990234375,9.712552642822265
1748972285044,0.3088078308105469,-0.037122802734375,9.711504821777345
1748972285107,0.2954855346679688,-0.025297393798828127,9.71943832397461
1748972285174,0.3239263916015625,-0.02245330810546875,9.718240814208984
1748972285244,0.29832962036132815,-0.032482452392578125,9.715546417236329
1748972285307,0.300574951171875,-0.03622467041015625,9.72138427734375
1748972285374,0.35057098388671876,0.002544708251953125,9.69698501586914
1748972285444,0.3147953796386719,-0.023950195312500002,9.706415405273438
1748972285507,0.3418890380859375,-0.03188369750976563,9.71854019165039
1748972285574,0.3285667419433594,-0.013322296142578125,9.706864471435548
1748972285644,0.31689102172851563,-0.009131011962890626,9.700727233886719
1748972285707,0.3338058471679688,-0.010328521728515625,9.698032836914063
1748972285774,0.30895751953125,-0.024399261474609375,9.705816650390625
1748972285844,0.30895751953125,-0.02784210205078125,9.704619140625
1748972285907,0.3020718383789063,-0.026943969726562503,9.703421630859376
1748972285974,0.32213012695312504,-0.024399261474609375,9.703421630859376
1748972286046,0.3165916442871094,-0.028740234375,9.710756378173828
1748972286107,0.3224295043945313,-0.023351440429687502,9.705217895507813
1748972286174,0.3189866638183594,-0.030237121582031252,9.709259490966797
1748972286244,0.3150947570800781,-0.028889923095703127,9.712402954101563
1748972286307,0.31449600219726564,-0.028141479492187503,9.71943832397461
1748972286374,0.31853759765625,-0.027991790771484375,9.708810424804687
1748972286442,0.3177891540527344,-0.027991790771484375,9.704020385742188
1748972286507,0.3138972473144531,-0.013471984863281251,9.712402954101563
1748972286574,0.31255004882812504,-0.027393035888671875,9.704020385742188
1748972286644,0.3224295043945313,-0.045056304931640624,9.709558868408203
1748972286707,0.3031196594238281,-0.025297393798828127,9.701475677490235
1748972286774,0.31225067138671875,-0.02365081787109375,9.69788314819336
1748972286844,0.3254232788085938,-0.028291168212890627,9.696535949707032
1748972286935,0.34323623657226565,-0.020357666015625,9.69069808959961
1748972286974,0.3058140563964844,-0.0335302734375,9.702822875976564
1748972287040,0.29952713012695314,-0.03188369750976563,9.710906066894532
1748972287107,0.3094065856933594,-0.034129028320312504,9.711205444335938
1748972287174,0.30326934814453127,-0.018711090087890625,9.70312225341797
1748972287244,0.3104544067382813,-0.029488677978515627,9.713301086425782
1748972287307,0.3150947570800781,-0.014819183349609376,9.71135513305664
1748972287374,0.31090347290039066,-0.02604583740234375,9.71030731201172
1748972287444,0.3074606323242188,-0.021106109619140626,9.713301086425782
1748972287507,0.3065625,-0.034877471923828125,9.715546417236329
1748972287574,0.29788055419921877,-0.02664459228515625,9.695338439941407
1748972287644,0.3393443298339844,-0.0014968872070312501,9.69593719482422
1748972287707,0.21480331420898438,-0.047601013183593756,9.711504821777345
1748972287774,0.27333160400390627,-0.034877471923828125,9.715995483398437
1748972287844,0.32257919311523436,-0.026195526123046875,9.69878128051758
1748972287907,0.30371841430664065,-0.03143463134765625,9.712852020263673
1748972287974,0.32946487426757814,-0.017663269042968752,9.708960113525391
1748972288043,0.3059637451171875,-0.02245330810546875,9.70596633911133
1748972288107,0.30865814208984377,-0.03817062377929688,9.713001708984375
1748972288174,0.3177891540527344,-0.02155517578125,9.692943420410156
1748972288243,0.3320095825195313,-0.03577560424804688,9.707912292480469
1748972288307,0.3369493103027344,-0.020806732177734377,9.707313537597656
1748972288374,0.28770172119140625,0.0016465759277343752,9.690847778320313
1748972288443,0.319735107421875,-0.03592529296875,9.714797973632812
1748972288507,0.3031196594238281,-0.034877471923828125,9.706116027832032
1748972288574,0.30222152709960937,-0.027393035888671875,9.707762603759766
1748972288642,0.2704875183105469,-0.009729766845703125,9.715696105957031
1748972288707,0.32063323974609376,-0.022004241943359377,9.710457000732422
1748972288774,0.3224295043945313,-0.020357666015625,9.714947662353516
1748972288841,0.29114456176757814,-0.025596771240234375,9.714049530029298
1748972288907,0.3106040954589844,-0.023950195312500002,9.712402954101563
1748972288974,0.3143463134765625,-0.03682342529296875,9.712852020263673
1748972289043,0.29713211059570316,-0.0413140869140625,9.708061981201173
1748972289107,0.3183879089355469,-0.04056564331054688,9.712852020263673
1748972289174,0.28306137084960936,-0.0293389892578125,9.706415405273438
1748972289240,0.27931915283203124,-0.040415954589843754,9.710606689453126
1748972289307,0.3074606323242188,-0.03203338623046875,9.700427856445312
1748972289374,0.3998185729980469,-0.007334747314453125,9.714348907470704
1748972289441,0.36015106201171876,-0.023501129150390626,9.705816650390625
1748972289507,0.3113525390625,-0.03278182983398438,9.707612915039062
1748972289574,0.3555107116699219,-0.0149688720703125,9.703421630859376
1748972289644,0.3261717224121094,-0.025147705078125002,9.715546417236329
1748972289707,0.336500244140625,-0.016316070556640624,9.706565093994142
1748972289774,0.32362701416015627,-0.020507354736328125,9.71135513305664
1748972289844,0.34099090576171875,-0.02664459228515625,9.700577545166016
1748972289907,0.31988479614257814,-0.0058378601074218755,9.70746322631836
1748972289974,0.3097059631347656,-0.013771362304687501,9.711654510498047
1748972290044,0.3399430847167969,-0.02365081787109375,9.70267318725586
1748972290107,0.3158432006835938,-0.026345214843750003,9.70985824584961
1748972290174,0.28455825805664064,-0.020806732177734377,9.710756378173828
1748972290244,0.3189866638183594,-0.03861968994140625,9.714049530029298
1748972290307,0.3457809448242188,-0.07319778442382813,9.733059997558595
1748972290374,0.29728179931640625,-0.03457809448242188,9.71854019165039
1748972290444,0.24683670043945313,-0.04565505981445313,9.710906066894532
1748972290507,0.30985565185546876,-0.041613464355468754,9.716594238281251
1748972290574,0.32287857055664065,-0.03562591552734375,9.713750152587892
1748972290644,0.2594105529785156,-0.023351440429687502,9.706415405273438
1748972290707,0.27617568969726564,-0.01107696533203125,9.711055755615234
1748972290774,0.3661386108398438,-0.032183074951171876,9.716743927001954
1748972290844,0.32183074951171875,-0.024099884033203126,9.708960113525391
1748972290907,0.3339555358886719,-0.03308120727539063,9.709109802246095
1748972290974,0.32527359008789064,-0.03308120727539063,9.705367584228517
1748972291044,0.2839595031738281,-0.04805007934570313,9.721234588623048
1748972291107,0.33185989379882813,-0.03787124633789063,9.715845794677735
1748972291174,0.29728179931640625,-0.04071533203125,9.725276184082032
1748972291241,0.3555107116699219,-0.0173638916015625,9.705666961669923
1748972291307,0.34907409667968753,0.001197509765625,9.696236572265626
1748972291374,0.34563125610351564,-0.01466949462890625,9.71030731201172
1748972291445,0.257464599609375,-0.029937744140625,9.707912292480469
1748972291507,0.2986289978027344,-0.024998016357421875,9.705217895507813
1748972291574,0.31943572998046876,-0.037721557617187505,9.708061981201173
1748972291642,0.358055419921875,-0.02185455322265625,9.69743408203125
1748972291707,0.2942880249023438,-0.039667510986328126,9.714049530029298
1748972291774,0.29114456176757814,-0.009430389404296876,9.71135513305664
1748972291845,0.326920166015625,-0.032931518554687504,9.706864471435548
1748972291936,0.346080322265625,-0.044008483886718755,9.713301086425782
1748972291974,0.25042922973632814,-0.030386810302734376,9.702523498535157
1748972292040,0.3050656127929688,-0.04071533203125,9.707313537597656
1748972292107,0.286204833984375,-0.030835876464843752,9.704619140625
1748972292174,0.32048355102539067,-0.028291168212890627,9.711205444335938
1748972292241,0.30731094360351563,-0.045954437255859376,9.708511047363281
1748972292307,0.32287857055664065,-0.040415954589843754,9.721084899902344
1748972292374,0.2954855346679688,-0.023950195312500002,9.704020385742188
1748972292445,0.32138168334960937,-0.024099884033203126,9.699978790283204
1748972292507,0.3299139404296875,-0.06691085815429688,9.712103576660157
1748972292574,0.30566436767578126,-0.031734008789062504,9.714498596191406
1748972292645,0.30985565185546876,0.003592529296875,9.701625366210939
1748972292707,0.33784744262695315,-0.01466949462890625,9.714947662353516
1748972292774,0.30222152709960937,-0.03682342529296875,9.707762603759766
1748972292843,0.32287857055664065,-0.05583389282226563,9.716893615722658
1748972292907,0.3224295043945313,-0.018711090087890625,9.698182525634767
1748972292974,0.29338989257812503,-0.024548950195312502,9.708810424804687
1748972293042,0.3119512939453125,-0.030386810302734376,9.710606689453126
1748972293107,0.335302734375,-0.018262023925781252,9.705367584228517
1748972293174,0.3347039794921875,-0.022004241943359377,9.715995483398437
1748972293242,0.32138168334960937,-0.029788055419921876,9.707313537597656
1748972293307,0.3411405944824219,-0.02784210205078125,9.705666961669923
1748972293374,0.3234773254394531,-0.02724334716796875,9.70551727294922
1748972293444,0.3020718383789063,-0.016316070556640624,9.712552642822265
1748972293507,0.3351530456542969,-0.02065704345703125,9.692943420410156
1748972293574,0.264649658203125,-0.04939727783203125,9.713899841308594
1748972293644,0.30027557373046876,-0.032332763671875,9.711654510498047
1748972293707,0.34443374633789064,-0.009729766845703125,9.70701416015625
1748972293774,0.34218841552734375,-0.034877471923828125,9.70701416015625
1748972293844,0.3297642517089844,-0.017812957763671877,9.705068206787109
1748972293907,0.28500732421875,-0.04685256958007813,9.715247039794923
1748972293974,0.33545242309570317,0.0007484436035156251,9.696086883544922
1748972294044,0.3457809448242188,-0.044008483886718755,9.710007934570314
1748972294107,0.3165916442871094,-0.023800506591796878,9.712253265380859
1748972294174,0.27737319946289063,-0.04954696655273438,9.718390502929688
1748972294244,0.27153533935546875,-0.03442840576171875,9.715247039794923
1748972294307,0.324525146484375,-0.024099884033203126,9.713750152587892
1748972294374,0.3255729675292969,-0.019010467529296877,9.710157623291016
1748972294444,0.33709899902343754,-0.03502716064453125,9.712852020263673
1748972294507,0.2704875183105469,-0.03547622680664063,9.706415405273438
1748972294574,0.3227288818359375,-0.026943969726562503,9.723330230712891
1748972294645,0.32901580810546877,-0.020207977294921877,9.712552642822265
1748972294707,0.3031196594238281,-0.041164398193359375,9.724527740478516
1748972294774,0.2770738220214844,-0.055085449218750006,9.712852020263673
1748972294844,0.26689498901367187,-0.04206253051757813,9.712103576660157
1748972294907,0.33859588623046877,-0.02365081787109375,9.708511047363281
1748972294974,0.30985565185546876,-0.027991790771484375,9.70417007446289
1748972295045,0.32811767578125,-0.026494903564453127,9.71854019165039
1748972295107,0.33784744262695315,-0.018262023925781252,9.699080657958985
1748972295174,0.316142578125,-0.017962646484375,9.71419921875
1748972295242,0.33245864868164066,-0.0197589111328125,9.710457000732422
1748972295307,0.3320095825195313,-0.03308120727539063,9.709708557128907
1748972295374,0.2712359619140625,-0.05523513793945313,9.717642059326172
1748972295445,0.25417144775390627,-0.0544866943359375,9.711205444335938
1748972295507,0.3399430847167969,-0.04296066284179688,9.720486145019532
1748972295574,0.29907806396484377,-0.040415954589843754,9.722581787109375
1748972295645,0.3138972473144531,-0.03547622680664063,9.715546417236329
1748972295707,0.3016227722167969,-0.022602996826171878,9.714498596191406
1748972295774,0.3483256530761719,-0.018262023925781252,9.70985824584961
1748972295845,0.34203872680664066,-0.013771362304687501,9.71464828491211
1748972295907,0.317340087890625,-0.03442840576171875,9.710007934570314
1748972295974,0.32677047729492187,-0.025746459960937502,9.70985824584961
1748972296045,0.37676651000976563,-0.011226654052734375,9.696236572265626
1748972296107,0.335302734375,-0.019908599853515625,9.706565093994142
1748972296174,0.31748977661132816,-0.026345214843750003,9.716294860839843
1748972296242,0.31404693603515627,-0.03457809448242188,9.709259490966797
1748972296307,0.30296997070312504,-0.03308120727539063,9.719288635253907
1748972296374,0.32781829833984377,-0.028291168212890627,9.71270233154297
1748972296442,0.316142578125,-0.034129028320312504,9.707612915039062
1748972296507,0.3155438232421875,-0.038769378662109374,9.716893615722658
1748972296574,0.31329849243164065,-0.030985565185546876,9.713750152587892
1748972296645,0.32332763671875003,-0.038020935058593754,9.71030731201172
1748972296707,0.32572265625,-0.022602996826171878,9.714498596191406
1748972296774,0.3116519165039063,-0.03188369750976563,9.696535949707032
1748972296842,0.30252090454101566,-0.035176849365234374,9.701924743652345
1748972296939,0.31853759765625,-0.029937744140625,9.702523498535157
1748972296974,0.29413833618164065,-0.029189300537109376,9.706265716552736
1748972297040,0.29234207153320313,-0.026494903564453127,9.695787506103516
1748972297107,0.2878514099121094,-0.026195526123046875,9.707762603759766
1748972297174,0.2924917602539063,-0.02963836669921875,9.708810424804687
1748972297245,0.31225067138671875,-0.028740234375,9.699529724121094
1748972297307,0.2748284912109375,-0.04999603271484375,9.707912292480469
1748972297374,0.32138168334960937,-0.016016693115234376,9.701775054931641
1748972297445,0.3004252624511719,-0.026943969726562503,9.713001708984375
1748972297507,0.30267059326171875,-0.037122802734375,9.702074432373047
1748972297574,0.2989283752441406,-0.030386810302734376,9.706565093994142
1748972297640,0.31105316162109375,-0.026345214843750003,9.716294860839843
1748972297707,0.3001258850097656,-0.03278182983398438,9.696236572265626
1748972297774,0.319735107421875,-0.030386810302734376,9.708511047363281
1748972297842,0.3126997375488281,-0.021704864501953126,9.69878128051758
1748972297907,0.3104544067382813,-0.0293389892578125,9.707762603759766
1748972297974,0.30072463989257814,-0.0293389892578125,9.70701416015625
1748972298041,0.3052153015136719,-0.032183074951171876,9.701625366210939
1748972298107,0.3088078308105469,-0.032931518554687504,9.701625366210939
1748972298174,0.31853759765625,-0.02305206298828125,9.701775054931641
1748972298240,0.3059637451171875,-0.0383203125,9.706265716552736
1748972298307,0.3266207885742188,-0.033679962158203125,9.702224121093751
1748972298374,0.31793884277343754,-0.02005828857421875,9.697134704589844
1748972298442,0.3242257690429688,-0.03382965087890625,9.703271942138672
1748972298507,0.33260833740234375,-0.017064514160156252,9.708960113525391
1748972298574,0.298179931640625,-0.031284942626953124,9.708960113525391
1748972298641,0.23575973510742188,-0.036074981689453126,9.72467742919922
1748972298707,0.307760009765625,-0.0293389892578125,9.698930969238281
1748972298774,0.300574951171875,-0.03143463134765625,9.701625366210939
1748972298840,0.3429368591308594,-0.022752685546875002,9.687704315185547
1748972298907,0.346080322265625,-0.016914825439453125,9.708361358642579
1748972298974,0.32647109985351563,-0.023351440429687502,9.710756378173828
1748972299041,0.3010240173339844,-0.039966888427734375,9.707612915039062
1748972299107,0.29608428955078125,-0.03323089599609375,9.70596633911133
1748972299174,0.31090347290039066,-0.014220428466796876,9.70417007446289
1748972299243,0.29683273315429687,-0.032332763671875,9.713301086425782
1748972299307,0.3634442138671875,-0.028590545654296876,9.712253265380859
1748972299374,0.3146456909179688,-0.027542724609375003,9.714797973632812
1748972299440,0.30641281127929687,-0.03188369750976563,9.704619140625
1748972299507,0.31868728637695315,-0.02424957275390625,9.70027816772461
1748972299574,0.32168106079101566,-0.02784210205078125,9.712103576660157
1748972299645,0.30731094360351563,-0.026794281005859375,9.714348907470704
1748972299707,0.3031196594238281,-0.030835876464843752,9.709409179687501
1748972299774,0.31449600219726564,-0.026345214843750003,9.709259490966797
1748972299842,0.3195854187011719,-0.0293389892578125,9.711205444335938
1748972299907,0.30491592407226564,-0.023501129150390626,9.701924743652345
1748972299974,0.3146456909179688,-0.027692413330078127,9.708810424804687
1748972300045,0.32183074951171875,-0.03502716064453125,9.717342681884766
1748972300107,0.310155029296875,-0.03263214111328125,9.726773071289063
1748972300174,0.3147953796386719,-0.03323089599609375,9.718390502929688
1748972300245,0.32946487426757814,-0.030386810302734376,9.718091125488282
1748972300307,0.3254232788085938,-0.03577560424804688,9.718390502929688
1748972300374,0.31225067138671875,-0.038769378662109374,9.72617431640625
1748972300442,0.30761032104492186,-0.03547622680664063,9.720635833740236
1748972300507,0.32677047729492187,-0.02844085693359375,9.727970581054688
1748972300574,0.3100053405761719,-0.0305364990234375,9.728419647216798
1748972300645,0.29937744140625,-0.029937744140625,9.72422836303711
1748972300707,0.33185989379882813,-0.01526824951171875,9.728269958496094
1748972300774,0.3192860412597656,-0.02424957275390625,9.730365600585937
1748972300845,0.3454815673828125,-0.021704864501953126,9.731263732910156
1748972300907,0.3207829284667969,-0.020357666015625,9.718091125488282
1748972300974,0.3311114501953125,-0.024399261474609375,9.726922760009765
1748972301045,0.32706985473632816,-0.023800506591796878,9.727970581054688
1748972301107,0.3088078308105469,-0.03158432006835938,9.72707244873047
1748972301174,0.32362701416015627,-0.030087432861328128,9.730814666748048
1748972301244,0.30491592407226564,-0.034727783203125,9.722432098388673
1748972301307,0.3203338623046875,-0.02185455322265625,9.72467742919922
1748972301374,0.3062631225585938,-0.015867004394531252,9.727671203613282
1748972301441,0.31150222778320313,-0.02365081787109375,9.73186248779297
1748972301507,0.307760009765625,-0.029189300537109376,9.72662338256836
1748972301574,0.305364990234375,-0.03203338623046875,9.730365600585937
1748972301645,0.3097059631347656,-0.026195526123046875,9.71988739013672
1748972301707,0.30865814208984377,-0.02245330810546875,9.731712799072266
1748972301774,0.2980302429199219,-0.02604583740234375,9.720037078857422
1748972301845,0.30551467895507817,-0.036524047851562505,9.726473693847657
1748972301932,0.296982421875,-0.030985565185546876,9.727371826171876
1748972301974,0.3141966247558594,-0.029488677978515627,9.723629608154297
1748972302040,0.3124003601074219,-0.028141479492187503,9.712253265380859
1748972302107,0.30267059326171875,-0.028889923095703127,9.717791748046876
1748972302174,0.33635055541992187,-0.020207977294921877,9.730814666748048
1748972302241,0.3303630065917969,-0.01945953369140625,9.715696105957031
1748972302307,0.29653335571289063,-0.0197589111328125,9.71704330444336
1748972302374,0.3227288818359375,-0.024399261474609375,9.729617156982423
1748972302445,0.3239263916015625,-0.016016693115234376,9.716893615722658
1748972302507,0.3403921508789063,-0.030835876464843752,9.72572525024414
1748972302574,0.3129991149902344,-0.030686187744140628,9.722581787109375
1748972302645,0.3141966247558594,-0.0305364990234375,9.718839569091797
1748972302707,0.29413833618164065,-0.0413140869140625,9.73096435546875
1748972302774,0.2947370910644531,-0.030386810302734376,9.718240814208984
1748972302845,0.3092568969726563,-0.025896148681640627,9.717342681884766
1748972302907,0.36359390258789065,-0.032332763671875,9.715845794677735
1748972302974,0.317340087890625,-0.02544708251953125,9.715247039794923
1748972303044,0.2974314880371094,-0.04266128540039063,9.720186767578125
1748972303107,0.30491592407226564,-0.028141479492187503,9.730066223144531
1748972303174,0.29907806396484377,-0.0383203125,9.720635833740236
1748972303240,0.2980302429199219,-0.0449066162109375,9.713899841308594
1748972303307,0.3234773254394531,-0.031284942626953124,9.71749237060547
1748972303374,0.30027557373046876,-0.029488677978515627,9.725425872802735
1748972303444,0.2908451843261719,-0.03817062377929688,9.726024627685547
1748972303507,0.31793884277343754,-0.020207977294921877,9.71988739013672
1748972303574,0.31329849243164065,-0.023800506591796878,9.710457000732422
1748972303640,0.2939886474609375,-0.036074981689453126,9.717192993164064
1748972303707,0.36643798828125,-0.006436614990234376,9.706265716552736
1748972303774,0.3405418395996094,-0.028141479492187503,9.710157623291016
1748972303844,0.3147953796386719,-0.037272491455078126,9.729916534423829
1748972303907,0.27722351074218754,-0.026345214843750003,9.73096435546875
1748972303974,0.2847079467773438,-0.028590545654296876,9.71270233154297
1748972304044,0.34637969970703125,-0.027093658447265627,9.719288635253907
1748972304107,0.3288661193847656,-0.012274475097656251,9.716743927001954
1748972304174,0.3153941345214844,-0.02365081787109375,9.71749237060547
1748972304244,0.3254232788085938,-0.013471984863281251,9.708511047363281
1748972304307,0.3288661193847656,-0.019309844970703125,9.718390502929688
1748972304374,0.3291654968261719,-0.0209564208984375,9.717342681884766
1748972304443,0.31748977661132816,-0.02305206298828125,9.703571319580078
1748972304507,0.2465373229980469,-0.058977355957031255,9.722731475830079
1748972304574,0.26914031982421877,-0.03188369750976563,9.722282409667969
1748972304645,0.3113525390625,-0.026943969726562503,9.707912292480469
1748972304707,0.2851570129394531,-0.02903961181640625,9.718689880371095
1748972304774,0.31883697509765624,-0.027093658447265627,9.707163848876954
1748972304845,0.32811767578125,-0.04340972900390625,9.715995483398437
1748972304907,0.3263214111328125,-0.0221539306640625,9.71464828491211
1748972304974,0.3634442138671875,-0.03682342529296875,9.722432098388673
1748972305045,0.35521133422851564,-0.030237121582031252,9.71854019165039
1748972305107,0.2281256103515625,-0.049097900390625004,9.731563110351564
1748972305174,0.30641281127929687,-0.03188369750976563,9.71315139770508
1748972305245,0.32227981567382813,-0.022752685546875002,9.71943832397461
1748972305307,0.3335064697265625,-0.02065704345703125,9.722731475830079
1748972305374,0.3124003601074219,-0.027991790771484375,9.725126495361328
1748972305442,0.31793884277343754,-0.017812957763671877,9.708810424804687
1748972305507,0.32871643066406253,-0.03442840576171875,9.720785522460938
1748972305574,0.30835876464843753,-0.02784210205078125,9.716294860839843
1748972305645,0.2567161560058594,-0.04954696655273438,9.712103576660157
1748972305707,0.28336074829101565,-0.037122802734375,9.71749237060547
1748972305774,0.33141082763671875,-0.027692413330078127,9.712402954101563
1748972305845,0.31210098266601566,-0.019609222412109377,9.713899841308594
1748972305907,0.33290771484375004,-0.04056564331054688,9.723629608154297
1748972305974,0.2996768188476563,-0.031734008789062504,9.72033645629883
1748972306045,0.3215313720703125,-0.0089813232421875,9.712552642822265
1748972306107,0.3146456909179688,-0.05403762817382813,9.726324005126953
1748972306174,0.33799713134765624,-0.009580078125,9.699679412841798
1748972306245,0.32183074951171875,-0.02005828857421875,9.721533966064454
1748972306307,0.27842102050781253,-0.03442840576171875,9.725276184082032
1748972306374,0.41029678344726567,0.022602996826171878,9.692045288085938
1748972306441,0.31374755859375003,-0.013771362304687501,9.710457000732422
1748972306507,0.26884094238281253,-0.0532891845703125,9.715995483398437
1748972306574,0.33724868774414063,-0.004939727783203125,9.706415405273438
1748972306641,0.33724868774414063,-0.06122268676757813,9.730814666748048
1748972306707,0.3430865478515625,-0.02844085693359375,9.72467742919922
1748972306774,0.24923171997070315,-0.045954437255859376,9.732461242675782
1748972306840,0.336500244140625,-0.0031434631347656253,9.699529724121094
1748972306931,0.3291654968261719,-0.0017962646484375,9.698631591796875
1748972306974,0.33904495239257815,-0.01466949462890625,9.716294860839843
1748972307040,0.30790969848632815,-0.030985565185546876,9.706265716552736
1748972307107,0.348475341796875,-0.039218444824218754,9.708660736083985
1748972307174,0.377215576171875,-0.027542724609375003,9.710157623291016
1748972307241,0.22558090209960938,-0.08038284301757813,9.747879180908203
1748972307307,0.2281256103515625,-0.076640625,9.73291030883789
1748972307374,0.3914360046386719,0.044756927490234376,9.672735443115235
1748972307445,0.30252090454101566,-0.040415954589843754,9.724378051757814
1748972307507,0.4070036315917969,0.01047821044921875,9.713899841308594
1748972307574,0.2775228881835938,-0.094603271484375,9.760453033447266
1748972307645,0.28755203247070316,-0.045505371093750004,9.728269958496094
1748972307707,0.27842102050781253,-0.0437091064453125,9.725425872802735
1748972307774,0.286204833984375,-0.01466949462890625,9.71704330444336
1748972307845,0.2656974792480469,-0.0431103515625,9.729317779541017
1748972307907,0.28036697387695314,-0.029488677978515627,9.731263732910156
1748972307974,0.41763153076171877,-0.0058378601074218755,9.701775054931641
1748972308044,0.3454815673828125,-0.010927276611328125,9.713600463867188
1748972308107,0.29069549560546876,-0.046253814697265624,9.725126495361328
1748972308174,0.3426374816894531,-0.00449066162109375,9.701475677490235
1748972308240,0.3192860412597656,-0.0401165771484375,9.724078674316408
1748972308307,0.34667907714843754,-0.028590545654296876,9.71315139770508
1748972308374,0.29368927001953127,-0.04296066284179688,9.740394744873047
1748972308444,0.2996768188476563,-0.04999603271484375,9.733359375000001
1748972308507,0.3338058471679688,-0.00508941650390625,9.720635833740236
1748972308574,0.2951861572265625,-0.036524047851562505,9.72617431640625
1748972308644,0.30985565185546876,-0.016615447998046876,9.70701416015625
1748972308707,0.329315185546875,-0.024698638916015626,9.712402954101563
1748972308774,0.3052153015136719,-0.05194198608398438,9.732610931396485
1748972308840,0.35715728759765625,0.0007484436035156251,9.699978790283204
1748972308907,0.18681152343750002,-0.11017089843750001,9.768536224365235
1748972308974,0.23441253662109376,-0.018411712646484377,9.709409179687501
1748972309044,0.335302734375,-0.0143701171875,9.718689880371095
1748972309107,0.3543132019042969,-0.03906875610351563,9.727521514892578
1748972309174,0.30790969848632815,-0.01916015625,9.722432098388673
1748972309244,0.30790969848632815,-0.029488677978515627,9.724827117919922
1748972309307,0.3496728515625,-0.013621673583984376,9.714348907470704
1748972309374,0.3124003601074219,-0.03203338623046875,9.729168090820313
1748972309444,0.31225067138671875,-0.028889923095703127,9.721533966064454
1748972309507,0.31090347290039066,-0.03263214111328125,9.715845794677735
1748972309574,0.31374755859375003,-0.025297393798828127,9.718091125488282
1748972309641,0.3143463134765625,-0.019010467529296877,9.71704330444336
1748972309707,0.3215313720703125,-0.04296066284179688,9.720186767578125
1748972309774,0.3183879089355469,-0.023950195312500002,9.727970581054688
1748972309845,0.25956024169921876,-0.049097900390625004,9.723779296875
1748972309907,0.298179931640625,-0.031284942626953124,9.732760620117189
1748972309974,0.33066238403320314,-0.026943969726562503,9.723030853271485
1748972310045,0.32108230590820314,-0.028291168212890627,9.723330230712891
1748972310107,0.26734405517578125,-0.042361907958984375,9.727222137451172
1748972310174,0.28231292724609375,-0.03427871704101563,9.730515289306641
1748972310242,0.32677047729492187,-0.0305364990234375,9.715995483398437
1748972310307,0.3345542907714844,-0.02844085693359375,9.723629608154297
1748972310374,0.2594105529785156,-0.05673202514648438,9.721234588623048
1748972310442,0.2571652221679688,-0.03667373657226563,9.729467468261719
1748972310507,0.34323623657226565,-0.024099884033203126,9.723180541992187
1748972310574,0.3338058471679688,-0.02305206298828125,9.721084899902344
1748972310645,0.2647993469238281,-0.035326538085937505,9.726024627685547
1748972310707,0.3141966247558594,-0.02903961181640625,9.725874938964845
1748972310774,0.3718267822265625,-0.020207977294921877,9.724827117919922
1748972310844,0.33709899902343754,-0.021106109619140626,9.712852020263673
1748972310907,0.3138972473144531,-0.030237121582031252,9.737550659179687
1748972310974,0.33320709228515627,-0.015567626953125,9.722881164550781
1748972311045,0.32138168334960937,-0.022602996826171878,9.71315139770508
1748972311107,0.3150947570800781,-0.03188369750976563,9.724527740478516
1748972311174,0.33021331787109376,-0.017962646484375,9.712253265380859
1748972311245,0.2817141723632813,-0.029937744140625,9.720935211181642
1748972311307,0.286204833984375,-0.03577560424804688,9.720037078857422
1748972311374,0.3254232788085938,-0.028889923095703127,9.723030853271485
1748972311445,0.33066238403320314,-0.024698638916015626,9.712552642822265
1748972311507,0.2692900085449219,-0.048648834228515625,9.720935211181642
1748972311574,0.2686912536621094,-0.032931518554687504,9.728868713378906
1748972311645,0.324525146484375,-0.027093658447265627,9.71704330444336
1748972311707,0.3138972473144531,-0.027542724609375003,9.7189892578125
1748972311774,0.33260833740234375,-0.018860778808593753,9.70985824584961
1748972311845,0.33859588623046877,-0.020357666015625,9.718091125488282
1748972311933,0.3170407104492188,-0.03502716064453125,9.717642059326172
1748972311974,0.31748977661132816,-0.026195526123046875,9.713301086425782
1748972312040,0.34084121704101566,-0.02424957275390625,9.723030853271485
1748972312107,0.324525146484375,-0.029189300537109376,9.706714782714844
1748972312174,0.3126997375488281,-0.03278182983398438,9.714498596191406
1748972312242,0.31329849243164065,-0.030686187744140628,9.708960113525391
1748972312307,0.30835876464843753,-0.034129028320312504,9.725276184082032
1748972312374,0.3177891540527344,-0.026195526123046875,9.712852020263673
1748972312445,0.3046165466308594,-0.032931518554687504,9.720186767578125
1748972312507,0.3138972473144531,-0.02544708251953125,9.722132720947267
1748972312574,0.30296997070312504,-0.026943969726562503,9.720037078857422
1748972312643,0.3082090759277344,-0.022004241943359377,9.719138946533203
1748972312707,0.30326934814453127,-0.03143463134765625,9.715696105957031
1748972312774,0.3143463134765625,-0.032332763671875,9.716294860839843
1748972312841,0.3141966247558594,-0.031284942626953124,9.724378051757814
1748972312907,0.3143463134765625,-0.030087432861328128,9.71854019165039
1748972312973,0.30686187744140625,-0.030087432861328128,9.717342681884766
1748972313044,0.31030471801757814,-0.0305364990234375,9.72138427734375
1748972313107,0.3165916442871094,-0.04026626586914063,9.714797973632812
1748972313174,0.3058140563964844,-0.03338058471679688,9.71419921875
1748972313244,0.30686187744140625,-0.030835876464843752,9.72138427734375
1748972313307,0.3129991149902344,-0.031734008789062504,9.71135513305664
1748972313374,0.3143463134765625,-0.030686187744140628,9.70985824584961
1748972313441,0.30566436767578126,-0.034129028320312504,9.717192993164064
1748972313507,0.3100053405761719,-0.03158432006835938,9.72707244873047
1748972313574,0.30985565185546876,-0.029788055419921876,9.716294860839843
1748972313644,0.3138972473144531,-0.031734008789062504,9.708660736083985
1748972313707,0.3100053405761719,-0.0293389892578125,9.71464828491211
1748972313774,0.3131488037109375,-0.032332763671875,9.720186767578125
1748972313844,0.3106040954589844,-0.031284942626953124,9.715247039794923
1748972313907,0.31913635253906253,-0.029788055419921876,9.715546417236329
1748972313975,0.3094065856933594,-0.03203338623046875,9.723629608154297
1748972314044,0.32048355102539067,-0.039517822265625,9.717642059326172
1748972314107,0.31943572998046876,-0.032931518554687504,9.71464828491211
1748972314174,0.31255004882812504,-0.020507354736328125,9.714947662353516
1748972314244,0.31823822021484377,-0.03188369750976563,9.711205444335938
1748972314307,0.3165916442871094,-0.027542724609375003,9.718390502929688
1748972314374,0.29937744140625,-0.03382965087890625,9.711953887939453
1748972314441,0.30865814208984377,-0.03158432006835938,9.709109802246095
1748972314507,0.3112028503417969,-0.03308120727539063,9.71854019165039
1748972314574,0.3082090759277344,-0.025596771240234375,9.723030853271485
1748972314645,0.3070115661621094,-0.03113525390625,9.714498596191406
1748972314707,0.3047662353515625,-0.027542724609375003,9.714797973632812
1748972314774,0.30416748046875003,-0.032931518554687504,9.71749237060547
1748972314845,0.3126997375488281,-0.02245330810546875,9.721084899902344
1748972314907,0.31329849243164065,-0.03278182983398438,9.716893615722658
1748972314974,0.3146456909179688,-0.030686187744140628,9.717192993164064
1748972315045,0.29189300537109375,-0.03113525390625,9.717342681884766
1748972315107,0.30132339477539066,-0.03158432006835938,9.724078674316408
1748972315174,0.30790969848632815,-0.023201751708984378,9.713450775146486
1748972315246,0.30386810302734374,-0.03861968994140625,9.728269958496094
1748972315307,0.2938389587402344,-0.013621673583984376,9.713899841308594
1748972315374,0.30491592407226564,-0.023501129150390626,9.713899841308594
1748972315440,0.276624755859375,-0.03442840576171875,9.711654510498047
1748972315507,0.29907806396484377,-0.03742218017578125,9.714498596191406
1748972315574,0.32138168334960937,-0.030686187744140628,9.731114044189454
1748972315645,0.3784130859375,-0.017214202880859376,9.71704330444336
1748972315707,0.36479141235351564,0.00089813232421875,9.716444549560547
1748972315774,0.27872039794921877,-0.03906875610351563,9.726473693847657
1748972315845,0.2231858825683594,-0.05044509887695313,9.729467468261719
1748972315907,0.3415896606445313,-0.0016465759277343752,9.713301086425782
1748972315974,0.32826736450195315,-0.023950195312500002,9.718689880371095
1748972316045,0.3683839416503906,-0.024998016357421875,9.71943832397461
1748972316107,0.22647903442382813,-0.05912704467773438,9.74249038696289
1748972316174,0.22707778930664063,-0.053438873291015626,9.737850036621094
1748972316244,0.21929397583007815,-0.028291168212890627,9.726024627685547
1748972316307,0.40730300903320316,-0.024548950195312502,9.720785522460938
1748972316374,0.31868728637695315,-0.030686187744140628,9.71135513305664
1748972316445,0.29728179931640625,-0.028889923095703127,9.715696105957031
1748972316507,0.21405487060546877,-0.047900390625000004,9.724976806640626
1748972316574,0.35745666503906254,-0.019010467529296877,9.718839569091797
1748972316645,0.2704875183105469,-0.05179229736328125,9.71988739013672
1748972316707,0.2609074401855469,-0.015417938232421876,9.723030853271485
1748972316774,0.2859054565429688,-0.02903961181640625,9.716893615722658
1748972316846,0.2794688415527344,-0.03562591552734375,9.722282409667969
1748972316929,0.36598892211914064,-0.013022918701171875,9.717941436767578
1748972316974,0.28380981445312503,-0.0401165771484375,9.723479919433593
1748972317040,0.32781829833984377,-0.03936813354492188,9.724527740478516
1748972317107,0.27722351074218754,-0.03323089599609375,9.72707244873047
1748972317174,0.34907409667968753,-0.020357666015625,9.721234588623048
1748972317246,0.3908372497558594,-0.008831634521484376,9.710756378173828
1748972317307,0.16795074462890625,-0.049097900390625004,9.734706573486328
1748972317374,0.2636018371582031,-0.04535568237304688,9.734556884765626
1748972317445,0.3525169372558594,-0.02784210205078125,9.710906066894532
1748972317507,0.39158569335937504,0.011376342773437501,9.716893615722658
1748972317574,0.3447331237792969,-0.035326538085937505,9.740694122314453
1748972317645,0.33904495239257815,-0.025746459960937502,9.717342681884766
1748972317707,0.30446685791015626,-0.037571868896484374,9.726324005126953
1748972317774,0.28979736328125,-0.02664459228515625,9.720186767578125
1748972317841,0.3106040954589844,-0.09370513916015626,9.753118286132812
1748972317907,0.3391946411132813,0.004340972900390625,9.716743927001954
1748972317974,0.28291168212890627,-0.05822891235351563,9.734556884765626
1748972318044,0.3082090759277344,-0.034877471923828125,9.73620346069336
1748972318107,0.2992277526855469,-0.03622467041015625,9.717342681884766
1748972318174,0.3107537841796875,-0.036074981689453126,9.717791748046876
1748972318242,0.30491592407226564,-0.026195526123046875,9.730515289306641
1748972318307,0.31090347290039066,-0.033679962158203125,9.719737701416015
1748972318374,0.22483245849609376,-0.0580792236328125,9.745035095214844
1748972318440,0.27617568969726564,-0.025147705078125002,9.726922760009765
1748972318507,0.35161880493164066,-0.028740234375,9.732012176513672
1748972318574,0.219144287109375,-0.054935760498046875,9.730066223144531
1748972318641,0.2989283752441406,-0.026494903564453127,9.724078674316408
1748972318707,0.30072463989257814,-0.0640667724609375,9.733658752441407
1748972318774,0.2962339782714844,-0.03667373657226563,9.728269958496094
1748972318840,0.23980133056640626,-0.030686187744140628,9.7189892578125
1748972318907,0.6138734436035157,-0.035176849365234374,9.663454742431641
1748972318973,0.3369493103027344,0.009131011962890626,9.717791748046876
1748972319044,0.3141966247558594,-0.0580792236328125,9.727671203613282
1748972319107,0.22647903442382813,-0.05673202514648438,9.725425872802735
1748972319174,0.32781829833984377,-0.013172607421875001,9.72617431640625
1748972319244,0.39353164672851565,-0.029189300537109376,9.725874938964845
1748972319307,0.22079086303710938,-0.056133270263671875,9.725126495361328
1748972319374,0.49097900390625004,-0.03936813354492188,9.709259490966797
1748972319444,0.3754193115234375,-0.01916015625,9.718091125488282
1748972319507,0.29832962036132815,-0.029189300537109376,9.71419921875
1748972319574,0.3255729675292969,-0.032931518554687504,9.73096435546875
1748972319645,0.4935237121582032,-0.007933502197265626,9.686656494140626
1748972319707,0.3447331237792969,-0.027542724609375003,9.724527740478516
1748972319774,0.2601589965820313,-0.05763015747070313,9.733958129882813
1748972319841,0.28500732421875,-0.03547622680664063,9.725276184082032
1748972319907,0.34937347412109376,-0.036074981689453126,9.730814666748048
1748972319974,0.34712814331054687,-0.02544708251953125,9.717791748046876
1748972320042,0.33799713134765624,-0.030237121582031252,9.71704330444336
1748972320107,0.3266207885742188,-0.027692413330078127,9.716594238281251
1748972320174,0.3239263916015625,-0.02724334716796875,9.72707244873047
1748972320245,0.31719039916992187,-0.034877471923828125,9.715845794677735
1748972320307,0.31943572998046876,-0.032931518554687504,9.721533966064454
1748972320374,0.317340087890625,-0.03427871704101563,9.720486145019532
1748972320445,0.3237767028808594,-0.030386810302734376,9.728269958496094
1748972320507,0.31255004882812504,-0.022902374267578126,9.723479919433593
1748972320574,0.32168106079101566,-0.02724334716796875,9.729317779541017
1748972320645,0.33440460205078126,-0.025896148681640627,9.731712799072266
1748972320707,0.3113525390625,-0.03278182983398438,9.713600463867188
1748972320774,0.316142578125,-0.03143463134765625,9.7285693359375
1748972320845,0.3183879089355469,-0.02724334716796875,9.73425750732422
1748972320907,0.3170407104492188,-0.029488677978515627,9.718390502929688
1748972320974,0.2603086853027344,-0.054935760498046875,9.72707244873047
1748972321042,0.31255004882812504,-0.0383203125,9.734407196044922
1748972321107,0.4177812194824219,-0.0058378601074218755,9.721084899902344
1748972321174,0.30296997070312504,-0.010927276611328125,9.708511047363281
1748972321245,0.3046165466308594,-0.03457809448242188,9.729467468261719
1748972321307,0.32063323974609376,-0.01047821044921875,9.720186767578125
1748972321374,0.31853759765625,-0.037571868896484374,9.727222137451172
1748972321440,0.26884094238281253,-0.04819976806640625,9.7189892578125
1748972321507,0.31719039916992187,-0.038020935058593754,9.721983032226563
1748972321574,0.2954855346679688,-0.039966888427734375,9.729317779541017
1748972321645,0.307760009765625,-0.038769378662109374,9.729467468261719
1748972321707,0.29144393920898437,-0.06825805664062501,9.735604705810548
1748972321774,0.25417144775390627,-0.06556365966796876,9.713750152587892
1748972321845,0.3135978698730469,-0.018711090087890625,9.709708557128907
1748972321937,0.3147953796386719,-0.036074981689453126,9.716594238281251
1748972321974,0.32063323974609376,-0.04206253051757813,9.716893615722658
1748972322040,0.2947370910644531,-0.028141479492187503,9.72467742919922
1748972322107,0.31284942626953127,-0.027093658447265627,9.727671203613282
1748972322174,0.296982421875,-0.02903961181640625,9.721533966064454
1748972322245,0.32063323974609376,-0.03278182983398438,9.729916534423829
1748972322307,0.3001258850097656,-0.03562591552734375,9.72183334350586
1748972322374,0.33440460205078126,-0.028141479492187503,9.721983032226563
1748972322441,0.31374755859375003,-0.024998016357421875,9.71854019165039
1748972322507,0.3138972473144531,-0.03592529296875,9.723928985595704
1748972322574,0.3008743286132813,-0.026494903564453127,9.721533966064454
1748972322645,0.30072463989257814,-0.03622467041015625,9.71419921875
1748972322707,0.26839187622070315,-0.028889923095703127,9.735604705810548
1748972322774,0.18995498657226564,-0.08726852416992188,9.691745910644531
1748972322845,-3.8308337402343753,-0.7701484680175782,10.056387634277344
1748972322907,-2.1667442321777344,1.9597247314453126,10.05189697265625
1748972322974,-1.0133926391601562,-0.8816665649414063,9.721234588623048
1748972323044,4.082610168457031,1.2888198852539063,9.804910583496094
1748972323107,0.13516891479492188,-0.9623487854003907,9.731712799072266
1748972323174,0.81191162109375,0.775986328125,9.745035095214844
1748972323243,0.17693206787109375,0.12214599609375,9.883048095703126
1748972323307,0.2746788024902344,0.11466156005859375,9.74144256591797
1748972323375,0.2775228881835938,0.11600875854492188,9.619446258544922
1748972323444,0.2029779052734375,0.08217910766601563,9.71854019165039
1748972323507,0.23037094116210938,0.07065307617187501,9.72707244873047
1748972323574,0.16959732055664065,0.05074447631835938,9.721084899902344
1748972323644,0.18486557006835938,0.049846343994140625,9.732012176513672
1748972323707,0.20103195190429687,0.06631210327148437,9.726773071289063
1748972323774,0.1838177490234375,0.06361770629882812,9.721533966064454
1748972323844,0.2137554931640625,0.06002517700195313,9.728419647216798
1748972323907,0.20372634887695312,0.047900390625000004,9.715396728515625
1748972323974,0.20447479248046876,0.07409591674804687,9.73096435546875
1748972324044,0.202379150390625,0.06436614990234375,9.719288635253907
1748972324107,0.277822265625,0.09684860229492188,9.776020660400391
1748972324174,0.14205459594726563,0.017214202880859376,9.704319763183594
1748972324244,0.19908599853515627,0.07170089721679689,9.722731475830079
1748972324307,0.19908599853515627,0.037571868896484374,9.712552642822265
1748972324374,0.1681004333496094,0.04071533203125,9.71988739013672
1748972324444,0.25761428833007816,0.06197113037109375,9.727371826171876
1748972324507,0.16151412963867187,0.05179229736328125,9.726773071289063
1748972324574,0.154478759765625,0.044756927490234376,9.720186767578125
1748972324645,0.18995498657226564,0.0556842041015625,9.728269958496094
1748972324707,0.24189697265625001,0.05598358154296875,9.728120269775392
1748972324774,0.16450790405273438,0.04445755004882813,9.722132720947267
1748972324842,0.2034269714355469,0.0568817138671875,9.716594238281251
1748972324907,0.20941452026367188,0.0676593017578125,9.726024627685547
1748972324974,0.2743794250488281,0.11361373901367187,9.741143188476563
1748972325041,0.07095245361328126,-0.009430389404296876,9.70551727294922
1748972325107,0.17184265136718752,0.043858795166015624,9.714947662353516
1748972325174,0.27647506713867187,0.09190887451171875,9.736353149414063
1748972325241,0.15133529663085937,0.034129028320312504,9.71854019165039
1748972325307,0.23246658325195313,0.0748443603515625,9.72901840209961
1748972325374,0.1782792663574219,0.04685256958007813,9.72422836303711
1748972325445,0.19055374145507814,0.052241363525390626,9.733209686279297
1748972325507,0.18067428588867188,0.042810974121093755,9.728719024658204
1748972325574,0.1824705505371094,0.0473016357421875,9.727970581054688
1748972325645,0.18067428588867188,0.037571868896484374,9.72422836303711
1748972325707,0.1790277099609375,0.038769378662109374,9.717941436767578
1748972325774,0.20806732177734377,0.05598358154296875,9.730215911865235
1748972325845,0.19190093994140625,0.06825805664062501,9.72662338256836
1748972325907,0.19414627075195315,0.05074447631835938,9.731114044189454
1748972325974,0.11555969238281251,0.009729766845703125,9.712552642822265
1748972326040,0.2692900085449219,0.09265731811523438,9.733509063720703
1748972326107,0.10148895263671875,0.030087432861328128,9.688153381347657
1748972326174,0.26854156494140624,0.101788330078125,9.772727508544923
1748972326241,0.13112731933593752,0.030686187744140628,9.719288635253907
1748972326307,0.17378860473632812,0.03682342529296875,9.722282409667969
1748972326374,0.23740631103515628,0.07619155883789062,9.724078674316408
1748972326442,0.1537303161621094,0.05044509887695313,9.723779296875
1748972326507,0.28740234375,0.11945159912109375,9.730814666748048
1748972326574,0.2173480224609375,0.09924362182617188,9.710157623291016
1748972326642,0.11331436157226563,0.0185614013671875,9.719737701416015
1748972326707,0.2505789184570313,0.08307723999023438,9.751920776367188
1748972326774,0.11226654052734375,0.02185455322265625,9.707762603759766
1748972326845,0.16899856567382812,0.046702880859375004,9.717342681884766
1748972326929,0.18037490844726564,0.050295410156250005,9.733359375000001
1748972326974,0.2273771667480469,0.06541397094726563,9.721683654785156
1748972327040,0.19728973388671875,0.06002517700195313,9.726024627685547
1748972327107,0.19160156250000002,0.06376739501953126,9.723779296875
1748972327174,0.19669097900390625,0.057330780029296875,9.742191009521484
1748972327245,0.15777191162109375,0.037122802734375,9.724827117919922
1748972327307,0.21225860595703125,0.07289840698242188,9.730515289306641
1748972327374,0.18950592041015626,0.05912704467773438,9.73141342163086
1748972327441,0.188009033203125,0.061372375488281256,9.722132720947267
1748972327507,0.19444564819335938,0.05912704467773438,9.735005950927734
1748972327574,0.18965560913085938,0.05792953491210938,9.722432098388673
1748972327640,0.19908599853515627,0.06346801757812501,9.719288635253907
1748972327707,0.19085311889648438,0.05553451538085938,9.727222137451172
1748972327774,0.20522323608398438,0.067060546875,9.729467468261719
1748972327840,0.159268798828125,0.037571868896484374,9.716743927001954
1748972327907,0.21420455932617188,0.06915618896484375,9.733958129882813
1748972327974,0.18696121215820313,0.06256988525390625,9.725425872802735
1748972328042,0.19908599853515627,0.06930587768554688,9.73096435546875
1748972328107,0.18142272949218752,0.045505371093750004,9.726324005126953
1748972328174,0.18067428588867188,0.05643264770507813,9.720186767578125
1748972328244,0.20657043457031252,0.06780899047851563,9.729317779541017
1748972328307,0.1818717956542969,0.05837860107421875,9.723330230712891
1748972328374,0.18112335205078126,0.0473016357421875,9.729766845703125
1748972328442,0.17528549194335938,0.0568817138671875,9.723779296875
1748972328507,0.1836680603027344,0.06361770629882812,9.725575561523438
1748972328574,0.17992584228515626,0.051043853759765626,9.722132720947267
1748972328640,0.21465362548828126,0.06182144165039063,9.71943832397461
1748972328707,0.21989273071289064,0.08173004150390625,9.730515289306641
1748972328774,0.17812957763671877,0.06032455444335938,9.724527740478516
1748972328842,0.19354751586914062,0.0676593017578125,9.717342681884766
1748972328908,0.18426681518554688,0.05523513793945313,9.72033645629883
1748972328974,0.18441650390625,0.05718109130859375,9.710606689453126
1748972329040,0.19788848876953127,0.06780899047851563,9.706116027832032
1748972329108,0.18606307983398437,0.058677978515625,9.707163848876954
1748972329174,0.17468673706054688,0.062120819091796876,9.708511047363281
1748972329240,0.17528549194335938,0.05403762817382813,9.703421630859376
1748972329308,0.1866618347167969,0.05912704467773438,9.721683654785156
1748972329374,0.2130070495605469,0.067060546875,9.704619140625
1748972329440,0.2183958435058594,0.07649093627929687,9.710457000732422
1748972329507,0.17259109497070313,0.05763015747070313,9.706714782714844
1748972329574,0.20013381958007814,0.06301895141601563,9.693542175292968
1748972329640,0.1886077880859375,0.06855743408203126,9.69593719482422
1748972329707,0.18516494750976564,0.06062393188476563,9.698481903076173
1748972329774,0.199984130859375,0.061372375488281256,9.701026611328125
1748972329840,0.19953506469726565,0.06271957397460938,9.696086883544922
1748972329907,0.1872605895996094,0.05703140258789063,9.695039062500001
1748972329974,0.19564315795898438,0.06271957397460938,9.682914276123048
1748972330041,0.204774169921875,0.07499404907226563,9.693242797851562
1748972330107,0.1974394226074219,0.057779846191406255,9.701475677490235
1748972330174,0.1884580993652344,0.053438873291015626,9.69743408203125
1748972330241,0.18830841064453127,0.057330780029296875,9.699978790283204
1748972330307,0.1980381774902344,0.062120819091796876,9.704319763183594
1748972330374,0.17199234008789063,0.05014572143554688,9.69788314819336
1748972330440,0.19609222412109376,0.0628692626953125,9.694889373779297
1748972330507,0.2029779052734375,0.05703140258789063,9.6998291015625
1748972330574,0.17932708740234377,0.06002517700195313,9.69698501586914
1748972330644,0.19070343017578126,0.06002517700195313,9.704768829345703
1748972330707,0.20672012329101563,0.07170089721679689,9.70267318725586
1748972330774,0.15911911010742188,0.04460723876953125,9.702074432373047
1748972330845,0.178428955078125,0.06855743408203126,9.70027816772461
1748972330907,0.19414627075195315,0.05598358154296875,9.699080657958985
1748972330974,0.16929794311523438,0.04655319213867188,9.693841552734375
1748972331044,0.20088226318359376,0.06945556640625,9.723180541992187
1748972331107,0.17693206787109375,0.05643264770507813,9.710906066894532
1748972331174,0.19085311889648438,0.06960525512695313,9.712103576660157
1748972331244,0.22303619384765627,0.08367599487304687,9.716893615722658
1748972331307,0.18336868286132812,0.05987548828125,9.699529724121094
1748972331374,0.13486953735351564,0.037272491455078126,9.707163848876954
1748972331445,0.18127304077148437,0.04685256958007813,9.705666961669923
1748972331507,0.22588027954101564,0.0401165771484375,9.70985824584961
1748972331574,0.20327728271484377,0.06361770629882812,9.708810424804687
1748972331645,0.188009033203125,0.05882766723632813,9.713301086425782
1748972331708,0.14145584106445314,0.0335302734375,9.709558868408203
1748972331774,0.27767257690429686,0.11600875854492188,9.721983032226563
1748972331845,0.19100280761718752,0.058677978515625,9.71854019165039
1748972331931,0.35131942749023437,0.135318603515625,9.752220153808594
1748972331974,0.022004241943359377,-0.00987945556640625,9.699679412841798
1748972332040,0.2788700866699219,0.004640350341796875,9.652677154541015
1748972332107,0.23575973510742188,0.11645782470703125,9.69743408203125
1748972332174,0.1375639343261719,0.034877471923828125,9.708511047363281
1748972332244,0.23590942382812502,0.10133926391601562,9.725276184082032
1748972332307,0.20118164062500002,0.058677978515625,9.701924743652345
1748972332374,0.14654525756835937,0.06900650024414062,9.71180419921875
1748972332444,0.3092568969726563,0.12439132690429688,9.738448791503906
1748972332507,0.0580792236328125,-0.010328521728515625,9.696386260986328
1748972332574,0.0652642822265625,0.07155120849609375,9.706265716552736
1748972332645,0.33410522460937503,0.17214202880859375,9.717941436767578
1748972332707,0.28979736328125,0.09924362182617188,9.717941436767578
1748972332774,0.058677978515625,-0.02724334716796875,9.703571319580078
1748972332846,0.05523513793945313,0.03203338623046875,9.692793731689454
1748972332907,0.36015106201171876,0.14594650268554688,9.733359375000001
1748972332975,0.1866618347167969,0.06391708374023437,9.749525756835938
1748972333045,0.087418212890625,-0.009131011962890626,9.697733459472657
1748972333107,0.1981878662109375,0.07289840698242188,9.72901840209961
1748972333174,0.22707778930664063,0.07170089721679689,9.71419921875
1748972333244,0.30671218872070316,0.16899856567382812,9.723629608154297
1748972333307,-0.032183074951171876,-0.036524047851562505,9.68261489868164
1748972333374,0.35715728759765625,0.1435514831542969,9.726324005126953
1748972333445,0.2540217590332031,0.082628173828125,9.720785522460938
1748972333507,0.06197113037109375,0.006885681152343751,9.692344665527344
1748972333574,0.2329156494140625,0.07873626708984376,9.729766845703125
1748972333645,0.19639160156250002,0.05284011840820313,9.723928985595704
1748972333707,0.11286529541015626,0.036524047851562505,9.69698501586914
1748972333774,0.16450790405273438,0.032482452392578125,9.70746322631836
1748972333845,0.10508148193359376,0.02065704345703125,9.69878128051758
1748972333907,0.3016227722167969,0.09654922485351564,9.730215911865235
1748972333975,0.20327728271484377,0.06256988525390625,9.720935211181642
1748972334045,-0.031734008789062504,-0.03427871704101563,9.704469451904297
1748972334107,0.47032196044921876,0.4159849548339844,9.79997085571289
1748972334174,0.417930908203125,0.11211685180664063,9.710606689453126
1748972334244,0.2639012145996094,0.02903961181640625,9.719737701416015
1748972334307,0.19010467529296876,0.0389190673828125,9.737700347900391
1748972334375,0.024698638916015626,-0.05358856201171875,9.713450775146486
1748972334445,0.1920506286621094,0.06301895141601563,9.715097351074219
1748972334507,0.11451187133789063,0.0149688720703125,9.701924743652345
1748972334574,0.19968475341796876,-0.055085449218750006,9.67153793334961
1748972334645,0.19564315795898438,0.07858657836914062,9.692194976806642
1748972334707,0.16914825439453127,0.021405487060546877,9.714049530029298
1748972334774,0.18172210693359375,0.05179229736328125,9.714049530029298
1748972334845,0.20926483154296877,0.0814306640625,9.701475677490235
1748972334907,0.2647993469238281,0.0293389892578125,9.715097351074219
1748972334975,-0.20881576538085939,-0.00089813232421875,10.01402572631836
1748972335044,0.0508941650390625,0.36164794921875004,10.040969696044922
1748972335107,-1.4220428466796875,-1.0912307739257814,9.83829116821289
1748972335175,4.444856872558594,-0.21345611572265627,10.153984680175782
1748972335245,3.420686645507813,2.345622253417969,9.732461242675782
1748972335307,-0.7717950439453125,-1.221160583496094,9.876461791992188
1748972335375,-1.4136602783203125,0.5703140258789062,9.614656219482422
1748972335444,-1.5126045227050782,-0.34757720947265625,9.657916259765626
1748972335507,-0.23456222534179688,0.07200027465820313,9.786349182128907
1748972335575,0.2915936279296875,-0.03981719970703125,9.712253265380859
1748972335645,0.4378395080566406,0.054187316894531254,9.696535949707032
1748972335707,0.3399430847167969,0.008532257080078126,9.712402954101563
1748972335774,0.23037094116210938,-0.006586303710937501,9.717192993164064
1748972335845,0.28111541748046875,0.001047821044921875,9.707313537597656
1748972335907,0.36179763793945313,-0.0056881713867187505,9.725126495361328
1748972335975,0.26345214843750003,-0.025147705078125002,9.73141342163086
1748972336045,0.1884580993652344,-0.021704864501953126,9.72033645629883
1748972336107,0.3757186889648438,0.025596771240234375,9.682165832519532
1748972336175,0.38050872802734376,0.028590545654296876,9.702224121093751
1748972336245,0.35161880493164066,0.014519805908203126,9.714498596191406
1748972336308,0.23007156372070314,-0.013471984863281251,9.713750152587892
1748972336375,0.3860472106933594,0.017812957763671877,9.712103576660157
1748972336445,0.3646417236328125,0.010029144287109375,9.718091125488282
1748972336507,0.2549198913574219,-0.010777587890625,9.719588012695313
1748972336574,0.3347039794921875,0.017214202880859376,9.715247039794923
1748972336646,0.33290771484375004,0.009580078125,9.71419921875
1748972336707,0.2824626159667969,-0.007334747314453125,9.717342681884766
1748972336775,0.271834716796875,0.004640350341796875,9.706714782714844
1748972336846,0.30192214965820313,0.0047900390625,9.712402954101563
1748972336937,0.3308120727539063,0.00808319091796875,9.703271942138672
1748972336974,0.32706985473632816,-0.00389190673828125,9.713750152587892
1748972337040,0.25731491088867187,-0.002245330810546875,9.713301086425782
1748972337108,0.28021728515625,0.000149688720703125,9.701625366210939
1748972337175,0.33245864868164066,0.00748443603515625,9.703870697021484
1748972337246,0.36658767700195316,0.0143701171875,9.702822875976564
1748972337307,0.286204833984375,-0.00029937744140625,9.705367584228517
1748972337375,0.2808160400390625,-0.001945953369140625,9.710606689453126
1748972337446,0.30611343383789064,0.002245330810546875,9.705666961669923
1748972337507,0.3010240173339844,0.0007484436035156251,9.70746322631836
1748972337575,0.33784744262695315,0.00389190673828125,9.70417007446289
1748972337640,0.3095562744140625,-0.00029937744140625,9.714049530029298
1748972337707,0.32721954345703125,0.011226654052734375,9.70985824584961
1748972337780,0.28725265502929687,0.00029937744140625,9.715396728515625
1748972337846,0.28336074829101565,-0.00508941650390625,9.716294860839843
1748972337907,0.31823822021484377,0.010627899169921875,9.709259490966797
1748972337975,0.3088078308105469,0.011825408935546875,9.708810424804687
1748972338045,0.34143997192382813,0.010328521728515625,9.715845794677735
1748972338108,0.2977308654785156,-0.003592529296875,9.727970581054688
1748972338175,0.3131488037109375,0.00029937744140625,9.715546417236329
1748972338245,0.3135978698730469,0.007634124755859375,9.715845794677735
1748972338307,0.33006362915039067,0.00868194580078125,9.715097351074219
1748972338375,0.31644195556640625,0.00209564208984375,9.710906066894532
1748972338441,0.31105316162109375,0.00089813232421875,9.712552642822265
1748972338507,0.3004252624511719,-0.00389190673828125,9.716145172119141
1748972338575,0.28500732421875,-0.0007484436035156251,9.719737701416015
1748972338645,0.3065625,0.008831634521484376,9.70985824584961
1748972338707,0.31853759765625,0.010328521728515625,9.711953887939453
1748972338775,0.31674133300781254,0.00748443603515625,9.70985824584961
1748972338845,0.3219804382324219,0.00718505859375,9.717642059326172
1748972338907,0.31883697509765624,0.014519805908203126,9.708810424804687
1748972338975,0.3430865478515625,0.013022918701171875,9.70596633911133
1748972339045,0.28156448364257813,-0.01107696533203125,9.708810424804687
1748972339107,0.33679962158203125,0.00868194580078125,9.713899841308594
1748972339175,0.28186386108398437,0.001047821044921875,9.712852020263673
1748972339245,0.36179763793945313,0.011376342773437501,9.70312225341797
1748972339308,0.2760260009765625,-0.00029937744140625,9.722132720947267
1748972339374,0.19893630981445312,0.05254074096679688,9.7189892578125
1748972339442,0.22123992919921875,0.0029937744140625003,9.71988739013672
1748972339507,0.29488677978515626,0.019309844970703125,9.707912292480469
1748972339575,0.30147308349609375,0.008831634521484376,9.708511047363281
1748972339646,0.26958938598632814,-0.007334747314453125,9.712253265380859
1748972339708,0.33904495239257815,0.00987945556640625,9.70267318725586
1748972339775,0.30895751953125,0.015118560791015626,9.716145172119141
1748972339841,0.2797682189941406,-0.0059875488281250005,9.710906066894532
1748972339908,0.37676651000976563,0.02125579833984375,9.696535949707032
1748972339975,0.24159759521484375,-0.011376342773437501,9.713600463867188
1748972340041,0.26764343261718754,0.022602996826171878,9.704768829345703
1748972340108,0.37018020629882814,0.0016465759277343752,9.692793731689454
1748972340175,0.34563125610351564,0.053738250732421874,9.710906066894532
1748972340247,0.2827619934082031,0.0031434631347656253,9.718091125488282
1748972340307,0.2942880249023438,-0.001197509765625,9.709558868408203
1748972340375,0.31180160522460937,-0.014070739746093752,9.718839569091797
1748972340442,0.3052153015136719,-0.0089813232421875,9.71464828491211
1748972340507,0.3092568969726563,0.006735992431640626,9.701176300048829
1748972340575,0.31225067138671875,0.01047821044921875,9.694889373779297
1748972340645,0.32332763671875003,-0.004640350341796875,9.708361358642579
1748972340707,0.3052153015136719,0.00029937744140625,9.707313537597656
1748972340775,0.32721954345703125,0.013771362304687501,9.693392486572266
1748972340842,0.31943572998046876,0.006735992431640626,9.700876922607423
1748972340907,0.31689102172851563,0.0056881713867187505,9.710007934570314
1748972340975,0.3106040954589844,0.0056881713867187505,9.706714782714844
1748972341041,0.3050656127929688,0.000449066162109375,9.704319763183594
1748972341107,0.307760009765625,0.000449066162109375,9.705816650390625
1748972341175,0.3131488037109375,0.0016465759277343752,9.693991241455079
1748972341246,0.3092568969726563,0.0034428405761718754,9.702224121093751
1748972341307,0.07454498291015625,-0.009729766845703125,9.686357116699218
1748972341375,0.15612533569335937,-0.042810974121093755,9.723030853271485
1748972341443,0.33171020507812504,0.0053887939453125,9.73620346069336
1748972341507,0.39892044067382815,0.00209564208984375,9.696236572265626
1748972341575,0.33260833740234375,0.007035369873046876,9.704020385742188
1748972341646,0.3028202819824219,0.00089813232421875,9.705217895507813
1748972341708,0.33021331787109376,-0.00389190673828125,9.716444549560547
1748972341775,0.3350033569335938,0.0017962646484375,9.69878128051758
1748972341846,0.29309051513671874,0.016316070556640624,9.707313537597656
1748972341932,0.33859588623046877,0.004640350341796875,9.71419921875
1748972341975,0.2848576354980469,-0.02125579833984375,9.733509063720703
1748972342040,0.33545242309570317,0.0005987548828125,9.708960113525391
1748972342108,0.3429368591308594,0.010777587890625,9.714049530029298
1748972342175,0.2755769348144531,-0.007035369873046876,9.712852020263673
1748972342246,0.26075775146484376,-0.015118560791015626,9.71749237060547
1748972342307,0.36134857177734375,0.006436614990234376,9.715247039794923
1748972342375,0.29294082641601565,-0.002544708251953125,9.715097351074219
1748972342442,0.3614982604980469,0.00928070068359375,9.705816650390625
1748972342507,0.27063720703125,-0.010328521728515625,9.71988739013672
1748972342575,0.3487747192382813,0.011526031494140625,9.716594238281251
1748972342641,0.25806335449218754,-0.00928070068359375,9.721983032226563
1748972342707,0.4290078735351563,0.03442840576171875,9.704469451904297
1748972342775,0.286204833984375,-0.007334747314453125,9.708960113525391
1748972342842,0.18232086181640625,-0.025596771240234375,9.721983032226563
1748972342907,0.4153861999511719,0.0484991455078125,9.71180419921875
1748972342974,0.2417472839355469,-0.015867004394531252,9.721983032226563
1748972343045,0.2977308654785156,-0.0007484436035156251,9.711205444335938
1748972343107,0.30192214965820313,0.03427871704101563,9.722881164550781
1748972343175,0.20552261352539064,-0.03323089599609375,9.725126495361328
1748972343245,0.3320095825195313,-0.0017962646484375,9.709409179687501
1748972343307,0.5659730529785156,0.036374359130859374,9.725575561523438
1748972343375,0.4405339050292969,0.0676593017578125,9.690548400878907
1748972343442,0.2859054565429688,-0.0014968872070312501,9.719588012695313
1748972343507,0.27153533935546875,-0.006885681152343751,9.714498596191406
1748972343575,0.3203338623046875,-0.009729766845703125,9.717342681884766
1748972343645,0.12663665771484375,-0.05119354248046875,9.739646301269532
1748972343708,0.23201751708984375,0.03936813354492188,9.761051788330079
1748972343775,0.30222152709960937,-0.006735992431640626,9.72572525024414
1748972343845,0.36658767700195316,0.05074447631835938,9.681866455078126
1748972343907,0.2951861572265625,-0.014819183349609376,9.746981048583985
1748972343975,0.26958938598632814,-0.036524047851562505,9.732610931396485
1748972344045,0.3426374816894531,0.053438873291015626,9.689350891113282
1748972344108,0.32168106079101566,-0.021405487060546877,9.73425750732422
1748972344175,0.3004252624511719,0.023950195312500002,9.704918518066407
1748972344243,0.3010240173339844,0.01526824951171875,9.711504821777345
1748972344308,0.338895263671875,0.024399261474609375,9.689201202392578
1748972344375,0.3011737060546875,-0.032332763671875,9.740394744873047
1748972344445,0.34982254028320314,0.01945953369140625,9.705666961669923
1748972344507,0.34203872680664066,0.0401165771484375,9.69548812866211
1748972344575,0.2932402038574219,-0.002544708251953125,9.708810424804687
1748972344646,0.3082090759277344,-0.000449066162109375,9.719288635253907
1748972344708,0.31823822021484377,0.025147705078125002,9.695637817382813
1748972344775,0.3369493103027344,0.018262023925781252,9.705666961669923
1748972344846,0.34398468017578127,-0.018711090087890625,9.722881164550781
1748972344907,0.33320709228515627,0.026943969726562503,9.699380035400392
1748972344975,0.32901580810546877,0.014070739746093752,9.706116027832032
1748972345045,0.32602203369140625,0.013322296142578125,9.714348907470704
1748972345107,0.23067031860351564,0.004041595458984375,9.738897857666016
1748972345175,0.3502716064453125,0.04775070190429688,9.687105560302735
1748972345243,0.3020718383789063,0.02305206298828125,9.716444549560547
1748972345307,0.29189300537109375,-0.0844244384765625,9.752669219970704
1748972345375,0.40730300903320316,0.07828720092773438,9.675280151367188
1748972345442,0.26809249877929686,-0.07229965209960938,9.744885406494141
1748972345507,0.3177891540527344,0.004640350341796875,9.706714782714844
1748972345575,0.3016227722167969,0.027093658447265627,9.713600463867188
1748972345645,0.3147953796386719,0.023501129150390626,9.695039062500001
1748972345707,0.3219804382324219,-0.015567626953125,9.72662338256836
1748972345775,0.31823822021484377,0.0017962646484375,9.711504821777345
1748972345846,0.31913635253906253,0.009580078125,9.706864471435548
1748972345908,0.33545242309570317,0.017962646484375,9.709708557128907
1748972345975,0.3706292724609375,0.025147705078125002,9.70312225341797
1748972346046,0.3496728515625,0.044307861328125,9.706565093994142
1748972346107,0.28994705200195314,-0.0209564208984375,9.730365600585937
1748972346175,0.31748977661132816,0.0032931518554687503,9.707912292480469
1748972346245,0.3207829284667969,-0.001347198486328125,9.716294860839843
1748972346308,0.3195854187011719,0.012873229980468751,9.701026611328125
1748972346375,0.31988479614257814,-0.0077838134765625,9.721234588623048
1748972346443,0.32751892089843754,0.009580078125,9.709558868408203
1748972346507,0.346080322265625,0.017663269042968752,9.715546417236329
1748972346575,0.32647109985351563,-0.006885681152343751,9.708660736083985
1748972346646,0.3430865478515625,0.03113525390625,9.701026611328125
1748972346708,0.34443374633789064,-0.00868194580078125,9.720037078857422
1748972346775,0.3330574035644531,-0.00029937744140625,9.718240814208984
1748972346843,0.3673361206054688,0.032183074951171876,9.707612915039062
1748972346937,0.21824615478515627,-0.04056564331054688,9.72707244873047
1748972346975,0.6234535217285156,0.024099884033203126,9.677375793457031
1748972347040,0.4981640625,0.06840774536132813,9.699380035400392
1748972347108,0.13307327270507813,-0.04056564331054688,9.7285693359375
1748972347175,0.23231689453125,-0.026345214843750003,9.737251281738281
1748972347243,0.3607498168945313,0.04146377563476563,9.686506805419922
1748972347307,0.2327659606933594,-0.0293389892578125,9.730814666748048
1748972347375,0.18561401367187502,-0.05433700561523438,9.742191009521484
1748972347446,0.28830047607421877,-0.013322296142578125,9.712253265380859
1748972347508,0.31284942626953127,0.035326538085937505,9.701475677490235
1748972347575,0.3070115661621094,0.023351440429687502,9.702523498535157
1748972347646,0.3183879089355469,-0.036074981689453126,9.73904754638672
1748972347708,0.36119888305664066,0.04700225830078125,9.702373809814453
1748972347775,0.3008743286132813,0.014070739746093752,9.713600463867188
1748972347846,0.3209326171875,0.027393035888671875,9.706565093994142
1748972347908,0.298179931640625,0.004939727783203125,9.716444549560547
1748972347975,0.32227981567382813,0.00449066162109375,9.71419921875
1748972348043,0.3710783386230469,0.039517822265625,9.696535949707032
1748972348108,0.32721954345703125,0.0032931518554687503,9.715546417236329
1748972348175,0.34742752075195316,-0.02604583740234375,9.746232604980468
1748972348245,0.3710783386230469,0.029788055419921876,9.701475677490235
1748972348308,0.31629226684570316,-0.012424163818359375,9.722432098388673
1748972348375,0.3459306335449219,0.024998016357421875,9.697134704589844
1748972348443,0.3261717224121094,0.012873229980468751,9.707163848876954
1748972348507,0.33769775390625,0.036524047851562505,9.698182525634767
1748972348575,0.2782713317871094,-0.008831634521484376,9.732311553955078
1748972348643,0.3387455749511719,0.00868194580078125,9.709708557128907
1748972348708,0.3423381042480469,0.0221539306640625,9.715995483398437
1748972348775,0.3469784545898438,0.015417938232421876,9.712852020263673
1748972348845,0.3362008666992188,0.010029144287109375,9.720186767578125
1748972348908,0.298179931640625,0.08906478881835939,9.676028594970704
1748972348975,0.32227981567382813,-0.030237121582031252,9.731114044189454
1748972349045,0.34248779296875004,0.061671752929687504,9.692194976806642
1748972349108,0.33709899902343754,0.03158432006835938,9.70551727294922
1748972349175,0.3195854187011719,0.00389190673828125,9.703721008300782
1748972349245,0.39517822265625,-0.03323089599609375,9.736353149414063
1748972349308,0.2866539001464844,-0.028889923095703127,9.718091125488282
1748972349375,0.33979339599609376,0.016615447998046876,9.697733459472657
1748972349443,0.32587234497070316,0.011825408935546875,9.703870697021484
1748972349508,0.3291654968261719,0.008382568359375,9.707912292480469
1748972349575,0.31255004882812504,0.012424163818359375,9.699679412841798
1748972349643,0.3291654968261719,0.0089813232421875,9.714348907470704
1748972349708,0.2890489196777344,-0.032482452392578125,9.734107818603515
1748972349775,0.29533584594726564,-0.0007484436035156251,9.713450775146486
1748972349846,0.3296145629882813,0.02784210205078125,9.694889373779297
1748972349908,0.33290771484375004,0.004041595458984375,9.71135513305664
1748972349975,0.3285667419433594,0.0031434631347656253,9.700876922607423
1748972350046,0.30491592407226564,0.026494903564453127,9.703721008300782
1748972350108,0.33485366821289064,0.01107696533203125,9.717192993164064
1748972350175,0.3339555358886719,0.012274475097656251,9.715696105957031
1748972350245,0.34099090576171875,0.018112335205078125,9.705068206787109
1748972350308,0.31748977661132816,0.0041912841796875,9.709109802246095
1748972350375,0.31524444580078126,-0.0029937744140625003,9.71854019165039
1748972350443,0.2912942504882813,0.021704864501953126,9.70417007446289
1748972350508,0.33859588623046877,0.020507354736328125,9.706565093994142
1748972350575,0.3396437072753906,-0.001945953369140625,9.708361358642579
1748972350645,0.32138168334960937,0.0,9.718689880371095
1748972350708,0.3143463134765625,-0.00928070068359375,9.718689880371095
1748972350775,0.3330574035644531,0.035326538085937505,9.702373809814453
1748972350845,0.3023712158203125,-0.0028440856933593752,9.711055755615234
1748972350907,0.3315605163574219,0.010927276611328125,9.701325988769531
1748972350975,0.34787658691406254,-0.020207977294921877,9.717941436767578
1748972351046,0.31943572998046876,0.000449066162109375,9.717791748046876
1748972351108,0.35820510864257815,-0.0058378601074218755,9.714797973632812
1748972351175,0.3323089599609375,0.00718505859375,9.709259490966797
1748972351246,0.36673736572265625,0.0007484436035156251,9.697733459472657
1748972351308,0.34173934936523437,0.0028440856933593752,9.716444549560547
1748972351375,0.3303630065917969,0.00718505859375,9.715546417236329
1748972351443,0.33185989379882813,0.00748443603515625,9.715247039794923
1748972351508,0.32287857055664065,0.02305206298828125,9.696835327148438
1748972351575,0.3261717224121094,0.02365081787109375,9.718091125488282
1748972351643,0.3323089599609375,-0.0017962646484375,9.709259490966797
1748972351708,0.32362701416015627,0.0017962646484375,9.719138946533203
1748972351775,0.3183879089355469,0.00718505859375,9.715546417236329
1748972351841,0.2710862731933594,0.018112335205078125,9.693242797851562
1748972351935,0.3135978698730469,0.01526824951171875,9.711504821777345
1748972351975,0.3406915283203125,0.0058378601074218755,9.70985824584961
1748972352041,0.3255729675292969,0.017064514160156252,9.710157623291016
1748972352108,0.3207829284667969,0.014819183349609376,9.707762603759766
1748972352175,0.33724868774414063,0.017962646484375,9.718240814208984
1748972352246,0.3288661193847656,0.0185614013671875,9.723779296875
1748972352308,0.31823822021484377,-0.008831634521484376,9.728120269775392
1748972352375,0.31105316162109375,0.009430389404296876,9.722432098388673
1748972352446,0.29234207153320313,0.004041595458984375,9.72901840209961
1748972352508,0.2956352233886719,-0.000449066162109375,9.732161865234376
1748972352575,0.31988479614257814,-0.00029937744140625,9.72572525024414
1748972352646,0.3023712158203125,0.004939727783203125,9.722581787109375
1748972352708,0.33215927124023437,0.0089813232421875,9.73291030883789
1748972352775,0.34398468017578127,0.015717315673828124,9.726324005126953
1748972352846,0.34203872680664066,0.016316070556640624,9.729916534423829
1748972352908,0.35685791015625,-0.0007484436035156251,9.73186248779297
1748972352975,0.29683273315429687,0.001945953369140625,9.731114044189454
1748972353045,0.32946487426757814,0.00449066162109375,9.736652526855469
1748972353107,0.33245864868164066,0.00868194580078125,9.733658752441407
1748972353175,0.3393443298339844,0.02784210205078125,9.727521514892578
1748972353245,0.33006362915039067,0.00808319091796875,9.730814666748048
1748972353308,0.3129991149902344,-0.011675720214843751,9.734706573486328
1748972353375,0.30296997070312504,0.006885681152343751,9.729168090820313
1748972353443,0.3396437072753906,0.024399261474609375,9.714947662353516
1748972353508,0.29937744140625,-0.016465759277343752,9.74099349975586
1748972353575,0.3626957702636719,-0.0143701171875,9.730365600585937
1748972353645,0.3405418395996094,0.0089813232421875,9.730215911865235
1748972353708,0.3598516845703125,0.02424957275390625,9.714947662353516
1748972353775,0.31883697509765624,-0.006735992431640626,9.741592254638672
1748972353845,0.33829650878906253,0.018411712646484377,9.736652526855469
1748972353908,0.3311114501953125,0.009131011962890626,9.731114044189454
1748972353975,0.32587234497070316,0.02484832763671875,9.728419647216798
1748972354045,0.38350250244140627,-0.036074981689453126,9.746232604980468
1748972354108,0.3610491943359375,0.017812957763671877,9.73141342163086
1748972354175,0.3674858093261719,0.026943969726562503,9.720785522460938
1748972354245,0.3112028503417969,-0.00748443603515625,9.730515289306641
1748972354308,0.32841705322265624,0.0047900390625,9.723180541992187
1748972354375,0.3429368591308594,0.035326538085937505,9.720037078857422
1748972354443,0.3034190368652344,-0.0016465759277343752,9.742041320800782
1748972354508,0.3393443298339844,0.0077838134765625,9.728120269775392
1748972354575,0.30731094360351563,-0.01676513671875,9.734856262207032
1748972354646,0.3263214111328125,0.020507354736328125,9.725425872802735
1748972354708,0.3243754577636719,0.03697311401367188,9.719588012695313
1748972354775,0.30716125488281254,0.0061372375488281256,9.727970581054688
1748972354846,0.3085084533691406,0.009131011962890626,9.72617431640625
1748972354908,0.3255729675292969,0.015867004394531252,9.717791748046876
1748972354975,0.29788055419921877,-0.002245330810546875,9.733209686279297
1748972355043,0.31105316162109375,0.00389190673828125,9.73380844116211
1748972355108,0.3276686096191406,0.012124786376953125,9.723330230712891
1748972355175,0.3347039794921875,0.023351440429687502,9.718689880371095
1748972355246,0.3357518005371094,0.022752685546875002,9.71943832397461
1748972355308,0.29608428955078125,-0.013172607421875001,9.738299102783204
1748972355375,0.35401382446289065,0.012124786376953125,9.72467742919922
1748972355446,0.3141966247558594,0.0058378601074218755,9.724527740478516
1748972355508,0.3403921508789063,0.00449066162109375,9.718839569091797
1748972355575,0.3288661193847656,0.0061372375488281256,9.724827117919922
1748972355645,0.3381468200683594,-0.0059875488281250005,9.711205444335938
1748972355708,0.3448828125,0.00928070068359375,9.722581787109375
1748972355775,0.33904495239257815,0.011825408935546875,9.720635833740236
1748972355846,0.3338058471679688,0.0029937744140625003,9.725575561523438
1748972355908,0.31030471801757814,0.00029937744140625,9.730814666748048
1748972355975,0.3227288818359375,0.0056881713867187505,9.730814666748048
1748972356043,0.3219804382324219,0.004939727783203125,9.724078674316408
1748972356108,0.32721954345703125,0.009580078125,9.722881164550781
1748972356175,0.32227981567382813,0.0053887939453125,9.722581787109375
1748972356246,0.3323089599609375,0.001945953369140625,9.720486145019532
1748972356308,0.31569351196289064,0.00389190673828125,9.727222137451172
1748972356375,0.3254232788085938,0.0034428405761718754,9.722881164550781
1748972356443,0.3285667419433594,0.005239105224609375,9.724078674316408
1748972356508,0.33126113891601566,0.010777587890625,9.727671203613282
1748972356575,0.3243754577636719,0.00718505859375,9.72467742919922
1748972356646,0.317340087890625,0.0007484436035156251,9.725126495361328
1748972356708,0.3239263916015625,0.0032931518554687503,9.724827117919922
1748972356775,0.3309617614746094,0.00089813232421875,9.73186248779297
1748972356846,0.3335064697265625,0.012873229980468751,9.730066223144531
1748972356931,0.3296145629882813,0.008232879638671876,9.72138427734375
1748972356975,0.32362701416015627,0.000149688720703125,9.721533966064454
1748972357041,0.31868728637695315,0.014819183349609376,9.723629608154297
1748972357108,0.32527359008789064,0.00808319091796875,9.715247039794923
1748972357175,0.3315605163574219,0.006735992431640626,9.720935211181642
1748972357246,0.3266207885742188,0.001945953369140625,9.727970581054688
1748972357308,0.32811767578125,0.00089813232421875,9.71270233154297
1748972357375,0.31853759765625,-0.00269439697265625,9.722581787109375
1748972357442,0.31868728637695315,0.0016465759277343752,9.723180541992187
1748972357508,0.3251239013671875,0.0014968872070312501,9.736951904296875
1748972357575,0.32302825927734374,0.0032931518554687503,9.722132720947267
1748972357646,0.32332763671875003,0.0028440856933593752,9.721234588623048
1748972357708,0.3266207885742188,0.0077838134765625,9.715097351074219
1748972357775,0.32227981567382813,-0.0053887939453125,9.727371826171876
1748972357846,0.319735107421875,0.011675720214843751,9.718390502929688
1748972357908,0.3255729675292969,-0.0005987548828125,9.726473693847657
1748972357975,0.3351530456542969,0.0061372375488281256,9.733958129882813
1748972358045,0.32811767578125,0.015717315673828124,9.710606689453126
1748972358108,0.3276686096191406,0.009580078125,9.72617431640625
1748972358175,0.32677047729492187,0.00987945556640625,9.71943832397461
1748972358245,0.33320709228515627,0.0029937744140625003,9.722731475830079
1748972358308,0.3315605163574219,0.008831634521484376,9.724976806640626
1748972358375,0.32871643066406253,0.00928070068359375,9.71419921875
1748972358443,0.324525146484375,0.011975097656250001,9.718839569091797
1748972358508,0.3165916442871094,0.0143701171875,9.713450775146486
1748972358575,0.3323089599609375,0.008831634521484376,9.719588012695313
1748972358645,0.32677047729492187,0.00868194580078125,9.714498596191406
1748972358708,0.3297642517089844,0.008232879638671876,9.726024627685547
1748972358775,0.32287857055664065,0.009729766845703125,9.708361358642579
1748972358845,0.33126113891601566,0.013322296142578125,9.715247039794923
1748972358908,0.32706985473632816,0.0061372375488281256,9.707912292480469
1748972358975,0.32706985473632816,0.00449066162109375,9.725425872802735
1748972359045,0.3180885314941406,-0.00389190673828125,9.72901840209961
1748972359108,0.25926086425781253,0.001347198486328125,9.721983032226563
1748972359175,0.3362008666992188,0.020357666015625,9.711055755615234
1748972359245,0.3207829284667969,0.010927276611328125,9.717791748046876
1748972359308,0.32871643066406253,0.02155517578125,9.703571319580078
1748972359375,0.28261230468750004,-0.029189300537109376,9.743238830566407
1748972359442,0.3146456909179688,0.010927276611328125,9.710157623291016
1748972359508,0.34248779296875004,0.01107696533203125,9.709109802246095
1748972359575,0.314945068359375,0.00987945556640625,9.714049530029298
1748972359646,0.32183074951171875,-0.0056881713867187505,9.715247039794923
1748972359708,0.32048355102539067,0.007933502197265626,9.708960113525391
1748972359775,0.32706985473632816,0.0143701171875,9.716594238281251
1748972359845,0.32213012695312504,0.010627899169921875,9.716145172119141
1748972359908,0.32826736450195315,0.014519805908203126,9.715995483398437
1748972359975,0.3251239013671875,0.00868194580078125,9.70985824584961
1748972360043,0.319735107421875,0.0,9.722432098388673
1748972360108,0.3387455749511719,0.016615447998046876,9.710606689453126
1748972360175,0.32213012695312504,0.023501129150390626,9.727371826171876
1748972360246,0.33784744262695315,0.004340972900390625,9.72662338256836
1748972360308,0.2974314880371094,-0.014220428466796876,9.721683654785156
1748972360375,0.3113525390625,0.0059875488281250005,9.715396728515625
1748972360443,0.3195854187011719,-0.001197509765625,9.71419921875
1748972360508,0.32287857055664065,0.007634124755859375,9.718689880371095
1748972360575,0.33679962158203125,0.00449066162109375,9.713600463867188
1748972360646,0.3251239013671875,0.0029937744140625003,9.703870697021484
1748972360708,0.32811767578125,0.006735992431640626,9.716294860839843
1748972360775,0.324525146484375,0.005538482666015625,9.713750152587892
1748972360843,0.3159928894042969,0.0077838134765625,9.71315139770508
1748972360908,0.33859588623046877,0.008382568359375,9.716145172119141
1748972360975,0.32706985473632816,0.011975097656250001,9.715696105957031
1748972361045,0.32826736450195315,0.0059875488281250005,9.70985824584961
1748972361108,0.33215927124023437,0.0077838134765625,9.723330230712891
1748972361175,0.32706985473632816,0.001945953369140625,9.71749237060547
1748972361246,0.32647109985351563,0.006436614990234376,9.711504821777345
1748972361308,0.3246748352050781,0.006286926269531251,9.717642059326172
1748972361375,0.31943572998046876,0.008831634521484376,9.716145172119141
1748972361443,0.3234773254394531,-0.0032931518554687503,9.715845794677735
1748972361508,0.3207829284667969,-0.001047821044921875,9.718240814208984
1748972361575,0.32751892089843754,0.00209564208984375,9.709558868408203
1748972361646,0.3146456909179688,-0.005538482666015625,9.715995483398437
1748972361708,0.3201841735839844,0.0058378601074218755,9.709409179687501
1748972361775,0.32213012695312504,0.0058378601074218755,9.710157623291016
1748972361846,0.3126997375488281,0.003742218017578125,9.723779296875
1748972361934,0.32138168334960937,0.00928070068359375,9.711205444335938
1748972361975,0.3104544067382813,0.00718505859375,9.717192993164064
1748972362041,0.33126113891601566,-0.0028440856933593752,9.718839569091797
1748972362108,0.32332763671875003,0.001945953369140625,9.716145172119141
1748972362175,0.32901580810546877,0.002544708251953125,9.716893615722658
1748972362246,0.319735107421875,0.0031434631347656253,9.716743927001954
1748972362308,0.3094065856933594,0.008831634521484376,9.714498596191406
1748972362375,0.319735107421875,-0.001197509765625,9.725276184082032
1748972362446,0.3243754577636719,0.00868194580078125,9.720037078857422
1748972362508,0.32781829833984377,0.016914825439453125,9.711055755615234
1748972362575,0.3189866638183594,-0.018711090087890625,9.723030853271485
1748972362646,0.33365615844726565,0.015118560791015626,9.713750152587892
1748972362708,0.32871643066406253,0.0014968872070312501,9.717342681884766
1748972362775,0.33410522460937503,0.002544708251953125,9.71704330444336
1748972362846,0.3237767028808594,-0.0061372375488281256,9.719588012695313
1748972362908,0.34398468017578127,0.013322296142578125,9.720486145019532
1748972362975,0.329315185546875,0.025297393798828127,9.704918518066407
1748972363046,0.30865814208984377,-0.02185455322265625,9.735455017089844
1748972363108,0.34623001098632816,0.019309844970703125,9.71135513305664
1748972363175,0.32871643066406253,0.0101788330078125,9.716893615722658
1748972363245,0.32677047729492187,0.0143701171875,9.711055755615234
1748972363308,0.30611343383789064,-0.003742218017578125,9.72183334350586
1748972363375,0.32302825927734374,0.006436614990234376,9.704469451904297
1748972363443,0.3180885314941406,-0.0034428405761718754,9.719138946533203
1748972363508,0.32781829833984377,-0.010627899169921875,9.726324005126953
1748972363575,0.35356475830078127,0.036074981689453126,9.69743408203125
1748972363645,0.3391946411132813,0.017663269042968752,9.709109802246095
1748972363708,0.3345542907714844,0.009131011962890626,9.716743927001954
1748972363775,0.3113525390625,0.009430389404296876,9.716743927001954
1748972363843,0.30716125488281254,-0.021106109619140626,9.728269958496094
1748972363908,0.3243754577636719,-0.000449066162109375,9.712852020263673
1748972363975,0.33605117797851564,-0.012124786376953125,9.736652526855469
1748972364045,0.3393443298339844,0.04445755004882813,9.708211669921875
1748972364108,0.32841705322265624,0.00508941650390625,9.723330230712891
1748972364175,0.33979339599609376,0.013022918701171875,9.709259490966797
1748972364243,0.3146456909179688,-0.013322296142578125,9.724976806640626
1748972364308,0.32946487426757814,-0.009131011962890626,9.721983032226563
1748972364375,0.33545242309570317,0.02664459228515625,9.698032836914063
1748972364443,0.2896476745605469,-0.06586303710937501,9.746382293701172
1748972364508,0.3396437072753906,0.02604583740234375,9.718390502929688
1748972364575,0.35581008911132816,0.015867004394531252,9.706116027832032
1748972364642,0.31284942626953127,0.01945953369140625,9.71464828491211
1748972364708,0.28874954223632815,-0.01916015625,9.71943832397461
1748972364775,0.28919860839843753,0.009131011962890626,9.692045288085938
1748972364842,0.32227981567382813,0.02155517578125,9.699679412841798
1748972364908,0.2082170104980469,-0.049846343994140625,9.725874938964845
1748972364975,0.3034190368652344,-0.00508941650390625,9.698182525634767
1748972365042,0.29937744140625,-0.011825408935546875,9.708061981201173
1748972365108,0.30326934814453127,0.00209564208984375,9.689500579833984
1748972365175,0.3106040954589844,-0.00029937744140625,9.698631591796875
1748972365245,0.324525146484375,0.015417938232421876,9.68875213623047
1748972365308,0.3129991149902344,0.008831634521484376,9.68441116333008
1748972365375,0.3016227722167969,-0.003742218017578125,9.69878128051758
1748972365443,0.3492237854003906,0.01466949462890625,9.700727233886719
1748972365508,0.34817596435546877,0.011226654052734375,9.701026611328125
1748972365575,0.2844085693359375,-0.013621673583984376,9.710007934570314
1748972365646,0.30177246093750004,-0.012723541259765625,9.70746322631836
1748972365708,0.27767257690429686,0.004340972900390625,9.693691864013672
1748972365775,0.31374755859375003,0.013771362304687501,9.705367584228517
1748972365841,0.3400927734375,0.015717315673828124,9.680818634033203
1748972365908,0.32138168334960937,0.01526824951171875,9.696535949707032
1748972365975,0.33141082763671875,0.00209564208984375,9.70985824584961
1748972366045,0.31150222778320313,0.008831634521484376,9.709409179687501
1748972366108,0.3141966247558594,0.0005987548828125,9.698930969238281
1748972366175,0.36718643188476563,0.013022918701171875,9.695039062500001
1748972366245,0.32168106079101566,0.0089813232421875,9.70267318725586
1748972366308,0.34323623657226565,0.006436614990234376,9.701176300048829
1748972366375,0.32811767578125,0.0101788330078125,9.689201202392578
1748972366443,0.30446685791015626,0.0058378601074218755,9.696835327148438
1748972366508,0.3207829284667969,0.001197509765625,9.699978790283204
1748972366575,0.346080322265625,0.023201751708984378,9.696386260986328
1748972366641,0.3201841735839844,0.007634124755859375,9.710157623291016
1748972366708,0.32751892089843754,0.008831634521484376,9.703271942138672
1748972366775,0.3305126953125,0.000449066162109375,9.69788314819336
1748972366846,0.3203338623046875,0.010328521728515625,9.708660736083985
1748972366927,0.3227288818359375,0.008831634521484376,9.707612915039062
1748972366975,0.28291168212890627,-0.017962646484375,9.710756378173828
1748972367041,0.34443374633789064,0.013022918701171875,9.704319763183594
1748972367108,0.33664993286132816,0.001047821044921875,9.71419921875
1748972367175,0.3004252624511719,0.0149688720703125,9.690847778320313
1748972367246,0.33126113891601566,0.001197509765625,9.691446533203125
1748972367308,0.30686187744140625,0.026494903564453127,9.701325988769531
1748972367375,0.3195854187011719,0.011825408935546875,9.700427856445312
1748972367446,0.3143463134765625,-0.00209564208984375,9.715845794677735
1748972367508,0.2890489196777344,0.009430389404296876,9.695188751220703
1748972367575,0.32183074951171875,-0.010627899169921875,9.701924743652345
1748972367645,0.2974314880371094,0.007933502197265626,9.705666961669923
1748972367708,0.32781829833984377,0.018411712646484377,9.70312225341797
1748972367775,0.33021331787109376,0.001047821044921875,9.707912292480469
1748972367846,0.32706985473632816,0.0041912841796875,9.70027816772461
1748972367908,0.3305126953125,0.00209564208984375,9.71270233154297
1748972367975,0.3227288818359375,0.0032931518554687503,9.704619140625
1748972368046,0.2800675964355469,0.004041595458984375,9.704619140625
1748972368108,0.37122802734375004,0.0149688720703125,9.699978790283204
1748972368175,0.326920166015625,0.013022918701171875,9.705217895507813
1748972368245,0.34129028320312504,0.014220428466796876,9.696236572265626
1748972368308,0.33260833740234375,0.00748443603515625,9.706415405273438
1748972368375,0.31180160522460937,0.00718505859375,9.710157623291016
1748972368443,0.3224295043945313,0.016316070556640624,9.69309310913086
1748972368508,0.2496807861328125,-0.005239105224609375,9.713001708984375
1748972368575,0.30671218872070316,0.006885681152343751,9.71704330444336
1748972368645,0.31225067138671875,-0.015867004394531252,9.725874938964845
1748972368708,0.30686187744140625,-0.01916015625,9.711205444335938
1748972368775,0.2932402038574219,0.0059875488281250005,9.713899841308594
1748972368845,0.3646417236328125,0.0005987548828125,9.70267318725586
1748972368908,0.3438349914550781,0.012424163818359375,9.70596633911133
1748972368975,0.25536895751953126,-0.010777587890625,9.718839569091797
1748972369045,0.3104544067382813,-0.008831634521484376,9.708361358642579
1748972369108,0.30386810302734374,0.0029937744140625003,9.720785522460938
1748972369175,0.31644195556640625,0.00239501953125,9.699679412841798
1748972369243,0.3201841735839844,0.013921051025390626,9.712402954101563
1748972369308,0.4327500915527344,0.015417938232421876,9.711953887939453
1748972369375,0.34099090576171875,0.019010467529296877,9.702074432373047
1748972369443,0.319735107421875,0.008232879638671876,9.710606689453126
1748972369508,0.32602203369140625,0.02245330810546875,9.701475677490235
1748972369575,0.30296997070312504,0.020207977294921877,9.710606689453126
1748972369645,0.30326934814453127,-0.01526824951171875,9.717642059326172
1748972369708,0.30790969848632815,-0.010777587890625,9.718839569091797
1748972369775,0.3311114501953125,0.002544708251953125,9.707612915039062
1748972369846,0.29593460083007816,0.08397537231445312,9.746681671142579
1748972369908,0.3219804382324219,0.023800506591796878,9.705816650390625
1748972369975,0.39592666625976564,0.028141479492187503,9.698032836914063
1748972370046,0.3254232788085938,0.0209564208984375,9.700727233886719
1748972370108,0.3254232788085938,-0.005239105224609375,9.701475677490235
1748972370175,0.36284545898437504,0.013471984863281251,9.709708557128907
1748972370243,0.3266207885742188,0.010029144287109375,9.70551727294922
1748972370308,0.3097059631347656,0.008532257080078126,9.710606689453126
1748972370375,0.32302825927734374,0.0017962646484375,9.709259490966797
1748972370442,0.2980302429199219,0.019609222412109377,9.711504821777345
1748972370508,0.3112028503417969,-0.00987945556640625,9.701625366210939
1748972370575,0.3201841735839844,0.0,9.707762603759766
1748972370645,0.36000137329101567,0.05718109130859375,9.696236572265626
1748972370708,0.35221755981445313,-0.001047821044921875,9.703571319580078
1748972370775,0.32108230590820314,0.004041595458984375,9.708810424804687
1748972370846,0.3650907897949219,0.011226654052734375,9.695338439941407
1748972370908,0.3499722290039063,0.014220428466796876,9.6998291015625
1748972370975,0.35700759887695316,0.009580078125,9.711205444335938
1748972371046,0.31883697509765624,0.006436614990234376,9.711055755615234
1748972371108,0.329315185546875,0.00269439697265625,9.699978790283204
1748972371175,0.31988479614257814,0.002544708251953125,9.710906066894532
1748972371246,0.32781829833984377,0.0005987548828125,9.703721008300782
1748972371308,0.3085084533691406,0.01107696533203125,9.710756378173828
1748972371375,0.32946487426757814,0.005239105224609375,9.700128479003906
1748972371443,0.33021331787109376,0.007933502197265626,9.711654510498047
1748972371508,0.3251239013671875,0.01107696533203125,9.701026611328125
1748972371575,0.28635452270507816,-0.000149688720703125,9.707163848876954
1748972371646,0.3323089599609375,0.01676513671875,9.699380035400392
1748972371708,0.36973114013671876,0.011675720214843751,9.698182525634767
1748972371775,0.3538641357421875,0.025297393798828127,9.700727233886719
1748972371846,0.290994873046875,-0.001047821044921875,9.70746322631836
1748972371930,0.2639012145996094,-0.017812957763671877,9.720935211181642
1748972371975,0.3758683776855469,0.025596771240234375,9.703421630859376
1748972372041,0.33006362915039067,0.0056881713867187505,9.700577545166016
1748972372108,0.3480262756347656,0.010627899169921875,9.707163848876954
1748972372175,0.34368530273437503,0.013022918701171875,9.698631591796875
1748972372242,0.24563919067382814,-0.012424163818359375,9.706116027832032
1748972372308,0.32063323974609376,0.017064514160156252,9.706864471435548
1748972372375,0.3192860412597656,0.0031434631347656253,9.702373809814453
1748972372445,0.29189300537109375,-0.0005987548828125,9.704768829345703
1748972372508,0.2908451843261719,0.0058378601074218755,9.71419921875
1748972372575,0.2996768188476563,0.005239105224609375,9.703721008300782
1748972372643,0.2912942504882813,0.00508941650390625,9.700128479003906
1748972372708,0.33260833740234375,-0.0016465759277343752,9.702523498535157
1748972372775,0.31868728637695315,0.004340972900390625,9.706565093994142
1748972372846,0.35326538085937503,0.04146377563476563,9.696236572265626
1748972372908,0.27872039794921877,0.00029937744140625,9.717342681884766
1748972372975,0.31225067138671875,0.013621673583984376,9.708960113525391
1748972373046,0.2842588806152344,-0.008382568359375,9.711205444335938
1748972373108,0.3495231628417969,0.0016465759277343752,9.712852020263673
1748972373174,0.33021331787109376,0.000449066162109375,9.715396728515625
1748972373242,0.3200344848632813,0.012723541259765625,9.718689880371095
1748972373308,0.3373983764648438,0.016016693115234376,9.716145172119141
1748972373375,0.33859588623046877,0.013921051025390626,9.717192993164064
1748972373442,0.34024246215820314,0.020207977294921877,9.711953887939453
1748972373508,0.28800109863281254,-0.0047900390625,9.709409179687501
1748972373575,0.29174331665039066,-0.015717315673828124,9.722581787109375
1748972373645,0.32721954345703125,0.001047821044921875,9.702074432373047
1748972373708,0.31255004882812504,-0.002544708251953125,9.710457000732422
1748972373775,0.30611343383789064,0.010328521728515625,9.709558868408203
1748972373845,0.31719039916992187,0.00748443603515625,9.704619140625
1748972373908,0.2763253784179688,-0.0061372375488281256,9.716743927001954
1748972373975,0.30671218872070316,-0.00389190673828125,9.716893615722658
1748972374043,0.3035687255859375,0.00928070068359375,9.71030731201172
1748972374108,0.3023712158203125,0.00987945556640625,9.713600463867188
1748972374175,0.30566436767578126,0.0029937744140625003,9.715097351074219
1748972374245,0.3147953796386719,0.00987945556640625,9.713750152587892
1748972374308,0.32647109985351563,0.012723541259765625,9.70312225341797
1748972374375,0.29174331665039066,0.013322296142578125,9.711654510498047
1748972374443,0.35131942749023437,0.018711090087890625,9.712402954101563
1748972374508,0.3399430847167969,0.01945953369140625,9.707612915039062
1748972374575,0.33635055541992187,0.01466949462890625,9.713001708984375
1748972374645,0.33799713134765624,0.009131011962890626,9.710756378173828
1748972374708,0.34503250122070317,0.0143701171875,9.708361358642579
1748972374775,0.3288661193847656,0.0041912841796875,9.70312225341797
1748972374841,0.3393443298339844,0.00089813232421875,9.703571319580078
1748972374908,0.33560211181640626,0.014819183349609376,9.700128479003906
1748972374975,0.3303630065917969,0.0034428405761718754,9.713750152587892
1748972375045,0.3338058471679688,0.005538482666015625,9.715396728515625
1748972375108,0.3263214111328125,0.002544708251953125,9.721983032226563
1748972375175,0.3119512939453125,-0.0017962646484375,9.716893615722658
1748972375246,0.3143463134765625,0.000449066162109375,9.717192993164064
1748972375308,0.3050656127929688,-0.000149688720703125,9.720486145019532
1748972375375,0.33365615844726565,0.0101788330078125,9.713750152587892
1748972375443,0.33485366821289064,0.0005987548828125,9.723479919433593
1748972375508,0.33171020507812504,0.004041595458984375,9.724527740478516
1748972375575,0.3192860412597656,0.011825408935546875,9.730215911865235
1748972375646,0.310155029296875,0.009430389404296876,9.719138946533203
1748972375708,0.3035687255859375,0.0041912841796875,9.727521514892578
1748972375775,0.3143463134765625,-0.0053887939453125,9.729617156982423
1748972375846,0.2938389587402344,-0.00508941650390625,9.720935211181642
1748972375908,0.319735107421875,0.0161663818359375,9.721683654785156
1748972375975,0.3177891540527344,0.0185614013671875,9.721983032226563
1748972376046,0.31524444580078126,0.006286926269531251,9.717642059326172
1748972376108,0.30731094360351563,0.010328521728515625,9.730664978027344
1748972376175,0.31689102172851563,0.00209564208984375,9.720935211181642
1748972376246,0.31763946533203125,0.000449066162109375,9.725276184082032
1748972376308,0.32138168334960937,0.00987945556640625,9.709259490966797
1748972376375,0.3004252624511719,-0.0029937744140625003,9.72033645629883
1748972376443,0.31524444580078126,0.0014968872070312501,9.715995483398437
1748972376508,0.30835876464843753,-0.005538482666015625,9.722581787109375
1748972376575,0.32841705322265624,-0.00209564208984375,9.720785522460938
1748972376646,0.2992277526855469,0.002245330810546875,9.717192993164064
1748972376708,0.3146456909179688,0.005538482666015625,9.72033645629883
1748972376775,0.32602203369140625,0.010627899169921875,9.72033645629883
1748972376846,0.31404693603515627,0.012124786376953125,9.714947662353516
1748972376929,0.3138972473144531,0.0056881713867187505,9.720935211181642
1748972376975,0.3212319946289063,0.01526824951171875,9.721084899902344
1748972377041,0.3254232788085938,0.0032931518554687503,9.724078674316408
1748972377108,0.3309617614746094,-0.001047821044921875,9.718240814208984
1748972377175,0.316142578125,0.010927276611328125,9.717642059326172
1748972377246,0.3201841735839844,0.011226654052734375,9.722881164550781
1748972377308,0.319735107421875,0.001197509765625,9.70985824584961
1748972377375,0.3333567810058594,0.007334747314453125,9.719737701416015
1748972377442,0.3201841735839844,0.0061372375488281256,9.72138427734375
1748972377508,0.31883697509765624,0.0059875488281250005,9.726473693847657
1748972377575,0.3224295043945313,0.011376342773437501,9.729766845703125
1748972377646,0.33141082763671875,0.00029937744140625,9.720635833740236
1748972377708,0.3261717224121094,0.006885681152343751,9.723030853271485
1748972377775,0.3454815673828125,0.013921051025390626,9.715396728515625
1748972377846,0.32407608032226565,0.00089813232421875,9.711654510498047
1748972377908,0.32751892089843754,0.00987945556640625,9.717791748046876
1748972377975,0.32706985473632816,0.00389190673828125,9.719138946533203
1748972378046,0.324525146484375,0.0014968872070312501,9.71315139770508
1748972378108,0.30716125488281254,-0.001347198486328125,9.720486145019532
1748972378175,0.3246748352050781,0.006885681152343751,9.715396728515625
1748972378245,0.31329849243164065,-0.0047900390625,9.72422836303711
1748972378308,0.3141966247558594,0.009580078125,9.722581787109375
1748972378375,0.32362701416015627,0.00269439697265625,9.71854019165039
1748972378443,0.3092568969726563,0.001047821044921875,9.71315139770508
1748972378508,0.3183879089355469,0.00389190673828125,9.717791748046876
1748972378575,0.3227288818359375,0.00508941650390625,9.71988739013672
1748972378643,0.30641281127929687,0.006735992431640626,9.719737701416015
1748972378708,0.31988479614257814,0.0061372375488281256,9.723180541992187
1748972378775,0.32213012695312504,0.0077838134765625,9.728419647216798
1748972378844,0.31449600219726564,0.010328521728515625,9.71943832397461
1748972378908,0.3297642517089844,0.005239105224609375,9.713450775146486
1748972378975,0.3004252624511719,0.001945953369140625,9.721234588623048
1748972379045,0.336500244140625,0.013022918701171875,9.717642059326172
1748972379108,0.3254232788085938,0.0041912841796875,9.714797973632812
1748972379175,0.3153941345214844,0.012274475097656251,9.717941436767578
1748972379245,0.30671218872070316,-0.0058378601074218755,9.713600463867188
1748972379308,0.32302825927734374,0.0061372375488281256,9.721084899902344
1748972379375,0.3141966247558594,0.00269439697265625,9.713450775146486
1748972379443,0.3158432006835938,0.004340972900390625,9.718839569091797
1748972379508,0.3249742126464844,0.010328521728515625,9.707762603759766
1748972379575,0.3141966247558594,0.0149688720703125,9.724078674316408
1748972379644,0.31644195556640625,0.00239501953125,9.711205444335938
1748972379708,0.3100053405761719,-0.003742218017578125,9.719588012695313
1748972379775,0.33066238403320314,-0.0016465759277343752,9.715845794677735
1748972379846,0.310155029296875,0.009430389404296876,9.718689880371095
1748972379908,0.28994705200195314,-0.0014968872070312501,9.715995483398437
1748972379975,0.31524444580078126,0.0056881713867187505,9.712552642822265
1748972380046,0.32482452392578126,0.007634124755859375,9.717791748046876
1748972380108,0.3088078308105469,0.006586303710937501,9.721234588623048
1748972380175,0.29488677978515626,0.00748443603515625,9.720186767578125
1748972380243,0.30910720825195315,0.011226654052734375,9.716294860839843
1748972380308,0.27617568969726564,-0.0028440856933593752,9.712852020263673
1748972380375,0.28695327758789063,0.0017962646484375,9.722432098388673
1748972380443,0.3396437072753906,0.0077838134765625,9.70701416015625
1748972380508,0.335302734375,0.003592529296875,9.716594238281251
1748972380575,0.3254232788085938,0.003592529296875,9.71419921875
1748972380645,0.3333567810058594,0.012424163818359375,9.717642059326172
1748972380708,0.3177891540527344,0.009430389404296876,9.722132720947267
1748972380775,0.32407608032226565,0.0047900390625,9.723779296875
1748972380846,0.34787658691406254,0.00718505859375,9.713600463867188
1748972380908,0.29219238281250004,-0.004340972900390625,9.713750152587892
1748972380975,0.28410919189453127,-0.0059875488281250005,9.721084899902344
1748972381046,0.3126997375488281,0.010777587890625,9.713450775146486
1748972381108,0.3088078308105469,0.0047900390625,9.717642059326172
1748972381175,0.3212319946289063,0.002245330810546875,9.723928985595704
1748972381246,0.3200344848632813,0.001197509765625,9.713450775146486
1748972381308,0.32048355102539067,-0.0058378601074218755,9.712253265380859
1748972381375,0.31719039916992187,-0.000449066162109375,9.722581787109375
1748972381442,0.33245864868164066,-0.001197509765625,9.714498596191406
1748972381508,0.31150222778320313,0.0028440856933593752,9.711953887939453
1748972381575,0.3375480651855469,0.006286926269531251,9.709558868408203
1748972381646,0.3357518005371094,0.006586303710937501,9.709109802246095
1748972381708,0.32227981567382813,0.003592529296875,9.716444549560547
1748972381775,0.3255729675292969,0.006735992431640626,9.716444549560547
1748972381846,0.33410522460937503,-0.0028440856933593752,9.716743927001954
1748972381930,0.3031196594238281,-0.004640350341796875,9.715097351074219
1748972381975,0.3429368591308594,0.005239105224609375,9.719588012695313
1748972382041,0.3215313720703125,0.01107696533203125,9.717791748046876
1748972382108,0.3288661193847656,0.013621673583984376,9.714049530029298
1748972382175,0.3028202819824219,0.00928070068359375,9.722282409667969
1748972382243,0.3159928894042969,0.006286926269531251,9.720635833740236
1748972382308,0.3183879089355469,0.0053887939453125,9.72707244873047
1748972382375,0.3338058471679688,0.022004241943359377,9.71704330444336
1748972382447,0.32048355102539067,0.002544708251953125,9.730066223144531
1748972382508,0.32946487426757814,0.008831634521484376,9.714498596191406
1748972382575,0.3146456909179688,0.001047821044921875,9.716893615722658
1748972382646,0.3119512939453125,0.007933502197265626,9.715546417236329
1748972382708,0.32871643066406253,0.004640350341796875,9.710457000732422
1748972382775,0.3189866638183594,0.009430389404296876,9.720037078857422
1748972382846,0.33799713134765624,0.014220428466796876,9.714947662353516
1748972382908,0.3203338623046875,0.01676513671875,9.704918518066407
1748972382975,0.354462890625,-0.005538482666015625,9.708361358642579
1748972383046,0.3255729675292969,0.0101788330078125,9.707163848876954
1748972383108,0.298179931640625,-0.0014968872070312501,9.711654510498047
1748972383175,0.3276686096191406,0.003742218017578125,9.712852020263673
1748972383245,0.3311114501953125,0.00987945556640625,9.728269958496094
1748972383308,0.32168106079101566,0.00209564208984375,9.71749237060547
1748972383375,0.3212319946289063,-0.0005987548828125,9.718240814208984
1748972383441,0.30147308349609375,0.0016465759277343752,9.714498596191406
1748972383508,0.3094065856933594,-0.00808319091796875,9.72183334350586
1748972383575,0.310155029296875,0.007035369873046876,9.711205444335938
1748972383645,0.31793884277343754,0.010328521728515625,9.715546417236329
1748972383708,0.30895751953125,0.00868194580078125,9.714049530029298
1748972383775,0.30895751953125,0.002544708251953125,9.720635833740236
1748972383845,0.3227288818359375,0.005538482666015625,9.717192993164064
1748972383908,0.32647109985351563,0.0061372375488281256,9.724527740478516
1748972383975,0.32332763671875003,0.010627899169921875,9.71270233154297
1748972384045,0.33724868774414063,-0.000149688720703125,9.713450775146486
1748972384108,0.3146456909179688,0.001945953369140625,9.726024627685547
1748972384175,0.3192860412597656,0.002544708251953125,9.714797973632812
1748972384242,0.3266207885742188,0.006885681152343751,9.712852020263673
1748972384308,0.32183074951171875,0.006885681152343751,9.719288635253907
1748972384375,0.32647109985351563,0.017064514160156252,9.71704330444336
1748972384442,0.32227981567382813,-0.005538482666015625,9.727222137451172
1748972384508,0.3146456909179688,-0.006885681152343751,9.719588012695313
1748972384575,0.3183879089355469,-0.007933502197265626,9.718689880371095
1748972384645,0.33859588623046877,0.013322296142578125,9.719138946533203
1748972384708,0.3550616455078125,0.00508941650390625,9.71270233154297
1748972384775,0.2989283752441406,0.009580078125,9.706265716552736
1748972384843,0.29144393920898437,-0.0101788330078125,9.725276184082032
1748972384908,0.2951861572265625,-0.0047900390625,9.715696105957031
1748972384975,0.30326934814453127,-0.011825408935546875,9.72572525024414
1748972385043,0.31180160522460937,0.0032931518554687503,9.717342681884766
1748972385108,0.3499722290039063,0.01107696533203125,9.709409179687501
1748972385175,0.3350033569335938,0.010777587890625,9.72033645629883
1748972385243,0.329315185546875,0.0016465759277343752,9.724078674316408
1748972385308,0.30267059326171875,0.00389190673828125,9.713301086425782
1748972385375,0.417930908203125,0.028740234375,9.704319763183594
1748972385443,0.3814068603515625,0.0058378601074218755,9.712103576660157
1748972385508,0.2854563903808594,0.031734008789062504,9.721533966064454
1748972385575,0.35326538085937503,-0.004340972900390625,9.712552642822265
1748972385646,0.30027557373046876,-0.007634124755859375,9.723030853271485
1748972385708,0.30177246093750004,0.0017962646484375,9.718839569091797
1748972385775,0.30611343383789064,-0.00508941650390625,9.713899841308594
1748972385846,0.3323089599609375,0.01047821044921875,9.724078674316408
1748972385908,0.32257919311523436,-0.007035369873046876,9.722881164550781
1748972385975,0.3254232788085938,0.0029937744140625003,9.72033645629883
1748972386046,0.29608428955078125,0.000149688720703125,9.72138427734375
1748972386108,0.338895263671875,0.013771362304687501,9.721234588623048
1748972386175,0.47900390625,-0.008382568359375,9.723030853271485
1748972386246,0.14534774780273438,0.00269439697265625,9.740544433593751
1748972386308,0.30910720825195315,-0.005538482666015625,9.721683654785156
1748972386375,0.3373983764648438,-0.000149688720703125,9.719737701416015
1748972386443,0.31868728637695315,0.002544708251953125,9.728719024658204
1748972386508,0.31868728637695315,-0.001047821044921875,9.720186767578125
1748972386575,0.31943572998046876,0.0017962646484375,9.71464828491211
1748972386643,0.25641677856445316,-0.02784210205078125,9.731114044189454
1748972386708,0.2662962341308594,-0.009131011962890626,9.73141342163086
1748972386775,0.2697390747070313,-0.01526824951171875,9.72901840209961
1748972386846,0.3338058471679688,0.00209564208984375,9.729317779541017
1748972386931,0.36119888305664066,0.022752685546875002,9.718091125488282
1748972386975,0.31404693603515627,0.00239501953125,9.726473693847657
1748972387041,0.3483256530761719,0.0059875488281250005,9.727970581054688
1748972387109,0.33021331787109376,-0.00389190673828125,9.717192993164064
1748972387175,0.36793487548828124,0.020207977294921877,9.711953887939453
1748972387246,0.33485366821289064,0.006436614990234376,9.71988739013672
1748972387308,0.28156448364257813,-0.022752685546875002,9.732012176513672
1748972387375,0.27617568969726564,-0.016465759277343752,9.723180541992187
1748972387446,0.319735107421875,-0.00209564208984375,9.738897857666016
1748972387508,0.3656895446777344,0.028740234375,9.704918518066407
1748972387575,0.3028202819824219,0.006286926269531251,9.721533966064454
1748972387643,0.35281631469726565,0.00987945556640625,9.725276184082032
1748972387708,0.2954855346679688,-0.0007484436035156251,9.712402954101563
1748972387775,0.24638763427734375,-0.021405487060546877,9.723479919433593
1748972387846,0.3231779479980469,-0.009729766845703125,9.714947662353516
1748972387908,0.34129028320312504,0.017962646484375,9.720186767578125
1748972387975,0.3311114501953125,-0.00239501953125,9.714947662353516
1748972388046,0.3333567810058594,0.013022918701171875,9.727371826171876
1748972388108,0.3549119567871094,0.00928070068359375,9.718839569091797
1748972388175,0.3296145629882813,0.011675720214843751,9.716444549560547
1748972388245,0.26958938598632814,-0.010627899169921875,9.729916534423829
1748972388308,0.33679962158203125,0.010927276611328125,9.716294860839843
1748972388375,0.37092864990234375,0.006735992431640626,9.718240814208984
1748972388442,0.33485366821289064,0.004939727783203125,9.726324005126953
1748972388508,0.3050656127929688,-0.004640350341796875,9.729467468261719
1748972388575,0.2996768188476563,0.0032931518554687503,9.729766845703125
1748972388645,0.3107537841796875,0.00089813232421875,9.725126495361328
1748972388708,0.31629226684570316,0.002245330810546875,9.720186767578125
1748972388775,0.27722351074218754,-0.010029144287109375,9.737700347900391
1748972388845,0.36658767700195316,0.010627899169921875,9.710007934570314
1748972388908,0.30252090454101566,-0.00209564208984375,9.727820892333986
1748972388975,0.2854563903808594,-0.007334747314453125,9.729317779541017
1748972389045,0.32572265625,-0.000449066162109375,9.721683654785156
1748972389108,0.33290771484375004,0.0101788330078125,9.72422836303711
1748972389175,0.3255729675292969,0.007634124755859375,9.723180541992187
1748972389243,0.33185989379882813,0.0014968872070312501,9.719138946533203
1748972389308,0.3008743286132813,0.014220428466796876,9.717342681884766
1748972389375,0.3345542907714844,0.0041912841796875,9.728120269775392
1748972389443,0.3661386108398438,0.010927276611328125,9.723180541992187
1748972389508,0.3288661193847656,0.01945953369140625,9.719138946533203
1748972389575,0.3465293884277344,0.0007484436035156251,9.720785522460938
1748972389646,0.39592666625976564,0.021106109619140626,9.714947662353516
1748972389708,0.2435435485839844,-0.014819183349609376,9.736502838134767
1748972389775,0.2812651062011719,-0.009430389404296876,9.722432098388673
1748972389846,0.28036697387695314,-0.0016465759277343752,9.72422836303711
1748972389908,0.25042922973632814,-0.012424163818359375,9.725425872802735
1748972389975,0.3227288818359375,0.006286926269531251,9.726324005126953
1748972390046,0.3776646423339844,-0.00029937744140625,9.72707244873047
1748972390108,0.33260833740234375,0.006735992431640626,9.718240814208984
1748972390175,0.2652484130859375,-0.011975097656250001,9.731563110351564
1748972390246,0.29338989257812503,0.00089813232421875,9.73141342163086
1748972390308,0.3579057312011719,0.011675720214843751,9.718091125488282
1748972390375,0.32332763671875003,-0.00089813232421875,9.733359375000001
1748972390443,0.3447331237792969,0.012124786376953125,9.725425872802735
1748972390508,0.3477268981933594,0.0005987548828125,9.715546417236329
1748972390575,0.32108230590820314,0.008382568359375,9.716444549560547
1748972390646,0.38709503173828125,-0.008232879638671876,9.737550659179687
1748972390708,0.32871643066406253,0.016465759277343752,9.71988739013672
1748972390775,0.34218841552734375,0.0017962646484375,9.723030853271485
1748972390846,0.243094482421875,-0.00868194580078125,9.730215911865235
1748972390908,0.2760260009765625,-0.004640350341796875,9.726922760009765
1748972390975,0.2616558837890625,-0.028740234375,9.70746322631836
1748972391046,0.31329849243164065,-0.023501129150390626,9.720486145019532
1748972391108,0.3020718383789063,-0.004640350341796875,9.720785522460938
1748972391175,0.3104544067382813,-0.013172607421875001,9.727371826171876
1748972391243,0.3480262756347656,0.001347198486328125,9.732311553955078
1748972391308,0.27138565063476566,-0.010927276611328125,9.729617156982423
1748972391375,0.3170407104492188,0.019908599853515625,9.72572525024414
1748972391443,0.3305126953125,0.005538482666015625,9.72467742919922
1748972391508,0.3011737060546875,-0.0077838134765625,9.726922760009765
1748972391575,0.29309051513671874,-0.0041912841796875,9.727371826171876
1748972391646,0.3200344848632813,0.00209564208984375,9.72901840209961
1748972391708,0.34712814331054687,0.01466949462890625,9.705068206787109
1748972391775,0.2903961181640625,0.006885681152343751,9.713750152587892
1748972391846,0.40430923461914064,-0.013471984863281251,9.732161865234376
1748972391931,0.3641926574707031,0.0056881713867187505,9.723779296875
1748972391975,0.2281256103515625,0.034877471923828125,9.718839569091797
1748972392041,0.26839187622070315,0.027991790771484375,9.721234588623048
1748972392109,0.3237767028808594,-0.0005987548828125,9.736053771972657
1748972392175,0.3058140563964844,-0.026943969726562503,9.72662338256836
1748972392246,0.2856060791015625,0.0053887939453125,9.713301086425782
1748972392308,0.24444168090820315,-0.035326538085937505,9.734407196044922
1748972392375,0.29758117675781254,0.019309844970703125,9.7189892578125
1748972392447,0.2844085693359375,-0.022902374267578126,9.732311553955078
1748972392508,0.27452911376953126,0.010777587890625,9.717342681884766
1748972392575,0.32048355102539067,-0.003592529296875,9.725575561523438
1748972392647,0.24489074707031253,-0.00748443603515625,9.725575561523438
1748972392708,0.33365615844726565,0.006586303710937501,9.717342681884766
1748972392775,0.3028202819824219,-0.018262023925781252,9.736353149414063
1748972392846,0.38589752197265625,0.024399261474609375,9.713450775146486
1748972392908,0.3249742126464844,0.0047900390625,9.729766845703125
1748972392975,0.3147953796386719,0.010627899169921875,9.730814666748048
1748972393046,0.31674133300781254,-0.001347198486328125,9.724976806640626
1748972393108,0.26345214843750003,-0.015567626953125,9.729317779541017
1748972393175,0.30835876464843753,0.0059875488281250005,9.725425872802735
1748972393243,0.3546125793457031,0.009729766845703125,9.721983032226563
1748972393308,0.335302734375,0.0161663818359375,9.72617431640625
1748972393375,0.34862503051757815,0.013322296142578125,9.719588012695313
1748972393442,0.30895751953125,-0.001197509765625,9.712852020263673
1748972393508,0.33245864868164066,0.00089813232421875,9.720186767578125
1748972393575,0.28156448364257813,0.00089813232421875,9.730814666748048
1748972393643,0.30805938720703124,-0.0017962646484375,9.726773071289063
1748972393708,0.28979736328125,-0.002544708251953125,9.725276184082032
1748972393775,0.30551467895507817,0.012424163818359375,9.72138427734375
1748972393845,0.30177246093750004,0.0058378601074218755,9.723180541992187
1748972393908,0.33245864868164066,0.0014968872070312501,9.723330230712891
1748972393975,0.27422973632812503,0.00089813232421875,9.721234588623048
1748972394043,0.3004252624511719,-0.00239501953125,9.723330230712891
1748972394108,0.3224295043945313,-0.006586303710937501,9.723779296875
1748972394175,0.2812651062011719,-0.003592529296875,9.718390502929688
1748972394245,0.31090347290039066,0.008532257080078126,9.724078674316408
1748972394308,0.3135978698730469,0.000449066162109375,9.72662338256836
1748972394375,0.2652484130859375,-0.004340972900390625,9.733059997558595
1748972394443,0.3047662353515625,-0.013921051025390626,9.733209686279297
1748972394508,0.31988479614257814,-0.001945953369140625,9.7285693359375
1748972394575,0.29593460083007816,-0.0056881713867187505,9.723479919433593
1748972394643,0.28096572875976566,0.00089813232421875,9.719588012695313
1748972394708,0.3010240173339844,-0.0053887939453125,9.72183334350586
1748972394775,0.31748977661132816,0.0058378601074218755,9.714947662353516
1748972394846,0.300574951171875,-0.00508941650390625,9.729766845703125
1748972394908,0.3159928894042969,0.014220428466796876,9.720186767578125
1748972394975,0.3146456909179688,0.006586303710937501,9.723330230712891
1748972395046,0.34203872680664066,-0.001047821044921875,9.72617431640625
1748972395108,0.33006362915039067,0.004340972900390625,9.723030853271485
1748972395175,0.27393035888671874,0.006586303710937501,9.73291030883789
1748972395243,0.3393443298339844,0.009131011962890626,9.720785522460938
1748972395308,0.31763946533203125,0.0061372375488281256,9.72183334350586
1748972395375,0.33365615844726565,0.003592529296875,9.717342681884766
1748972395441,0.3106040954589844,-0.0028440856933593752,9.732311553955078
1748972395508,0.2996768188476563,-0.006436614990234376,9.720785522460938
1748972395575,0.31719039916992187,0.000149688720703125,9.715995483398437
1748972395646,0.31329849243164065,0.0143701171875,9.720935211181642
1748972395708,0.35640884399414063,0.0197589111328125,9.704768829345703
1748972395775,0.338895263671875,0.015717315673828124,9.715097351074219
1748972395843,0.29368927001953127,-0.017214202880859376,9.718240814208984
1748972395908,0.26270370483398436,0.00029937744140625,9.713001708984375
1748972395975,0.26375152587890627,-0.000449066162109375,9.713600463867188
1748972396045,0.26719436645507816,0.0016465759277343752,9.716594238281251
1748972396108,0.33245864868164066,0.008831634521484376,9.713301086425782
1748972396175,0.37272491455078127,0.0089813232421875,9.723928985595704
1748972396246,0.3550616455078125,0.017064514160156252,9.69788314819336
1748972396308,0.31374755859375003,0.00209564208984375,9.713899841308594
1748972396375,0.33709899902343754,0.01676513671875,9.708810424804687
1748972396443,0.3031196594238281,0.010777587890625,9.714049530029298
1748972396508,0.2505789184570313,-0.015567626953125,9.726324005126953
1748972396575,0.26225463867187504,-0.007933502197265626,9.717342681884766
1748972396646,0.3239263916015625,0.0149688720703125,9.7189892578125
1748972396708,0.3342549133300781,0.017513580322265625,9.71943832397461
1748972396775,0.32572265625,0.0031434631347656253,9.714947662353516
1748972396846,0.3097059631347656,0.012573852539062501,9.70746322631836
1748972396924,0.31374755859375003,0.010029144287109375,9.723180541992187
1748972396975,0.3165916442871094,-0.000149688720703125,9.718839569091797
1748972397041,0.30551467895507817,-0.00269439697265625,9.70985824584961
1748972397108,0.30790969848632815,0.0058378601074218755,9.704619140625
1748972397175,0.3011737060546875,-0.0061372375488281256,9.722282409667969
1748972397245,0.31090347290039066,-0.001047821044921875,9.716444549560547
1748972397308,0.3255729675292969,0.0016465759277343752,9.713450775146486
1748972397375,0.3215313720703125,0.0016465759277343752,9.722731475830079
1748972397443,0.2692900085449219,-0.015867004394531252,9.713750152587892
1748972397508,0.32257919311523436,0.010627899169921875,9.717192993164064
1748972397575,0.31255004882812504,0.0059875488281250005,9.712253265380859
1748972397646,0.31030471801757814,0.013621673583984376,9.724827117919922
1748972397708,0.3249742126464844,0.0047900390625,9.715396728515625
1748972397775,0.3255729675292969,0.011526031494140625,9.70746322631836
1748972397844,0.3195854187011719,0.003592529296875,9.720785522460938
1748972397908,0.30805938720703124,0.011376342773437501,9.720935211181642
1748972397975,0.3088078308105469,0.0034428405761718754,9.71030731201172
1748972398046,0.28740234375,-0.001347198486328125,9.71704330444336
1748972398108,0.33215927124023437,0.002544708251953125,9.701924743652345
1748972398175,0.31404693603515627,0.0031434631347656253,9.709409179687501
1748972398245,0.3146456909179688,0.008232879638671876,9.712552642822265
1748972398308,0.33320709228515627,0.00389190673828125,9.720635833740236
1748972398375,0.30147308349609375,0.00209564208984375,9.707912292480469
1748972398442,0.3106040954589844,-0.00508941650390625,9.712852020263673
1748972398508,0.30805938720703124,0.009430389404296876,9.713899841308594
1748972398575,0.31030471801757814,0.00928070068359375,9.710756378173828
1748972398645,0.31284942626953127,-0.01047821044921875,9.714348907470704
1748972398708,0.3381468200683594,0.0077838134765625,9.71704330444336
1748972398775,0.31344818115234374,0.011376342773437501,9.704619140625
1748972398845,0.32227981567382813,-0.0028440856933593752,9.714947662353516
1748972398908,0.29054580688476567,0.0017962646484375,9.724078674316408
1748972398975,0.28261230468750004,-0.0028440856933593752,9.707313537597656
1748972399043,0.31823822021484377,0.012124786376953125,9.720037078857422
1748972399108,0.32287857055664065,-0.004041595458984375,9.717342681884766
1748972399175,0.31674133300781254,0.0014968872070312501,9.710906066894532
1748972399242,0.3135978698730469,0.006436614990234376,9.714348907470704
1748972399309,0.3393443298339844,0.00928070068359375,9.714348907470704
1748972399375,0.300574951171875,-0.001197509765625,9.710007934570314
1748972399445,0.33290771484375004,0.0005987548828125,9.716594238281251
1748972399508,0.32063323974609376,0.013621673583984376,9.708660736083985
1748972399575,0.31105316162109375,-0.0005987548828125,9.71749237060547
1748972399645,0.3085084533691406,0.0005987548828125,9.713899841308594
1748972399708,0.3131488037109375,0.0056881713867187505,9.710457000732422
1748972399775,0.30895751953125,0.006436614990234376,9.712402954101563
1748972399846,0.34203872680664066,0.012424163818359375,9.710606689453126
1748972399908,0.29069549560546876,0.009131011962890626,9.713899841308594
1748972399975,0.3010240173339844,0.005538482666015625,9.708511047363281
1748972400042,0.3311114501953125,0.0101788330078125,9.715845794677735
1748972400109,0.31868728637695315,0.0014968872070312501,9.718390502929688
1748972400175,0.26105712890625,-0.00987945556640625,9.720486145019532
1748972400246,0.28336074829101565,-0.0041912841796875,9.706265716552736
1748972400308,0.35102005004882814,0.011226654052734375,9.713450775146486
1748972400375,0.34099090576171875,0.00808319091796875,9.70985824584961
1748972400443,0.29219238281250004,-0.004939727783203125,9.720037078857422
1748972400508,0.3430865478515625,0.007634124755859375,9.706415405273438
1748972400575,0.3668870544433594,0.006735992431640626,9.714348907470704
1748972400646,0.32257919311523436,0.0029937744140625003,9.718390502929688
1748972400708,0.31284942626953127,0.00029937744140625,9.709558868408203
1748972400775,0.30252090454101566,0.000149688720703125,9.716145172119141
1748972400843,0.29832962036132815,0.0053887939453125,9.717941436767578
1748972400908,0.3279679870605469,0.0014968872070312501,9.720935211181642
1748972400975,0.32677047729492187,0.007035369873046876,9.71315139770508
1748972401046,0.3104544067382813,0.007634124755859375,9.716743927001954
1748972401108,0.34278717041015627,0.001197509765625,9.71315139770508
1748972401175,0.32871643066406253,0.016615447998046876,9.710457000732422
1748972401246,0.3399430847167969,0.0197589111328125,9.708660736083985
1748972401308,0.2484832763671875,-0.020507354736328125,9.72138427734375
1748972401375,0.23995101928710938,-0.006735992431640626,9.722581787109375
1748972401444,0.35401382446289065,0.013621673583984376,9.709409179687501
1748972401508,0.2543211364746094,-0.00718505859375,9.730814666748048
1748972401575,0.47032196044921876,-0.0017962646484375,9.724976806640626
1748972401646,0.3734733581542969,0.03338058471679688,9.706116027832032
1748972401708,0.26105712890625,0.012124786376953125,9.725575561523438
1748972401776,0.3129991149902344,0.00239501953125,9.712852020263673
1748972401846,0.27931915283203124,0.015717315673828124,9.72033645629883
1748972401928,0.2594105529785156,-0.006586303710937501,9.723479919433593
1748972401975,0.31793884277343754,0.006286926269531251,9.718091125488282
1748972402041,0.3107537841796875,0.00868194580078125,9.716594238281251
1748972402109,0.350870361328125,-0.0047900390625,9.720785522460938
1748972402175,0.26958938598632814,-0.011526031494140625,9.726473693847657
1748972402246,0.360450439453125,0.02424957275390625,9.70417007446289
1748972402308,0.3694317626953125,0.019309844970703125,9.723030853271485
1748972402376,0.27273284912109375,0.009430389404296876,9.719737701416015
1748972402447,0.40490798950195317,0.006586303710937501,9.708810424804687
1748972402508,0.32901580810546877,0.007035369873046876,9.721234588623048
1748972402576,0.31913635253906253,0.002245330810546875,9.726473693847657
1748972402646,0.3800596618652344,0.00089813232421875,9.719588012695313
1748972402708,0.2951861572265625,0.0014968872070312501,9.716893615722658
1748972402775,0.36643798828125,-0.0034428405761718754,9.719138946533203
1748972402846,0.24863296508789065,0.001197509765625,9.723629608154297
1748972402908,0.3531156921386719,0.020806732177734377,9.717342681884766
1748972402976,0.35131942749023437,0.015567626953125,9.721234588623048
1748972403043,0.3138972473144531,-0.001347198486328125,9.723330230712891
1748972403108,0.32302825927734374,0.01107696533203125,9.716444549560547
1748972403176,0.33440460205078126,0.008831634521484376,9.725126495361328
1748972403246,0.33979339599609376,0.0185614013671875,9.710457000732422
1748972403308,0.33021331787109376,0.003742218017578125,9.721234588623048
1748972403376,0.3359014892578125,0.00508941650390625,9.722132720947267
1748972403443,0.23680755615234375,-0.01047821044921875,9.729617156982423
1748972403508,0.23785537719726563,-0.008232879638671876,9.73186248779297
1748972403576,0.36628829956054687,0.012723541259765625,9.729617156982423
1748972403645,0.33320709228515627,0.010777587890625,9.713600463867188
1748972403708,0.34682876586914063,0.013771362304687501,9.724378051757814
1748972403776,0.3273692321777344,0.001347198486328125,9.72183334350586
1748972403842,0.33440460205078126,0.004939727783203125,9.72707244873047
1748972403908,0.33799713134765624,0.01676513671875,9.71704330444336
1748972403975,0.2751278686523438,-0.006586303710937501,9.719288635253907
1748972404045,0.32287857055664065,-0.00089813232421875,9.72662338256836
1748972404108,0.3074606323242188,0.00868194580078125,9.718091125488282
1748972404175,0.30072463989257814,-0.009729766845703125,9.720635833740236
1748972404242,0.319735107421875,0.002544708251953125,9.725276184082032
1748972404308,0.32677047729492187,-0.0031434631347656253,9.723180541992187
1748972404376,0.31255004882812504,0.0059875488281250005,9.724378051757814
1748972404443,0.32302825927734374,-0.004640350341796875,9.724078674316408
1748972404508,0.3043171691894531,-0.003592529296875,9.720635833740236
1748972404575,0.314945068359375,0.006885681152343751,9.729317779541017
1748972404645,0.29488677978515626,0.0053887939453125,9.715995483398437
1748972404708,0.35685791015625,-0.0059875488281250005,9.727671203613282
1748972404775,0.3131488037109375,0.0101788330078125,9.72662338256836
1748972404846,0.277822265625,-0.009131011962890626,9.725276184082032
1748972404908,0.3011737060546875,0.017513580322265625,9.710756378173828
1748972404976,0.32602203369140625,0.00987945556640625,9.721683654785156
1748972405046,0.3040177917480469,-0.012124786376953125,9.720935211181642
1748972405109,0.31030471801757814,0.0058378601074218755,9.716294860839843
1748972405175,0.34637969970703125,0.011526031494140625,9.721084899902344
1748972405246,0.3691323852539063,0.022602996826171878,9.719138946533203
1748972405308,0.2640509033203125,-0.015567626953125,9.724976806640626
1748972405376,0.3192860412597656,0.002544708251953125,9.725425872802735
1748972405443,0.3070115661621094,0.0014968872070312501,9.720037078857422
1748972405508,0.27497817993164064,-0.007634124755859375,9.729916534423829
1748972405576,0.2903961181640625,-0.0058378601074218755,9.726324005126953
1748972405644,0.3040177917480469,0.009430389404296876,9.713899841308594
1748972405708,0.28770172119140625,-0.00269439697265625,9.719288635253907
1748972405776,0.316142578125,0.007933502197265626,9.710457000732422
1748972405844,0.30611343383789064,-0.004939727783203125,9.711504821777345
1748972405908,0.32706985473632816,0.008382568359375,9.716294860839843
1748972405976,0.33141082763671875,0.013022918701171875,9.715546417236329
1748972406046,0.3246748352050781,0.011675720214843751,9.715247039794923
1748972406108,0.324525146484375,0.006885681152343751,9.71135513305664
1748972406176,0.31719039916992187,0.008232879638671876,9.721683654785156
1748972406243,0.329315185546875,0.004640350341796875,9.713301086425782
1748972406308,0.30222152709960937,-0.0014968872070312501,9.724378051757814
1748972406376,0.28575576782226564,-0.008232879638671876,9.727371826171876
1748972406444,0.32572265625,0.012573852539062501,9.709708557128907
1748972406508,0.2974314880371094,0.006885681152343751,9.710606689453126
1748972406576,0.3150947570800781,0.017064514160156252,9.72183334350586
1748972406646,0.29144393920898437,0.0059875488281250005,9.716444549560547
1748972406709,0.33829650878906253,0.0101788330078125,9.718839569091797
1748972406776,0.33829650878906253,0.01526824951171875,9.713750152587892
1748972406845,0.25836273193359377,-0.019309844970703125,9.728269958496094
1748972406932,0.3311114501953125,0.021704864501953126,9.72033645629883
1748972406975,0.33245864868164066,0.02245330810546875,9.71704330444336
1748972407041,0.29114456176757814,-0.0007484436035156251,9.719737701416015
1748972407109,0.31763946533203125,0.004340972900390625,9.720635833740236
1748972407176,0.3070115661621094,0.00868194580078125,9.715845794677735
1748972407247,0.29309051513671874,0.000149688720703125,9.726024627685547
1748972407308,0.29338989257812503,0.0,9.728269958496094
1748972407376,0.3135978698730469,0.0031434631347656253,9.720635833740236
1748972407443,0.286204833984375,-0.0031434631347656253,9.724527740478516
1748972407509,0.31763946533203125,-0.0059875488281250005,9.723180541992187
1748972407576,0.34024246215820314,0.004939727783203125,9.721234588623048
1748972407644,0.3649411010742188,0.030835876464843752,9.713301086425782
1748972407708,0.28156448364257813,0.001047821044921875,9.724976806640626
1748972407776,0.3040177917480469,0.004041595458984375,9.724378051757814
1748972407842,0.3598516845703125,0.010777587890625,9.728269958496094
1748972407908,0.2621049499511719,-0.00239501953125,9.728868713378906
1748972407976,0.3438349914550781,0.032183074951171876,9.718839569091797
1748972408044,0.3129991149902344,0.0101788330078125,9.71704330444336
1748972408109,0.3100053405761719,-0.011975097656250001,9.722282409667969
1748972408176,0.3062631225585938,0.0005987548828125,9.724378051757814
1748972408243,0.2866539001464844,-0.007933502197265626,9.72033645629883
1748972408308,0.2977308654785156,-0.01047821044921875,9.726922760009765
1748972408376,0.3023712158203125,-0.00269439697265625,9.718390502929688
1748972408443,0.30252090454101566,0.00239501953125,9.727671203613282
1748972408508,0.30446685791015626,0.00928070068359375,9.711504821777345
1748972408576,0.3359014892578125,0.0101788330078125,9.728868713378906
1748972408643,0.3200344848632813,0.01047821044921875,9.718240814208984
1748972408709,0.27333160400390627,-0.00449066162109375,9.720037078857422
1748972408776,0.28680358886718754,0.0061372375488281256,9.722581787109375
1748972408843,0.3537144470214844,0.0061372375488281256,9.724976806640626
1748972408909,0.31763946533203125,0.005538482666015625,9.72662338256836
1748972408975,0.30326934814453127,-0.005538482666015625,9.740544433593751
1748972409041,0.29488677978515626,-0.005239105224609375,9.71270233154297
1748972409109,0.3237767028808594,0.028590545654296876,9.708211669921875
1748972409176,0.33799713134765624,0.010777587890625,9.727521514892578
1748972409242,0.3477268981933594,0.02005828857421875,9.722731475830079
1748972409309,0.3095562744140625,-0.005239105224609375,9.728719024658204
1748972409376,0.3020718383789063,0.012573852539062501,9.715696105957031
1748972409443,0.3243754577636719,-0.001197509765625,9.725874938964845
1748972409509,0.31988479614257814,0.000449066162109375,9.728269958496094
1748972409576,0.3158432006835938,0.0031434631347656253,9.714947662353516
1748972409646,0.3020718383789063,0.0161663818359375,9.717791748046876
1748972409708,0.3201841735839844,-0.0029937744140625003,9.716893615722658
1748972409776,0.33709899902343754,0.011376342773437501,9.727222137451172
1748972409844,0.32287857055664065,0.0056881713867187505,9.725575561523438
1748972409909,0.30222152709960937,-0.005239105224609375,9.725425872802735
1748972409976,0.3309617614746094,0.0061372375488281256,9.716893615722658
1748972410044,0.28530670166015626,0.01107696533203125,9.714947662353516
1748972410109,0.6162684631347657,0.002245330810546875,9.741143188476563
1748972410176,0.3243754577636719,-0.013322296142578125,9.720486145019532
1748972410244,0.23935226440429688,-0.0053887939453125,9.727970581054688
1748972410308,0.5057981872558595,0.03203338623046875,9.715396728515625
1748972410376,0.32183074951171875,0.008232879638671876,9.71988739013672
1748972410441,0.33904495239257815,-0.011526031494140625,9.716594238281251
1748972410509,0.2950364685058594,-0.00748443603515625,9.734407196044922
1748972410576,0.3070115661621094,0.016316070556640624,9.72183334350586
1748972410644,0.3357518005371094,-0.018411712646484377,9.729617156982423
1748972410709,0.3784130859375,0.010627899169921875,9.712402954101563
1748972410776,0.30790969848632815,0.004939727783203125,9.71704330444336
1748972410844,0.29114456176757814,-0.0005987548828125,9.716594238281251
1748972410909,0.316142578125,0.002245330810546875,9.724378051757814
1748972410976,0.32362701416015627,-0.008232879638671876,9.727671203613282
1748972411044,0.31374755859375003,0.007035369873046876,9.724976806640626
1748972411109,0.32063323974609376,0.012873229980468751,9.715097351074219
1748972411176,0.35685791015625,0.016615447998046876,9.714797973632812
1748972411244,0.28874954223632815,0.0149688720703125,9.726473693847657
1748972411309,0.32257919311523436,0.005239105224609375,9.722432098388673
1748972411376,0.2496807861328125,-0.0007484436035156251,9.728120269775392
1748972411443,0.30895751953125,-0.009131011962890626,9.72662338256836
1748972411509,0.24593856811523437,-0.022602996826171878,9.737550659179687
1748972411575,0.3092568969726563,0.011825408935546875,9.72707244873047
1748972411643,0.32826736450195315,-0.0061372375488281256,9.727671203613282
1748972411709,0.3357518005371094,-0.021106109619140626,9.733658752441407
1748972411776,0.3106040954589844,0.012573852539062501,9.72662338256836
1748972411843,0.33799713134765624,0.010777587890625,9.721084899902344
1748972411928,0.3100053405761719,0.0047900390625,9.725126495361328
1748972411976,0.32183074951171875,0.0053887939453125,9.71749237060547
1748972412041,0.32407608032226565,0.00239501953125,9.72183334350586
1748972412109,0.31150222778320313,-0.000449066162109375,9.71988739013672
1748972412176,0.29338989257812503,0.010777587890625,9.731114044189454
1748972412246,0.31105316162109375,0.013172607421875001,9.726773071289063
1748972412309,0.317340087890625,0.0007484436035156251,9.720785522460938
1748972412376,0.3082090759277344,0.00928070068359375,9.731263732910156
1748972412447,0.31374755859375003,-0.001047821044921875,9.724078674316408
1748972412509,0.3192860412597656,-0.0034428405761718754,9.720186767578125
1748972412576,0.28725265502929687,0.012723541259765625,9.72467742919922
1748972412641,0.3384461975097656,0.07200027465820313,9.707313537597656
1748972412709,0.36209701538085937,-0.007634124755859375,9.729168090820313
1748972412776,0.3088078308105469,0.0041912841796875,9.720635833740236
1748972412843,0.329315185546875,0.01945953369140625,9.726473693847657
1748972412909,0.314945068359375,0.011526031494140625,9.718390502929688
1748972412976,0.3381468200683594,0.0005987548828125,9.726773071289063
1748972413046,0.3170407104492188,0.0058378601074218755,9.722132720947267
1748972413109,0.31344818115234374,-0.0059875488281250005,9.727521514892578
1748972413176,0.28650421142578125,-0.1279838562011719,9.754615173339845
1748972413243,0.3345542907714844,0.01526824951171875,9.718390502929688
1748972413309,0.2544708251953125,-0.05553451538085938,9.760752410888673
1748972413376,0.2998265075683594,0.036524047851562505,9.716145172119141
1748972413443,0.3339555358886719,-0.0007484436035156251,9.72183334350586
1748972413509,0.338895263671875,-0.0059875488281250005,9.731114044189454
1748972413576,0.3203338623046875,0.015717315673828124,9.722282409667969
1748972413641,0.3183879089355469,-0.01107696533203125,9.72707244873047
1748972413709,0.31225067138671875,0.0089813232421875,9.716893615722658
1748972413776,0.3526666259765625,0.017812957763671877,9.724527740478516
1748972413843,0.36119888305664066,0.03861968994140625,9.73291030883789
1748972413909,0.336500244140625,0.0221539306640625,9.715546417236329
1748972413976,0.358055419921875,0.007035369873046876,9.71854019165039
1748972414043,0.3119512939453125,0.014070739746093752,9.718839569091797
1748972414109,0.314945068359375,-0.00389190673828125,9.720935211181642
1748972414176,0.30132339477539066,0.0089813232421875,9.71135513305664
1748972414243,0.3106040954589844,-0.014819183349609376,9.723779296875
1748972414309,0.29069549560546876,-0.00209564208984375,9.720935211181642
1748972414376,0.34667907714843754,0.00239501953125,9.71943832397461
1748972414443,0.22692810058593751,0.023800506591796878,9.740394744873047
1748972414509,0.41029678344726567,-0.049846343994140625,9.719737701416015
1748972414576,0.30072463989257814,0.012873229980468751,9.727671203613282
1748972414643,0.35670822143554687,-0.00029937744140625,9.729317779541017
1748972414709,0.3251239013671875,0.013771362304687501,9.71943832397461
1748972414776,0.31988479614257814,0.00808319091796875,9.722731475830079
1748972414846,0.2986289978027344,-0.01107696533203125,9.728868713378906
1748972414909,0.3207829284667969,0.004640350341796875,9.733958129882813
1748972414976,0.2700384521484375,0.0034428405761718754,9.729916534423829
1748972415044,0.3100053405761719,0.001197509765625,9.725425872802735
1748972415109,0.31030471801757814,-0.007334747314453125,9.729317779541017
1748972415176,0.3147953796386719,-0.0014968872070312501,9.721234588623048
1748972415246,0.28096572875976566,-0.05403762817382813,9.720635833740236
1748972415309,0.26315277099609374,0.002245330810546875,9.722881164550781
1748972415376,0.27617568969726564,-0.009580078125,9.721084899902344
1748972415443,0.25117767333984375,-0.008532257080078126,9.72707244873047
1748972415509,0.27931915283203124,-0.010777587890625,9.720486145019532
1748972415576,0.30267059326171875,0.007035369873046876,9.722432098388673
1748972415644,0.31090347290039066,-0.007334747314453125,9.718839569091797
1748972415709,0.29608428955078125,0.006286926269531251,9.726324005126953
1748972415776,0.29413833618164065,0.004041595458984375,9.724827117919922
1748972415846,0.31988479614257814,0.00269439697265625,9.720486145019532
1748972415909,0.33440460205078126,0.0061372375488281256,9.723479919433593
1748972415976,0.33485366821289064,0.010627899169921875,9.725126495361328
1748972416043,0.34982254028320314,0.011376342773437501,9.71419921875
1748972416109,0.31853759765625,0.0034428405761718754,9.72572525024414
1748972416176,0.3394940185546875,0.008382568359375,9.71704330444336
1748972416244,0.32108230590820314,0.0041912841796875,9.72617431640625
1748972416309,0.31868728637695315,-0.0041912841796875,9.711504821777345
1748972416376,0.296982421875,0.00748443603515625,9.725276184082032
1748972416443,0.3968247985839844,0.024998016357421875,9.721234588623048
1748972416509,0.33171020507812504,0.017513580322265625,9.716145172119141
1748972416576,0.3285667419433594,0.010627899169921875,9.718091125488282
1748972416645,0.3043171691894531,0.0101788330078125,9.720785522460938
1748972416709,0.31569351196289064,-0.000449066162109375,9.717791748046876
1748972416776,0.3100053405761719,-0.00508941650390625,9.723180541992187
1748972416841,0.31105316162109375,0.00508941650390625,9.71988739013672
1748972416949,0.3143463134765625,0.012573852539062501,9.724527740478516
1748972416976,0.29264144897460936,-0.006885681152343751,9.724378051757814
1748972417042,0.29488677978515626,-0.014819183349609376,9.7189892578125
1748972417109,0.2962339782714844,0.00089813232421875,9.728419647216798
1748972417176,0.30267059326171875,0.001047821044921875,9.726024627685547
1748972417246,0.3189866638183594,0.00239501953125,9.721533966064454
1748972417309,0.3339555358886719,0.0056881713867187505,9.715097351074219
1748972417376,0.3135978698730469,0.004340972900390625,9.71135513305664
1748972417444,0.33769775390625,0.00389190673828125,9.732760620117189
1748972417509,0.3011737060546875,0.0056881713867187505,9.733059997558595
1748972417576,0.29937744140625,0.002245330810546875,9.716444549560547
1748972417647,0.3215313720703125,0.0059875488281250005,9.719737701416015
1748972417709,0.35296600341796874,0.02424957275390625,9.713450775146486
1748972417776,0.32362701416015627,0.017214202880859376,9.719588012695313
1748972417844,0.30132339477539066,0.004340972900390625,9.730664978027344
1748972417909,0.31674133300781254,0.015417938232421876,9.729766845703125
1748972417976,0.3082090759277344,-0.004640350341796875,9.725425872802735
1748972418043,0.32048355102539067,0.0047900390625,9.719588012695313
1748972418109,0.3285667419433594,0.0016465759277343752,9.712253265380859
1748972418176,0.22498214721679688,-0.0028440856933593752,9.716444549560547
1748972418243,0.2748284912109375,-0.011675720214843751,9.723779296875
1748972418309,0.22228775024414063,-0.0796343994140625,9.658515014648438
1748972418376,0.2912942504882813,0.00508941650390625,9.717192993164064
1748972418443,0.20043319702148438,-0.010777587890625,9.733359375000001
1748972418509,0.30192214965820313,0.0,9.717791748046876
1748972418576,0.27647506713867187,0.0016465759277343752,9.722432098388673
1748972418643,0.2920426940917969,-0.0031434631347656253,9.730664978027344
1748972418709,0.33260833740234375,-0.0007484436035156251,9.720635833740236
1748972418776,0.3438349914550781,0.0014968872070312501,9.723180541992187
1748972418843,0.3243754577636719,0.009430389404296876,9.719288635253907
1748972418909,0.31210098266601566,0.0014968872070312501,9.712552642822265
1748972418976,0.32602203369140625,-0.000149688720703125,9.722432098388673
1748972419043,0.3323089599609375,0.008831634521484376,9.723330230712891
1748972419109,0.3227288818359375,0.004939727783203125,9.727820892333986
1748972419176,0.31090347290039066,-0.0007484436035156251,9.728719024658204
1748972419243,0.31763946533203125,0.001047821044921875,9.721084899902344
1748972419309,0.3112028503417969,0.003592529296875,9.715995483398437
1748972419376,0.3276686096191406,0.0059875488281250005,9.720037078857422
1748972419444,0.32647109985351563,0.010927276611328125,9.713301086425782
1748972419509,0.32048355102539067,-0.00089813232421875,9.720186767578125
1748972419576,0.31090347290039066,0.014070739746093752,9.725425872802735
1748972419643,0.3680845642089844,0.004640350341796875,9.715845794677735
1748972419709,0.3403921508789063,0.015118560791015626,9.722881164550781
1748972419776,0.3158432006835938,0.009131011962890626,9.709109802246095
1748972419844,0.3106040954589844,-0.0047900390625,9.729168090820313
1748972419909,0.3040177917480469,0.0005987548828125,9.729168090820313
1748972419976,0.30267059326171875,0.012424163818359375,9.71749237060547
1748972420044,0.3537144470214844,0.027093658447265627,9.706565093994142
1748972420109,0.360450439453125,0.000449066162109375,9.730215911865235
1748972420176,0.3219804382324219,0.017064514160156252,9.720785522460938
1748972420244,0.32602203369140625,0.0173638916015625,9.71943832397461
1748972420309,0.326920166015625,0.0197589111328125,9.70417007446289
1748972420376,0.3453318786621094,-0.0032931518554687503,9.710157623291016
1748972420443,0.3192860412597656,-0.0061372375488281256,9.732461242675782
1748972420509,0.30641281127929687,-0.0005987548828125,9.72662338256836
1748972420576,0.3040177917480469,0.004041595458984375,9.727222137451172
1748972420644,0.3311114501953125,0.013921051025390626,9.724078674316408
1748972420709,0.33245864868164066,0.0032931518554687503,9.712852020263673
1748972420776,0.32572265625,0.0005987548828125,9.715696105957031
1748972420844,0.33859588623046877,0.0032931518554687503,9.726773071289063
1748972420909,0.3237767028808594,0.012873229980468751,9.698182525634767
1748972420976,0.3543132019042969,0.006735992431640626,9.720785522460938
1748972421044,0.32706985473632816,0.008831634521484376,9.723479919433593
1748972421109,0.33021331787109376,0.0101788330078125,9.720486145019532
1748972421176,0.26375152587890627,-0.02245330810546875,9.726773071289063
1748972421241,0.27273284912109375,-0.007634124755859375,9.730215911865235
1748972421309,0.336500244140625,0.017064514160156252,9.725425872802735
1748972421376,0.335302734375,0.02484832763671875,9.720935211181642
1748972421444,0.3010240173339844,-0.00449066162109375,9.734407196044922
1748972421509,0.3423381042480469,0.006436614990234376,9.71030731201172
1748972421576,0.30252090454101566,0.010777587890625,9.718240814208984
1748972421644,0.2851570129394531,-0.011975097656250001,9.733209686279297
1748972421709,0.300574951171875,-0.0077838134765625,9.723779296875
1748972421776,0.33260833740234375,0.0047900390625,9.717342681884766
1748972421844,0.31943572998046876,0.011675720214843751,9.730365600585937
1748972421932,0.27991790771484376,-0.000149688720703125,9.722581787109375
1748972421976,0.3740721130371094,0.0053887939453125,9.721084899902344
1748972422042,0.33769775390625,-0.001347198486328125,9.722132720947267
1748972422109,0.28186386108398437,-0.004340972900390625,9.726773071289063
1748972422176,0.32482452392578126,0.009430389404296876,9.733209686279297
1748972422246,0.32048355102539067,0.0185614013671875,9.717342681884766
1748972422309,0.26659561157226563,-0.015417938232421876,9.718839569091797
1748972422376,0.2805166625976563,0.0047900390625,9.723180541992187
1748972422444,0.324525146484375,0.017064514160156252,9.722581787109375
1748972422509,0.3040177917480469,0.013621673583984376,9.71854019165039
1748972422576,0.3231779479980469,0.0014968872070312501,9.722282409667969
1748972422644,0.350870361328125,0.0058378601074218755,9.717192993164064
1748972422709,0.3591032409667969,0.00748443603515625,9.73141342163086
1748972422776,0.32407608032226565,0.0149688720703125,9.717791748046876
1748972422844,0.32751892089843754,-0.001047821044921875,9.72033645629883
1748972422909,0.3107537841796875,0.010627899169921875,9.717342681884766
1748972422976,0.2743794250488281,-0.010927276611328125,9.732760620117189
1748972423044,0.2903961181640625,-0.006436614990234376,9.728120269775392
1748972423109,0.3242257690429688,0.006885681152343751,9.722581787109375
1748972423176,0.28216323852539066,-0.00269439697265625,9.725874938964845
1748972423243,0.29309051513671874,0.006586303710937501,9.721983032226563
1748972423309,0.34143997192382813,0.00748443603515625,9.732760620117189
1748972423376,0.32901580810546877,0.013921051025390626,9.713450775146486
1748972423442,0.33171020507812504,0.0059875488281250005,9.727521514892578
1748972423509,0.3396437072753906,-0.0016465759277343752,9.73186248779297
1748972423576,0.350870361328125,0.001197509765625,9.705217895507813
1748972423643,0.3043171691894531,0.004640350341796875,9.730215911865235
1748972423709,0.31644195556640625,0.016914825439453125,9.70985824584961
1748972423776,0.31644195556640625,0.013172607421875001,9.72183334350586
1748972423844,0.2839595031738281,-0.001945953369140625,9.723629608154297
1748972423909,0.29144393920898437,-0.004640350341796875,9.730066223144531
1748972423976,0.3441343688964844,-0.002544708251953125,9.722731475830079
1748972424042,0.3531156921386719,0.017064514160156252,9.722282409667969
1748972424109,0.3534150695800781,0.0017962646484375,9.72467742919922
1748972424176,0.3246748352050781,0.005538482666015625,9.718839569091797
1748972424243,0.3496728515625,0.015118560791015626,9.709558868408203
1748972424309,0.2321672058105469,-0.004939727783203125,9.726024627685547
1748972424376,0.30147308349609375,-0.001047821044921875,9.722881164550781
1748972424443,0.32647109985351563,-0.0028440856933593752,9.716294860839843
1748972424509,0.35057098388671876,0.012274475097656251,9.720486145019532
1748972424576,0.3263214111328125,0.001945953369140625,9.72422836303711
1748972424643,0.3209326171875,0.006436614990234376,9.727371826171876
1748972424709,0.3004252624511719,0.006586303710937501,9.72901840209961
1748972424776,0.2896476745605469,-0.0053887939453125,9.722432098388673
1748972424844,0.29788055419921877,0.0029937744140625003,9.715396728515625
1748972424909,0.31913635253906253,0.001047821044921875,9.724078674316408
1748972424976,0.3525169372558594,0.011376342773437501,9.717342681884766
1748972425044,0.32362701416015627,0.00928070068359375,9.714498596191406
1748972425109,0.3438349914550781,0.004041595458984375,9.719138946533203
1748972425176,0.3192860412597656,0.00868194580078125,9.721683654785156
1748972425244,0.29054580688476567,-0.007634124755859375,9.72467742919922
1748972425309,0.3020718383789063,0.0,9.726324005126953
1748972425376,0.31943572998046876,0.007634124755859375,9.722132720947267
1748972425443,0.3074606323242188,0.00718505859375,9.721683654785156
1748972425509,0.3299139404296875,0.0028440856933593752,9.722731475830079
1748972425576,0.34024246215820314,0.002245330810546875,9.722581787109375
1748972425644,0.3249742126464844,0.004041595458984375,9.718839569091797
1748972425709,0.2989283752441406,-0.0007484436035156251,9.720785522460938
1748972425776,0.30267059326171875,-0.0053887939453125,9.715396728515625
1748972425844,0.30641281127929687,0.002544708251953125,9.731114044189454
1748972425909,0.30566436767578126,0.0017962646484375,9.72707244873047
1748972425976,0.3209326171875,0.012424163818359375,9.730664978027344
1748972426044,0.33635055541992187,0.00748443603515625,9.720935211181642
1748972426109,0.3297642517089844,0.004041595458984375,9.719588012695313
1748972426176,0.32781829833984377,0.0017962646484375,9.725874938964845
1748972426244,0.3350033569335938,0.0028440856933593752,9.720635833740236
1748972426309,0.2999761962890625,0.012873229980468751,9.719737701416015
1748972426376,0.31449600219726564,-0.0077838134765625,9.721683654785156
1748972426443,0.3495231628417969,0.024548950195312502,9.716594238281251
1748972426509,0.22034179687500002,-0.027393035888671875,9.723180541992187
1748972426576,0.298179931640625,-0.0032931518554687503,9.725874938964845
1748972426643,0.3203338623046875,0.004041595458984375,9.715995483398437
1748972426709,0.28994705200195314,-0.00089813232421875,9.72901840209961
1748972426776,0.2944377136230469,-0.0031434631347656253,9.71419921875
1748972426844,0.2951861572265625,-0.002544708251953125,9.71854019165039
1748972426928,0.3177891540527344,-0.003592529296875,9.721084899902344
1748972426976,0.31748977661132816,0.00508941650390625,9.720037078857422
1748972427042,0.31853759765625,0.007035369873046876,9.71464828491211
1748972427109,0.338895263671875,0.00029937744140625,9.724976806640626
1748972427176,0.3192860412597656,0.010627899169921875,9.725126495361328
1748972427246,0.3028202819824219,-0.0007484436035156251,9.725126495361328
1748972427309,0.3097059631347656,-0.00209564208984375,9.730215911865235
1748972427376,0.3141966247558594,0.006436614990234376,9.720935211181642
1748972427443,0.3263214111328125,-0.0007484436035156251,9.726324005126953
1748972427509,0.3116519165039063,0.00089813232421875,9.708810424804687
1748972427576,0.29758117675781254,0.0077838134765625,9.726922760009765
1748972427644,0.31763946533203125,0.006436614990234376,9.717941436767578
1748972427709,0.281414794921875,-0.0101788330078125,9.715247039794923
1748972427776,0.3100053405761719,0.0028440856933593752,9.721533966064454
1748972427844,0.30686187744140625,0.002544708251953125,9.721533966064454
1748972427909,0.2986289978027344,0.0007484436035156251,9.730365600585937
1748972427976,0.31823822021484377,0.0034428405761718754,9.72467742919922
1748972428046,0.2884501647949219,0.00029937744140625,9.719588012695313
1748972428109,0.2950364685058594,0.0031434631347656253,9.728269958496094
1748972428176,0.3201841735839844,-0.000449066162109375,9.726773071289063
1748972428243,0.3107537841796875,-0.00389190673828125,9.723779296875
1748972428309,0.3242257690429688,0.008382568359375,9.720935211181642
1748972428376,0.3495231628417969,0.00269439697265625,9.720935211181642
1748972428443,0.30731094360351563,0.014220428466796876,9.723180541992187
1748972428509,0.3320095825195313,-0.00239501953125,9.718091125488282
1748972428576,0.34503250122070317,0.00748443603515625,9.714797973632812
1748972428643,0.33006362915039067,0.0058378601074218755,9.709708557128907
1748972428709,0.32257919311523436,-0.0032931518554687503,9.72033645629883
1748972428776,0.27991790771484376,0.0056881713867187505,9.728269958496094
1748972428843,0.31374755859375003,0.004041595458984375,9.716294860839843
1748972428909,0.3227288818359375,0.011825408935546875,9.718839569091797
1748972428976,0.3135978698730469,-0.00209564208984375,9.721983032226563
1748972429043,0.30027557373046876,-0.002245330810546875,9.714947662353516
1748972429109,0.6122268676757813,0.06316864013671876,9.720935211181642
1748972429176,0.36119888305664066,0.01676513671875,9.706565093994142
1748972429242,0.3525169372558594,0.005538482666015625,9.707612915039062
1748972429309,0.2998265075683594,0.0016465759277343752,9.719737701416015
1748972429376,0.32781829833984377,0.002245330810546875,9.714049530029298
1748972429443,0.31150222778320313,-0.00029937744140625,9.717342681884766
1748972429509,0.29488677978515626,0.0017962646484375,9.729317779541017
1748972429576,0.31344818115234374,-0.0058378601074218755,9.721084899902344
1748972429643,0.2231858825683594,-0.004640350341796875,9.739496612548828
1748972429709,0.30072463989257814,0.00209564208984375,9.712852020263673
1748972429776,0.32227981567382813,0.012424163818359375,9.718240814208984
1748972429842,0.39847137451171877,0.014519805908203126,9.72033645629883
1748972429909,0.35476226806640626,0.012573852539062501,9.725425872802735
1748972429976,0.2974314880371094,0.008532257080078126,9.718240814208984
1748972430044,0.31883697509765624,0.011376342773437501,9.730664978027344
1748972430109,0.35476226806640626,-0.007634124755859375,9.727521514892578
1748972430176,0.27916946411132815,-0.0061372375488281256,9.72617431640625
1748972430244,0.29728179931640625,0.000449066162109375,9.72422836303711
1748972430309,0.2775228881835938,-0.011675720214843751,9.727671203613282
1748972430376,0.2682421875,-0.006436614990234376,9.723479919433593
1748972430443,0.2963836669921875,0.001945953369140625,9.728868713378906
1748972430509,0.3219804382324219,0.00089813232421875,9.72422836303711
1748972430576,0.28830047607421877,0.00269439697265625,9.729617156982423
1748972430644,0.3074606323242188,-0.0031434631347656253,9.726324005126953
1748972430709,0.3040177917480469,-0.0007484436035156251,9.727521514892578
1748972430776,0.34443374633789064,0.009131011962890626,9.715845794677735
1748972430844,0.3183879089355469,-0.00508941650390625,9.72901840209961
1748972430909,0.29683273315429687,-0.013322296142578125,9.729168090820313
1748972430976,0.3058140563964844,0.006735992431640626,9.713600463867188
1748972431044,0.2854563903808594,-0.005538482666015625,9.718839569091797
1748972431109,0.30416748046875003,0.00449066162109375,9.715396728515625
1748972431176,0.34817596435546877,-0.009430389404296876,9.724078674316408
1748972431244,0.32527359008789064,-0.0425115966796875,9.70746322631836
1748972431309,0.2585124206542969,0.00718505859375,9.72617431640625
1748972431376,0.2963836669921875,0.004041595458984375,9.738448791503906
1748972431443,0.32572265625,-0.004041595458984375,9.720037078857422
1748972431509,0.3153941345214844,0.0017962646484375,9.729168090820313
1748972431576,0.3183879089355469,0.015118560791015626,9.72617431640625
1748972431644,0.3430865478515625,0.000449066162109375,9.715546417236329
1748972431709,0.3119512939453125,0.0077838134765625,9.727222137451172
1748972431776,0.33679962158203125,-0.000149688720703125,9.713600463867188
1748972431844,0.3116519165039063,-0.001047821044921875,9.722432098388673
1748972431928,0.2656974792480469,0.01047821044921875,9.728269958496094
1748972431976,0.2974314880371094,-0.0005987548828125,9.718091125488282
1748972432042,0.2748284912109375,-0.028740234375,9.722581787109375
1748972432109,0.3008743286132813,-0.002245330810546875,9.726024627685547
1748972432176,0.27916946411132815,-0.009729766845703125,9.728269958496094
1748972432246,0.32901580810546877,0.01047821044921875,9.725126495361328
1748972432309,0.32901580810546877,0.00928070068359375,9.715845794677735
1748972432376,0.30865814208984377,0.0016465759277343752,9.724976806640626
1748972432443,0.30895751953125,0.0032931518554687503,9.728719024658204
1748972432509,0.31524444580078126,-0.0029937744140625003,9.717791748046876
1748972432576,0.30072463989257814,0.017513580322265625,9.706415405273438
1748972432644,0.3429368591308594,0.0053887939453125,9.727970581054688
1748972432709,0.34563125610351564,0.016016693115234376,9.716893615722658
1748972432776,0.33709899902343754,0.011675720214843751,9.716145172119141
1748972432844,0.32108230590820314,0.003742218017578125,9.72467742919922
1748972432909,0.3011737060546875,-0.007035369873046876,9.720186767578125
1748972432976,0.2842588806152344,0.0041912841796875,9.720635833740236
1748972433044,0.3153941345214844,0.0029937744140625003,9.72033645629883
1748972433109,0.34129028320312504,0.00987945556640625,9.72183334350586
1748972433176,0.33171020507812504,0.00508941650390625,9.722881164550781
1748972433243,0.35281631469726565,0.01466949462890625,9.72572525024414
1748972433309,0.32048355102539067,0.00029937744140625,9.723479919433593
1748972433376,0.317340087890625,0.001347198486328125,9.725874938964845
1748972433443,0.32332763671875003,-0.00449066162109375,9.72183334350586
1748972433509,0.27722351074218754,-0.013172607421875001,9.721234588623048
1748972433576,0.30805938720703124,0.004041595458984375,9.716145172119141
1748972433643,0.30671218872070316,0.009430389404296876,9.72183334350586
1748972433709,0.38574783325195316,0.020806732177734377,9.713450775146486
1748972433776,0.3351530456542969,0.0034428405761718754,9.707762603759766
1748972433843,0.3430865478515625,-0.004340972900390625,9.727521514892578
1748972433909,0.37751495361328125,0.02185455322265625,9.7189892578125
1748972433976,0.22483245849609376,-0.024399261474609375,9.733509063720703
1748972434042,0.3351530456542969,0.016615447998046876,9.723180541992187
1748972434109,0.3203338623046875,0.011675720214843751,9.720037078857422
1748972434176,0.23082000732421876,-0.0017962646484375,9.732012176513672
1748972434243,0.31913635253906253,0.0221539306640625,9.716294860839843
1748972434309,0.310155029296875,-0.008532257080078126,9.726773071289063
1748972434376,0.31569351196289064,0.00389190673828125,9.71270233154297
1748972434443,0.2704875183105469,-0.00928070068359375,9.723629608154297
1748972434509,0.29294082641601565,0.006286926269531251,9.720037078857422
1748972434576,0.35476226806640626,0.019609222412109377,9.712852020263673
1748972434644,0.25641677856445316,-0.02844085693359375,9.730365600585937
1748972434709,0.43724075317382816,-0.011526031494140625,9.692793731689454
1748972434776,0.4125421142578125,0.045056304931640624,9.720785522460938
1748972434844,0.19893630981445312,-0.02305206298828125,9.72662338256836
1748972434909,0.30761032104492186,0.002245330810546875,9.721084899902344
1748972434976,0.324525146484375,-0.045954437255859376,9.739945678710939
1748972435044,0.26420059204101565,-0.00449066162109375,9.728719024658204
1748972435109,0.4303550720214844,0.004939727783203125,9.713899841308594
1748972435176,0.3251239013671875,0.003742218017578125,9.73291030883789
1748972435246,0.34323623657226565,0.01047821044921875,9.724078674316408
1748972435309,0.30671218872070316,0.006885681152343751,9.725874938964845
1748972435376,0.3165916442871094,-0.0031434631347656253,9.720635833740236
1748972435443,0.3215313720703125,0.0047900390625,9.720785522460938
1748972435509,0.3276686096191406,0.0101788330078125,9.719138946533203
1748972435576,0.32587234497070316,0.007933502197265626,9.71854019165039
1748972435644,0.3351530456542969,0.01047821044921875,9.72138427734375
1748972435709,0.3200344848632813,0.0041912841796875,9.718091125488282
1748972435776,0.305364990234375,0.003592529296875,9.717941436767578
1748972435844,0.29189300537109375,0.00269439697265625,9.71988739013672
1748972435909,0.3251239013671875,-0.004041595458984375,9.728120269775392
1748972435976,0.3598516845703125,0.017064514160156252,9.70985824584961
1748972436044,0.3297642517089844,0.013771362304687501,9.71704330444336
1748972436109,0.31329849243164065,0.0031434631347656253,9.715097351074219
1748972436176,0.31674133300781254,0.005538482666015625,9.717941436767578
1748972436242,0.3143463134765625,0.010927276611328125,9.723629608154297
1748972436309,0.31868728637695315,0.0053887939453125,9.729617156982423
1748972436376,0.31793884277343754,-0.000149688720703125,9.727671203613282
1748972436443,0.32751892089843754,0.008232879638671876,9.722581787109375
1748972436509,0.3070115661621094,-0.000149688720703125,9.735455017089844
1748972436576,0.3155438232421875,0.0061372375488281256,9.724527740478516
1748972436642,0.31674133300781254,0.004340972900390625,9.720486145019532
1748972436709,0.32362701416015627,0.001047821044921875,9.72033645629883
1748972436776,0.3219804382324219,0.010777587890625,9.71704330444336
1748972436844,0.31763946533203125,0.007933502197265626,9.72572525024414
1748972436931,0.31449600219726564,0.00449066162109375,9.72572525024414
1748972436976,0.32063323974609376,-0.003742218017578125,9.715995483398437
1748972437042,0.31793884277343754,0.006436614990234376,9.723180541992187
1748972437109,0.32287857055664065,0.012124786376953125,9.715845794677735
1748972437176,0.31719039916992187,0.007334747314453125,9.736053771972657
1748972437247,0.31344818115234374,0.0034428405761718754,9.727222137451172
1748972437309,0.30641281127929687,0.0032931518554687503,9.724827117919922
1748972437376,0.31988479614257814,0.005538482666015625,9.711205444335938
1748972437444,0.31404693603515627,0.009729766845703125,9.719288635253907
1748972437509,0.3207829284667969,0.0041912841796875,9.71749237060547
1748972437576,0.3297642517089844,0.006885681152343751,9.716444549560547
1748972437644,0.3131488037109375,0.010029144287109375,9.712552642822265
1748972437709,0.316142578125,0.004041595458984375,9.712552642822265
1748972437776,0.31644195556640625,0.00239501953125,9.719288635253907
1748972437844,0.2980302429199219,-0.007035369873046876,9.707762603759766
1748972437909,0.30551467895507817,0.009580078125,9.71315139770508
1748972437976,0.32407608032226565,0.007933502197265626,9.715546417236329
1748972438044,0.31823822021484377,0.00239501953125,9.704619140625
1748972438109,0.319735107421875,0.0047900390625,9.724078674316408
1748972438176,0.3192860412597656,-0.00508941650390625,9.719737701416015
1748972438243,0.31374755859375003,0.006286926269531251,9.708061981201173
1748972438309,0.30222152709960937,0.0041912841796875,9.714498596191406
1748972438376,0.31629226684570316,-0.0007484436035156251,9.722581787109375
1748972438443,0.32048355102539067,0.006735992431640626,9.71030731201172
1748972438509,0.3231779479980469,0.0034428405761718754,9.715097351074219
1748972438576,0.3138972473144531,0.001047821044921875,9.70985824584961
1748972438644,0.3212319946289063,0.003742218017578125,9.713600463867188
1748972438709,0.3183879089355469,0.00269439697265625,9.721983032226563
1748972438776,0.3180885314941406,0.0101788330078125,9.71419921875
1748972438843,0.316142578125,0.00449066162109375,9.707612915039062
1748972438909,0.31180160522460937,0.007035369873046876,9.710457000732422
1748972438976,0.3212319946289063,0.004640350341796875,9.712852020263673
1748972439043,0.3141966247558594,0.0056881713867187505,9.708511047363281
1748972439109,0.3189866638183594,-0.0005987548828125,9.719737701416015
1748972439176,0.32108230590820314,0.009430389404296876,9.70985824584961
1748972439244,0.3129991149902344,0.006735992431640626,9.711205444335938
1748972439309,0.31823822021484377,-0.006286926269531251,9.712103576660157
1748972439376,0.3207829284667969,0.0059875488281250005,9.71315139770508
1748972439443,0.31943572998046876,0.00089813232421875,9.71315139770508
1748972439509,0.3215313720703125,0.00718505859375,9.712852020263673
1748972439576,0.31674133300781254,0.01047821044921875,9.713450775146486
1748972439642,0.317340087890625,-0.0017962646484375,9.715396728515625
1748972439709,0.32946487426757814,0.007035369873046876,9.712253265380859
1748972439776,0.29877868652343753,0.0016465759277343752,9.716893615722658
1748972439844,0.30177246093750004,0.008232879638671876,9.715845794677735
1748972439909,0.2903961181640625,0.005538482666015625,9.710606689453126
1748972439976,0.29533584594726564,-0.006286926269531251,9.716294860839843
1748972440044,0.3426374816894531,-0.00209564208984375,9.712253265380859
1748972440109,0.2951861572265625,0.00748443603515625,9.714947662353516
1748972440176,0.31793884277343754,-0.01107696533203125,9.711654510498047
1748972440244,0.3143463134765625,-0.0058378601074218755,9.716594238281251
1748972440309,0.31090347290039066,0.0041912841796875,9.712852020263673
1748972440376,0.3192860412597656,0.002544708251953125,9.716294860839843
1748972440444,0.31344818115234374,0.004640350341796875,9.705068206787109
1748972440509,0.32647109985351563,-0.007035369873046876,9.728269958496094
1748972440576,0.31629226684570316,0.008232879638671876,9.713301086425782
1748972440642,0.3097059631347656,0.004340972900390625,9.719288635253907
1748972440709,0.32706985473632816,0.003592529296875,9.717791748046876
1748972440776,0.30910720825195315,0.00209564208984375,9.710606689453126
1748972440844,0.31644195556640625,-0.000149688720703125,9.71419921875
1748972440909,0.3159928894042969,0.00389190673828125,9.71704330444336
1748972440976,0.3261717224121094,0.007334747314453125,9.717192993164064
1748972441044,0.33320709228515627,0.00928070068359375,9.71180419921875
1748972441109,0.31868728637695315,0.00209564208984375,9.715097351074219
1748972441176,0.32183074951171875,0.0047900390625,9.712103576660157
1748972441244,0.3170407104492188,0.004041595458984375,9.71988739013672
1748972441309,0.3113525390625,-0.00718505859375,9.723629608154297
1748972441376,0.32183074951171875,0.007933502197265626,9.720486145019532
1748972441443,0.3261717224121094,0.0056881713867187505,9.723629608154297
1748972441509,0.33171020507812504,0.001047821044921875,9.717642059326172
1748972441576,0.3266207885742188,0.0089813232421875,9.717642059326172
1748972441644,0.3209326171875,0.001945953369140625,9.706116027832032
1748972441709,0.3195854187011719,-0.004340972900390625,9.729467468261719
1748972441776,0.3135978698730469,0.0031434631347656253,9.717642059326172
1748972441844,0.32257919311523436,0.00928070068359375,9.722132720947267
1748972441932,0.3288661193847656,0.020207977294921877,9.727820892333986
1748972441976,0.32362701416015627,-0.006885681152343751,9.712402954101563
1748972442042,0.3255729675292969,0.00449066162109375,9.715696105957031
1748972442109,0.3170407104492188,0.0028440856933593752,9.718839569091797
1748972442176,0.31569351196289064,0.007035369873046876,9.711055755615234
1748972442247,0.31150222778320313,0.006735992431640626,9.71943832397461
1748972442309,0.3200344848632813,-0.00029937744140625,9.71854019165039
1748972442376,0.31105316162109375,0.006436614990234376,9.716294860839843
1748972442444,0.32572265625,0.0032931518554687503,9.717791748046876
1748972442509,0.3254232788085938,0.001945953369140625,9.717192993164064
1748972442576,0.3342549133300781,0.0034428405761718754,9.720486145019532
1748972442644,0.31329849243164065,0.006286926269531251,9.718240814208984
1748972442709,0.31644195556640625,0.00808319091796875,9.720037078857422
1748972442776,0.3200344848632813,0.00389190673828125,9.71464828491211
1748972442844,0.3242257690429688,-0.004340972900390625,9.706565093994142
1748972442909,0.3227288818359375,0.003742218017578125,9.708960113525391
1748972442976,0.33215927124023437,0.012723541259765625,9.714498596191406
1748972443044,0.31674133300781254,0.015567626953125,9.707912292480469
1748972443109,0.32302825927734374,0.007035369873046876,9.721983032226563
1748972443176,0.31689102172851563,0.005239105224609375,9.713450775146486
1748972443243,0.3126997375488281,0.0032931518554687503,9.722132720947267
1748972443309,0.3297642517089844,0.00269439697265625,9.720186767578125
1748972443376,0.3146456909179688,0.00089813232421875,9.713450775146486
1748972443443,0.3095562744140625,-0.0007484436035156251,9.72033645629883
1748972443509,0.314945068359375,0.0028440856933593752,9.72422836303711
1748972443576,0.31629226684570316,0.009580078125,9.719288635253907
1748972443643,0.3170407104492188,0.01047821044921875,9.721983032226563
1748972443709,0.3251239013671875,0.006286926269531251,9.711953887939453
1748972443776,0.31150222778320313,0.008831634521484376,9.716294860839843
1748972443842,0.3170407104492188,0.001945953369140625,9.723779296875
1748972443909,0.31943572998046876,0.002544708251953125,9.71464828491211
1748972443976,0.326920166015625,0.0041912841796875,9.71464828491211
1748972444044,0.31329849243164065,0.00269439697265625,9.707612915039062
1748972444109,0.32287857055664065,0.009430389404296876,9.70701416015625
1748972444176,0.3207829284667969,0.0031434631347656253,9.71270233154297
1748972444244,0.3279679870605469,0.0053887939453125,9.723330230712891
1748972444309,0.31913635253906253,-0.000149688720703125,9.715546417236329
1748972444376,0.35356475830078127,-0.014220428466796876,9.710756378173828
1748972444442,0.3394940185546875,0.0161663818359375,9.714797973632812
1748972444509,0.33904495239257815,0.001197509765625,9.720037078857422
1748972444576,0.3207829284667969,0.00718505859375,9.711654510498047
1748972444644,0.31629226684570316,0.0053887939453125,9.725874938964845
1748972444709,0.31284942626953127,0.00269439697265625,9.72707244873047
1748972444776,0.3170407104492188,0.0032931518554687503,9.713600463867188
1748972444844,0.3255729675292969,0.0058378601074218755,9.716145172119141
1748972444909,0.3192860412597656,0.001945953369140625,9.71464828491211
1748972444976,0.3315605163574219,0.006735992431640626,9.708211669921875
1748972445044,0.3170407104492188,0.002245330810546875,9.72033645629883
1748972445109,0.31255004882812504,0.009430389404296876,9.714049530029298
1748972445176,0.32183074951171875,0.0034428405761718754,9.717192993164064
1748972445244,0.32257919311523436,0.00389190673828125,9.725425872802735
1748972445309,0.3333567810058594,0.011675720214843751,9.719737701416015
1748972445376,0.2900967407226563,0.004041595458984375,9.711504821777345
1748972445444,0.31030471801757814,0.004640350341796875,9.711654510498047
1748972445509,0.3207829284667969,0.006586303710937501,9.710906066894532
1748972445576,0.36703674316406254,0.02604583740234375,9.700727233886719
1748972445644,0.32227981567382813,0.01466949462890625,9.715696105957031
1748972445709,0.30551467895507817,0.00269439697265625,9.715696105957031
1748972445776,0.33679962158203125,0.018711090087890625,9.712103576660157
1748972445844,0.33185989379882813,0.004340972900390625,9.715546417236329
1748972445909,0.199984130859375,-0.007933502197265626,9.723629608154297
1748972445976,0.30416748046875003,-0.012873229980468751,9.717192993164064
1748972446044,0.3330574035644531,0.013921051025390626,9.713600463867188
1748972446109,0.32587234497070316,0.0053887939453125,9.716743927001954
1748972446176,0.3299139404296875,0.001197509765625,9.71749237060547
1748972446244,0.3183879089355469,-0.007334747314453125,9.723180541992187
1748972446309,0.2755769348144531,0.0017962646484375,9.716444549560547
1748972446376,0.31883697509765624,0.000149688720703125,9.712852020263673
1748972446444,0.3273692321777344,0.001945953369140625,9.72183334350586
1748972446509,0.316142578125,0.003592529296875,9.725126495361328
1748972446576,0.33141082763671875,-0.014819183349609376,9.730066223144531
1748972446644,0.3234773254394531,0.002245330810546875,9.720635833740236
1748972446709,0.3155438232421875,0.0007484436035156251,9.72617431640625
1748972446776,0.30716125488281254,0.00089813232421875,9.718091125488282
1748972446844,0.3046165466308594,-0.028889923095703127,9.744136962890625
1748972446931,0.36718643188476563,0.0496966552734375,9.684860229492188
1748972446976,0.3764671325683594,0.014220428466796876,9.709409179687501
1748972447042,0.3680845642089844,0.04071533203125,9.707163848876954
1748972447109,0.2225871276855469,-0.05313949584960938,9.74578353881836
1748972447176,0.3040177917480469,0.0628692626953125,9.699230346679688
1748972447244,0.37601806640625,0.0496966552734375,9.706116027832032
1748972447309,0.33724868774414063,0.008831634521484376,9.728419647216798
1748972447376,0.2900967407226563,-0.0401165771484375,9.753717041015625
1748972447444,0.3338058471679688,0.04296066284179688,9.701026611328125
1748972447509,0.3065625,-0.007933502197265626,9.722581787109375
1748972447576,0.33215927124023437,0.03622467041015625,9.706714782714844
1748972447644,0.3288661193847656,0.011825408935546875,9.711953887939453
1748972447709,0.3373983764648438,0.00868194580078125,9.71988739013672
1748972447776,0.3454815673828125,0.02005828857421875,9.708960113525391
1748972447844,0.3459306335449219,0.018112335205078125,9.712552642822265
1748972447909,0.4093986511230469,0.004041595458984375,9.716444549560547
1748972447976,0.32602203369140625,0.026494903564453127,9.72422836303711
1748972448044,0.33784744262695315,0.03278182983398438,9.71315139770508
1748972448109,0.30731094360351563,0.0005987548828125,9.73186248779297
1748972448176,0.31569351196289064,-0.015417938232421876,9.73096435546875
1748972448243,0.3607498168945313,0.039218444824218754,9.701475677490235
1748972448309,0.33769775390625,0.015567626953125,9.722132720947267
1748972448376,0.37601806640625,0.0520916748046875,9.737850036621094
1748972448443,0.3308120727539063,-0.03577560424804688,9.736053771972657
1748972448509,0.25956024169921876,-0.014519805908203126,9.725425872802735
1748972448576,0.30865814208984377,-0.0058378601074218755,9.722731475830079
1748972448644,0.32527359008789064,0.011376342773437501,9.727371826171876
1748972448709,0.29788055419921877,-0.00928070068359375,9.72617431640625
1748972448776,0.35521133422851564,0.017214202880859376,9.716893615722658
1748972448843,0.30835876464843753,0.008532257080078126,9.723030853271485
1748972448909,0.3698808288574219,0.029937744140625,9.720635833740236
1748972448976,0.35176849365234375,0.013621673583984376,9.726324005126953
1748972449043,0.3207829284667969,0.014519805908203126,9.722881164550781
1748972449109,0.3448828125,0.0047900390625,9.730814666748048
1748972449176,0.31853759765625,0.0173638916015625,9.715097351074219
1748972449244,0.30895751953125,-0.010927276611328125,9.730066223144531
1748972449309,0.3403921508789063,0.010927276611328125,9.712253265380859
1748972449376,0.33185989379882813,0.010777587890625,9.714498596191406
1748972449443,0.31793884277343754,0.001197509765625,9.723479919433593
1748972449509,0.30027557373046876,0.00029937744140625,9.729317779541017
1748972449576,0.31629226684570316,-0.0053887939453125,9.723330230712891
1748972449644,0.3549119567871094,0.018711090087890625,9.721084899902344
1748972449709,0.3255729675292969,0.00389190673828125,9.712852020263673
1748972449776,0.3285667419433594,0.0053887939453125,9.71419921875
1748972449844,0.31674133300781254,0.00089813232421875,9.692943420410156
1748972449909,0.335302734375,0.01107696533203125,9.708810424804687
1748972449976,0.3200344848632813,0.004041595458984375,9.722731475830079
1748972450044,0.31449600219726564,0.004041595458984375,9.720635833740236
1748972450109,0.31883697509765624,0.011825408935546875,9.713301086425782
1748972450176,0.324525146484375,0.004939727783203125,9.716444549560547
1748972450244,0.316142578125,0.0007484436035156251,9.712852020263673
1748972450309,0.3004252624511719,-0.007933502197265626,9.707313537597656
1748972450376,0.31404693603515627,-0.000149688720703125,9.71419921875
1748972450444,0.3141966247558594,0.003592529296875,9.71135513305664
1748972450509,0.3150947570800781,0.0034428405761718754,9.713301086425782
1748972450576,0.31569351196289064,0.00209564208984375,9.714947662353516
1748972450644,0.3180885314941406,0.0016465759277343752,9.713001708984375
1748972450709,0.32841705322265624,0.013022918701171875,9.720635833740236
1748972450776,0.31719039916992187,0.0014968872070312501,9.72572525024414
1748972450844,0.31943572998046876,0.002245330810546875,9.712103576660157
1748972450909,0.32227981567382813,0.0017962646484375,9.717342681884766
1748972450976,0.31943572998046876,0.001945953369140625,9.70596633911133
1748972451044,0.3129991149902344,0.0007484436035156251,9.720037078857422
1748972451109,0.3192860412597656,0.0032931518554687503,9.712852020263673
1748972451176,0.31524444580078126,0.02305206298828125,9.718390502929688
1748972451244,0.31329849243164065,-0.001047821044921875,9.718689880371095
1748972451309,0.3126997375488281,-0.0005987548828125,9.718689880371095
1748972451376,0.3266207885742188,0.008382568359375,9.714797973632812
1748972451443,0.3327580261230469,0.0059875488281250005,9.713450775146486
1748972451509,0.3141966247558594,0.000149688720703125,9.715995483398437
1748972451576,0.31748977661132816,-0.0032931518554687503,9.723330230712891
1748972451642,0.31255004882812504,0.007035369873046876,9.715396728515625
1748972451709,0.305364990234375,0.00209564208984375,9.71749237060547
1748972451776,0.3124003601074219,0.00209564208984375,9.717941436767578
1748972451844,0.32602203369140625,0.010927276611328125,9.711055755615234
1748972451929,0.316142578125,0.00748443603515625,9.716893615722658
1748972451976,0.32108230590820314,0.006286926269531251,9.71270233154297
1748972452042,0.31823822021484377,0.001347198486328125,9.719588012695313
1748972452109,0.32257919311523436,0.003742218017578125,9.713750152587892
1748972452176,0.3403921508789063,0.01466949462890625,9.720037078857422
1748972452244,0.3435356140136719,0.023351440429687502,9.703421630859376
1748972452309,0.33859588623046877,0.000449066162109375,9.716594238281251
1748972452376,0.31674133300781254,0.0029937744140625003,9.719288635253907
1748972452443,0.3243754577636719,0.00748443603515625,9.710606689453126
1748972452509,0.32677047729492187,0.00718505859375,9.71943832397461
1748972452576,0.31853759765625,-0.006586303710937501,9.729467468261719
1748972452644,0.31763946533203125,0.0059875488281250005,9.713450775146486
1748972452709,0.3159928894042969,0.011376342773437501,9.728269958496094
1748972452776,0.3207829284667969,-0.009580078125,9.717941436767578
1748972452844,0.3362008666992188,0.00868194580078125,9.71704330444336
1748972452909,0.31719039916992187,0.0059875488281250005,9.721533966064454
1748972452976,0.33215927124023437,0.000149688720703125,9.720935211181642
1748972453044,0.30177246093750004,0.0031434631347656253,9.714947662353516
1748972453109,0.3095562744140625,-0.013172607421875001,9.718091125488282
1748972453176,0.3097059631347656,0.03667373657226563,9.707313537597656
1748972453243,0.271834716796875,-0.0077838134765625,9.721234588623048
1748972453309,0.28650421142578125,-0.005239105224609375,9.72572525024414
1748972453376,0.31225067138671875,0.00808319091796875,9.712852020263673
1748972453443,0.29877868652343753,-0.0056881713867187505,9.725874938964845
1748972453509,0.31329849243164065,0.00928070068359375,9.722581787109375
1748972453576,0.30446685791015626,-0.00209564208984375,9.721084899902344
1748972453644,0.29338989257812503,0.004939727783203125,9.720186767578125
1748972453709,0.3116519165039063,0.001945953369140625,9.724827117919922
1748972453776,0.3598516845703125,0.053438873291015626,9.700128479003906
1748972453844,0.32138168334960937,0.006286926269531251,9.712402954101563
1748972453909,0.32946487426757814,-0.00239501953125,9.726324005126953
1748972453976,0.2760260009765625,-0.023800506591796878,9.71943832397461
1748972454044,0.31719039916992187,-0.01047821044921875,9.729916534423829
1748972454109,0.36404296875000003,0.013022918701171875,9.73380844116211
1748972454176,0.3305126953125,0.001945953369140625,9.726024627685547
1748972454243,0.28261230468750004,-0.003742218017578125,9.719588012695313
1748972454309,0.33545242309570317,0.000149688720703125,9.734407196044922
1748972454376,0.38395156860351565,0.000449066162109375,9.719138946533203
1748972454443,0.32183074951171875,0.01047821044921875,9.716444549560547
1748972454509,0.279019775390625,-0.006885681152343751,9.729317779541017
1748972454576,0.3453318786621094,0.010627899169921875,9.719588012695313
1748972454642,0.3291654968261719,0.0077838134765625,9.723030853271485
1748972454709,0.34742752075195316,0.015717315673828124,9.717342681884766
1748972454776,0.32647109985351563,0.00239501953125,9.728419647216798
1748972454847,0.32213012695312504,0.0029937744140625003,9.725575561523438
1748972454909,0.3499722290039063,0.010627899169921875,9.722132720947267
1748972454976,0.29832962036132815,0.006735992431640626,9.725126495361328
1748972455044,0.30686187744140625,-0.00449066162109375,9.720037078857422
1748972455109,0.3255729675292969,0.000149688720703125,9.726773071289063
1748972455176,0.3345542907714844,0.015417938232421876,9.722581787109375
1748972455244,0.3373983764648438,0.0028440856933593752,9.729617156982423
1748972455309,0.3155438232421875,0.00508941650390625,9.712103576660157
1748972455376,0.3499722290039063,0.010029144287109375,9.729617156982423
1748972455444,0.3305126953125,0.004041595458984375,9.736353149414063
1748972455509,0.2734812927246094,-0.001945953369140625,9.71988739013672
1748972455576,0.2656974792480469,0.016615447998046876,9.711504821777345
1748972455644,0.3541635131835938,-0.000449066162109375,9.715247039794923
1748972455709,0.33260833740234375,0.019309844970703125,9.711953887939453
1748972455776,0.3046165466308594,0.004340972900390625,9.729766845703125
1748972455844,0.32183074951171875,0.0041912841796875,9.710606689453126
1748972455909,0.29847930908203124,0.00239501953125,9.71135513305664
1748972455976,0.3183879089355469,0.004041595458984375,9.726324005126953
1748972456044,0.33979339599609376,-0.0005987548828125,9.721983032226563
1748972456109,0.32901580810546877,0.003742218017578125,9.718390502929688
1748972456176,0.3035687255859375,0.00089813232421875,9.723030853271485
1748972456244,0.3116519165039063,0.0089813232421875,9.722282409667969
1748972456309,0.3212319946289063,0.009430389404296876,9.71943832397461
1748972456376,0.2824626159667969,-0.009131011962890626,9.720785522460938
1748972456443,0.30985565185546876,0.00089813232421875,9.713001708984375
1748972456509,0.3138972473144531,0.00269439697265625,9.721084899902344
1748972456576,0.30910720825195315,-0.016316070556640624,9.728719024658204
1748972456644,0.3694317626953125,0.019309844970703125,9.714049530029298
1748972456709,0.32302825927734374,0.0005987548828125,9.717791748046876
1748972456776,0.31090347290039066,-0.004340972900390625,9.722731475830079
1748972456844,0.42122406005859375,0.00209564208984375,9.72183334350586
1748972456937,0.33141082763671875,0.012124786376953125,9.731712799072266
1748972456976,0.33440460205078126,0.008831634521484376,9.711654510498047
1748972457042,0.3150947570800781,-0.006735992431640626,9.7285693359375
1748972457109,0.36359390258789065,0.010927276611328125,9.720037078857422
1748972457176,0.3469784545898438,-0.000149688720703125,9.710457000732422
1748972457244,0.31329849243164065,0.008382568359375,9.7285693359375
1748972457309,0.30865814208984377,-0.0005987548828125,9.716145172119141
1748972457376,0.3393443298339844,0.030237121582031252,9.71704330444336
1748972457444,0.3902384948730469,-0.00508941650390625,9.71854019165039
1748972457509,0.37137771606445313,0.019309844970703125,9.726024627685547
1748972457576,0.34024246215820314,0.00449066162109375,9.727820892333986
1748972457644,0.29533584594726564,-0.0077838134765625,9.72662338256836
1748972457709,0.3104544067382813,0.0059875488281250005,9.722581787109375
1748972457776,0.3124003601074219,0.0058378601074218755,9.731712799072266
1748972457844,0.3129991149902344,0.0,9.717791748046876
1748972457909,0.33829650878906253,0.01107696533203125,9.723330230712891
1748972457976,0.34203872680664066,0.015118560791015626,9.730365600585937
1748972458044,0.25626708984375,-0.028740234375,9.719737701416015
1748972458109,0.3426374816894531,0.004640350341796875,9.722432098388673
1748972458176,0.31255004882812504,-0.000449066162109375,9.723928985595704
1748972458244,0.3347039794921875,0.006286926269531251,9.725126495361328
1748972458309,0.28291168212890627,-0.006436614990234376,9.733958129882813
1748972458376,0.3092568969726563,-0.010328521728515625,9.725276184082032
1748972458443,0.3177891540527344,0.00209564208984375,9.721683654785156
1748972458509,0.3094065856933594,0.004640350341796875,9.720486145019532
1748972458576,0.30371841430664065,0.00269439697265625,9.719588012695313
1748972458644,0.31823822021484377,0.00239501953125,9.722581787109375
1748972458709,0.3088078308105469,0.00239501953125,9.720935211181642
1748972458776,0.3255729675292969,0.010927276611328125,9.726024627685547
1748972458844,0.32168106079101566,0.005538482666015625,9.729766845703125
1748972458909,0.3192860412597656,0.005239105224609375,9.719737701416015
1748972458976,0.31210098266601566,0.00718505859375,9.720935211181642
1748972459044,0.3227288818359375,0.006586303710937501,9.72901840209961
1748972459109,0.33320709228515627,0.017214202880859376,9.726024627685547
1748972459176,0.31943572998046876,-0.004041595458984375,9.72033645629883
1748972459243,0.31823822021484377,0.012573852539062501,9.724527740478516
1748972459309,0.3170407104492188,0.00029937744140625,9.729317779541017
1748972459376,0.3131488037109375,-0.00389190673828125,9.724378051757814
1748972459443,0.32063323974609376,0.0005987548828125,9.722581787109375
1748972459509,0.3273692321777344,0.013022918701171875,9.72422836303711
1748972459576,0.3219804382324219,0.0014968872070312501,9.721084899902344
1748972459644,0.28949798583984376,-0.01047821044921875,9.726324005126953
1748972459709,0.30416748046875003,0.010777587890625,9.715995483398437
1748972459776,0.3040177917480469,0.0053887939453125,9.724527740478516
1748972459847,0.3097059631347656,0.007334747314453125,9.721533966064454
1748972459909,0.2956352233886719,-0.0059875488281250005,9.737850036621094
1748972459976,0.3215313720703125,-0.001197509765625,9.722282409667969
1748972460042,0.30611343383789064,0.001945953369140625,9.719588012695313
1748972460110,0.31868728637695315,0.00389190673828125,9.723030853271485
1748972460176,0.3219804382324219,0.0017962646484375,9.716743927001954
1748972460244,0.3170407104492188,0.00089813232421875,9.720635833740236
1748972460310,0.33365615844726565,0.006735992431640626,9.717791748046876
1748972460376,0.32811767578125,0.00389190673828125,9.721683654785156
1748972460444,0.3224295043945313,0.0101788330078125,9.713750152587892
1748972460509,0.3112028503417969,0.003742218017578125,9.718240814208984
1748972460576,0.32213012695312504,0.002544708251953125,9.71464828491211
1748972460644,0.3065625,0.0053887939453125,9.71704330444336
1748972460709,0.319735107421875,0.001197509765625,9.714498596191406
1748972460776,0.31674133300781254,0.004939727783203125,9.713600463867188
1748972460844,0.31674133300781254,-0.0034428405761718754,9.721533966064454
1748972460909,0.31748977661132816,0.0041912841796875,9.711055755615234
1748972460976,0.31344818115234374,-0.0005987548828125,9.719737701416015
1748972461044,0.31883697509765624,0.004041595458984375,9.716743927001954
1748972461109,0.3254232788085938,0.00987945556640625,9.706415405273438
1748972461176,0.3059637451171875,0.015867004394531252,9.716145172119141
1748972461244,0.28800109863281254,-0.006885681152343751,9.713750152587892
1748972461309,0.3034190368652344,0.0007484436035156251,9.717642059326172
1748972461376,0.3138972473144531,-0.001945953369140625,9.715845794677735
1748972461443,0.3143463134765625,0.001945953369140625,9.723928985595704
1748972461509,0.3100053405761719,0.00868194580078125,9.722432098388673
1748972461576,0.3239263916015625,0.00029937744140625,9.712402954101563
1748972461644,0.3107537841796875,0.010927276611328125,9.71180419921875
1748972461709,0.31883697509765624,0.013921051025390626,9.709558868408203
1748972461776,0.30371841430664065,-0.0017962646484375,9.718390502929688
1748972461844,0.32587234497070316,0.00389190673828125,9.710457000732422
1748972461935,0.33485366821289064,0.0061372375488281256,9.712852020263673
1748972461976,0.296982421875,0.001197509765625,9.715995483398437
1748972462042,0.3201841735839844,0.00089813232421875,9.715696105957031
1748972462110,0.30326934814453127,0.0007484436035156251,9.718390502929688
1748972462176,0.31719039916992187,-0.01107696533203125,9.728120269775392
1748972462244,0.2951861572265625,0.011825408935546875,9.718091125488282
1748972462309,0.32721954345703125,-0.0016465759277343752,9.713899841308594
1748972462376,0.3104544067382813,0.001945953369140625,9.717342681884766
1748972462447,0.32183074951171875,0.012723541259765625,9.718091125488282
1748972462509,0.3405418395996094,-0.0047900390625,9.71180419921875
1748972462576,0.3200344848632813,0.006436614990234376,9.714498596191406
1748972462644,0.32901580810546877,0.009729766845703125,9.720186767578125
1748972462709,0.26839187622070315,0.00029937744140625,9.71749237060547
1748972462776,0.33141082763671875,-0.001945953369140625,9.718390502929688
1748972462844,0.3255729675292969,0.00029937744140625,9.712253265380859
1748972462909,0.3165916442871094,0.010029144287109375,9.724976806640626
1748972462976,0.3097059631347656,0.0061372375488281256,9.72467742919922
1748972463046,0.3234773254394531,0.00987945556640625,9.720486145019532
1748972463109,0.3143463134765625,0.0028440856933593752,9.712253265380859
1748972463176,0.3116519165039063,0.0101788330078125,9.71854019165039
1748972463244,0.34173934936523437,0.0016465759277343752,9.716145172119141
1748972463309,0.33440460205078126,0.002245330810546875,9.713001708984375
1748972463376,0.35176849365234375,0.004340972900390625,9.712253265380859
1748972463443,0.3534150695800781,0.011825408935546875,9.714947662353516
1748972463509,0.30222152709960937,0.00928070068359375,9.720635833740236
1748972463576,0.2820135498046875,-0.0014968872070312501,9.714348907470704
1748972463644,0.2878514099121094,0.00089813232421875,9.715247039794923
1748972463709,0.32527359008789064,-0.00508941650390625,9.715396728515625
1748972463776,0.32302825927734374,0.006286926269531251,9.716594238281251
1748972463844,0.28186386108398437,-0.004340972900390625,9.721983032226563
1748972463909,0.32108230590820314,-0.001197509765625,9.713001708984375
1748972463976,0.2836601257324219,0.00239501953125,9.708361358642579
1748972464044,0.3249742126464844,0.004340972900390625,9.72422836303711
1748972464109,0.3153941345214844,-0.0016465759277343752,9.713899841308594
1748972464176,0.32721954345703125,-0.0056881713867187505,9.727222137451172
1748972464244,0.31180160522460937,-0.001047821044921875,9.717342681884766
1748972464309,0.31868728637695315,-0.0007484436035156251,9.71419921875
1748972464376,0.31674133300781254,-0.00269439697265625,9.721234588623048
1748972464444,0.33171020507812504,0.010029144287109375,9.715995483398437
1748972464510,0.3155438232421875,0.0041912841796875,9.717192993164064
1748972464576,0.3183879089355469,-0.00269439697265625,9.714797973632812
1748972464644,0.32048355102539067,0.0056881713867187505,9.716743927001954
1748972464709,0.3143463134765625,-0.0017962646484375,9.719138946533203
1748972464776,0.3195854187011719,0.0034428405761718754,9.709409179687501
1748972464842,0.31629226684570316,-0.000149688720703125,9.713600463867188
1748972464910,0.3177891540527344,0.0053887939453125,9.717192993164064
1748972464976,0.3243754577636719,0.004041595458984375,9.720486145019532
1748972465044,0.326920166015625,-0.0034428405761718754,9.713001708984375
1748972465109,0.3159928894042969,0.007035369873046876,9.723629608154297
1748972465176,0.32407608032226565,-0.0034428405761718754,9.71988739013672
1748972465244,0.32587234497070316,0.010029144287109375,9.715396728515625
1748972465309,0.3263214111328125,0.005239105224609375,9.710756378173828
1748972465376,0.3104544067382813,-0.0041912841796875,9.715396728515625
1748972465444,0.3192860412597656,0.0005987548828125,9.722731475830079
1748972465509,0.3177891540527344,0.008382568359375,9.723030853271485
1748972465576,0.3159928894042969,0.0029937744140625003,9.7285693359375
1748972465644,0.31150222778320313,0.007334747314453125,9.719288635253907
1748972465709,0.3085084533691406,-0.00209564208984375,9.713600463867188
1748972465776,0.326920166015625,0.0028440856933593752,9.713600463867188
1748972465844,0.3092568969726563,-0.00029937744140625,9.720785522460938
1748972465909,0.3201841735839844,-0.006436614990234376,9.715097351074219
1748972465976,0.31090347290039066,0.015417938232421876,9.708511047363281
1748972466044,0.305364990234375,-0.004340972900390625,9.717791748046876
1748972466109,0.34563125610351564,0.01047821044921875,9.711654510498047
1748972466176,0.30910720825195315,0.016615447998046876,9.713600463867188
1748972466244,0.31090347290039066,0.0047900390625,9.718390502929688
1748972466309,0.31674133300781254,0.004640350341796875,9.708361358642579
1748972466376,0.33709899902343754,0.01945953369140625,9.699080657958985
1748972466443,0.2966830444335938,-0.00449066162109375,9.71988739013672
1748972466509,0.3333567810058594,0.004041595458984375,9.71270233154297
1748972466576,0.36718643188476563,0.016914825439453125,9.709558868408203
1748972466644,0.34129028320312504,0.00209564208984375,9.713750152587892
1748972466710,0.3261717224121094,-0.00269439697265625,9.720486145019532
1748972466776,0.30985565185546876,0.006885681152343751,9.704469451904297
1748972466844,0.3094065856933594,-0.0017962646484375,9.728868713378906
1748972466934,0.31105316162109375,0.00928070068359375,9.716145172119141
1748972466976,0.324525146484375,0.0058378601074218755,9.712253265380859
1748972467042,0.3330574035644531,0.008382568359375,9.712552642822265
1748972467110,0.30671218872070316,0.0053887939453125,9.715696105957031
1748972467176,0.30222152709960937,0.013322296142578125,9.71943832397461
1748972467244,0.307760009765625,-0.0034428405761718754,9.720486145019532
1748972467309,0.2980302429199219,-0.00239501953125,9.717342681884766
1748972467376,0.31404693603515627,0.003742218017578125,9.720186767578125
1748972467445,0.3097059631347656,0.006286926269531251,9.722432098388673
1748972467510,0.3106040954589844,-0.003742218017578125,9.719138946533203
1748972467576,0.32841705322265624,0.020806732177734377,9.71315139770508
1748972467643,0.33185989379882813,0.00089813232421875,9.714348907470704
1748972467709,0.3192860412597656,-0.0016465759277343752,9.722132720947267
1748972467776,0.3296145629882813,0.005239105224609375,9.709558868408203
1748972467843,0.32063323974609376,0.0161663818359375,9.715396728515625
1748972467909,0.35176849365234375,0.0005987548828125,9.714049530029298
1748972467976,0.32751892089843754,0.014070739746093752,9.71030731201172
1748972468047,0.3183879089355469,0.012124786376953125,9.707762603759766
1748972468109,0.31404693603515627,0.005239105224609375,9.718689880371095
1748972468176,0.30491592407226564,0.006586303710937501,9.717192993164064
1748972468244,0.3062631225585938,0.004939727783203125,9.725276184082032
1748972468309,0.3347039794921875,0.02245330810546875,9.727970581054688
1748972468376,0.3415896606445313,0.02604583740234375,9.706864471435548
1748972468443,0.31988479614257814,0.008232879638671876,9.715696105957031
1748972468509,0.32168106079101566,0.008232879638671876,9.71854019165039
1748972468576,0.2827619934082031,-0.012274475097656251,9.717791748046876
1748972468644,0.28695327758789063,-0.007334747314453125,9.722132720947267
1748972468709,0.3059637451171875,0.00928070068359375,9.71943832397461
1748972468776,0.30326934814453127,-0.0031434631347656253,9.721533966064454
1748972468844,0.3059637451171875,0.00029937744140625,9.713600463867188
1748972468910,0.3234773254394531,0.004041595458984375,9.708511047363281
1748972468976,0.3143463134765625,0.000449066162109375,9.718839569091797
1748972469042,0.3126997375488281,-0.0007484436035156251,9.720037078857422
1748972469110,0.3155438232421875,0.001047821044921875,9.705068206787109
1748972469176,0.3170407104492188,0.011226654052734375,9.712852020263673
1748972469242,0.3095562744140625,0.008382568359375,9.717192993164064
1748972469309,0.3070115661621094,0.002544708251953125,9.719138946533203
1748972469377,0.30910720825195315,-0.001347198486328125,9.708361358642579
1748972469444,0.239501953125,-0.011376342773437501,9.717642059326172
1748972469510,0.2947370910644531,-0.00389190673828125,9.722132720947267
1748972469576,0.3129991149902344,0.0059875488281250005,9.71749237060547
1748972469644,0.32751892089843754,-0.001197509765625,9.719138946533203
1748972469709,0.3333567810058594,-0.00209564208984375,9.71749237060547
1748972469776,0.30895751953125,0.062120819091796876,9.731712799072266
1748972469844,0.3733236694335938,0.017064514160156252,9.714797973632812
1748972469909,0.32781829833984377,0.011825408935546875,9.733059997558595
1748972469976,0.32302825927734374,-0.00209564208984375,9.71943832397461
1748972470044,0.3234773254394531,0.006286926269531251,9.723330230712891
1748972470109,0.3426374816894531,0.017214202880859376,9.723180541992187
1748972470176,0.3399430847167969,-0.002245330810546875,9.716444549560547
1748972470244,0.33021331787109376,-0.0007484436035156251,9.717941436767578
1748972470310,0.32213012695312504,-0.007334747314453125,9.722581787109375
1748972470376,0.2932402038574219,-0.001047821044921875,9.727521514892578
1748972470442,0.3212319946289063,0.004939727783203125,9.727970581054688
1748972470509,0.28949798583984376,0.008532257080078126,9.72617431640625
1748972470576,0.32302825927734374,0.022004241943359377,9.722282409667969
1748972470644,0.32602203369140625,0.002245330810546875,9.728868713378906
1748972470709,0.2796185302734375,-0.0007484436035156251,9.715097351074219
1748972470776,0.3511697387695313,0.011825408935546875,9.726473693847657
1748972470844,0.31763946533203125,0.011825408935546875,9.720935211181642
1748972470909,0.27542724609375,0.00029937744140625,9.718240814208984
1748972470976,0.3047662353515625,-0.000449066162109375,9.725276184082032
1748972471044,0.33021331787109376,0.017663269042968752,9.708361358642579
1748972471109,0.3062631225585938,-0.007334747314453125,9.723330230712891
1748972471176,0.324525146484375,-0.006735992431640626,9.727671203613282
1748972471244,0.34937347412109376,0.020207977294921877,9.719288635253907
1748972471309,0.34173934936523437,-0.001197509765625,9.71749237060547
1748972471376,0.3158432006835938,0.002245330810546875,9.721683654785156
1748972471443,0.33979339599609376,0.009430389404296876,9.723928985595704
1748972471509,0.27722351074218754,-0.007334747314453125,9.728269958496094
1748972471576,0.30446685791015626,0.0077838134765625,9.71854019165039
1748972471644,0.33679962158203125,-0.0007484436035156251,9.71749237060547
1748972471709,0.32227981567382813,0.013172607421875001,9.727371826171876
1748972471776,0.34398468017578127,0.010927276611328125,9.712253265380859
1748972471844,0.29488677978515626,0.005538482666015625,9.725575561523438
1748972471933,0.3207829284667969,0.0034428405761718754,9.726024627685547
1748972471976,0.34323623657226565,0.012424163818359375,9.720785522460938
1748972472042,0.26435028076171874,-0.000449066162109375,9.726922760009765
1748972472110,0.429906005859375,0.001945953369140625,9.697134704589844
1748972472176,0.33679962158203125,0.027093658447265627,9.709259490966797
1748972472244,0.3279679870605469,0.0028440856933593752,9.717791748046876
1748972472309,0.3405418395996094,-0.001197509765625,9.715995483398437
1748972472377,0.31629226684570316,-0.012424163818359375,9.723030853271485
1748972472444,0.40131546020507813,0.010029144287109375,9.722432098388673
1748972472509,0.3499722290039063,0.009430389404296876,9.705816650390625
1748972472576,0.3362008666992188,-0.00269439697265625,9.701176300048829
1748972472644,0.49756530761718754,0.02544708251953125,9.698182525634767
1748972472709,0.3592529296875,0.018112335205078125,9.717791748046876
1748972472777,0.21076171875000002,-0.011825408935546875,9.72183334350586
1748972472842,0.3941304016113281,0.05014572143554688,9.710906066894532
1748972472909,0.360450439453125,0.022004241943359377,9.715247039794923
1748972472976,0.24279510498046877,-0.015417938232421876,9.736802215576173
1748972473046,0.2903961181640625,-0.018860778808593753,9.728269958496094
1748972473109,0.29683273315429687,0.0077838134765625,9.71464828491211
1748972473176,0.2640509033203125,-0.00748443603515625,9.72662338256836
1748972473245,0.3062631225585938,-0.0017962646484375,9.723479919433593
1748972473309,0.3011737060546875,0.0034428405761718754,9.729766845703125
1748972473377,0.3020718383789063,0.0014968872070312501,9.726473693847657
1748972473443,0.31284942626953127,0.0029937744140625003,9.720635833740236
1748972473509,0.37631744384765625,0.00928070068359375,9.717642059326172
1748972473577,0.22513183593750002,-0.0077838134765625,9.72662338256836
1748972473644,0.41074584960937505,0.019609222412109377,9.722282409667969
1748972473709,0.2808160400390625,-0.006286926269531251,9.72422836303711
1748972473777,0.257464599609375,-0.0028440856933593752,9.71988739013672
1748972473844,0.4578977966308594,0.034877471923828125,9.709558868408203
1748972473909,0.1838177490234375,-0.025147705078125002,9.734556884765626
1748972473977,0.24474105834960938,-0.011376342773437501,9.728868713378906
1748972474044,0.17064514160156252,0.039517822265625,9.708061981201173
1748972474109,0.17333953857421877,-0.03562591552734375,9.722432098388673
1748972474177,0.3138972473144531,-0.004041595458984375,9.72617431640625
1748972474244,0.2903961181640625,-0.026794281005859375,9.730066223144531
1748972474310,0.1293310546875,-0.013172607421875001,9.724976806640626
1748972474377,0.3239263916015625,0.011675720214843751,9.728120269775392
1748972474444,0.2746788024902344,-0.04326004028320313,9.72183334350586
1748972474510,0.2938389587402344,-0.008382568359375,9.72467742919922
1748972474576,0.3146456909179688,0.020207977294921877,9.724378051757814
1748972474642,0.3441343688964844,0.001945953369140625,9.723330230712891
1748972474709,0.2866539001464844,0.006436614990234376,9.730215911865235
1748972474776,0.5188211059570312,0.0293389892578125,9.679471435546876
1748972474842,0.3106040954589844,0.00718505859375,9.72033645629883
1748972474909,0.2962339782714844,0.0007484436035156251,9.724827117919922
1748972474977,0.2827619934082031,-0.00269439697265625,9.728419647216798
1748972475044,0.33560211181640626,0.013771362304687501,9.72183334350586
1748972475109,0.2896476745605469,-0.004939727783203125,9.731114044189454
1748972475177,0.3119512939453125,-0.002245330810546875,9.720635833740236
1748972475242,0.31853759765625,0.0053887939453125,9.718240814208984
1748972475309,0.30027557373046876,-0.0028440856933593752,9.723479919433593
1748972475376,0.295784912109375,0.006436614990234376,9.722731475830079
1748972475444,0.2496807861328125,-0.024998016357421875,9.720935211181642
1748972475509,0.40745269775390625,0.00987945556640625,9.72707244873047
1748972475576,0.35057098388671876,0.0221539306640625,9.71943832397461
1748972475644,0.3050656127929688,0.013471984863281251,9.721983032226563
1748972475709,0.30551467895507817,-0.00209564208984375,9.722581787109375
1748972475776,0.32482452392578126,0.003742218017578125,9.721234588623048
1748972475844,0.3381468200683594,0.0209564208984375,9.720486145019532
1748972475910,0.2832110595703125,-0.010627899169921875,9.728419647216798
1748972475977,0.3059637451171875,-0.0028440856933593752,9.72901840209961
1748972476043,0.29728179931640625,-0.00508941650390625,9.723629608154297
1748972476109,0.31524444580078126,0.0017962646484375,9.721683654785156
1748972476176,0.3373983764648438,0.0061372375488281256,9.719138946533203
1748972476245,0.3023712158203125,-0.0005987548828125,9.721234588623048
1748972476309,0.3309617614746094,0.012124786376953125,9.724827117919922
1748972476377,0.30147308349609375,0.009430389404296876,9.714947662353516
1748972476444,0.30072463989257814,-0.002245330810546875,9.727371826171876
1748972476509,0.3106040954589844,0.00868194580078125,9.716743927001954
1748972476577,0.3273692321777344,0.0056881713867187505,9.71135513305664
1748972476644,0.32587234497070316,-0.0017962646484375,9.724827117919922
1748972476709,0.26958938598632814,0.030686187744140628,9.702373809814453
1748972476776,0.34368530273437503,0.01107696533203125,9.717642059326172
1748972476844,0.30731094360351563,0.00808319091796875,9.73186248779297
1748972476934,0.32048355102539067,0.001047821044921875,9.720486145019532
1748972476976,0.3100053405761719,0.0028440856933593752,9.719737701416015
1748972477042,0.3159928894042969,-0.00508941650390625,9.723030853271485
1748972477110,0.3273692321777344,0.011226654052734375,9.719138946533203
1748972477177,0.3237767028808594,-0.00718505859375,9.728120269775392
1748972477244,0.30416748046875003,-0.0007484436035156251,9.722731475830079
1748972477309,0.3234773254394531,-0.0031434631347656253,9.72617431640625
1748972477377,0.3126997375488281,0.00868194580078125,9.72033645629883
1748972477444,0.2902464294433594,-0.0028440856933593752,9.723779296875
1748972477509,0.3135978698730469,-0.00089813232421875,9.724527740478516
1748972477577,0.3239263916015625,0.00089813232421875,9.721533966064454
1748972477644,0.3200344848632813,-0.000449066162109375,9.723928985595704
1748972477709,0.31225067138671875,0.009580078125,9.72422836303711
1748972477777,0.30805938720703124,0.002544708251953125,9.704469451904297
1748972477844,0.3239263916015625,0.003592529296875,9.720186767578125
1748972477909,0.30865814208984377,0.00987945556640625,9.717642059326172
1748972477977,0.2992277526855469,0.001347198486328125,9.719138946533203
1748972478044,0.3046165466308594,0.000149688720703125,9.725575561523438
1748972478109,0.31030471801757814,-0.002544708251953125,9.72138427734375
1748972478177,0.28830047607421877,-0.00868194580078125,9.71854019165039
1748972478244,0.30731094360351563,0.0061372375488281256,9.728269958496094
1748972478309,0.30910720825195315,0.0056881713867187505,9.720935211181642
1748972478377,0.32946487426757814,-0.001347198486328125,9.722132720947267
1748972478444,0.3203338623046875,0.004939727783203125,9.72617431640625
1748972478509,0.30491592407226564,0.000449066162109375,9.72662338256836
1748972478577,0.31329849243164065,0.0,9.719288635253907
1748972478644,0.31644195556640625,-0.00029937744140625,9.713450775146486
1748972478709,0.3150947570800781,-0.0032931518554687503,9.724378051757814
1748972478777,0.310155029296875,-0.0017962646484375,9.717941436767578
1748972478844,0.30641281127929687,0.0029937744140625003,9.715097351074219
1748972478910,0.32063323974609376,0.0059875488281250005,9.72707244873047
1748972478977,0.31689102172851563,0.0005987548828125,9.721683654785156
1748972479044,0.33021331787109376,-0.0028440856933593752,9.712253265380859
1748972479109,0.3255729675292969,0.00928070068359375,9.725425872802735
1748972479177,0.31644195556640625,0.009729766845703125,9.727671203613282
1748972479244,0.2998265075683594,0.00239501953125,9.732161865234376
1748972479310,0.319735107421875,0.008382568359375,9.726922760009765
1748972479377,0.3351530456542969,0.02305206298828125,9.728419647216798
1748972479443,0.3396437072753906,0.023800506591796878,9.71135513305664
1748972479510,0.37018020629882814,-0.013322296142578125,9.746082916259766
1748972479577,0.3052153015136719,0.009729766845703125,9.73425750732422
1748972479644,0.32527359008789064,0.0056881713867187505,9.72422836303711
1748972479709,0.3255729675292969,0.009580078125,9.717941436767578
1748972479777,0.3146456909179688,0.01047821044921875,9.729766845703125
1748972479844,0.3147953796386719,0.0056881713867187505,9.726922760009765
1748972479909,0.31853759765625,0.0089813232421875,9.733658752441407
1748972479977,0.3249742126464844,0.0,9.718839569091797
1748972480045,0.31344818115234374,-0.000149688720703125,9.71270233154297
1748972480110,0.3320095825195313,0.00868194580078125,9.716743927001954
1748972480177,0.3143463134765625,0.008232879638671876,9.70985824584961
1748972480244,0.31943572998046876,-0.000449066162109375,9.71854019165039
1748972480310,0.32407608032226565,-0.00209564208984375,9.718091125488282
1748972480377,0.32063323974609376,-0.003742218017578125,9.717642059326172
1748972480442,0.31374755859375003,0.00868194580078125,9.733209686279297
1748972480510,0.31105316162109375,0.00029937744140625,9.718091125488282
1748972480577,0.31225067138671875,0.012573852539062501,9.72662338256836
1748972480642,0.3141966247558594,0.00389190673828125,9.724527740478516
1748972480710,0.3131488037109375,0.0017962646484375,9.717791748046876
1748972480777,0.3112028503417969,0.006436614990234376,9.720935211181642
1748972480844,0.319735107421875,0.001347198486328125,9.723330230712891
1748972480910,0.3165916442871094,0.00389190673828125,9.721084899902344
1748972480977,0.3219804382324219,-0.000149688720703125,9.719588012695313
1748972481043,0.3203338623046875,0.001197509765625,9.726473693847657
1748972481110,0.31913635253906253,-0.0016465759277343752,9.72707244873047
1748972481177,0.3266207885742188,0.004640350341796875,9.731712799072266
1748972481242,0.3239263916015625,0.0059875488281250005,9.73186248779297
1748972481310,0.31344818115234374,0.007933502197265626,9.715845794677735
1748972481377,0.317340087890625,0.005538482666015625,9.72662338256836
1748972481443,0.31943572998046876,0.004340972900390625,9.710906066894532
1748972481509,0.32183074951171875,0.001347198486328125,9.732610931396485
1748972481577,0.32138168334960937,0.001197509765625,9.72033645629883
1748972481643,0.30910720825195315,0.004340972900390625,9.728269958496094
1748972481710,0.3231779479980469,0.0,9.729168090820313
1748972481777,0.3138972473144531,0.006735992431640626,9.730515289306641
1748972481844,0.319735107421875,0.0017962646484375,9.723629608154297
1748972481920,0.32677047729492187,0.0061372375488281256,9.722581787109375
1748972481977,0.317340087890625,0.005538482666015625,9.724078674316408
1748972482042,0.3261717224121094,0.006286926269531251,9.724527740478516
1748972482110,0.3143463134765625,-0.00209564208984375,9.715247039794923
1748972482176,0.3201841735839844,0.0007484436035156251,9.726473693847657
1748972482244,0.30790969848632815,0.0089813232421875,9.718240814208984
1748972482310,0.31150222778320313,0.003742218017578125,9.721084899902344
1748972482377,0.319735107421875,0.00089813232421875,9.718240814208984
1748972482442,0.319735107421875,0.016465759277343752,9.72033645629883
1748972482509,0.31225067138671875,0.00209564208984375,9.71854019165039
1748972482577,0.32213012695312504,0.007634124755859375,9.725425872802735
1748972482643,0.3231779479980469,-0.002544708251953125,9.7189892578125
1748972482710,0.31449600219726564,-0.0016465759277343752,9.72138427734375
1748972482777,0.31284942626953127,0.0028440856933593752,9.720785522460938
1748972482844,0.3246748352050781,0.0029937744140625003,9.726922760009765
1748972482910,0.3143463134765625,0.003592529296875,9.720486145019532
1748972482977,0.33709899902343754,-0.000149688720703125,9.717791748046876
1748972483044,0.316142578125,0.0007484436035156251,9.722282409667969
1748972483110,0.3200344848632813,0.006885681152343751,9.733359375000001
1748972483177,0.30446685791015626,-0.001197509765625,9.723030853271485
1748972483242,0.3263214111328125,0.00508941650390625,9.721533966064454
1748972483310,0.3143463134765625,0.0028440856933593752,9.721983032226563
1748972483377,0.30910720825195315,-0.0028440856933593752,9.724827117919922
1748972483443,0.3177891540527344,0.002245330810546875,9.72707244873047
1748972483510,0.32287857055664065,0.0058378601074218755,9.72183334350586
1748972483577,0.3338058471679688,0.00239501953125,9.71315139770508
1748972483643,0.31868728637695315,-0.0005987548828125,9.714797973632812
1748972483710,0.30761032104492186,0.00389190673828125,9.720186767578125
1748972483777,0.30686187744140625,0.00389190673828125,9.711504821777345
1748972483842,0.3249742126464844,0.0016465759277343752,9.688452758789063
1748972483910,0.31868728637695315,0.01107696533203125,9.701924743652345
1748972483977,0.3146456909179688,0.0007484436035156251,9.699230346679688
1748972484043,0.3094065856933594,0.00718505859375,9.692194976806642
1748972484110,0.3263214111328125,-0.000449066162109375,9.706265716552736
1748972484177,0.3141966247558594,0.004041595458984375,9.692194976806642
1748972484243,0.3153941345214844,-0.00269439697265625,9.68979995727539
1748972484310,0.3138972473144531,0.01047821044921875,9.689949645996094
1748972484377,0.32063323974609376,0.003742218017578125,9.689650268554688
1748972484443,0.3234773254394531,0.0053887939453125,9.692943420410156
1748972484510,0.3126997375488281,-0.000149688720703125,9.689500579833984
1748972484577,0.3129991149902344,-0.00209564208984375,9.692943420410156
1748972484642,0.319735107421875,0.001047821044921875,9.696086883544922
1748972484710,0.30865814208984377,0.0,9.69309310913086
1748972484777,0.3095562744140625,0.009131011962890626,9.695637817382813
1748972484843,0.3158432006835938,0.006436614990234376,9.686207427978516
1748972484910,0.32647109985351563,0.012274475097656251,9.701924743652345
1748972484977,0.31689102172851563,0.010627899169921875,9.701625366210939
1748972485043,0.3058140563964844,0.015867004394531252,9.699978790283204
1748972485109,0.31524444580078126,0.00868194580078125,9.692943420410156
1748972485177,0.3308120727539063,0.00029937744140625,9.696236572265626
1748972485243,0.3308120727539063,0.009430389404296876,9.697733459472657
1748972485310,0.32482452392578126,0.0061372375488281256,9.694290618896485
1748972485377,0.3082090759277344,0.017214202880859376,9.701325988769531
1748972485443,0.3263214111328125,0.004340972900390625,9.701325988769531
1748972485510,0.32227981567382813,0.0056881713867187505,9.68979995727539
1748972485577,0.317340087890625,0.01526824951171875,9.702972564697266
1748972485644,0.31344818115234374,0.009430389404296876,9.6998291015625
1748972485710,0.31689102172851563,-0.000149688720703125,9.699380035400392
1748972485777,0.3147953796386719,0.004640350341796875,9.701775054931641
1748972485843,0.3112028503417969,0.011825408935546875,9.69069808959961
1748972485910,0.32138168334960937,0.011975097656250001,9.69548812866211
1748972485977,0.3219804382324219,0.001945953369140625,9.706265716552736
1748972486043,0.3299139404296875,0.0029937744140625003,9.699679412841798
1748972486110,0.3201841735839844,0.011226654052734375,9.710606689453126
1748972486177,0.3131488037109375,0.0047900390625,9.704319763183594
1748972486244,0.31913635253906253,-0.0028440856933593752,9.71180419921875
1748972486310,0.3126997375488281,0.006885681152343751,9.694889373779297
1748972486377,0.33006362915039067,0.008532257080078126,9.698481903076173
1748972486444,0.3255729675292969,0.009131011962890626,9.695188751220703
1748972486510,0.335302734375,0.0059875488281250005,9.694290618896485
1748972486577,0.3323089599609375,-0.0007484436035156251,9.69788314819336
1748972486643,0.30566436767578126,-0.000149688720703125,9.701625366210939
1748972486709,0.3266207885742188,0.008232879638671876,9.692045288085938
1748972486777,0.3263214111328125,0.003592529296875,9.694739685058595
1748972486844,0.32108230590820314,0.0016465759277343752,9.697733459472657
1748972486919,0.3279679870605469,0.00209564208984375,9.69264404296875
1748972486977,0.3215313720703125,0.00239501953125,9.698032836914063
1748972487043,0.32871643066406253,0.0031434631347656253,9.697583770751953
1748972487110,0.3135978698730469,0.00748443603515625,9.70312225341797
1748972487177,0.32287857055664065,-0.001197509765625,9.696685638427734
1748972487243,0.31748977661132816,-0.000449066162109375,9.695338439941407
1748972487310,0.31374755859375003,0.014070739746093752,9.693691864013672
1748972487377,0.31868728637695315,0.000149688720703125,9.697583770751953
1748972487442,0.3100053405761719,0.003742218017578125,9.69878128051758
1748972487510,0.31180160522460937,0.002544708251953125,9.70027816772461
1748972487577,0.3234773254394531,0.0047900390625,9.71135513305664
1748972487643,0.3263214111328125,0.004939727783203125,9.704918518066407
1748972487710,0.32227981567382813,0.00718505859375,9.706565093994142
1748972487777,0.31943572998046876,0.00269439697265625,9.698930969238281
1748972487843,0.3195854187011719,0.005538482666015625,9.694290618896485
1748972487910,0.31689102172851563,0.012424163818359375,9.707612915039062
1748972487977,0.32677047729492187,0.0077838134765625,9.709259490966797
1748972488043,0.31404693603515627,0.008232879638671876,9.708960113525391
1748972488110,0.3155438232421875,0.000449066162109375,9.70312225341797
1748972488177,0.3219804382324219,0.008232879638671876,9.708361358642579
1748972488243,0.3315605163574219,0.0185614013671875,9.688153381347657
1748972488310,0.3131488037109375,0.0031434631347656253,9.70596633911133
1748972488377,0.33410522460937503,0.0059875488281250005,9.707612915039062
1748972488443,0.31988479614257814,-0.0031434631347656253,9.701026611328125
1748972488510,0.3094065856933594,0.003742218017578125,9.708361358642579
1748972488577,0.33635055541992187,0.008532257080078126,9.696386260986328
1748972488643,0.34203872680664066,0.013022918701171875,9.69159622192383
1748972488710,0.3375480651855469,0.0149688720703125,9.699080657958985
1748972488777,0.33006362915039067,0.012124786376953125,9.702972564697266
1748972488842,0.30865814208984377,0.008232879638671876,9.708810424804687
1748972488910,0.3020718383789063,0.018112335205078125,9.701026611328125
1748972488977,0.324525146484375,0.005538482666015625,9.706265716552736
1748972489043,0.35640884399414063,0.010627899169921875,9.704020385742188
1748972489110,0.3487747192382813,0.014519805908203126,9.687105560302735
1748972489177,0.30985565185546876,0.011975097656250001,9.69878128051758
1748972489243,0.33066238403320314,0.00209564208984375,9.710157623291016
1748972489310,0.3100053405761719,-0.012573852539062501,9.700128479003906
1748972489377,0.30716125488281254,-0.001945953369140625,9.707912292480469
1748972489443,0.3526666259765625,0.015417938232421876,9.68306396484375
1748972489510,0.32213012695312504,0.00239501953125,9.70551727294922
1748972489577,0.31868728637695315,0.00748443603515625,9.6998291015625
1748972489643,0.2947370910644531,0.001945953369140625,9.696685638427734
1748972489709,0.32332763671875003,0.0101788330078125,9.699679412841798
1748972489777,0.3381468200683594,0.011675720214843751,9.69548812866211
1748972489843,0.3588038635253906,0.00389190673828125,9.70417007446289
1748972489910,0.3477268981933594,0.016615447998046876,9.703571319580078
1748972489977,0.2859054565429688,0.000449066162109375,9.70417007446289
1748972490043,0.28755203247070316,0.005538482666015625,9.705367584228517
1748972490110,0.29877868652343753,0.000449066162109375,9.696835327148438
1748972490177,0.27737319946289063,-0.02484832763671875,9.720037078857422
1748972490243,0.2999761962890625,0.001197509765625,9.70551727294922
1748972490310,0.37601806640625,0.001347198486328125,9.70312225341797
1748972490377,0.3507206726074219,0.02185455322265625,9.70267318725586
1748972490442,0.3279679870605469,0.0028440856933593752,9.702972564697266
1748972490510,0.3219804382324219,0.0047900390625,9.703571319580078
1748972490577,0.3135978698730469,0.007933502197265626,9.704918518066407
1748972490644,0.27692413330078125,-0.009131011962890626,9.704619140625
1748972490709,0.2625540161132813,-0.010328521728515625,9.709409179687501
1748972490777,0.30761032104492186,0.006436614990234376,9.708810424804687
1748972490844,0.31748977661132816,0.001347198486328125,9.708810424804687
1748972490910,0.335302734375,0.00718505859375,9.69548812866211
1748972490977,0.3447331237792969,0.023201751708984378,9.691147155761719
1748972491042,0.316142578125,0.0032931518554687503,9.701775054931641
1748972491110,0.2667453002929688,-0.02544708251953125,9.710457000732422
1748972491177,0.30222152709960937,-0.0014968872070312501,9.70551727294922
1748972491243,0.3673361206054688,0.010777587890625,9.704319763183594
1748972491310,0.33365615844726565,0.017513580322265625,9.703271942138672
1748972491377,0.354462890625,0.003592529296875,9.699679412841798
1748972491443,0.34323623657226565,0.00449066162109375,9.708061981201173
1748972491509,0.3327580261230469,0.012873229980468751,9.690847778320313
1748972491577,0.298179931640625,-0.006436614990234376,9.71419921875
1748972491642,0.2938389587402344,0.001197509765625,9.706714782714844
1748972491710,0.3147953796386719,0.01047821044921875,9.708960113525391
1748972491777,0.2954855346679688,0.00089813232421875,9.701625366210939
1748972491843,0.3150947570800781,0.001047821044921875,9.703870697021484
1748972491918,0.3183879089355469,0.012124786376953125,9.70746322631836
1748972491977,0.32587234497070316,0.0016465759277343752,9.689201202392578
1748972492043,0.3119512939453125,0.002245330810546875,9.707612915039062
1748972492110,0.310155029296875,-0.0016465759277343752,9.69788314819336
1748972492177,0.3227288818359375,0.008831634521484376,9.701176300048829
1748972492243,0.2939886474609375,-0.00209564208984375,9.696535949707032
1748972492310,0.307760009765625,-0.0014968872070312501,9.698631591796875
1748972492377,0.3150947570800781,0.007334747314453125,9.700128479003906
1748972492443,0.3305126953125,0.011975097656250001,9.700577545166016
1748972492510,0.3155438232421875,0.007334747314453125,9.70746322631836
1748972492577,0.3276686096191406,0.0034428405761718754,9.711504821777345
1748972492643,0.31913635253906253,-0.008831634521484376,9.705816650390625
1748972492710,0.3031196594238281,-0.0014968872070312501,9.705666961669923
1748972492777,0.29189300537109375,0.001945953369140625,9.701625366210939
1748972492843,0.30267059326171875,0.001347198486328125,9.701924743652345
1748972492910,0.2859054565429688,-0.0056881713867187505,9.712852020263673
1748972492977,0.277822265625,-0.008232879638671876,9.699679412841798
1748972493043,0.35102005004882814,0.0143701171875,9.693242797851562
1748972493110,0.1878593444824219,-0.017214202880859376,9.721234588623048
1748972493177,0.38814285278320315,0.00449066162109375,9.705217895507813
1748972493243,0.3243754577636719,-0.002245330810546875,9.694440307617189
1748972493310,0.30910720825195315,-0.010328521728515625,9.716145172119141
1748972493377,0.33260833740234375,0.02125579833984375,9.706864471435548
1748972493442,0.281414794921875,-0.011226654052734375,9.714947662353516
1748972493510,0.32168106079101566,-0.000149688720703125,9.708660736083985
1748972493577,0.2585124206542969,-0.006735992431640626,9.71135513305664
1748972493643,0.3251239013671875,-0.029488677978515627,9.710007934570314
1748972493710,0.2755769348144531,0.02844085693359375,9.703271942138672
1748972493777,0.3023712158203125,-0.006286926269531251,9.710007934570314
1748972493843,0.30731094360351563,0.0047900390625,9.704020385742188
1748972493910,0.3129991149902344,-0.004041595458984375,9.70985824584961
1748972493977,0.3088078308105469,0.00239501953125,9.701176300048829
1748972494043,0.3158432006835938,0.00089813232421875,9.702224121093751
1748972494110,0.31763946533203125,-0.0034428405761718754,9.723779296875
1748972494176,0.32527359008789064,0.005538482666015625,9.714498596191406
1748972494243,0.32183074951171875,-0.0028440856933593752,9.700727233886719
1748972494309,0.3131488037109375,-0.00987945556640625,9.6998291015625
1748972494377,0.31719039916992187,0.0059875488281250005,9.701775054931641
1748972494443,0.33141082763671875,-0.009729766845703125,9.712552642822265
1748972494510,0.32871643066406253,0.0,9.708660736083985
1748972494577,0.3255729675292969,0.00449066162109375,9.71135513305664
1748972494643,0.3092568969726563,0.0014968872070312501,9.70701416015625
1748972494710,0.3135978698730469,0.0047900390625,9.701775054931641
1748972494777,0.3035687255859375,0.012723541259765625,9.693991241455079
1748972494842,0.31868728637695315,-0.0061372375488281256,9.697284393310547
1748972494910,0.3231779479980469,0.004041595458984375,9.707313537597656
1748972494977,0.3135978698730469,0.008831634521484376,9.6902490234375
1748972495043,0.3106040954589844,-0.001347198486328125,9.702523498535157
1748972495110,0.29683273315429687,-0.0059875488281250005,9.702822875976564
1748972495177,0.2935395812988281,-0.012573852539062501,9.700577545166016
1748972495243,0.21270767211914063,-0.02424957275390625,9.698182525634767
1748972495310,0.2520758056640625,-0.0016465759277343752,9.700577545166016
1748972495377,0.31374755859375003,-0.011226654052734375,9.705666961669923
1748972495442,0.16196319580078125,0.034129028320312504,9.684111785888673
1748972495510,0.2712359619140625,-0.030087432861328128,9.707612915039062
1748972495577,0.31793884277343754,-0.001047821044921875,9.720785522460938
1748972495643,0.31868728637695315,-0.00508941650390625,9.706116027832032
1748972495710,0.30326934814453127,0.007933502197265626,9.6998291015625
1748972495777,0.30910720825195315,-0.0029937744140625003,9.701026611328125
1748972495844,0.31344818115234374,-0.009430389404296876,9.694290618896485
1748972495910,0.3192860412597656,0.009580078125,9.703271942138672
1748972495977,0.34712814331054687,0.025297393798828127,9.702373809814453
1748972496044,0.2225871276855469,0.0014968872070312501,9.690099334716797
1748972496110,0.33829650878906253,0.007035369873046876,9.706265716552736
1748972496177,0.4369413757324219,0.023800506591796878,9.694140930175783
1748972496244,0.22573059082031252,-0.05748046875,9.747729492187501
1748972496310,0.40475830078125,-0.014519805908203126,9.704918518066407
1748972496377,0.29593460083007816,0.007334747314453125,9.708810424804687
1748972496443,0.36239639282226566,-0.010777587890625,9.707313537597656
1748972496510,0.3207829284667969,0.044008483886718755,9.695637817382813
1748972496577,0.33066238403320314,0.00029937744140625,9.706415405273438
1748972496644,0.3610491943359375,0.015118560791015626,9.703421630859376
1748972496710,0.3415896606445313,0.013621673583984376,9.70267318725586
1748972496777,0.32751892089843754,0.02065704345703125,9.703571319580078
1748972496843,0.3447331237792969,-0.0007484436035156251,9.708960113525391
1748972496917,0.3273692321777344,0.00748443603515625,9.710606689453126
1748972496977,0.33724868774414063,0.011975097656250001,9.708660736083985
1748972497043,0.35685791015625,0.007035369873046876,9.702074432373047
1748972497110,0.30686187744140625,0.014070739746093752,9.716743927001954
1748972497177,0.34278717041015627,0.014220428466796876,9.704918518066407
1748972497243,0.3082090759277344,-0.001047821044921875,9.70596633911133
1748972497310,0.27812164306640624,-0.0028440856933593752,9.720186767578125
1748972497377,0.32302825927734374,0.003592529296875,9.709708557128907
1748972497442,0.3155438232421875,-0.001945953369140625,9.718390502929688
1748972497510,0.3296145629882813,0.018860778808593753,9.702523498535157
1748972497577,0.35131942749023437,-0.004340972900390625,9.712103576660157
1748972497643,0.3288661193847656,0.013471984863281251,9.715247039794923
1748972497709,0.31284942626953127,-0.006885681152343751,9.706864471435548
1748972497777,0.329315185546875,0.006735992431640626,9.711504821777345
1748972497842,0.34817596435546877,0.00928070068359375,9.71419921875
1748972497910,0.3403921508789063,0.013022918701171875,9.705367584228517
1748972497977,0.3291654968261719,0.019010467529296877,9.704319763183594
1748972498042,0.31689102172851563,0.004939727783203125,9.703571319580078
1748972498109,0.3170407104492188,-0.0041912841796875,9.715097351074219
1748972498177,0.3092568969726563,0.000449066162109375,9.705367584228517
1748972498243,0.32751892089843754,0.013172607421875001,9.707612915039062
1748972498311,0.3309617614746094,0.006885681152343751,9.705816650390625
1748972498377,0.33605117797851564,0.0029937744140625003,9.703870697021484
1748972498443,0.31823822021484377,0.0053887939453125,9.708511047363281
1748972498510,0.32482452392578126,0.007634124755859375,9.715396728515625
1748972498577,0.33290771484375004,0.015867004394531252,9.717941436767578
1748972498643,0.3249742126464844,0.0,9.70417007446289
1748972498710,0.3212319946289063,0.00239501953125,9.70267318725586
1748972498777,0.3129991149902344,0.0041912841796875,9.710906066894532
1748972498844,0.32227981567382813,-0.011675720214843751,9.711055755615234
1748972498910,0.3231779479980469,0.0017962646484375,9.706565093994142
1748972498977,0.30252090454101566,0.00089813232421875,9.70746322631836
1748972499043,0.31569351196289064,-0.0016465759277343752,9.722881164550781
1748972499110,0.3189866638183594,-0.0017962646484375,9.707912292480469
1748972499177,0.3405418395996094,0.006586303710937501,9.702074432373047
1748972499243,0.3189866638183594,0.007035369873046876,9.705217895507813
1748972499310,0.35206787109375004,0.015867004394531252,9.697583770751953
1748972499377,0.2950364685058594,0.01107696533203125,9.706116027832032
1748972499443,0.355660400390625,0.008532257080078126,9.707762603759766
1748972499510,0.32721954345703125,0.0053887939453125,9.70746322631836
1748972499577,0.32572265625,0.0053887939453125,9.708211669921875
1748972499642,0.2832110595703125,-0.0017962646484375,9.70596633911133
1748972499710,0.30566436767578126,0.004640350341796875,9.708960113525391
1748972499777,0.3373983764648438,0.006286926269531251,9.709409179687501
1748972499842,0.32257919311523436,0.013172607421875001,9.714498596191406
1748972499910,0.3138972473144531,0.010328521728515625,9.702822875976564
1748972499977,0.33859588623046877,0.0031434631347656253,9.707912292480469
1748972500043,0.290994873046875,0.00089813232421875,9.708211669921875
1748972500110,0.3608995056152344,0.013471984863281251,9.702972564697266
1748972500177,0.350870361328125,0.005538482666015625,9.706265716552736
1748972500243,0.3296145629882813,0.006735992431640626,9.698032836914063
1748972500310,0.34937347412109376,-0.019609222412109377,9.712103576660157
1748972500377,0.319735107421875,-0.004939727783203125,9.680818634033203
1748972500443,0.3626957702636719,0.016016693115234376,9.694739685058595
1748972500510,0.324525146484375,0.011376342773437501,9.705068206787109
1748972500577,0.25162673950195313,0.0089813232421875,9.70701416015625
1748972500642,0.33006362915039067,0.004041595458984375,9.704918518066407
1748972500710,0.3052153015136719,-0.004640350341796875,9.715097351074219
1748972500777,0.32108230590820314,0.0028440856933593752,9.702972564697266
1748972500843,0.3050656127929688,-0.00089813232421875,9.705367584228517
1748972500910,0.31090347290039066,0.013022918701171875,9.70417007446289
1748972500977,0.34712814331054687,0.012274475097656251,9.709409179687501
1748972501043,0.33635055541992187,0.0,9.707313537597656
1748972501110,0.3203338623046875,-0.001945953369140625,9.717791748046876
1748972501177,0.31988479614257814,0.01526824951171875,9.698032836914063
1748972501244,0.2267784118652344,0.07319778442382813,9.753717041015625
1748972501310,0.3296145629882813,-0.052690429687500005,9.717192993164064
1748972501377,0.29728179931640625,0.036074981689453126,9.687554626464845
1748972501443,0.335302734375,0.009430389404296876,9.702972564697266
1748972501510,0.33320709228515627,0.029488677978515627,9.69878128051758
1748972501577,0.3023712158203125,-0.00029937744140625,9.709708557128907
1748972501643,0.23261627197265627,0.014220428466796876,9.71988739013672
1748972501710,0.33260833740234375,-0.012124786376953125,9.712552642822265
1748972501777,0.32213012695312504,-0.003592529296875,9.711654510498047
1748972501843,0.3065625,-0.04954696655273438,9.726773071289063
1748972501919,0.34099090576171875,-0.000449066162109375,9.705068206787109
1748972501977,0.3201841735839844,0.011825408935546875,9.710606689453126
1748972502043,0.3016227722167969,-0.0029937744140625003,9.71854019165039
1748972502110,0.3350033569335938,-0.00508941650390625,9.705367584228517
1748972502177,0.32227981567382813,0.010328521728515625,9.700577545166016
1748972502243,0.32482452392578126,-0.004041595458984375,9.712852020263673
1748972502310,0.28650421142578125,0.0017962646484375,9.715995483398437
1748972502377,0.38634658813476563,0.0058378601074218755,9.710756378173828
1748972502442,0.27572662353515626,0.011675720214843751,9.710007934570314
1748972502510,0.31823822021484377,-0.0047900390625,9.711504821777345
1748972502577,0.29907806396484377,0.01107696533203125,9.707313537597656
1748972502643,0.28979736328125,-0.000449066162109375,9.710756378173828
1748972502710,0.3209326171875,0.000149688720703125,9.707313537597656
1748972502777,0.3237767028808594,0.006885681152343751,9.719138946533203
1748972502843,0.3243754577636719,0.00808319091796875,9.716594238281251
1748972502910,0.31913635253906253,0.00808319091796875,9.711504821777345
1748972502977,0.3435356140136719,-0.002245330810546875,9.699679412841798
1748972503043,0.3251239013671875,0.008831634521484376,9.704768829345703
1748972503110,0.3201841735839844,0.000449066162109375,9.71749237060547
1748972503177,0.3249742126464844,0.003592529296875,9.704768829345703
1748972503244,0.3263214111328125,-0.0017962646484375,9.704319763183594
1748972503310,0.3155438232421875,0.006436614990234376,9.707762603759766
1748972503377,0.32257919311523436,0.006436614990234376,9.699679412841798
1748972503443,0.3219804382324219,0.011226654052734375,9.706415405273438
1748972503510,0.3227288818359375,0.0101788330078125,9.704020385742188
1748972503577,0.3126997375488281,0.001347198486328125,9.716444549560547
1748972503643,0.33171020507812504,0.009131011962890626,9.713750152587892
1748972503710,0.326920166015625,0.010328521728515625,9.709259490966797
1748972503777,0.31210098266601566,0.0029937744140625003,9.71419921875
1748972503843,0.32332763671875003,0.006436614990234376,9.713450775146486
1748972503910,0.33635055541992187,0.003742218017578125,9.711205444335938
1748972503977,0.2851570129394531,0.0028440856933593752,9.717791748046876
1748972504043,0.31449600219726564,0.006586303710937501,9.706415405273438
1748972504110,0.3195854187011719,0.004041595458984375,9.722581787109375
1748972504177,0.3195854187011719,0.00389190673828125,9.717642059326172
1748972504243,0.35102005004882814,0.015417938232421876,9.695787506103516
1748972504309,0.32332763671875003,0.002245330810546875,9.708810424804687
1748972504377,0.30805938720703124,-0.0061372375488281256,9.724078674316408
1748972504443,0.35775604248046877,0.01466949462890625,9.705816650390625
1748972504510,0.33171020507812504,0.014519805908203126,9.709558868408203
1748972504577,0.32811767578125,-0.00029937744140625,9.706415405273438
1748972504643,0.3180885314941406,0.002544708251953125,9.717941436767578
1748972504710,0.3359014892578125,0.000449066162109375,9.69878128051758
1748972504777,0.3195854187011719,0.0028440856933593752,9.716444549560547
1748972504843,0.3195854187011719,0.012573852539062501,9.703870697021484
1748972504910,0.34862503051757815,0.006286926269531251,9.713301086425782
1748972504977,0.32048355102539067,0.017064514160156252,9.709708557128907
1748972505042,0.32527359008789064,0.006436614990234376,9.721533966064454
1748972505110,0.3207829284667969,0.013621673583984376,9.709558868408203
1748972505177,0.2980302429199219,0.012723541259765625,9.704319763183594
1748972505243,0.30671218872070316,-0.0031434631347656253,9.715995483398437
1748972505310,0.2820135498046875,-0.001047821044921875,9.714348907470704
1748972505377,0.3008743286132813,-0.010029144287109375,9.72033645629883
1748972505443,0.3158432006835938,0.0028440856933593752,9.714049530029298
1748972505510,0.30192214965820313,0.00748443603515625,9.709109802246095
1748972505577,0.3288661193847656,0.00389190673828125,9.708361358642579
1748972505643,0.3246748352050781,-0.0058378601074218755,9.718240814208984
1748972505710,0.36015106201171876,0.0059875488281250005,9.712552642822265
1748972505777,0.3297642517089844,0.0059875488281250005,9.704619140625
1748972505843,0.3249742126464844,0.009131011962890626,9.707313537597656
1748972505910,0.34398468017578127,0.008382568359375,9.709109802246095
1748972505977,0.3219804382324219,0.002245330810546875,9.71464828491211
1748972506043,0.3251239013671875,0.0017962646484375,9.716145172119141
1748972506110,0.3224295043945313,0.007634124755859375,9.725126495361328
1748972506177,0.3207829284667969,0.011376342773437501,9.72138427734375
1748972506243,0.3212319946289063,0.010029144287109375,9.72422836303711
1748972506310,0.32362701416015627,0.00508941650390625,9.715696105957031
1748972506377,0.3215313720703125,0.006586303710937501,9.723928985595704
1748972506444,0.3234773254394531,0.00029937744140625,9.72183334350586
1748972506510,0.3215313720703125,0.010927276611328125,9.71854019165039
1748972506577,0.3189866638183594,0.0028440856933593752,9.729617156982423
1748972506644,0.3347039794921875,0.014070739746093752,9.730814666748048
1748972506710,0.3276686096191406,0.010777587890625,9.722132720947267
1748972506777,0.34563125610351564,0.0017962646484375,9.723928985595704
1748972506844,0.3339555358886719,-0.010328521728515625,9.71464828491211
1748972506918,0.3291654968261719,0.006735992431640626,9.717192993164064
1748972506977,0.33215927124023437,0.017663269042968752,9.723330230712891
1748972507043,0.3119512939453125,0.0,9.725425872802735
1748972507110,0.3251239013671875,0.0053887939453125,9.718689880371095
1748972507177,0.31763946533203125,0.0005987548828125,9.731263732910156
1748972507243,0.33799713134765624,0.0101788330078125,9.723330230712891
1748972507310,0.3224295043945313,-0.0028440856933593752,9.730664978027344
1748972507377,0.28216323852539066,-0.006436614990234376,9.727671203613282
1748972507443,0.3040177917480469,0.00928070068359375,9.72901840209961
1748972507510,0.31674133300781254,0.011376342773437501,9.726024627685547
1748972507577,0.2908451843261719,-0.012424163818359375,9.728419647216798
1748972507643,0.29458740234375,0.0016465759277343752,9.731563110351564
1748972507710,0.314945068359375,0.004640350341796875,9.72662338256836
1748972507777,0.27422973632812503,-0.001945953369140625,9.736951904296875
1748972507843,0.30296997070312504,0.0061372375488281256,9.732012176513672
1748972507910,0.3138972473144531,-0.006885681152343751,9.734407196044922
1748972507976,0.3155438232421875,0.00029937744140625,9.72617431640625
1748972508043,0.30985565185546876,0.00269439697265625,9.728419647216798
1748972508110,0.30716125488281254,0.003592529296875,9.72422836303711
1748972508177,0.2938389587402344,-0.00089813232421875,9.726324005126953
1748972508243,0.3113525390625,0.0034428405761718754,9.727222137451172
1748972508310,0.32168106079101566,0.013921051025390626,9.722881164550781
1748972508377,0.28306137084960936,-0.004041595458984375,9.733059997558595
1748972508443,0.30895751953125,-0.001347198486328125,9.732461242675782
1748972508510,0.3052153015136719,-0.0056881713867187505,9.723479919433593
1748972508576,0.31374755859375003,0.006286926269531251,9.72572525024414
1748972508644,0.310155029296875,0.006735992431640626,9.73291030883789
1748972508710,0.36598892211914064,0.004939727783203125,9.72422836303711
1748972508777,0.3323089599609375,0.008232879638671876,9.72707244873047
1748972508844,0.4022135925292969,0.00928070068359375,9.720635833740236
1748972508910,0.3296145629882813,0.013771362304687501,9.729467468261719
1748972508977,0.36284545898437504,0.016465759277343752,9.717791748046876
1748972509043,0.3514691162109375,0.00449066162109375,9.724976806640626
1748972509110,0.3315605163574219,0.023351440429687502,9.72467742919922
1748972509177,0.33141082763671875,0.000449066162109375,9.73141342163086
1748972509243,0.2710862731933594,-0.02424957275390625,9.733958129882813
1748972509310,0.2667453002929688,-0.0016465759277343752,9.732012176513672
1748972509377,0.3242257690429688,0.009729766845703125,9.722132720947267
1748972509443,0.3339555358886719,0.006885681152343751,9.731712799072266
1748972509510,0.3227288818359375,0.003742218017578125,9.730664978027344
1748972509577,0.33021331787109376,0.000449066162109375,9.73186248779297
1748972509643,0.3146456909179688,0.0032931518554687503,9.727371826171876
1748972509710,0.31674133300781254,0.0017962646484375,9.732012176513672
1748972509777,0.3406915283203125,0.010627899169921875,9.720935211181642
1748972509843,0.3263214111328125,0.006586303710937501,9.718839569091797
1748972509910,0.3106040954589844,-0.018711090087890625,9.73141342163086
1748972509977,0.3263214111328125,0.0077838134765625,9.722282409667969
1748972510043,0.3237767028808594,0.013022918701171875,9.71943832397461
1748972510110,0.3004252624511719,-0.0053887939453125,9.735155639648438
1748972510177,0.2974314880371094,0.0031434631347656253,9.729168090820313
1748972510244,0.3297642517089844,0.019609222412109377,9.728419647216798
1748972510310,0.3195854187011719,0.003592529296875,9.724527740478516
1748972510377,0.2856060791015625,-0.007334747314453125,9.72901840209961
1748972510443,0.2851570129394531,-0.0089813232421875,9.728719024658204
1748972510510,0.3400927734375,0.0034428405761718754,9.723479919433593
1748972510577,0.34937347412109376,0.012274475097656251,9.716294860839843
1748972510643,0.3209326171875,-0.01107696533203125,9.71988739013672
1748972510710,0.3159928894042969,-0.0017962646484375,9.729317779541017
1748972510777,0.3311114501953125,-0.0028440856933593752,9.720037078857422
1748972510843,0.316142578125,-0.0031434631347656253,9.729467468261719
1748972510910,0.3112028503417969,-0.010777587890625,9.722731475830079
1748972510977,0.29338989257812503,-0.0007484436035156251,9.733059997558595
1748972511043,0.30566436767578126,-0.0029937744140625003,9.71943832397461
1748972511110,0.3058140563964844,0.0029937744140625003,9.724078674316408
1748972511177,0.3135978698730469,0.001047821044921875,9.725276184082032
1748972511244,0.3158432006835938,0.0007484436035156251,9.724378051757814
1748972511310,0.3231779479980469,0.00449066162109375,9.734856262207032
1748972511377,0.32706985473632816,0.00508941650390625,9.725276184082032
1748972511443,0.3159928894042969,0.001347198486328125,9.720635833740236
1748972511510,0.32227981567382813,0.0014968872070312501,9.733059997558595
1748972511577,0.31988479614257814,0.008382568359375,9.716743927001954
1748972511643,0.3242257690429688,0.002245330810546875,9.718689880371095
1748972511710,0.3023712158203125,0.001047821044921875,9.713750152587892
1748972511777,0.29309051513671874,-0.00089813232421875,9.723629608154297
1748972511843,0.3351530456542969,0.0031434631347656253,9.718689880371095
1748972511917,0.3227288818359375,0.0197589111328125,9.713450775146486
1748972511977,0.298179931640625,-0.001047821044921875,9.714797973632812
1748972512043,0.2884501647949219,0.00029937744140625,9.720186767578125
1748972512110,0.32482452392578126,0.01526824951171875,9.705666961669923
1748972512177,0.31913635253906253,0.004340972900390625,9.715247039794923
1748972512243,0.32721954345703125,0.011825408935546875,9.708211669921875
1748972512310,0.33904495239257815,0.0101788330078125,9.718390502929688
1748972512377,0.32048355102539067,0.003592529296875,9.715396728515625
1748972512443,0.34637969970703125,0.017812957763671877,9.720186767578125
1748972512510,0.3400927734375,0.006286926269531251,9.712852020263673
1748972512577,0.33664993286132816,0.00748443603515625,9.713899841308594
1748972512643,0.2820135498046875,-0.009430389404296876,9.726922760009765
1748972512710,0.30267059326171875,0.00029937744140625,9.720486145019532
1748972512777,0.29413833618164065,0.004640350341796875,9.709708557128907
1748972512843,0.3040177917480469,-0.006885681152343751,9.720186767578125
1748972512910,0.3082090759277344,0.006885681152343751,9.715097351074219
1748972512977,0.33784744262695315,0.0016465759277343752,9.72138427734375
1748972513043,0.35745666503906254,0.02245330810546875,9.702074432373047
1748972513110,0.32781829833984377,0.011825408935546875,9.71419921875
1748972513177,0.34173934936523437,0.00089813232421875,9.718240814208984
1748972513243,0.3224295043945313,0.008232879638671876,9.703271942138672
1748972513310,0.29533584594726564,-0.000149688720703125,9.720037078857422
1748972513377,0.33440460205078126,0.00868194580078125,9.714947662353516
1748972513443,0.3119512939453125,-0.0007484436035156251,9.713899841308594
1748972513510,0.27033782958984376,-0.0058378601074218755,9.718240814208984
1748972513577,0.3074606323242188,0.00748443603515625,9.711205444335938
1748972513644,0.33021331787109376,0.0058378601074218755,9.712552642822265
1748972513710,0.3658392333984375,0.011526031494140625,9.710606689453126
1748972513777,0.360450439453125,0.011975097656250001,9.710007934570314
1748972513843,0.3369493103027344,0.013471984863281251,9.711205444335938
1748972513910,0.31284942626953127,0.00808319091796875,9.712103576660157
1748972513977,0.2890489196777344,-0.0061372375488281256,9.710756378173828
1748972514043,0.27677444458007816,-0.011675720214843751,9.722731475830079
1748972514110,0.3311114501953125,0.01107696533203125,9.708211669921875
1748972514177,0.28380981445312503,-0.005538482666015625,9.716444549560547
1748972514244,0.31344818115234374,0.0059875488281250005,9.718091125488282
1748972514310,0.35820510864257815,0.0047900390625,9.71315139770508
1748972514377,0.3327580261230469,0.02185455322265625,9.711205444335938
1748972514443,0.258662109375,-0.013621673583984376,9.715097351074219
1748972514510,0.29758117675781254,-0.008831634521484376,9.71854019165039
1748972514577,0.3131488037109375,0.008232879638671876,9.710007934570314
1748972514643,0.29219238281250004,0.001945953369140625,9.722731475830079
1748972514710,0.2996768188476563,0.00389190673828125,9.726324005126953
1748972514777,0.32527359008789064,0.0149688720703125,9.71854019165039
1748972514843,0.3249742126464844,0.014220428466796876,9.711953887939453
1748972514910,0.3195854187011719,0.0,9.7189892578125
1748972514977,0.336500244140625,0.005538482666015625,9.70746322631836
1748972515043,0.32287857055664065,0.007334747314453125,9.724078674316408
1748972515110,0.288599853515625,0.00508941650390625,9.718839569091797
1748972515177,0.32826736450195315,0.005538482666015625,9.71270233154297
1748972515243,0.33829650878906253,0.019010467529296877,9.70027816772461
1748972515310,0.33245864868164066,0.0031434631347656253,9.718240814208984
1748972515377,0.33290771484375004,0.013172607421875001,9.718839569091797
1748972515443,0.3263214111328125,0.008232879638671876,9.704319763183594
1748972515510,0.35670822143554687,0.00718505859375,9.704020385742188
1748972515577,0.3369493103027344,0.02245330810546875,9.724827117919922
1748972515644,0.3308120727539063,0.000149688720703125,9.70985824584961
1748972515710,0.32647109985351563,0.013921051025390626,9.714797973632812
1748972515777,0.31988479614257814,0.012723541259765625,9.713450775146486
1748972515843,0.329315185546875,0.0032931518554687503,9.712552642822265
1748972515910,0.31763946533203125,0.00389190673828125,9.716893615722658
1748972515977,0.33799713134765624,0.027393035888671875,9.715247039794923
1748972516043,0.36060012817382814,-0.0014968872070312501,9.712402954101563
1748972516110,0.29189300537109375,0.0034428405761718754,9.710457000732422
1748972516177,0.3062631225585938,0.0007484436035156251,9.710007934570314
1748972516244,0.29294082641601565,0.018860778808593753,9.710606689453126
1748972516310,0.29593460083007816,-0.00718505859375,9.717941436767578
1748972516377,0.32871643066406253,-0.012274475097656251,9.725575561523438
1748972516444,0.3203338623046875,0.0077838134765625,9.711205444335938
1748972516510,0.3065625,0.013471984863281251,9.72033645629883
1748972516577,0.31329849243164065,0.008532257080078126,9.717642059326172
1748972516643,0.3308120727539063,-0.00389190673828125,9.712552642822265
1748972516710,0.30326934814453127,0.0014968872070312501,9.7189892578125
1748972516777,0.32108230590820314,0.005239105224609375,9.707163848876954
1748972516844,0.3158432006835938,0.007035369873046876,9.710906066894532
1748972516918,0.32063323974609376,0.0029937744140625003,9.718240814208984
1748972516977,0.33799713134765624,-0.022303619384765626,9.721084899902344
1748972517043,0.3369493103027344,0.020357666015625,9.712253265380859
1748972517110,0.329315185546875,0.012873229980468751,9.713750152587892
1748972517177,0.3369493103027344,0.0089813232421875,9.706714782714844
1748972517243,0.31255004882812504,0.007933502197265626,9.708361358642579
1748972517310,0.29174331665039066,-0.0005987548828125,9.713899841308594
1748972517377,0.3124003601074219,0.001047821044921875,9.717941436767578
1748972517443,0.30566436767578126,-0.00029937744140625,9.718689880371095
1748972517510,0.326920166015625,0.0059875488281250005,9.71464828491211
1748972517577,0.3011737060546875,0.006586303710937501,9.716743927001954
1748972517643,0.3333567810058594,0.05987548828125,9.70417007446289
1748972517710,0.38095779418945314,0.0197589111328125,9.698930969238281
1748972517777,0.32138168334960937,-0.012424163818359375,9.721683654785156
1748972517843,0.317340087890625,0.009131011962890626,9.711654510498047
1748972517910,0.32721954345703125,0.012274475097656251,9.712402954101563
1748972517977,0.3333567810058594,-0.004939727783203125,9.71749237060547
1748972518043,0.32587234497070316,0.0149688720703125,9.718689880371095
1748972518110,0.3106040954589844,0.00029937744140625,9.717791748046876
1748972518177,0.2871029663085938,0.001197509765625,9.714049530029298
1748972518244,0.3303630065917969,-0.004640350341796875,9.720635833740236
1748972518310,0.3189866638183594,0.004340972900390625,9.716444549560547
1748972518377,0.32946487426757814,0.0061372375488281256,9.712552642822265
1748972518443,0.3146456909179688,0.013771362304687501,9.719138946533203
1748972518510,0.3159928894042969,0.001945953369140625,9.708511047363281
1748972518577,0.2932402038574219,-0.004340972900390625,9.71180419921875
1748972518643,0.3170407104492188,0.013322296142578125,9.716743927001954
1748972518711,0.36718643188476563,0.020507354736328125,9.71943832397461
1748972518777,0.29788055419921877,0.0007484436035156251,9.71943832397461
1748972518843,0.3327580261230469,0.0031434631347656253,9.706714782714844
1748972518910,0.3391946411132813,0.002544708251953125,9.713899841308594
1748972518977,0.32048355102539067,0.010777587890625,9.702822875976564
1748972519044,0.2797682189941406,-0.001197509765625,9.715995483398437
1748972519110,0.2920426940917969,-0.0016465759277343752,9.725575561523438
1748972519177,0.33709899902343754,0.003592529296875,9.716444549560547
1748972519244,0.3165916442871094,0.006735992431640626,9.711055755615234
1748972519310,0.27228378295898437,-0.000449066162109375,9.7189892578125
1748972519377,0.3085084533691406,-0.001047821044921875,9.713450775146486
1748972519444,0.32826736450195315,0.009729766845703125,9.71704330444336
1748972519510,0.3170407104492188,0.009131011962890626,9.704918518066407
1748972519577,0.32482452392578126,0.00089813232421875,9.712552642822265
1748972519643,0.3342549133300781,0.007035369873046876,9.709109802246095
1748972519710,0.33066238403320314,-0.0032931518554687503,9.715247039794923
1748972519777,0.32781829833984377,0.0028440856933593752,9.715696105957031
1748972519843,0.31150222778320313,0.0028440856933593752,9.708361358642579
1748972519910,0.3195854187011719,0.0143701171875,9.716743927001954
1748972519977,0.338895263671875,0.0029937744140625003,9.714049530029298
1748972520043,0.3143463134765625,0.0,9.715995483398437
1748972520112,0.34129028320312504,0.011975097656250001,9.717642059326172
1748972520177,0.34203872680664066,0.015118560791015626,9.724827117919922
1748972520243,0.3276686096191406,0.0089813232421875,9.716893615722658
1748972520310,0.32168106079101566,0.007035369873046876,9.714348907470704
1748972520377,0.32946487426757814,0.01047821044921875,9.709558868408203
1748972520444,0.32946487426757814,0.008831634521484376,9.722731475830079
1748972520510,0.326920166015625,0.012274475097656251,9.719737701416015
1748972520577,0.33724868774414063,0.00748443603515625,9.717192993164064
1748972520643,0.31629226684570316,0.006436614990234376,9.723030853271485
1748972520710,0.3291654968261719,0.005239105224609375,9.71180419921875
1748972520777,0.31569351196289064,-0.0058378601074218755,9.720186767578125
1748972520843,0.314945068359375,0.00808319091796875,9.710457000732422
1748972520910,0.32706985473632816,0.00209564208984375,9.70027816772461
1748972520977,0.31524444580078126,0.007035369873046876,9.71315139770508
1748972521043,0.31404693603515627,0.007035369873046876,9.70701416015625
1748972521110,0.29608428955078125,0.002245330810546875,9.71749237060547
1748972521177,0.31868728637695315,0.0047900390625,9.720037078857422
1748972521244,0.31689102172851563,0.0032931518554687503,9.711205444335938
1748972521310,0.3309617614746094,0.00389190673828125,9.707163848876954
1748972521377,0.32602203369140625,-0.000149688720703125,9.706265716552736
1748972521444,0.3155438232421875,0.010927276611328125,9.712552642822265
1748972521510,0.32407608032226565,-0.005239105224609375,9.712552642822265
1748972521577,0.3249742126464844,-0.0047900390625,9.710606689453126
1748972521644,0.3180885314941406,0.011226654052734375,9.7189892578125
1748972521710,0.3212319946289063,0.00508941650390625,9.713750152587892
1748972521777,0.3170407104492188,-0.000149688720703125,9.715995483398437
1748972521843,0.32227981567382813,-0.000149688720703125,9.716444549560547
1748972521920,0.317340087890625,0.008382568359375,9.715546417236329
1748972521977,0.3158432006835938,0.00449066162109375,9.716893615722658
1748972522043,0.319735107421875,0.0041912841796875,9.716444549560547
1748972522110,0.3215313720703125,-0.0007484436035156251,9.71030731201172
1748972522177,0.32751892089843754,0.007035369873046876,9.718240814208984
1748972522244,0.31883697509765624,0.0028440856933593752,9.721533966064454
1748972522310,0.31344818115234374,0.00868194580078125,9.712253265380859
1748972522377,0.32751892089843754,0.0101788330078125,9.709708557128907
1748972522443,0.32721954345703125,0.0034428405761718754,9.7189892578125
1748972522510,0.305364990234375,0.00748443603515625,9.717941436767578
1748972522577,0.30731094360351563,0.007035369873046876,9.723330230712891
1748972522643,0.33171020507812504,0.011975097656250001,9.715696105957031
1748972522710,0.32407608032226565,0.0041912841796875,9.72617431640625
1748972522777,0.33799713134765624,0.0056881713867187505,9.71854019165039
1748972522843,0.3239263916015625,0.010627899169921875,9.705217895507813
1748972522910,0.31823822021484377,-0.004640350341796875,9.709259490966797
1748972522977,0.31719039916992187,0.00808319091796875,9.718839569091797
1748972523043,0.3158432006835938,-0.003742218017578125,9.716893615722658
1748972523110,0.29144393920898437,0.0032931518554687503,9.715097351074219
1748972523177,0.3311114501953125,0.006286926269531251,9.710157623291016
1748972523243,0.32706985473632816,0.004041595458984375,9.71180419921875
1748972523312,0.33021331787109376,0.0017962646484375,9.712402954101563
1748972523377,0.31793884277343754,-0.000449066162109375,9.715247039794923
1748972523444,0.3159928894042969,0.004340972900390625,9.719288635253907
1748972523510,0.27872039794921877,0.0053887939453125,9.718689880371095
1748972523577,0.3323089599609375,-0.006885681152343751,9.714947662353516
1748972523644,0.32063323974609376,0.0017962646484375,9.714947662353516
1748972523710,0.3138972473144531,-0.0007484436035156251,9.715845794677735
1748972523777,0.3023712158203125,0.0058378601074218755,9.718091125488282
1748972523844,0.31449600219726564,0.00269439697265625,9.713600463867188
1748972523910,0.34024246215820314,-0.005538482666015625,9.706415405273438
1748972523977,0.31644195556640625,0.011975097656250001,9.724378051757814
1748972524044,0.29653335571289063,0.0005987548828125,9.710906066894532
1748972524110,0.31344818115234374,0.00389190673828125,9.715845794677735
1748972524177,0.310155029296875,-0.0005987548828125,9.717192993164064
1748972524244,0.30566436767578126,0.0077838134765625,9.710157623291016
1748972524310,0.3126997375488281,0.0053887939453125,9.715396728515625
1748972524377,0.324525146484375,0.006436614990234376,9.710457000732422
1748972524443,0.3224295043945313,-0.000449066162109375,9.704020385742188
1748972524510,0.3147953796386719,0.0041912841796875,9.71854019165039
1748972524577,0.31329849243164065,0.00748443603515625,9.713899841308594
1748972524644,0.32287857055664065,-0.001945953369140625,9.710756378173828
1748972524710,0.3224295043945313,0.010328521728515625,9.713450775146486
1748972524777,0.3249742126464844,0.00748443603515625,9.714049530029298
1748972524843,0.32332763671875003,-0.000449066162109375,9.716145172119141
1748972524910,0.3170407104492188,0.001197509765625,9.713899841308594
1748972524977,0.3106040954589844,0.002245330810546875,9.716294860839843
1748972525043,0.3195854187011719,0.010029144287109375,9.720486145019532
1748972525110,0.3243754577636719,0.00748443603515625,9.71270233154297
1748972525177,0.3296145629882813,-0.00029937744140625,9.71854019165039
1748972525243,0.317340087890625,0.006735992431640626,9.713301086425782
1748972525310,0.314945068359375,-0.001197509765625,9.722581787109375
1748972525377,0.31793884277343754,0.00089813232421875,9.713001708984375
1748972525444,0.3150947570800781,-0.006286926269531251,9.710756378173828
1748972525510,0.3092568969726563,0.00868194580078125,9.712402954101563
1748972525577,0.3192860412597656,0.005239105224609375,9.707912292480469
1748972525643,0.3243754577636719,0.009131011962890626,9.71315139770508
1748972525710,0.2912942504882813,-0.011975097656250001,9.715097351074219
1748972525777,0.30835876464843753,0.0005987548828125,9.720635833740236
1748972525843,0.3107537841796875,0.0007484436035156251,9.72183334350586
1748972525910,0.32572265625,0.008532257080078126,9.705068206787109
1748972525977,0.326920166015625,0.007035369873046876,9.715396728515625
1748972526043,0.3405418395996094,0.007634124755859375,9.711654510498047
1748972526110,0.3242257690429688,-0.001197509765625,9.723330230712891
1748972526177,0.31868728637695315,0.007634124755859375,9.730814666748048
1748972526243,0.33784744262695315,0.010927276611328125,9.714049530029298
1748972526310,0.3442840576171875,0.0032931518554687503,9.714498596191406
1748972526377,0.32826736450195315,0.0041912841796875,9.715247039794923
1748972526443,0.32587234497070316,0.00389190673828125,9.722581787109375
1748972526510,0.3104544067382813,0.00748443603515625,9.714947662353516
1748972526577,0.31868728637695315,-0.00449066162109375,9.708960113525391
1748972526643,0.329315185546875,-0.002245330810546875,9.713001708984375
1748972526710,0.31404693603515627,0.00508941650390625,9.711654510498047
1748972526777,0.31763946533203125,0.004041595458984375,9.714947662353516
1748972526843,0.31404693603515627,0.0101788330078125,9.70746322631836
1748972526919,0.2770738220214844,-0.011975097656250001,9.717791748046876
1748972526977,0.30865814208984377,-0.0017962646484375,9.720635833740236
1748972527043,0.33126113891601566,0.007035369873046876,9.715247039794923
1748972527111,0.3338058471679688,0.0077838134765625,9.717642059326172
1748972527177,0.32362701416015627,-0.007334747314453125,9.704918518066407
1748972527243,0.31090347290039066,0.00987945556640625,9.712253265380859
1748972527310,0.31943572998046876,0.0016465759277343752,9.718689880371095
1748972527377,0.36209701538085937,0.00808319091796875,9.715247039794923
1748972527444,0.33769775390625,0.014070739746093752,9.713301086425782
1748972527510,0.3350033569335938,0.003592529296875,9.712103576660157
1748972527577,0.32901580810546877,0.008532257080078126,9.716594238281251
1748972527643,0.32227981567382813,0.0041912841796875,9.719288635253907
1748972527712,0.3224295043945313,0.00718505859375,9.71135513305664
1748972527777,0.3116519165039063,0.004640350341796875,9.710906066894532
1748972527852,0.3224295043945313,-0.0014968872070312501,9.721983032226563
1748972527910,0.3246748352050781,0.011376342773437501,9.718390502929688
1748972527977,0.3159928894042969,-0.00269439697265625,9.70551727294922
1748972528050,0.3192860412597656,0.00508941650390625,9.713899841308594
1748972528110,0.31988479614257814,-0.0041912841796875,9.710756378173828
1748972528177,0.31913635253906253,0.006436614990234376,9.711654510498047
1748972528250,0.3231779479980469,0.0041912841796875,9.711055755615234
1748972528310,0.3192860412597656,0.0089813232421875,9.713001708984375
1748972528377,0.3192860412597656,-0.0016465759277343752,9.716893615722658
1748972528444,0.3242257690429688,0.007035369873046876,9.715696105957031
1748972528510,0.31823822021484377,0.004340972900390625,9.714797973632812
1748972528577,0.3158432006835938,-0.000149688720703125,9.711504821777345
1748972528650,0.3074606323242188,0.00808319091796875,9.71270233154297
1748972528710,0.3219804382324219,0.0041912841796875,9.72183334350586
1748972528777,0.32602203369140625,-0.001197509765625,9.713600463867188
1748972528849,0.3124003601074219,-0.0029937744140625003,9.718689880371095
1748972528910,0.32302825927734374,0.00389190673828125,9.712253265380859
1748972528977,0.31449600219726564,-0.00239501953125,9.71135513305664
1748972529043,0.3227288818359375,0.0034428405761718754,9.72138427734375
1748972529110,0.3227288818359375,0.00868194580078125,9.721983032226563
1748972529177,0.3224295043945313,0.002544708251953125,9.712852020263673
1748972529251,0.32871643066406253,-0.00508941650390625,9.715396728515625
1748972529310,0.32183074951171875,-0.0005987548828125,9.704918518066407
1748972529377,0.3212319946289063,0.0032931518554687503,9.71749237060547
1748972529444,0.31913635253906253,0.00748443603515625,9.712103576660157
1748972529510,0.3239263916015625,0.002544708251953125,9.715995483398437
1748972529577,0.3135978698730469,0.00029937744140625,9.714498596191406
1748972529643,0.3155438232421875,-0.00239501953125,9.713899841308594
1748972529710,0.3296145629882813,0.015867004394531252,9.710007934570314
1748972529777,0.32048355102539067,0.004939727783203125,9.709109802246095
1748972529850,0.3224295043945313,0.004340972900390625,9.709259490966797
1748972529910,0.3219804382324219,0.006436614990234376,9.71315139770508
1748972529977,0.33290771484375004,0.00748443603515625,9.711654510498047
1748972530050,0.3201841735839844,0.004041595458984375,9.717342681884766
1748972530111,0.31868728637695315,0.004340972900390625,9.716294860839843
1748972530177,0.33365615844726565,0.0047900390625,9.716145172119141
1748972530243,0.3180885314941406,-0.00269439697265625,9.708960113525391
1748972530310,0.31883697509765624,0.00508941650390625,9.713301086425782
1748972530377,0.3112028503417969,0.004041595458984375,9.704020385742188
1748972530443,0.3219804382324219,0.0061372375488281256,9.714947662353516
1748972530511,0.33215927124023437,0.003742218017578125,9.709409179687501
1748972530577,0.31763946533203125,0.011975097656250001,9.726024627685547
1748972530643,0.3255729675292969,-0.0017962646484375,9.71704330444336
1748972530711,0.3393443298339844,0.00269439697265625,9.715995483398437
1748972530777,0.32871643066406253,-0.0017962646484375,9.711654510498047
1748972530851,0.32841705322265624,-0.0032931518554687503,9.717791748046876
1748972530911,0.3094065856933594,-0.000449066162109375,9.709109802246095
1748972530977,0.3448828125,0.0077838134765625,9.708960113525391
1748972531051,0.32602203369140625,0.001047821044921875,9.716893615722658
1748972531111,0.32302825927734374,-0.005538482666015625,9.725126495361328
1748972531177,0.31255004882812504,0.0029937744140625003,9.714498596191406
1748972531251,0.31569351196289064,-0.00209564208984375,9.71315139770508
1748972531311,0.3514691162109375,-0.0017962646484375,9.708810424804687
1748972531377,0.33066238403320314,0.002245330810546875,9.726473693847657
1748972531443,0.33260833740234375,0.006286926269531251,9.71315139770508
1748972531511,0.3495231628417969,0.015118560791015626,9.716145172119141
1748972531577,0.3135978698730469,0.012573852539062501,9.710906066894532
1748972531644,0.2992277526855469,0.004939727783203125,9.714947662353516
1748972531716,0.30416748046875003,-0.00209564208984375,9.71135513305664
1748972531777,0.33021331787109376,0.002245330810546875,9.703721008300782
1748972531852,0.32063323974609376,0.010029144287109375,9.719588012695313
1748972531919,0.33260833740234375,0.005239105224609375,9.708960113525391
1748972531977,0.316142578125,0.0041912841796875,9.722881164550781
1748972532043,0.32527359008789064,0.0053887939453125,9.714049530029298
1748972532110,0.3131488037109375,0.001047821044921875,9.71704330444336
1748972532177,0.2951861572265625,-0.001047821044921875,9.718390502929688
1748972532251,0.310155029296875,0.0034428405761718754,9.715995483398437
1748972532310,0.3170407104492188,-0.0014968872070312501,9.712402954101563
1748972532377,0.32602203369140625,0.0061372375488281256,9.708960113525391
1748972532443,0.32946487426757814,0.008532257080078126,9.713899841308594
1748972532511,0.30716125488281254,0.00928070068359375,9.711654510498047
1748972532577,0.3158432006835938,0.00389190673828125,9.71315139770508
1748972532643,0.2884501647949219,-0.0056881713867187505,9.724527740478516
1748972532711,0.2938389587402344,0.001347198486328125,9.713750152587892
1748972532777,0.32332763671875003,0.006885681152343751,9.724527740478516
1748972532850,0.3303630065917969,0.004640350341796875,9.723180541992187
1748972532911,0.32482452392578126,-0.001197509765625,9.718390502929688
1748972532977,0.3308120727539063,0.004340972900390625,9.712402954101563
1748972533043,0.3234773254394531,0.009131011962890626,9.723330230712891
1748972533111,0.28755203247070316,-0.004939727783203125,9.734407196044922
1748972533177,0.3074606323242188,-0.001347198486328125,9.715396728515625
1748972533243,0.3104544067382813,-0.00089813232421875,9.71464828491211
1748972533311,0.34712814331054687,0.02664459228515625,9.707163848876954
1748972533377,0.33320709228515627,0.0053887939453125,9.71749237060547
1748972533450,0.35161880493164066,0.00508941650390625,9.718390502929688
1748972533516,0.33410522460937503,0.00269439697265625,9.710906066894532
1748972533577,0.29533584594726564,-0.006735992431640626,9.713750152587892
1748972533643,0.3001258850097656,0.0005987548828125,9.719288635253907
1748972533711,0.31674133300781254,-0.00029937744140625,9.719588012695313
1748972533777,0.33320709228515627,0.00808319091796875,9.710157623291016
1748972533843,0.28740234375,-0.012573852539062501,9.726324005126953
1748972533911,0.2800675964355469,0.001347198486328125,9.719588012695313
1748972533977,0.3008743286132813,0.003592529296875,9.716145172119141
1748972534043,0.27916946411132815,-0.008232879638671876,9.708960113525391
1748972534111,0.300574951171875,0.0032931518554687503,9.721683654785156
1748972534177,0.3457809448242188,-0.0005987548828125,9.720186767578125
1748972534243,0.3908372497558594,0.026794281005859375,9.712402954101563
1748972534311,0.2927911376953125,0.012124786376953125,9.716294860839843
1748972534377,0.34143997192382813,0.0029937744140625003,9.720486145019532
1748972534443,0.31868728637695315,0.007634124755859375,9.718390502929688
1748972534511,0.29488677978515626,-0.011675720214843751,9.718839569091797
1748972534577,0.3153941345214844,0.001047821044921875,9.715995483398437
1748972534651,0.3350033569335938,0.00209564208984375,9.72033645629883
1748972534711,0.29533584594726564,-0.008532257080078126,9.722581787109375
1748972534777,0.26809249877929686,-0.0059875488281250005,9.719588012695313
1748972534850,0.27228378295898437,-0.006586303710937501,9.720635833740236
1748972534910,0.3146456909179688,0.002544708251953125,9.72033645629883
1748972534977,0.3207829284667969,0.012124786376953125,9.71270233154297
1748972535043,0.28919860839843753,-0.0031434631347656253,9.723479919433593
1748972535111,0.28949798583984376,-0.001347198486328125,9.71419921875
1748972535177,0.28725265502929687,-0.000149688720703125,9.716743927001954
1748972535243,0.3622467041015625,0.013172607421875001,9.711504821777345
1748972535310,0.2704875183105469,-0.011825408935546875,9.718390502929688
1748972535377,0.29294082641601565,0.0,9.71749237060547
1748972535443,0.348475341796875,0.004640350341796875,9.720635833740236
1748972535510,0.3239263916015625,0.0077838134765625,9.713750152587892
1748972535577,0.2704875183105469,-0.007334747314453125,9.721683654785156
1748972535651,0.3499722290039063,0.00209564208984375,9.717642059326172
1748972535710,0.28979736328125,0.00239501953125,9.717342681884766
1748972535777,0.31404693603515627,-0.0017962646484375,9.71988739013672
1748972535851,0.32168106079101566,0.009430389404296876,9.714348907470704
1748972535910,0.30731094360351563,0.007634124755859375,9.722132720947267
1748972535977,0.31255004882812504,0.0089813232421875,9.707612915039062
1748972536051,0.3305126953125,0.00449066162109375,9.712402954101563
1748972536110,0.3400927734375,0.0058378601074218755,9.715995483398437
1748972536177,0.34623001098632816,0.017513580322265625,9.702972564697266
1748972536250,0.33141082763671875,0.00089813232421875,9.724827117919922
1748972536310,0.32811767578125,0.00269439697265625,9.707163848876954
1748972536377,0.33365615844726565,0.0005987548828125,9.708660736083985
1748972536450,0.3237767028808594,0.0047900390625,9.715696105957031
1748972536510,0.3279679870605469,0.013322296142578125,9.71030731201172
1748972536577,0.30716125488281254,0.003592529296875,9.705068206787109
1748972536652,0.3219804382324219,0.001047821044921875,9.715097351074219
1748972536710,0.3095562744140625,0.001197509765625,9.721683654785156
1748972536777,0.32362701416015627,0.012424163818359375,9.707612915039062
1748972536843,0.31329849243164065,-0.010627899169921875,9.716743927001954
1748972536922,0.32751892089843754,0.00928070068359375,9.717791748046876
1748972536977,0.31988479614257814,0.005239105224609375,9.707163848876954
1748972537043,0.3246748352050781,0.007035369873046876,9.720486145019532
1748972537110,0.31719039916992187,0.0047900390625,9.713600463867188
1748972537177,0.3231779479980469,0.00089813232421875,9.713600463867188
1748972537243,0.33021331787109376,0.001197509765625,9.718839569091797
1748972537310,0.3234773254394531,0.006586303710937501,9.721533966064454
1748972537377,0.3231779479980469,0.006885681152343751,9.712402954101563
1748972537444,0.31569351196289064,0.0031434631347656253,9.722132720947267
1748972537510,0.3158432006835938,0.006735992431640626,9.719737701416015
1748972537577,0.32706985473632816,0.0007484436035156251,9.713450775146486
1748972537643,0.3224295043945313,-0.00239501953125,9.711055755615234
1748972537710,0.3333567810058594,0.008831634521484376,9.72138427734375
1748972537777,0.32332763671875003,0.0041912841796875,9.718689880371095
1748972537852,0.3106040954589844,0.008382568359375,9.715396728515625
1748972537910,0.3297642517089844,0.01466949462890625,9.72033645629883
1748972537977,0.32781829833984377,-0.0014968872070312501,9.720935211181642
1748972538051,0.3308120727539063,0.013322296142578125,9.711953887939453
1748972538110,0.3180885314941406,0.00748443603515625,9.718390502929688
1748972538177,0.3249742126464844,0.002245330810546875,9.710756378173828
1748972538249,0.32362701416015627,-0.00089813232421875,9.714498596191406
1748972538311,0.3201841735839844,-0.001047821044921875,9.71988739013672
1748972538377,0.32647109985351563,0.00718505859375,9.711504821777345
1748972538444,0.31404693603515627,0.0077838134765625,9.722282409667969
1748972538510,0.3246748352050781,0.010927276611328125,9.705068206787109
1748972538577,0.3165916442871094,0.011376342773437501,9.71270233154297
1748972538643,0.31329849243164065,0.0014968872070312501,9.710906066894532
1748972538710,0.32901580810546877,0.009580078125,9.715396728515625
1748972538777,0.3106040954589844,0.002544708251953125,9.71943832397461
1748972538843,0.3203338623046875,0.0031434631347656253,9.712402954101563
1748972538910,0.317340087890625,0.0028440856933593752,9.711055755615234
1748972538977,0.317340087890625,0.0005987548828125,9.706864471435548
1748972539051,0.3201841735839844,0.0028440856933593752,9.710457000732422
1748972539110,0.31913635253906253,0.00209564208984375,9.707912292480469
1748972539177,0.3113525390625,0.006436614990234376,9.722282409667969
1748972539243,0.31853759765625,-0.001047821044921875,9.710756378173828
1748972539310,0.30446685791015626,0.007334747314453125,9.716594238281251
1748972539377,0.3138972473144531,0.012274475097656251,9.707912292480469
1748972539443,0.31763946533203125,-0.0053887939453125,9.71704330444336
1748972539510,0.3234773254394531,-0.00029937744140625,9.716893615722658
1748972539577,0.3303630065917969,0.012424163818359375,9.722731475830079
1748972539649,0.2947370910644531,0.004939727783203125,9.701176300048829
1748972539710,0.31404693603515627,0.00269439697265625,9.715995483398437
1748972539777,0.3043171691894531,0.006436614990234376,9.720486145019532
1748972539843,0.3074606323242188,0.0014968872070312501,9.7189892578125
1748972539910,0.3224295043945313,-0.004340972900390625,9.71270233154297
1748972539977,0.32677047729492187,0.0028440856933593752,9.714348907470704
1748972540043,0.3254232788085938,-0.0056881713867187505,9.712402954101563
1748972540110,0.3266207885742188,0.008382568359375,9.715995483398437
1748972540177,0.3231779479980469,-0.001047821044921875,9.72033645629883
1748972540248,0.31853759765625,0.00868194580078125,9.713301086425782
1748972540310,0.32527359008789064,0.002245330810546875,9.707163848876954
1748972540377,0.31763946533203125,0.00449066162109375,9.708061981201173
1748972540444,0.3219804382324219,0.009430389404296876,9.730814666748048
1748972540510,0.31988479614257814,0.004939727783203125,9.71270233154297
1748972540585,0.37901184082031253,0.02724334716796875,9.718689880371095
1748972540649,0.3836521911621094,0.0556842041015625,9.687105560302735
1748972540718,0.3345542907714844,0.006735992431640626,9.712103576660157
1748972540777,0.32213012695312504,0.0077838134765625,9.709109802246095
1748972540843,0.30865814208984377,0.001945953369140625,9.720785522460938
1748972540911,0.32302825927734374,0.0047900390625,9.720935211181642
1748972540977,0.32063323974609376,0.001945953369140625,9.713301086425782
1748972541049,0.32302825927734374,0.00389190673828125,9.703721008300782
1748972541118,0.3254232788085938,0.002544708251953125,9.71180419921875
1748972541177,0.3234773254394531,0.0089813232421875,9.709259490966797
1748972541250,0.3158432006835938,-0.00029937744140625,9.706265716552736
1748972541318,0.3231779479980469,0.001047821044921875,9.72572525024414
1748972541377,0.3146456909179688,0.004939727783203125,9.705367584228517
1748972541443,0.31644195556640625,-0.00089813232421875,9.707762603759766
1748972541510,0.31030471801757814,0.00868194580078125,9.719138946533203
1748972541577,0.3251239013671875,0.010927276611328125,9.717342681884766
1748972541643,0.317340087890625,0.004340972900390625,9.71315139770508
1748972541710,0.32602203369140625,0.000449066162109375,9.719138946533203
1748972541777,0.3126997375488281,0.00389190673828125,9.715396728515625
1748972541848,0.3135978698730469,-0.0005987548828125,9.713301086425782
1748972541921,0.3126997375488281,0.00508941650390625,9.71419921875
1748972541978,0.31284942626953127,0.010029144287109375,9.713600463867188
1748972542043,0.3224295043945313,0.0032931518554687503,9.70312225341797
1748972542110,0.3239263916015625,0.002544708251953125,9.713450775146486
1748972542177,0.3200344848632813,0.004640350341796875,9.716893615722658
1748972542243,0.32108230590820314,-0.00389190673828125,9.72033645629883
1748972542310,0.31868728637695315,-0.001197509765625,9.714797973632812
1748972542377,0.3107537841796875,0.0005987548828125,9.720486145019532
1748972542449,0.32227981567382813,0.00389190673828125,9.722881164550781
1748972542517,0.3342549133300781,0.000149688720703125,9.701176300048829
1748972542577,0.3150947570800781,0.011376342773437501,9.707313537597656
1748972542649,0.30611343383789064,0.004640350341796875,9.708211669921875
1748972542716,0.317340087890625,0.00748443603515625,9.717791748046876
1748972542777,0.3131488037109375,0.0059875488281250005,9.717941436767578
1748972542843,0.2963836669921875,-0.000149688720703125,9.715995483398437
1748972542910,0.3375480651855469,0.0058378601074218755,9.708211669921875
1748972542977,0.3279679870605469,0.00449066162109375,9.704619140625
1748972543048,0.30072463989257814,-0.002245330810546875,9.708361358642579
1748972543116,0.3112028503417969,0.005239105224609375,9.715247039794923
1748972543177,0.32721954345703125,0.001945953369140625,9.712103576660157
1748972543249,0.30446685791015626,-0.0061372375488281256,9.715845794677735
1748972543315,0.31105316162109375,0.002245330810546875,9.712253265380859
1748972543377,0.3335064697265625,0.01526824951171875,9.711504821777345
1748972543449,0.3209326171875,-0.009729766845703125,9.708211669921875
1748972543516,0.3119512939453125,-0.000449066162109375,9.71180419921875
1748972543577,0.3279679870605469,0.00089813232421875,9.720785522460938
1748972543649,0.31284942626953127,0.000449066162109375,9.707912292480469
1748972543718,0.3159928894042969,-0.0014968872070312501,9.711654510498047
1748972543777,0.3212319946289063,-0.0028440856933593752,9.725575561523438
1748972543848,0.314945068359375,0.010927276611328125,9.713750152587892
1748972543915,0.3249742126464844,-0.00389190673828125,9.709259490966797
1748972543977,0.31629226684570316,0.0061372375488281256,9.717791748046876
1748972544050,0.3242257690429688,-0.004041595458984375,9.720785522460938
1748972544115,0.3207829284667969,0.010627899169921875,9.713600463867188
1748972544177,0.319735107421875,0.00269439697265625,9.705816650390625
1748972544249,0.32048355102539067,0.0041912841796875,9.71315139770508
1748972544320,0.3212319946289063,0.001347198486328125,9.71315139770508
1748972544377,0.3150947570800781,-0.0077838134765625,9.721084899902344
1748972544449,0.3143463134765625,0.00029937744140625,9.721234588623048
1748972544515,0.3107537841796875,0.002544708251953125,9.714947662353516
1748972544577,0.32602203369140625,0.006885681152343751,9.720037078857422
1748972544651,0.3035687255859375,-0.0028440856933593752,9.715995483398437
1748972544717,0.3231779479980469,0.008532257080078126,9.71704330444336
1748972544777,0.3246748352050781,0.002544708251953125,9.72033645629883
1748972544849,0.33171020507812504,0.0077838134765625,9.722731475830079
1748972544917,0.3308120727539063,0.004939727783203125,9.706415405273438
1748972544985,0.3394940185546875,0.003742218017578125,9.711504821777345
1748972545051,0.3254232788085938,0.01107696533203125,9.722881164550781
1748972545117,0.32302825927734374,0.005538482666015625,9.710606689453126
1748972545177,0.3359014892578125,-0.0016465759277343752,9.723779296875
1748972545249,0.31823822021484377,0.003592529296875,9.722731475830079
1748972545316,0.3052153015136719,0.006586303710937501,9.720635833740236
1748972545377,0.3212319946289063,-0.00029937744140625,9.715845794677735
1748972545450,0.30686187744140625,0.004640350341796875,9.708061981201173
1748972545510,0.3261717224121094,0.00269439697265625,9.725276184082032
1748972545577,0.3052153015136719,0.00269439697265625,9.723779296875
1748972545651,0.31105316162109375,-0.0029937744140625003,9.713301086425782
1748972545715,0.33021331787109376,0.01047821044921875,9.709558868408203
1748972545777,0.3231779479980469,0.0056881713867187505,9.712253265380859
1748972545851,0.32602203369140625,0.0034428405761718754,9.724527740478516
1748972545917,0.31150222778320313,0.0029937744140625003,9.713001708984375
1748972545977,0.31644195556640625,-0.009729766845703125,9.722282409667969
1748972546049,0.2999761962890625,0.00748443603515625,9.713899841308594
1748972546115,0.3740721130371094,-0.0185614013671875,9.705666961669923
1748972546177,0.31748977661132816,0.012274475097656251,9.701325988769531
1748972546251,0.3159928894042969,0.0029937744140625003,9.711953887939453
1748972546317,0.2698887634277344,-0.006286926269531251,9.731263732910156
1748972546377,0.33799713134765624,0.007035369873046876,9.708960113525391
1748972546451,0.31404693603515627,0.010777587890625,9.71749237060547
1748972546518,0.33066238403320314,0.001197509765625,9.71854019165039
1748972546585,0.27842102050781253,-0.018112335205078125,9.716594238281251
1748972546650,0.3254232788085938,0.003592529296875,9.71749237060547
1748972546715,0.3320095825195313,0.001197509765625,9.718839569091797
1748972546777,0.3534150695800781,0.0041912841796875,9.713301086425782
1748972546851,0.3288661193847656,0.006735992431640626,9.719588012695313
1748972546921,0.24399261474609377,-0.011226654052734375,9.727371826171876
1748972546978,0.25342300415039065,-0.0014968872070312501,9.72572525024414
1748972547045,0.3588038635253906,-0.028590545654296876,9.73141342163086
1748972547113,0.21794677734375,0.002245330810546875,9.707313537597656
1748972547177,0.30895751953125,0.001945953369140625,9.716893615722658
1748972547249,0.3237767028808594,-0.024099884033203126,9.725874938964845
1748972547317,0.21689895629882813,-0.04460723876953125,9.737999725341798
1748972547377,0.28695327758789063,0.0034428405761718754,9.71419921875
1748972547448,0.3276686096191406,-0.027692413330078127,9.721533966064454
1748972547517,0.3435356140136719,0.010029144287109375,9.720186767578125
1748972547577,0.39173538208007813,0.00269439697265625,9.710606689453126
1748972547648,0.32527359008789064,0.011376342773437501,9.717941436767578
1748972547717,0.3537144470214844,-0.004041595458984375,9.712552642822265
1748972547777,0.3146456909179688,0.015867004394531252,9.71943832397461
1748972547852,0.31180160522460937,-0.006735992431640626,9.721234588623048
1748972547915,0.3031196594238281,-0.02604583740234375,9.730814666748048
1748972547985,0.2999761962890625,0.040415954589843754,9.704918518066407
1748972548048,0.3011737060546875,-0.008232879638671876,9.723928985595704
1748972548115,0.27542724609375,-0.008831634521484376,9.724527740478516
1748972548177,0.31629226684570316,-0.0149688720703125,9.733658752441407
1748972548251,0.2697390747070313,-0.0028440856933593752,9.718390502929688
1748972548315,0.3138972473144531,0.0173638916015625,9.716594238281251
1748972548377,0.2920426940917969,-0.00029937744140625,9.72467742919922
1748972548448,0.32213012695312504,-0.007933502197265626,9.715696105957031
1748972548515,0.32332763671875003,-0.002544708251953125,9.722731475830079
1748972548577,0.2800675964355469,-0.0031434631347656253,9.729467468261719
1748972548648,0.33979339599609376,0.01107696533203125,9.722731475830079
1748972548716,0.2989283752441406,0.0077838134765625,9.715995483398437
1748972548784,-0.45610153198242187,-0.9270222473144532,9.877958679199219
1748972548848,-0.8301736450195313,-0.20043319702148438,9.82002914428711
1748972548916,-0.36000137329101567,-0.2597099304199219,9.78410385131836
1748972548977,-0.21689895629882813,-0.15522720336914064,9.764794006347657
1748972549051,0.6189628601074219,0.036524047851562505,9.72033645629883
1748972549115,0.45385620117187503,0.044756927490234376,9.704918518066407
1748972549177,0.4186793518066406,0.029189300537109376,9.706864471435548
1748972549248,0.37811370849609377,0.022902374267578126,9.720186767578125
1748972549315,0.2231858825683594,-0.024399261474609375,9.726024627685547
1748972549377,0.27228378295898437,-0.009580078125,9.724976806640626
1748972549451,0.2788700866699219,-0.012424163818359375,9.720186767578125
1748972549517,0.35940261840820314,0.011226654052734375,9.716444549560547
1748972549578,0.28291168212890627,-0.010029144287109375,9.71854019165039
1748972549648,0.3046165466308594,0.0,9.721983032226563
1748972549714,0.30731094360351563,-0.012573852539062501,9.723479919433593
1748972549778,0.31748977661132816,0.00239501953125,9.710007934570314
1748972549848,0.28680358886718754,-0.00808319091796875,9.72183334350586
1748972549915,0.32362701416015627,0.0101788330078125,9.71464828491211
1748972549978,0.31763946533203125,-0.0014968872070312501,9.716145172119141
1748972550050,0.31689102172851563,0.005538482666015625,9.718839569091797
1748972550117,0.2639012145996094,-0.011975097656250001,9.73380844116211
1748972550178,0.3035687255859375,-0.009729766845703125,9.736652526855469
1748972550248,0.3040177917480469,0.0041912841796875,9.719588012695313
1748972550315,0.28994705200195314,-0.0077838134765625,9.723629608154297
1748972550378,0.30790969848632815,-0.004640350341796875,9.71943832397461
1748972550449,0.28186386108398437,0.011675720214843751,9.731263732910156
1748972550515,0.3100053405761719,0.0016465759277343752,9.71988739013672
1748972550578,0.32527359008789064,0.00089813232421875,9.725126495361328
1748972550650,0.3004252624511719,-0.010777587890625,9.717791748046876
1748972550715,0.30132339477539066,-0.0007484436035156251,9.71988739013672
1748972550778,0.3135978698730469,-0.007933502197265626,9.723928985595704
1748972550850,0.3333567810058594,0.007933502197265626,9.732161865234376
1748972550917,0.32138168334960937,0.0031434631347656253,9.718390502929688
1748972550978,0.3227288818359375,0.003742218017578125,9.71988739013672
1748972551051,0.3050656127929688,-0.00389190673828125,9.72033645629883
1748972551115,0.31449600219726564,-0.00508941650390625,9.716444549560547
1748972551178,0.3095562744140625,0.002544708251953125,9.724527740478516
1748972551248,0.32602203369140625,-0.009131011962890626,9.728419647216798
1748972551317,0.3150947570800781,0.005239105224609375,9.724078674316408
1748972551378,0.30222152709960937,0.0007484436035156251,9.716294860839843
1748972551450,0.30641281127929687,-0.0032931518554687503,9.730515289306641
1748972551516,0.360450439453125,-0.00239501953125,9.717941436767578
1748972551578,0.33709899902343754,0.0089813232421875,9.724827117919922
1748972551647,0.29937744140625,0.008382568359375,9.722881164550781
1748972551715,0.288599853515625,-0.011825408935546875,9.721683654785156
1748972551778,0.3020718383789063,-0.008532257080078126,9.731114044189454
1748972551851,0.31524444580078126,0.004041595458984375,9.730814666748048
1748972551919,0.34129028320312504,0.005538482666015625,9.71854019165039
1748972551978,0.35042129516601567,0.030386810302734376,9.713899841308594
1748972552044,0.35057098388671876,-0.018112335205078125,9.728269958496094
1748972552112,0.3138972473144531,0.004340972900390625,9.725276184082032
1748972552178,0.31674133300781254,-0.019609222412109377,9.73096435546875
1748972552248,0.2878514099121094,0.00928070068359375,9.719737701416015
1748972552317,0.3345542907714844,0.0005987548828125,9.72422836303711
1748972552384,0.34787658691406254,0.000149688720703125,9.71704330444336
1748972552448,0.3673361206054688,0.006586303710937501,9.715546417236329
1748972552517,0.3854484558105469,0.029788055419921876,9.715247039794923
1748972552584,0.3448828125,0.016914825439453125,9.727820892333986
1748972552650,0.36314483642578127,0.02125579833984375,9.720037078857422
1748972552715,0.24878265380859377,-0.015567626953125,9.72662338256836
1748972552777,0.2686912536621094,-0.005538482666015625,9.729168090820313
1748972552848,0.29368927001953127,-0.013621673583984376,9.716893615722658
1748972552915,0.2938389587402344,-0.0058378601074218755,9.721533966064454
1748972552977,0.317340087890625,0.005239105224609375,9.710606689453126
1748972553049,0.32183074951171875,0.0061372375488281256,9.717342681884766
1748972553114,0.33679962158203125,-0.0007484436035156251,9.732610931396485
1748972553177,0.32302825927734374,0.0041912841796875,9.727371826171876
1748972553252,0.32213012695312504,-0.0007484436035156251,9.717642059326172
1748972553315,0.32482452392578126,-0.001197509765625,9.725874938964845
1748972553378,0.32527359008789064,0.0005987548828125,9.731563110351564
1748972553450,0.30611343383789064,0.002245330810546875,9.717642059326172
1748972553519,0.2908451843261719,-0.008831634521484376,9.716444549560547
1748972553578,0.31793884277343754,-0.0059875488281250005,9.730814666748048
1748972553649,0.34024246215820314,0.009580078125,9.725276184082032
1748972553717,0.31030471801757814,-0.00449066162109375,9.73186248779297
1748972553778,0.32257919311523436,0.000149688720703125,9.721533966064454
1748972553849,0.3438349914550781,0.006436614990234376,9.716294860839843
1748972553917,0.3296145629882813,0.001945953369140625,9.715097351074219
1748972553978,0.3074606323242188,0.008232879638671876,9.71270233154297
1748972554050,0.31943572998046876,0.0,9.723330230712891
1748972554115,0.3266207885742188,0.005239105224609375,9.713301086425782
1748972554178,0.3165916442871094,0.006286926269531251,9.729617156982423
1748972554250,0.32482452392578126,-0.001047821044921875,9.716743927001954
1748972554314,0.3052153015136719,0.00389190673828125,9.727371826171876
1748972554378,0.31225067138671875,-0.005239105224609375,9.72033645629883
1748972554448,0.314945068359375,0.00239501953125,9.726922760009765
1748972554515,0.31629226684570316,-0.008831634521484376,9.717791748046876
1748972554578,0.32721954345703125,0.001197509765625,9.724976806640626
1748972554648,0.3227288818359375,0.00269439697265625,9.723030853271485
1748972554714,0.3138972473144531,0.0041912841796875,9.727222137451172
1748972554778,0.3254232788085938,0.008532257080078126,9.710457000732422
1748972554850,0.3046165466308594,0.003742218017578125,9.724378051757814
1748972554916,0.3195854187011719,-0.0047900390625,9.714797973632812
1748972554978,0.32183074951171875,0.002544708251953125,9.725425872802735
1748972555051,0.3273692321777344,0.0007484436035156251,9.722132720947267
1748972555115,0.3147953796386719,-0.007035369873046876,9.725874938964845
1748972555178,0.3207829284667969,0.0061372375488281256,9.721983032226563
1748972555248,0.3147953796386719,-0.0029937744140625003,9.725874938964845
1748972555314,0.32048355102539067,-0.00449066162109375,9.719288635253907
1748972555378,0.2924917602539063,-0.0053887939453125,9.723030853271485
1748972555449,0.32302825927734374,-0.0053887939453125,9.716294860839843
1748972555514,0.31449600219726564,-0.000449066162109375,9.72467742919922
1748972555584,0.31284942626953127,0.008232879638671876,9.723928985595704
1748972555648,0.3058140563964844,-0.00389190673828125,9.728120269775392
1748972555714,0.2540217590332031,0.042810974121093755,9.702523498535157
1748972555778,0.32527359008789064,0.0014968872070312501,9.718240814208984
1748972555849,0.3010240173339844,0.004939727783203125,9.716893615722658
1748972555915,0.319735107421875,-0.0059875488281250005,9.713001708984375
1748972555978,0.32572265625,0.004640350341796875,9.723629608154297
1748972556051,0.32647109985351563,-0.02305206298828125,9.721084899902344
1748972556116,0.27737319946289063,-0.013771362304687501,9.729168090820313
1748972556178,0.3126997375488281,0.012573852539062501,9.715247039794923
1748972556250,0.3131488037109375,-0.00029937744140625,9.712852020263673
1748972556317,0.30491592407226564,0.007634124755859375,9.72183334350586
1748972556378,0.316142578125,0.029937744140625,9.719588012695313
1748972556447,0.3674858093261719,0.029189300537109376,9.711504821777345
1748972556517,0.31524444580078126,0.003592529296875,9.719588012695313
1748972556578,0.3126997375488281,-0.01107696533203125,9.718390502929688
1748972556650,0.3153941345214844,-0.000449066162109375,9.723928985595704
1748972556715,0.3106040954589844,-0.0031434631347656253,9.722132720947267
1748972556778,0.307760009765625,0.0047900390625,9.721683654785156
1748972556849,0.3315605163574219,0.005538482666015625,9.728719024658204
1748972556924,0.3070115661621094,-0.007334747314453125,9.723928985595704
1748972556978,0.3323089599609375,-0.0017962646484375,9.716743927001954
1748972557044,0.30895751953125,0.00239501953125,9.728419647216798
1748972557112,0.3588038635253906,0.03682342529296875,9.710606689453126
1748972557178,0.32647109985351563,0.001047821044921875,9.725425872802735
1748972557249,0.3237767028808594,0.00748443603515625,9.722881164550781
1748972557315,0.3129991149902344,0.0056881713867187505,9.724378051757814
1748972557378,0.3113525390625,0.0005987548828125,9.73096435546875
1748972557449,0.3155438232421875,0.0053887939453125,9.717342681884766
1748972557515,0.3288661193847656,0.00029937744140625,9.715546417236329
1748972557578,0.29533584594726564,-0.010328521728515625,9.728419647216798
1748972557649,0.30895751953125,0.0059875488281250005,9.717342681884766
1748972557716,0.31913635253906253,0.003592529296875,9.722731475830079
1748972557778,0.3035687255859375,0.00808319091796875,9.721234588623048
1748972557852,0.32781829833984377,0.00508941650390625,9.717342681884766
1748972557914,0.3113525390625,-0.0028440856933593752,9.707912292480469
1748972557978,0.3212319946289063,0.01047821044921875,9.714498596191406
1748972558050,0.32781829833984377,-0.013172607421875001,9.73575439453125
1748972558115,0.3279679870605469,0.018860778808593753,9.720935211181642
1748972558178,0.3423381042480469,0.002544708251953125,9.72033645629883
1748972558250,0.30686187744140625,0.001047821044921875,9.717192993164064
1748972558315,0.3489244079589844,0.013022918701171875,9.725276184082032
1748972558378,0.29788055419921877,0.002245330810546875,9.723629608154297
1748972558448,0.32587234497070316,-0.0031434631347656253,9.720037078857422
1748972558517,0.3297642517089844,0.007334747314453125,9.722132720947267
1748972558578,0.31853759765625,0.0005987548828125,9.713899841308594
1748972558650,0.31329849243164065,0.007933502197265626,9.722432098388673
1748972558717,0.3483256530761719,0.010328521728515625,9.711654510498047
1748972558778,0.32362701416015627,0.00389190673828125,9.709259490966797
1748972558851,0.3469784545898438,0.012573852539062501,9.718839569091797
1748972558917,0.32647109985351563,0.0053887939453125,9.71988739013672
1748972558978,0.34623001098632816,0.012124786376953125,9.72901840209961
1748972559049,0.3200344848632813,0.000449066162109375,9.72467742919922
1748972559117,0.31689102172851563,0.00449066162109375,9.716145172119141
1748972559178,0.3094065856933594,0.006286926269531251,9.726773071289063
1748972559251,0.3445834350585938,0.009729766845703125,9.723330230712891
1748972559316,0.3150947570800781,-0.0016465759277343752,9.721234588623048
1748972559378,0.31524444580078126,-0.000449066162109375,9.719737701416015
1748972559452,0.34129028320312504,0.005538482666015625,9.71749237060547
1748972559514,0.3305126953125,-0.0056881713867187505,9.717642059326172
1748972559578,0.32706985473632816,0.0029937744140625003,9.720037078857422
1748972559649,0.36598892211914064,0.016016693115234376,9.70985824584961
1748972559715,0.24339385986328127,0.001197509765625,9.72707244873047
1748972559778,0.37931121826171876,0.013172607421875001,9.708960113525391
1748972559848,0.35206787109375004,0.00868194580078125,9.711654510498047
1748972559917,0.3441343688964844,0.0029937744140625003,9.713450775146486
1748972559978,0.3040177917480469,-0.001047821044921875,9.716444549560547
1748972560047,0.30805938720703124,-0.002245330810546875,9.708511047363281
1748972560117,0.3085084533691406,-0.009131011962890626,9.70701416015625
1748972560183,0.31524444580078126,0.0077838134765625,9.719737701416015
1748972560248,0.3303630065917969,0.004041595458984375,9.707762603759766
1748972560314,0.29713211059570316,-0.00508941650390625,9.718839569091797
1748972560378,0.30491592407226564,0.018711090087890625,9.724827117919922
1748972560450,0.2977308654785156,-0.000449066162109375,9.718689880371095
1748972560514,0.326920166015625,0.002245330810546875,9.711654510498047
1748972560578,0.3059637451171875,0.004939727783203125,9.7189892578125
1748972560651,0.3165916442871094,0.006885681152343751,9.722132720947267
1748972560714,0.324525146484375,0.00928070068359375,9.719737701416015
1748972560778,0.31180160522460937,-0.00089813232421875,9.713750152587892
1748972560850,0.3113525390625,-0.0041912841796875,9.716145172119141
1748972560915,0.3143463134765625,0.0059875488281250005,9.716145172119141
1748972560978,0.31644195556640625,0.009430389404296876,9.726922760009765
1748972561050,0.3219804382324219,0.0059875488281250005,9.715247039794923
1748972561114,0.3107537841796875,-0.0053887939453125,9.720635833740236
1748972561178,0.33440460205078126,0.0017962646484375,9.72422836303711
1748972561251,0.32602203369140625,0.004041595458984375,9.72033645629883
1748972561314,0.32138168334960937,0.0017962646484375,9.712253265380859
1748972561378,0.32168106079101566,0.00389190673828125,9.725425872802735
1748972561450,0.3234773254394531,-0.001197509765625,9.718390502929688
1748972561515,0.32781829833984377,0.001347198486328125,9.720935211181642
1748972561578,0.31569351196289064,0.005538482666015625,9.717192993164064
1748972561649,0.3234773254394531,0.0061372375488281256,9.714797973632812
1748972561717,0.3195854187011719,0.00029937744140625,9.715396728515625
1748972561778,0.32213012695312504,-0.001047821044921875,9.71704330444336
1748972561849,0.3153941345214844,0.000449066162109375,9.723479919433593
1748972561920,0.32602203369140625,-0.004939727783203125,9.720037078857422
1748972561978,0.32063323974609376,0.004041595458984375,9.720486145019532
1748972562044,0.319735107421875,-0.000449066162109375,9.720037078857422
1748972562111,0.31793884277343754,-0.00239501953125,9.715995483398437
1748972562178,0.317340087890625,0.001945953369140625,9.721683654785156
1748972562249,0.31674133300781254,-0.007334747314453125,9.72033645629883
1748972562315,0.31105316162109375,0.006286926269531251,9.723479919433593
1748972562378,0.31988479614257814,0.002245330810546875,9.720635833740236
1748972562449,0.3285667419433594,0.00808319091796875,9.721084899902344
1748972562515,0.3058140563964844,-0.00209564208984375,9.729168090820313
1748972562578,0.32108230590820314,-0.00389190673828125,9.718839569091797
1748972562650,0.31210098266601566,0.00209564208984375,9.716743927001954
1748972562714,0.3129991149902344,0.002544708251953125,9.711055755615234
1748972562778,0.3150947570800781,-0.0005987548828125,9.717791748046876
1748972562851,0.31449600219726564,0.005239105224609375,9.708960113525391
1748972562915,0.32168106079101566,0.00508941650390625,9.714348907470704
1748972562981,0.3224295043945313,0.00508941650390625,9.716294860839843
1748972563050,0.3266207885742188,-0.010328521728515625,9.710457000732422
1748972563115,0.3159928894042969,-0.0059875488281250005,9.717342681884766
1748972563178,0.30611343383789064,-0.0017962646484375,9.711055755615234
1748972563251,0.3129991149902344,0.0005987548828125,9.718091125488282
1748972563315,0.2996768188476563,0.006735992431640626,9.715247039794923
1748972563378,0.32108230590820314,0.0014968872070312501,9.712552642822265
1748972563447,0.3062631225585938,0.0058378601074218755,9.707762603759766
1748972563515,0.3189866638183594,0.0056881713867187505,9.717192993164064
1748972563578,0.3320095825195313,0.0089813232421875,9.709409179687501
1748972563649,0.3092568969726563,-0.009580078125,9.711953887939453
1748972563716,0.32407608032226565,0.012873229980468751,9.725874938964845
1748972563778,0.3303630065917969,-0.00239501953125,9.715845794677735
1748972563850,0.32227981567382813,-0.0077838134765625,9.71315139770508
1748972563916,0.31180160522460937,-0.00239501953125,9.732461242675782
1748972563978,0.3183879089355469,0.006586303710937501,9.719138946533203
1748972564048,0.32841705322265624,0.008382568359375,9.712253265380859
1748972564117,0.3273692321777344,0.009430389404296876,9.714947662353516
1748972564183,0.31210098266601566,-0.002245330810546875,9.726324005126953
1748972564249,0.31374755859375003,-0.011675720214843751,9.72467742919922
1748972564317,0.3338058471679688,0.013921051025390626,9.724527740478516
1748972564378,0.32183074951171875,0.005239105224609375,9.72422836303711
1748972564449,0.32407608032226565,-0.0032931518554687503,9.725874938964845
1748972564516,0.319735107421875,0.00269439697265625,9.717791748046876
1748972564578,0.35042129516601567,0.040415954589843754,9.694889373779297
1748972564649,0.3305126953125,0.0149688720703125,9.715247039794923
1748972564715,0.34982254028320314,0.023501129150390626,9.712253265380859
1748972564778,0.3046165466308594,-0.009131011962890626,9.73291030883789
1748972564851,0.26435028076171874,-0.11301498413085938,9.767488403320312
1748972564914,0.32362701416015627,-0.012873229980468751,9.728719024658204
1748972564978,0.4237687683105469,0.13786331176757813,9.652527465820313
1748972565047,0.15762222290039063,-0.08113128662109376,9.758357391357423
1748972565115,0.3095562744140625,0.0007484436035156251,9.717941436767578
1748972565178,0.34338592529296874,0.03787124633789063,9.71419921875
1748972565250,0.3445834350585938,0.02155517578125,9.720635833740236
1748972565315,0.31105316162109375,0.00389190673828125,9.731263732910156
1748972565378,0.30835876464843753,-0.00389190673828125,9.72707244873047
1748972565449,0.31030471801757814,-0.000449066162109375,9.718091125488282
1748972565516,0.31719039916992187,0.007035369873046876,9.711504821777345
1748972565578,0.31853759765625,-0.004340972900390625,9.718689880371095
1748972565649,0.3212319946289063,0.019908599853515625,9.72033645629883
1748972565717,0.3112028503417969,0.00987945556640625,9.725874938964845
1748972565778,0.3177891540527344,-0.001047821044921875,9.726024627685547
1748972565851,0.29728179931640625,-0.004041595458984375,9.72617431640625
1748972565915,0.3112028503417969,-0.0017962646484375,9.723180541992187
1748972565978,0.31868728637695315,0.006586303710937501,9.7189892578125
1748972566048,0.3297642517089844,0.022752685546875002,9.71464828491211
1748972566117,0.30865814208984377,0.004041595458984375,9.725126495361328
1748972566183,0.3088078308105469,-0.0031434631347656253,9.716444549560547
1748972566248,0.3195854187011719,0.0056881713867187505,9.722881164550781
1748972566317,0.3200344848632813,0.0089813232421875,9.723180541992187
1748972566378,0.3126997375488281,0.0059875488281250005,9.72138427734375
1748972566451,0.3201841735839844,0.002544708251953125,9.724976806640626
1748972566515,0.31404693603515627,0.0032931518554687503,9.717791748046876
1748972566582,0.3165916442871094,0.0029937744140625003,9.719138946533203
1748972566649,0.3040177917480469,0.004041595458984375,9.728419647216798
1748972566714,0.317340087890625,-0.004939727783203125,9.719138946533203
1748972566778,0.32257919311523436,0.003742218017578125,9.722881164550781
1748972566850,0.32138168334960937,0.006586303710937501,9.72707244873047
1748972566929,0.3124003601074219,-0.003592529296875,9.73425750732422
1748972566978,0.3239263916015625,0.0007484436035156251,9.721983032226563
1748972567044,0.3192860412597656,0.004640350341796875,9.720486145019532
1748972567111,0.32138168334960937,-0.00089813232421875,9.712402954101563
1748972567178,0.3147953796386719,-0.0059875488281250005,9.719737701416015
1748972567249,0.33066238403320314,0.004340972900390625,9.723629608154297
1748972567315,0.3129991149902344,-0.001945953369140625,9.712253265380859
1748972567378,0.32257919311523436,0.00987945556640625,9.723180541992187
1748972567448,0.31868728637695315,0.00089813232421875,9.725874938964845
1748972567513,0.3192860412597656,0.004041595458984375,9.716743927001954
1748972567578,0.32332763671875003,-0.00089813232421875,9.713600463867188
1748972567652,0.3183879089355469,0.00748443603515625,9.708511047363281
1748972567715,0.3212319946289063,0.000449066162109375,9.714348907470704
1748972567778,0.31030471801757814,0.010627899169921875,9.712103576660157
1748972567848,0.32227981567382813,-0.003592529296875,9.720785522460938
1748972567914,0.316142578125,-0.00239501953125,9.721533966064454
1748972567978,0.31329849243164065,-0.00209564208984375,9.718240814208984
1748972568050,0.3135978698730469,-0.0058378601074218755,9.712402954101563
1748972568114,0.31883697509765624,0.001945953369140625,9.715247039794923
1748972568178,0.3183879089355469,0.00209564208984375,9.721234588623048
1748972568248,0.3276686096191406,0.007035369873046876,9.711205444335938
1748972568315,0.31629226684570316,0.0,9.723629608154297
1748972568378,0.3146456909179688,-0.002544708251953125,9.718839569091797
1748972568449,0.3192860412597656,0.0005987548828125,9.712552642822265
1748972568513,0.3201841735839844,0.012424163818359375,9.714797973632812
1748972568578,0.31748977661132816,-0.00868194580078125,9.711504821777345
1748972568649,0.3170407104492188,-0.005538482666015625,9.717192993164064
1748972568716,0.3094065856933594,0.00748443603515625,9.716145172119141
1748972568778,0.31988479614257814,-0.0053887939453125,9.721983032226563
1748972568849,0.31105316162109375,0.0007484436035156251,9.71854019165039
1748972568916,0.30895751953125,0.0005987548828125,9.718839569091797
1748972568983,0.3147953796386719,-0.0032931518554687503,9.715247039794923
1748972569048,0.3209326171875,0.000449066162109375,9.714348907470704
1748972569114,0.32063323974609376,0.010328521728515625,9.708511047363281
1748972569178,0.3291654968261719,0.012124786376953125,9.714947662353516
1748972569251,0.31210098266601566,0.001347198486328125,9.710756378173828
1748972569316,0.32871643066406253,-0.002245330810546875,9.714947662353516
1748972569378,0.3195854187011719,0.014519805908203126,9.70985824584961
1748972569449,0.3350033569335938,0.006885681152343751,9.707762603759766
1748972569516,0.3215313720703125,0.003742218017578125,9.708361358642579
1748972569578,0.3129991149902344,-0.004041595458984375,9.713001708984375
1748972569649,0.3143463134765625,-0.00089813232421875,9.70417007446289
1748972569716,0.31943572998046876,0.006286926269531251,9.71030731201172
1748972569778,0.31988479614257814,0.005239105224609375,9.711953887939453
1748972569849,0.3095562744140625,0.006885681152343751,9.706864471435548
1748972569914,0.31883697509765624,-0.001197509765625,9.712103576660157
1748972569978,0.31883697509765624,0.004340972900390625,9.702822875976564
1748972570050,0.32572265625,0.001945953369140625,9.710756378173828
1748972570114,0.3308120727539063,0.00928070068359375,9.705816650390625
1748972570178,0.34503250122070317,0.01047821044921875,9.73096435546875
1748972570249,0.3147953796386719,0.006286926269531251,9.718091125488282
1748972570316,0.3180885314941406,0.0016465759277343752,9.713001708984375
1748972570378,0.32677047729492187,0.0007484436035156251,9.720785522460938
1748972570451,0.3435356140136719,0.002544708251953125,9.71180419921875
1748972570515,0.3052153015136719,-0.0007484436035156251,9.707912292480469
1748972570578,0.32527359008789064,0.00508941650390625,9.71270233154297
1748972570651,0.3333567810058594,0.0017962646484375,9.715546417236329
1748972570715,0.33245864868164066,0.0061372375488281256,9.717941436767578
1748972570778,0.32227981567382813,0.0028440856933593752,9.711205444335938
1748972570852,0.32227981567382813,-0.0047900390625,9.71988739013672
1748972570915,0.32302825927734374,0.004041595458984375,9.715396728515625
1748972570978,0.3231779479980469,0.005538482666015625,9.709558868408203
1748972571050,0.3219804382324219,0.00089813232421875,9.719138946533203
1748972571116,0.3153941345214844,0.0031434631347656253,9.710007934570314
1748972571178,0.3180885314941406,-0.00389190673828125,9.717642059326172
1748972571251,0.30910720825195315,0.0047900390625,9.711654510498047
1748972571315,0.3215313720703125,0.0053887939453125,9.715995483398437
1748972571378,0.319735107421875,-0.007933502197265626,9.710157623291016
1748972571451,0.3170407104492188,-0.003592529296875,9.710457000732422
1748972571513,0.30805938720703124,0.005239105224609375,9.71315139770508
1748972571578,0.31868728637695315,-0.00089813232421875,9.715696105957031
1748972571647,0.3308120727539063,-0.004340972900390625,9.70985824584961
1748972571716,0.3107537841796875,0.0101788330078125,9.715396728515625
1748972571778,0.31853759765625,0.006735992431640626,9.710906066894532
1748972571849,0.30611343383789064,-0.009580078125,9.712253265380859
1748972571920,0.2555186462402344,-0.04086502075195313,9.728269958496094
1748972571978,0.3656895446777344,0.007933502197265626,9.709259490966797
1748972572044,0.36598892211914064,0.009131011962890626,9.700577545166016
1748972572112,0.3457809448242188,0.024099884033203126,9.698481903076173
1748972572178,0.33769775390625,0.016914825439453125,9.69264404296875
1748972572248,0.32946487426757814,0.0041912841796875,9.700727233886719
1748972572313,0.31374755859375003,-0.004041595458984375,9.69788314819336
1748972572381,0.30686187744140625,0.008831634521484376,9.69878128051758
1748972572447,0.31374755859375003,-0.0007484436035156251,9.697284393310547
1748972572514,0.3085084533691406,0.004340972900390625,9.692344665527344
1748972572578,0.3203338623046875,0.00449066162109375,9.692943420410156
1748972572648,0.32527359008789064,0.006735992431640626,9.707762603759766
1748972572713,0.3159928894042969,-0.00089813232421875,9.690099334716797
1748972572778,0.3138972473144531,-0.000149688720703125,9.68875213623047
1748972572850,0.31853759765625,0.0007484436035156251,9.689051513671876
1748972572916,0.3177891540527344,0.010328521728515625,9.696535949707032
1748972572981,0.3227288818359375,0.0029937744140625003,9.6902490234375
1748972573049,0.3195854187011719,-0.0034428405761718754,9.686806182861329
1748972573115,0.32227981567382813,0.014220428466796876,9.68875213623047
1748972573178,0.32841705322265624,0.004939727783203125,9.689350891113282
1748972573248,0.3095562744140625,0.001197509765625,9.682016143798828
1748972573313,0.3088078308105469,0.005239105224609375,9.681417388916016
1748972573378,0.31374755859375003,0.0,9.680818634033203
1748972573447,0.3146456909179688,0.009729766845703125,9.686357116699218
1748972573514,0.31210098266601566,0.0014968872070312501,9.686656494140626
1748972573578,0.31374755859375003,0.0061372375488281256,9.686207427978516
1748972573648,0.3177891540527344,0.0007484436035156251,9.675579528808594
1748972573713,0.31943572998046876,0.00449066162109375,9.689201202392578
1748972573781,0.3047662353515625,0.002245330810546875,9.686806182861329
1748972573848,0.3116519165039063,-0.004340972900390625,9.686806182861329
1748972573914,0.31255004882812504,0.013921051025390626,9.684261474609375
1748972573978,0.31763946533203125,0.007035369873046876,9.690997467041017
1748972574049,0.3266207885742188,-0.00508941650390625,9.693991241455079
1748972574115,0.3085084533691406,0.013921051025390626,9.698481903076173
1748972574178,0.32108230590820314,0.008831634521484376,9.695637817382813
1748972574249,0.3050656127929688,-0.0014968872070312501,9.691895599365235
1748972574314,0.29832962036132815,-0.003742218017578125,9.696835327148438
1748972574377,0.3215313720703125,0.006286926269531251,9.692494354248048
1748972574448,0.3085084533691406,0.006885681152343751,9.689500579833984
1748972574515,0.3119512939453125,0.002544708251953125,9.69698501586914
1748972574578,0.3138972473144531,0.007634124755859375,9.691745910644531
1748972574650,0.3215313720703125,-0.0059875488281250005,9.697733459472657
1748972574715,0.31913635253906253,-0.010927276611328125,9.700427856445312
1748972574783,0.3082090759277344,0.013621673583984376,9.69069808959961
1748972574848,0.374820556640625,0.032482452392578125,9.693542175292968
1748972574913,0.32332763671875003,0.015717315673828124,9.688901824951172
1748972574978,0.3116519165039063,0.019609222412109377,9.694739685058595
1748972575048,0.31988479614257814,0.004340972900390625,9.707612915039062
1748972575114,0.3246748352050781,0.00808319091796875,9.69878128051758
1748972575178,0.3165916442871094,0.007334747314453125,9.696835327148438
1748972575249,0.32138168334960937,0.0149688720703125,9.698332214355469
1748972575316,0.31030471801757814,0.011226654052734375,9.701475677490235
1748972575378,0.30985565185546876,-0.018262023925781252,9.710457000732422
1748972575452,0.3291654968261719,-0.0016465759277343752,9.703421630859376
1748972575516,0.3254232788085938,0.0161663818359375,9.697583770751953
1748972575578,0.3201841735839844,0.01107696533203125,9.692344665527344
1748972575650,0.2900967407226563,0.0029937744140625003,9.705217895507813
1748972575713,0.3004252624511719,-0.0058378601074218755,9.701924743652345
1748972575778,0.3047662353515625,-0.001347198486328125,9.699380035400392
1748972575852,0.3170407104492188,0.0061372375488281256,9.704619140625
1748972575913,0.32302825927734374,0.0016465759277343752,9.714947662353516
1748972575977,0.3150947570800781,0.015567626953125,9.699679412841798
1748972576049,0.3141966247558594,0.001945953369140625,9.69788314819336
1748972576115,0.32227981567382813,0.0016465759277343752,9.701026611328125
1748972576178,0.37736526489257816,0.018411712646484377,9.694440307617189
1748972576248,0.34248779296875004,0.03457809448242188,9.689051513671876
1748972576316,0.34503250122070317,0.021405487060546877,9.702373809814453
1748972576378,0.32751892089843754,0.0041912841796875,9.698182525634767
1748972576453,0.31883697509765624,0.0077838134765625,9.701325988769531
1748972576516,0.32901580810546877,0.013771362304687501,9.70417007446289
1748972576583,0.3254232788085938,0.0058378601074218755,9.704918518066407
1748972576650,0.30147308349609375,-0.005538482666015625,9.707163848876954
1748972576713,0.32482452392578126,0.004041595458984375,9.699230346679688
1748972576777,0.3135978698730469,0.00987945556640625,9.708810424804687
1748972576849,0.3224295043945313,-0.0028440856933593752,9.699978790283204
1748972576920,0.3074606323242188,0.009729766845703125,9.695039062500001
1748972576977,0.34173934936523437,0.00748443603515625,9.698182525634767
1748972577044,0.3465293884277344,0.015567626953125,9.694290618896485
1748972577111,0.33440460205078126,0.011376342773437501,9.701475677490235
1748972577178,0.32482452392578126,0.0059875488281250005,9.710906066894532
1748972577249,0.32407608032226565,0.007634124755859375,9.696835327148438
1748972577314,0.30895751953125,0.004340972900390625,9.705367584228517
1748972577378,0.3050656127929688,-0.010328521728515625,9.694290618896485
1748972577449,0.3141966247558594,0.014070739746093752,9.698631591796875
1748972577516,0.33260833740234375,0.011376342773437501,9.69593719482422
1748972577577,0.24025039672851564,-0.014519805908203126,9.715845794677735
1748972577649,0.30132339477539066,-0.001347198486328125,9.698332214355469
1748972577713,0.29458740234375,-0.002245330810546875,9.708061981201173
1748972577778,0.3492237854003906,0.00508941650390625,9.692494354248048
1748972577850,0.3742218017578125,0.012274475097656251,9.690997467041017
1748972577914,0.34084121704101566,-0.00089813232421875,9.69698501586914
1748972577980,0.3034190368652344,0.0007484436035156251,9.71270233154297
1748972578050,0.3203338623046875,0.000149688720703125,9.699230346679688
1748972578114,0.32826736450195315,0.0034428405761718754,9.703870697021484
1748972578177,0.3303630065917969,0.0,9.708061981201173
1748972578248,0.30147308349609375,-0.02424957275390625,9.705217895507813
1748972578314,0.4369413757324219,0.05553451538085938,9.687854003906251
1748972578378,0.3758683776855469,0.017064514160156252,9.691745910644531
1748972578449,0.34727783203125,0.005239105224609375,9.706714782714844
1748972578516,0.3059637451171875,-0.007933502197265626,9.69878128051758
1748972578577,0.3155438232421875,0.000149688720703125,9.703421630859376
1748972578649,0.3296145629882813,0.004041595458984375,9.70551727294922
1748972578714,0.061072998046875,-0.05433700561523438,9.727820892333986
1748972578777,0.3948788452148438,0.04071533203125,9.690847778320313
1748972578848,0.33320709228515627,0.007334747314453125,9.704768829345703
1748972578914,0.32781829833984377,-0.000149688720703125,9.70312225341797
1748972578977,0.29264144897460936,-0.011226654052734375,9.714947662353516
1748972579050,0.326920166015625,0.007634124755859375,9.709708557128907
1748972579114,0.3035687255859375,-0.003592529296875,9.710157623291016
1748972579182,0.3393443298339844,0.001945953369140625,9.707912292480469
1748972579250,0.36284545898437504,0.02484832763671875,9.699679412841798
1748972579314,0.3303630065917969,-0.003592529296875,9.708660736083985
1748972579377,0.28156448364257813,-0.004640350341796875,9.718689880371095
1748972579448,0.28994705200195314,-0.012873229980468751,9.712253265380859
1748972579513,0.3261717224121094,0.008382568359375,9.710457000732422
1748972579577,0.31689102172851563,0.00029937744140625,9.704619140625
1748972579651,0.3330574035644531,0.012573852539062501,9.716294860839843
1748972579713,0.42047561645507814,0.022602996826171878,9.698182525634767
1748972579778,0.3465293884277344,0.0034428405761718754,9.70312225341797
1748972579847,0.3288661193847656,0.003592529296875,9.710157623291016
1748972579916,0.2939886474609375,-0.00868194580078125,9.70701416015625
1748972579977,0.3104544067382813,0.000149688720703125,9.711205444335938
1748972580046,0.2963836669921875,-0.00269439697265625,9.708810424804687
1748972580114,0.30566436767578126,-0.00029937744140625,9.710756378173828
1748972580178,0.31913635253906253,0.011376342773437501,9.702822875976564
1748972580251,0.3339555358886719,-0.00748443603515625,9.702972564697266
1748972580315,0.3180885314941406,0.006885681152343751,9.70746322631836
1748972580377,0.32826736450195315,0.009430389404296876,9.69743408203125
1748972580450,0.31344818115234374,0.004640350341796875,9.709708557128907
1748972580514,0.3779640197753906,0.018711090087890625,9.694889373779297
1748972580577,0.32362701416015627,0.008831634521484376,9.706714782714844
1748972580650,0.3691323852539063,0.02155517578125,9.703271942138672
1748972580714,0.3320095825195313,0.00029937744140625,9.712253265380859
1748972580777,0.3234773254394531,0.00449066162109375,9.700427856445312
1748972580849,0.3209326171875,-0.004340972900390625,9.704469451904297
1748972580914,0.31404693603515627,0.0,9.710157623291016
1748972580977,0.3212319946289063,-0.002245330810546875,9.710906066894532
1748972581051,0.07574249267578126,-0.06361770629882812,9.742340698242188
1748972581116,0.3426374816894531,0.016615447998046876,9.692045288085938
1748972581177,0.28186386108398437,-0.007035369873046876,9.702972564697266
1748972581248,0.32108230590820314,0.011526031494140625,9.704619140625
1748972581313,0.30716125488281254,-0.009430389404296876,9.714348907470704
1748972581377,0.31105316162109375,-0.003592529296875,9.70746322631836
1748972581448,0.3231779479980469,0.001047821044921875,9.710906066894532
1748972581514,0.1273851013183594,-0.060474243164062504,9.712253265380859
1748972581577,0.27303222656250004,0.009131011962890626,9.712402954101563
1748972581648,0.2871029663085938,-0.00209564208984375,9.70417007446289
1748972581718,0.310155029296875,-0.005239105224609375,9.708061981201173
1748972581777,0.3311114501953125,-0.0007484436035156251,9.714049530029298
1748972581849,0.3255729675292969,0.005239105224609375,9.70746322631836
1748972581925,0.30865814208984377,-0.010328521728515625,9.714498596191406
1748972581977,0.4727169799804688,0.0389190673828125,9.697284393310547
1748972582044,0.3650907897949219,0.0014968872070312501,9.707163848876954
1748972582111,0.370030517578125,0.011825408935546875,9.70312225341797
1748972582177,0.31883697509765624,0.0014968872070312501,9.708061981201173
1748972582249,0.329315185546875,0.004340972900390625,9.706265716552736
1748972582314,0.32063323974609376,-0.0056881713867187505,9.706116027832032
1748972582377,0.31210098266601566,-0.0028440856933593752,9.707762603759766
1748972582451,0.324525146484375,0.005538482666015625,9.709558868408203
1748972582514,0.316142578125,-0.0017962646484375,9.709259490966797
1748972582577,0.32287857055664065,0.0007484436035156251,9.715396728515625
1748972582650,0.32721954345703125,0.006286926269531251,9.708211669921875
1748972582715,0.31988479614257814,0.0053887939453125,9.70312225341797
1748972582777,0.3215313720703125,-0.00508941650390625,9.71315139770508
1748972582851,0.3266207885742188,0.0034428405761718754,9.707912292480469
1748972582913,0.3266207885742188,0.008232879638671876,9.708660736083985
1748972582983,0.35521133422851564,0.01047821044921875,9.706415405273438
1748972583049,0.33485366821289064,0.014220428466796876,9.713450775146486
1748972583114,0.3224295043945313,-0.000449066162109375,9.713899841308594
1748972583177,0.3242257690429688,0.0029937744140625003,9.716893615722658
1748972583249,0.2951861572265625,-0.0077838134765625,9.706265716552736
1748972583314,0.3107537841796875,-0.0032931518554687503,9.71180419921875
1748972583377,0.31763946533203125,0.0,9.707612915039062
1748972583451,0.310155029296875,0.0017962646484375,9.70267318725586
1748972583514,0.3201841735839844,-0.0017962646484375,9.708361358642579
1748972583577,0.3239263916015625,-0.0101788330078125,9.712552642822265
1748972583647,0.3237767028808594,0.009430389404296876,9.704619140625
1748972583713,0.32227981567382813,-0.000449066162109375,9.709109802246095
1748972583777,0.31569351196289064,0.001047821044921875,9.704918518066407
1748972583851,0.3212319946289063,0.0056881713867187505,9.709558868408203
1748972583915,0.32811767578125,0.001945953369140625,9.709558868408203
1748972583977,0.3207829284667969,0.010328521728515625,9.70312225341797
1748972584048,0.31644195556640625,0.001347198486328125,9.709409179687501
1748972584113,0.3251239013671875,0.0028440856933593752,9.71419921875
1748972584177,0.32287857055664065,-0.001047821044921875,9.708211669921875
1748972584249,0.31719039916992187,0.004340972900390625,9.71135513305664
1748972584316,0.3170407104492188,-0.0007484436035156251,9.700727233886719
1748972584377,0.33290771484375004,0.0007484436035156251,9.715396728515625
1748972584450,0.3209326171875,0.0028440856933593752,9.709708557128907
1748972584515,0.31105316162109375,0.0061372375488281256,9.711205444335938
1748972584577,0.3158432006835938,0.0059875488281250005,9.708960113525391
1748972584650,0.3143463134765625,0.000149688720703125,9.713899841308594
1748972584715,0.30611343383789064,-0.002245330810546875,9.713750152587892
1748972584777,0.31763946533203125,-0.006885681152343751,9.718390502929688
1748972584847,0.3150947570800781,0.003742218017578125,9.725575561523438
1748972584914,0.3146456909179688,0.00269439697265625,9.708660736083985
1748972584977,0.32302825927734374,0.000449066162109375,9.70417007446289
1748972585051,0.3195854187011719,0.003742218017578125,9.715845794677735
1748972585113,0.3237767028808594,-0.0032931518554687503,9.711654510498047
1748972585177,0.31449600219726564,0.00718505859375,9.705217895507813
1748972585251,0.32168106079101566,0.004041595458984375,9.708960113525391
1748972585314,0.3207829284667969,0.006286926269531251,9.717342681884766
1748972585377,0.31943572998046876,-0.00209564208984375,9.715396728515625
1748972585451,0.3254232788085938,0.001945953369140625,9.713899841308594
1748972585514,0.32257919311523436,0.00239501953125,9.721983032226563
1748972585577,0.3112028503417969,0.0047900390625,9.723928985595704
1748972585650,0.3165916442871094,-0.0059875488281250005,9.721683654785156
1748972585715,0.3219804382324219,-0.006586303710937501,9.721533966064454
1748972585777,0.31868728637695315,-0.004340972900390625,9.72617431640625
1748972585847,0.3249742126464844,0.00239501953125,9.738897857666016
1748972585915,0.31524444580078126,-0.0034428405761718754,9.719737701416015
1748972585977,0.3224295043945313,0.0058378601074218755,9.7189892578125
1748972586051,0.32183074951171875,0.0061372375488281256,9.729467468261719
1748972586116,0.3212319946289063,0.0028440856933593752,9.723180541992187
1748972586177,0.3231779479980469,0.0047900390625,9.714947662353516
1748972586251,0.31883697509765624,-0.002245330810546875,9.721983032226563
1748972586314,0.3170407104492188,-0.008532257080078126,9.736053771972657
1748972586382,0.31569351196289064,0.002245330810546875,9.71749237060547
1748972586449,0.3242257690429688,0.009729766845703125,9.732161865234376
1748972586516,0.2939886474609375,0.0293389892578125,9.72183334350586
1748972586577,0.38859191894531253,-0.016615447998046876,9.725874938964845
1748972586650,0.3362008666992188,-0.0058378601074218755,9.719138946533203
1748972586716,0.3237767028808594,-0.003742218017578125,9.729916534423829
1748972586784,0.326920166015625,0.001945953369140625,9.730365600585937
1748972586847,0.31524444580078126,0.00389190673828125,9.734107818603515
1748972586926,0.31105316162109375,0.002544708251953125,9.727671203613282
1748972586977,0.3242257690429688,0.005239105224609375,9.732461242675782
1748972587044,0.3224295043945313,0.00029937744140625,9.721533966064454
1748972587110,0.30985565185546876,0.002245330810546875,9.7381494140625
1748972587177,0.31883697509765624,0.001347198486328125,9.728120269775392
1748972587249,0.33006362915039067,0.00389190673828125,9.725575561523438
1748972587316,0.31284942626953127,0.0014968872070312501,9.731263732910156
1748972587377,0.3249742126464844,0.006436614990234376,9.734556884765626
1748972587448,0.3138972473144531,-0.00269439697265625,9.725575561523438
1748972587515,0.3183879089355469,0.0032931518554687503,9.726024627685547
1748972587577,0.32227981567382813,-0.0007484436035156251,9.729766845703125
1748972587647,0.31674133300781254,-0.0031434631347656253,9.727222137451172
1748972587716,0.3239263916015625,0.00449066162109375,9.724527740478516
1748972587777,0.33141082763671875,-0.0031434631347656253,9.727521514892578
1748972587850,0.329315185546875,-0.001347198486328125,9.72033645629883
1748972587915,0.3129991149902344,-0.002544708251953125,9.721234588623048
1748972587978,0.3023712158203125,-0.000149688720703125,9.72033645629883
1748972588050,0.31090347290039066,0.00029937744140625,9.721234588623048
1748972588114,0.3159928894042969,0.0031434631347656253,9.722132720947267
1748972588183,0.30790969848632815,-0.0007484436035156251,9.731712799072266
1748972588250,0.32108230590820314,-0.00209564208984375,9.728120269775392
1748972588316,0.31524444580078126,0.006436614990234376,9.727671203613282
1748972588378,0.32063323974609376,-0.001047821044921875,9.729916534423829
1748972588451,0.32721954345703125,0.004340972900390625,9.727222137451172
1748972588514,0.3158432006835938,0.0061372375488281256,9.730066223144531
1748972588578,0.31883697509765624,-0.0014968872070312501,9.7285693359375
1748972588647,0.3189866638183594,0.0034428405761718754,9.726773071289063
1748972588713,0.3189866638183594,-0.0028440856933593752,9.721983032226563
1748972588778,0.32168106079101566,0.00868194580078125,9.732461242675782
1748972588850,0.32213012695312504,-0.0056881713867187505,9.72422836303711
1748972588914,0.31524444580078126,-0.0028440856933593752,9.726773071289063
1748972588978,0.3126997375488281,0.004939727783203125,9.720037078857422
1748972589050,0.32362701416015627,-0.0005987548828125,9.724378051757814
1748972589115,0.31719039916992187,-0.0041912841796875,9.736353149414063
1748972589178,0.3131488037109375,-0.004939727783203125,9.725276184082032
1748972589248,0.32572265625,0.0089813232421875,9.719138946533203
1748972589315,0.3138972473144531,0.00209564208984375,9.725874938964845
1748972589378,0.3189866638183594,-0.0014968872070312501,9.723030853271485
1748972589448,0.3155438232421875,0.003742218017578125,9.722282409667969
1748972589514,0.319735107421875,0.001347198486328125,9.725874938964845
1748972589578,0.3195854187011719,0.00389190673828125,9.723928985595704
1748972589647,0.3100053405761719,0.003742218017578125,9.72467742919922
1748972589715,0.32063323974609376,0.001047821044921875,9.72662338256836
1748972589781,0.31943572998046876,-0.001945953369140625,9.711055755615234
1748972589851,0.32257919311523436,0.0059875488281250005,9.708810424804687
1748972589913,0.33066238403320314,0.007035369873046876,9.716893615722658
1748972589978,0.36179763793945313,0.019609222412109377,9.722432098388673
1748972590052,0.34712814331054687,0.00269439697265625,9.713301086425782
1748972590113,0.3598516845703125,0.015717315673828124,9.718091125488282
1748972590183,0.32706985473632816,0.004640350341796875,9.719138946533203
1748972590248,0.3234773254394531,-0.00029937744140625,9.719588012695313
1748972590312,0.3200344848632813,0.002544708251953125,9.715696105957031
1748972590378,0.3266207885742188,0.006735992431640626,9.71419921875
1748972590447,0.2935395812988281,-0.0032931518554687503,9.718839569091797
1748972590512,0.3201841735839844,0.012424163818359375,9.72662338256836
1748972590578,0.3261717224121094,-0.002245330810546875,9.715696105957031
1748972590648,0.3095562744140625,0.0059875488281250005,9.723779296875
1748972590716,0.32048355102539067,0.0032931518554687503,9.718240814208984
1748972590778,0.32362701416015627,0.00449066162109375,9.71704330444336
1748972590848,0.31255004882812504,0.012274475097656251,9.722132720947267
1748972590915,0.3219804382324219,0.0053887939453125,9.71943832397461
1748972590982,0.319735107421875,-0.0041912841796875,9.721234588623048
1748972591051,0.31524444580078126,0.007634124755859375,9.713899841308594
1748972591114,0.31674133300781254,0.0034428405761718754,9.722132720947267
1748972591178,0.3147953796386719,0.013921051025390626,9.72138427734375
1748972591251,0.31763946533203125,0.001047821044921875,9.72422836303711
1748972591315,0.310155029296875,-0.001945953369140625,9.725575561523438
1748972591378,0.31569351196289064,-0.00718505859375,9.726473693847657
1748972591452,0.32063323974609376,0.002544708251953125,9.725276184082032
1748972591515,0.31284942626953127,0.0007484436035156251,9.717342681884766
1748972591578,0.3158432006835938,-0.00089813232421875,9.720635833740236
1748972591651,0.3155438232421875,0.0089813232421875,9.721234588623048
1748972591713,0.3155438232421875,0.004640350341796875,9.726324005126953
1748972591778,0.3147953796386719,-0.000149688720703125,9.72572525024414
1748972591852,0.31823822021484377,0.004640350341796875,9.719288635253907
1748972591924,0.317340087890625,0.003742218017578125,9.717791748046876
1748972591978,0.3203338623046875,0.00239501953125,9.723928985595704
1748972592044,0.30386810302734374,0.001047821044921875,9.722581787109375
1748972592111,0.31374755859375003,0.0041912841796875,9.716893615722658
1748972592180,0.31225067138671875,0.0,9.72572525024414
1748972592250,0.31329849243164065,0.006286926269531251,9.71464828491211
1748972592313,0.3094065856933594,-0.00239501953125,9.722432098388673
1748972592378,0.3016227722167969,0.00239501953125,9.720486145019532
1748972592450,0.3203338623046875,0.00269439697265625,9.724976806640626
1748972592512,0.30790969848632815,-0.00209564208984375,9.716294860839843
1748972592578,0.32901580810546877,0.011376342773437501,9.712253265380859
1748972592651,0.3106040954589844,0.0,9.715097351074219
1748972592713,0.3215313720703125,0.006586303710937501,9.7189892578125
1748972592778,0.31150222778320313,0.00449066162109375,9.712253265380859
1748972592852,0.32048355102539067,0.001047821044921875,9.713899841308594
1748972592915,0.3219804382324219,0.006735992431640626,9.715097351074219
1748972592983,0.3107537841796875,-0.001197509765625,9.71704330444336
1748972593047,0.3097059631347656,0.00269439697265625,9.714049530029298
1748972593115,0.3276686096191406,0.004640350341796875,9.720037078857422
1748972593178,0.30641281127929687,0.004939727783203125,9.716444549560547
1748972593249,0.3227288818359375,0.0029937744140625003,9.71270233154297
1748972593314,0.3183879089355469,0.0047900390625,9.716444549560547
1748972593380,0.3138972473144531,0.004939727783203125,9.721533966064454
1748972593447,0.33320709228515627,0.003742218017578125,9.710906066894532
1748972593512,0.32108230590820314,-0.0058378601074218755,9.714049530029298
1748972593578,0.35326538085937503,0.009729766845703125,9.711504821777345
1748972593649,0.3004252624511719,-0.00269439697265625,9.72138427734375
1748972593715,0.3591032409667969,-0.004340972900390625,9.702074432373047
1748972593778,0.3203338623046875,0.004939727783203125,9.70985824584961
1748972593849,0.3242257690429688,-0.0029937744140625003,9.70746322631836
1748972593913,0.30371841430664065,0.001347198486328125,9.716743927001954
1748972593978,0.3146456909179688,-0.000149688720703125,9.712402954101563
1748972594048,0.7086264038085938,0.1974394226074219,9.6519287109375
1748972594113,0.30326934814453127,-0.009729766845703125,9.745184783935548
1748972594178,0.35940261840820314,0.026794281005859375,9.716444549560547
1748972594249,0.36778518676757815,0.02903961181640625,9.709259490966797
1748972594312,0.3303630065917969,0.0047900390625,9.727820892333986
1748972594378,0.34727783203125,-0.0053887939453125,9.720486145019532
1748972594448,0.2782713317871094,0.001197509765625,9.722731475830079
1748972594512,0.319735107421875,0.010927276611328125,9.712253265380859
1748972594583,0.34937347412109376,0.01526824951171875,9.7189892578125
1748972594650,0.36853363037109377,0.0161663818359375,9.720186767578125
1748972594713,0.33979339599609376,0.004939727783203125,9.718091125488282
1748972594783,0.3523672485351563,0.007933502197265626,9.714049530029298
1748972594851,0.33126113891601566,0.004939727783203125,9.71704330444336
1748972594915,0.33635055541992187,-0.0041912841796875,9.726773071289063
1748972594978,0.3201841735839844,0.012723541259765625,9.720935211181642
1748972595049,0.3249742126464844,0.00239501953125,9.71704330444336
1748972595115,0.2989283752441406,-0.001197509765625,9.716893615722658
1748972595181,0.3215313720703125,0.008232879638671876,9.726024627685547
1748972595250,0.3201841735839844,-0.004340972900390625,9.718091125488282
1748972595316,0.31329849243164065,-0.0005987548828125,9.723030853271485
1748972595378,0.32213012695312504,0.010328521728515625,9.725126495361328
1748972595450,0.31853759765625,0.0061372375488281256,9.708511047363281
1748972595513,0.31883697509765624,0.000449066162109375,9.722731475830079
1748972595578,0.32407608032226565,0.0041912841796875,9.721234588623048
1748972595652,0.317340087890625,-0.00209564208984375,9.727820892333986
1748972595713,0.31719039916992187,0.006436614990234376,9.722881164550781
1748972595778,0.31210098266601566,-0.000449066162109375,9.719737701416015
1748972595849,0.317340087890625,0.0007484436035156251,9.714797973632812
1748972595914,0.3138972473144531,0.0061372375488281256,9.727970581054688
1748972595978,0.32751892089843754,-0.0007484436035156251,9.715696105957031
1748972596047,0.31748977661132816,-0.0014968872070312501,9.72033645629883
1748972596113,0.31883697509765624,0.0047900390625,9.72422836303711
1748972596178,0.32138168334960937,0.004939727783203125,9.71988739013672
1748972596253,0.3255729675292969,0.001197509765625,9.713450775146486
1748972596316,0.3124003601074219,0.0047900390625,9.726922760009765
1748972596382,0.32227981567382813,0.0,9.713301086425782
1748972596452,0.31569351196289064,-0.0017962646484375,9.71030731201172
1748972596514,0.3155438232421875,0.0014968872070312501,9.71943832397461
1748972596578,0.3104544067382813,-0.000449066162109375,9.716893615722658
1748972596649,0.31883697509765624,0.005239105224609375,9.725874938964845
1748972596715,0.3239263916015625,0.0089813232421875,9.717642059326172
1748972596778,0.3227288818359375,0.0028440856933593752,9.719588012695313
1748972596852,0.32332763671875003,0.00209564208984375,9.732760620117189
1748972596932,0.31868728637695315,0.0005987548828125,9.709109802246095
1748972596978,0.32138168334960937,-0.002544708251953125,9.711953887939453
1748972597044,0.32257919311523436,0.003592529296875,9.711953887939453
1748972597112,0.31883697509765624,0.011526031494140625,9.718689880371095
1748972597178,0.32407608032226565,0.004939727783203125,9.722282409667969
1748972597248,0.31449600219726564,-0.0014968872070312501,9.72183334350586
1748972597312,0.31883697509765624,0.006885681152343751,9.727970581054688
1748972597378,0.32482452392578126,0.00928070068359375,9.719588012695313
1748972597449,0.329315185546875,0.00868194580078125,9.720785522460938
1748972597512,0.3243754577636719,0.0058378601074218755,9.719588012695313
1748972597578,0.3146456909179688,-0.0029937744140625003,9.723479919433593
1748972597651,0.31943572998046876,0.0028440856933593752,9.723479919433593
1748972597715,0.3237767028808594,-0.00239501953125,9.724827117919922
1748972597778,0.29758117675781254,0.0031434631347656253,9.730814666748048
1748972597852,0.31404693603515627,0.00089813232421875,9.710007934570314
1748972597915,0.31030471801757814,-0.0005987548828125,9.713301086425782
1748972597978,0.3112028503417969,-0.0014968872070312501,9.724976806640626
1748972598050,0.3254232788085938,-0.0005987548828125,9.720635833740236
1748972598113,0.35206787109375004,0.00718505859375,9.71704330444336
1748972598178,0.30072463989257814,-0.0034428405761718754,9.720486145019532
1748972598250,0.33485366821289064,0.002245330810546875,9.712103576660157
1748972598313,0.3350033569335938,0.007933502197265626,9.715696105957031
1748972598378,0.28889923095703124,-0.011526031494140625,9.72138427734375
1748972598451,0.24683670043945313,-0.007634124755859375,9.7189892578125
1748972598513,0.4182302856445313,0.0592767333984375,9.716594238281251
1748972598578,0.37751495361328125,0.007933502197265626,9.723928985595704
1748972598649,0.3350033569335938,0.011526031494140625,9.715995483398437
1748972598715,0.3207829284667969,0.004041595458984375,9.721234588623048
1748972598778,0.3411405944824219,0.0047900390625,9.725425872802735
1748972598849,0.32168106079101566,0.006586303710937501,9.720935211181642
1748972598912,0.3106040954589844,-0.0007484436035156251,9.723928985595704
1748972598978,0.3183879089355469,0.005239105224609375,9.716294860839843
1748972599047,0.32781829833984377,0.011975097656250001,9.72422836303711
1748972599112,0.32871643066406253,-0.006436614990234376,9.715845794677735
1748972599178,0.31569351196289064,-0.002245330810546875,9.726024627685547
1748972599248,0.2998265075683594,0.0101788330078125,9.71988739013672
1748972599313,0.20043319702148438,-0.018411712646484377,9.761051788330079
1748972599378,0.38155654907226566,0.04071533203125,9.710756378173828
1748972599448,0.6809339904785157,0.14864089965820312,9.660760345458986
1748972599515,0.4174818420410156,0.02065704345703125,9.7189892578125
1748972599578,0.32287857055664065,0.0089813232421875,9.709259490966797
1748972599649,0.3035687255859375,0.010927276611328125,9.728419647216798
1748972599714,0.33320709228515627,0.006885681152343751,9.723479919433593
1748972599778,0.32901580810546877,0.00029937744140625,9.71943832397461
1748972599847,0.32227981567382813,0.0101788330078125,9.720186767578125
1748972599912,0.5563929748535157,0.1071771240234375,9.694290618896485
1748972599978,0.6378236389160157,-0.016016693115234376,9.714049530029298
1748972600047,0.32407608032226565,0.027393035888671875,9.717642059326172
1748972600113,0.33245864868164066,0.00029937744140625,9.730515289306641
1748972600178,0.3146456909179688,0.0,9.723928985595704
1748972600248,0.319735107421875,0.0005987548828125,9.718839569091797
1748972600312,0.3288661193847656,0.007035369873046876,9.71030731201172
1748972600378,0.30222152709960937,-0.001197509765625,9.721683654785156
1748972600453,0.3147953796386719,0.001047821044921875,9.725276184082032
1748972600513,0.3207829284667969,-0.00449066162109375,9.720186767578125
1748972600578,0.33006362915039067,-0.00389190673828125,9.722881164550781
1748972600650,0.30192214965820313,-0.0005987548828125,9.72138427734375
1748972600715,0.2839595031738281,-0.00239501953125,9.727970581054688
1748972600778,-0.154478759765625,0.051043853759765626,9.83724334716797
1748972600852,0.40954833984375,-0.026494903564453127,9.723779296875
1748972600915,0.31674133300781254,-0.001197509765625,9.729617156982423
1748972600978,0.31943572998046876,0.008831634521484376,9.716594238281251
1748972601051,0.3227288818359375,0.00868194580078125,9.7189892578125
1748972601113,0.3192860412597656,-0.001047821044921875,9.716294860839843
1748972601181,0.30222152709960937,-0.004640350341796875,9.720935211181642
1748972601248,0.20746856689453125,-0.008232879638671876,9.720186767578125
1748972601315,0.28500732421875,0.00449066162109375,9.726024627685547
1748972601378,0.3147953796386719,0.003742218017578125,9.720486145019532
1748972601450,0.31823822021484377,0.017214202880859376,9.716594238281251
1748972601512,0.32332763671875003,0.008382568359375,9.718091125488282
1748972601578,0.33904495239257815,0.010777587890625,9.71315139770508
1748972601647,0.3246748352050781,0.006885681152343751,9.72183334350586
1748972601713,0.32841705322265624,0.0089813232421875,9.716294860839843
1748972601778,0.2980302429199219,0.006885681152343751,9.716294860839843
1748972601851,0.31748977661132816,0.0101788330078125,9.71988739013672
1748972601929,0.34757720947265625,0.00987945556640625,9.727970581054688
1748972601978,0.34278717041015627,-0.006735992431640626,9.724378051757814
1748972602044,0.3177891540527344,-0.001945953369140625,9.724976806640626
1748972602112,0.32781829833984377,0.0014968872070312501,9.716294860839843
1748972602178,0.29413833618164065,0.0007484436035156251,9.72138427734375
1748972602250,0.3189866638183594,0.011825408935546875,9.717642059326172
1748972602313,0.31569351196289064,0.00209564208984375,9.717791748046876
1748972602381,0.32587234497070316,0.0014968872070312501,9.725126495361328
1748972602453,0.32751892089843754,-0.001347198486328125,9.718390502929688
1748972602512,0.2893482971191406,0.0032931518554687503,9.715247039794923
1748972602578,0.37392242431640627,0.02185455322265625,9.716743927001954
1748972602650,0.30371841430664065,0.0005987548828125,9.724827117919922
1748972602712,0.32677047729492187,0.010029144287109375,9.717941436767578
1748972602778,0.30326934814453127,0.0017962646484375,9.725425872802735
1748972602848,0.4927752685546875,0.0293389892578125,9.699230346679688
1748972602913,-0.00089813232421875,-0.05433700561523438,9.755962371826172
1748972602978,0.24504043579101564,-0.026195526123046875,9.72572525024414
1748972603047,0.4315525817871094,-0.002544708251953125,9.714348907470704
1748972603112,0.14100677490234376,-0.02245330810546875,9.720486145019532
1748972603178,0.20432510375976565,0.0077838134765625,9.71704330444336
1748972603250,0.3261717224121094,0.008382568359375,9.720037078857422
1748972603315,0.34398468017578127,0.011526031494140625,9.72467742919922
1748972603382,0.32482452392578126,0.0059875488281250005,9.725276184082032
1748972603449,0.28994705200195314,-0.001945953369140625,9.727671203613282
1748972603514,0.36479141235351564,0.02963836669921875,9.705816650390625
1748972603578,0.3598516845703125,-0.0007484436035156251,9.72572525024414
1748972603652,0.45041336059570314,0.008232879638671876,9.716743927001954
1748972603713,0.17498611450195314,-0.04176315307617188,9.734856262207032
1748972603778,0.38275405883789065,0.04071533203125,9.719737701416015
1748972603848,0.24683670043945313,0.013322296142578125,9.723629608154297
1748972603913,0.31823822021484377,-0.04101470947265625,9.730215911865235
1748972603978,0.29054580688476567,0.015867004394531252,9.71988739013672
1748972604050,0.1886077880859375,-0.024998016357421875,9.723629608154297
1748972604113,0.08936416625976563,-0.04700225830078125,9.751022644042969
1748972604178,0.31719039916992187,-0.06586303710937501,9.69878128051758
1748972604249,0.36000137329101567,-0.02604583740234375,9.737101593017579
1748972604315,0.1675016784667969,-0.00868194580078125,9.738299102783204
1748972604378,0.11181747436523438,-0.06721023559570313,9.72617431640625
1748972604448,0.3305126953125,-0.020507354736328125,9.730215911865235
1748972604514,0.29294082641601565,-0.000449066162109375,9.718091125488282
1748972604578,0.35670822143554687,0.010627899169921875,9.72662338256836
1748972604651,1.661993865966797,0.16450790405273438,8.908125457763672
1748972604715,-0.2327659606933594,0.057779846191406255,9.783954162597658
1748972604778,-0.47795608520507815,0.019010467529296877,9.71419921875
1748972604850,0.12424163818359375,0.029788055419921876,9.787546691894532
1748972604913,0.7833210754394532,-0.10972183227539063,9.725874938964845
1748972604978,0.427510986328125,0.03787124633789063,9.71030731201172
1748972605048,0.1407073974609375,-0.0700543212890625,9.744586029052735
1748972605115,0.24474105834960938,0.015417938232421876,9.71704330444336
1748972605178,0.33290771484375004,-0.001347198486328125,9.711953887939453
1748972605251,0.34173934936523437,0.020207977294921877,9.716444549560547
1748972605314,0.39667510986328125,-0.0031434631347656253,9.717642059326172
1748972605378,0.37631744384765625,0.04819976806640625,9.715247039794923
1748972605452,0.3511697387695313,0.05553451538085938,9.688003692626953
1748972605513,0.26914031982421877,0.00748443603515625,9.70701416015625
1748972605578,0.42272094726562504,0.0016465759277343752,9.717791748046876
1748972605652,0.33126113891601566,0.030386810302734376,9.70746322631836
1748972605715,0.32706985473632816,0.001197509765625,9.715995483398437
1748972605778,0.26809249877929686,-0.011226654052734375,9.74099349975586
1748972605850,0.13921051025390627,-0.051043853759765626,9.753866729736329
1748972605913,0.13382171630859377,-0.05942642211914063,9.736802215576173
1748972605978,0.19893630981445312,-0.022602996826171878,9.726473693847657
1748972606049,0.2851570129394531,-0.015567626953125,9.723779296875
1748972606115,0.31404693603515627,-0.013771362304687501,9.736502838134767
1748972606178,0.3158432006835938,0.0056881713867187505,9.724527740478516
1748972606249,0.3155438232421875,0.011376342773437501,9.718390502929688
1748972606315,0.358055419921875,-0.02005828857421875,9.71988739013672
1748972606378,0.3384461975097656,0.004041595458984375,9.721983032226563
1748972606448,0.37018020629882814,0.007035369873046876,9.716145172119141
1748972606513,0.29368927001953127,0.0293389892578125,9.710457000732422
1748972606578,0.38050872802734376,0.0007484436035156251,9.710007934570314
1748972606650,0.35940261840820314,0.014819183349609376,9.72467742919922
1748972606715,0.21510269165039064,-0.022752685546875002,9.715845794677735
1748972606778,0.4656816101074219,-0.043858795166015624,9.685009918212891
1748972606847,0.6851252746582032,-0.02903961181640625,9.720635833740236
1748972606927,-0.028590545654296876,-0.04894821166992188,9.746382293701172
1748972606978,0.5647755432128907,0.06197113037109375,9.686955871582033
1748972607044,0.6602769470214844,0.10074050903320313,9.682914276123048
1748972607112,0.08382568359375,-0.06795867919921875,9.765692138671875
1748972607178,0.49951126098632814,0.07753875732421875,9.699080657958985
1748972607250,0.00239501953125,-0.09086105346679688,9.73859848022461
1748972607313,0.38619689941406254,0.001945953369140625,9.716743927001954
1748972607378,0.46702880859375,0.053438873291015626,9.699230346679688
1748972607452,0.8559201049804688,0.12633728027343752,9.582772521972657
1748972607513,0.3131488037109375,-0.08113128662109376,9.790989532470704
1748972607578,0.2471360778808594,0.008831634521484376,9.717791748046876
1748972607651,0.5499563598632813,0.027542724609375003,9.723779296875
1748972607713,0.4752616882324219,0.053887939453125006,9.69069808959961
1748972607778,0.257464599609375,-0.007035369873046876,9.723928985595704
1748972607848,0.33260833740234375,-0.011975097656250001,9.719737701416015
1748972607913,0.3043171691894531,-0.001047821044921875,9.718839569091797
1748972607978,0.24623794555664064,-0.0031434631347656253,9.706415405273438
1748972608049,0.18531463623046876,-0.053438873291015626,9.736652526855469
1748972608113,0.20672012329101563,-0.027393035888671875,9.724078674316408
1748972608182,0.25237518310546875,0.001197509765625,9.702523498535157
1748972608250,0.3279679870605469,-0.0007484436035156251,9.720785522460938
1748972608314,0.3047662353515625,0.022602996826171878,9.714498596191406
1748972608379,0.24938140869140626,-0.08038284301757813,9.760902099609375
1748972608450,0.30566436767578126,0.028590545654296876,9.706116027832032
1748972608514,0.40625518798828125,0.001347198486328125,9.721683654785156
1748972608578,0.3010240173339844,-0.010328521728515625,9.728419647216798
1748972608647,0.23261627197265627,0.005239105224609375,9.724527740478516
1748972608715,0.23441253662109376,-0.0058378601074218755,9.710756378173828
1748972608780,0.5442681884765626,0.03667373657226563,9.70701416015625
1748972608847,0.3351530456542969,-0.0041912841796875,9.723629608154297
1748972608912,0.20597167968750002,-0.08592132568359376,9.760453033447266
1748972608978,0.2389031982421875,-0.062120819091796876,9.76449462890625
1748972609047,0.42122406005859375,0.15103591918945314,9.630523223876954
1748972609113,0.31689102172851563,0.005239105224609375,9.715546417236329
1748972609178,0.22887405395507815,-0.21001327514648438,9.848170623779298
1748972609249,0.23381378173828127,-0.017214202880859376,9.737400970458985
1748972609313,0.33260833740234375,0.0034428405761718754,9.725276184082032
1748972609378,0.48154861450195313,-0.000449066162109375,9.70985824584961
1748972609452,0.30790969848632815,0.025746459960937502,9.713301086425782
1748972609513,0.3598516845703125,0.007334747314453125,9.721683654785156
1748972609579,0.29368927001953127,0.011376342773437501,9.720186767578125
1748972609649,0.37242553710937504,0.016016693115234376,9.729168090820313
1748972609712,0.33635055541992187,0.002544708251953125,9.723629608154297
1748972609780,0.32287857055664065,-0.00987945556640625,9.723779296875
1748972609849,0.2844085693359375,-0.008831634521484376,9.729916534423829
1748972609913,0.29653335571289063,0.0077838134765625,9.72707244873047
1748972609978,0.3396437072753906,0.008831634521484376,9.715546417236329
1748972610051,0.35401382446289065,0.020507354736328125,9.71135513305664
1748972610113,0.2866539001464844,-0.008382568359375,9.730365600585937
1748972610178,0.34443374633789064,-0.0209564208984375,9.736353149414063
1748972610250,0.2939886474609375,-0.009430389404296876,9.728120269775392
1748972610313,0.3201841735839844,0.012124786376953125,9.734407196044922
1748972610378,0.38993911743164067,-0.0005987548828125,9.72422836303711
1748972610450,0.35356475830078127,-0.02245330810546875,9.722581787109375
1748972610512,0.3207829284667969,0.006436614990234376,9.721533966064454
1748972610578,0.31943572998046876,-0.001347198486328125,9.719138946533203
1748972610648,0.3597019958496094,0.02664459228515625,9.715845794677735
1748972610712,0.5598358154296875,-0.0520916748046875,9.710756378173828
1748972610778,0.3242257690429688,0.0209564208984375,9.726773071289063
1748972610849,0.2436932373046875,0.009430389404296876,9.703870697021484
1748972610912,0.4709207153320313,-0.004340972900390625,9.72422836303711
1748972610978,0.31374755859375003,-0.004640350341796875,9.735155639648438
1748972611048,0.35640884399414063,0.05014572143554688,9.711654510498047
1748972611112,0.26659561157226563,0.005239105224609375,9.721533966064454
1748972611178,0.3203338623046875,-0.027393035888671875,9.727671203613282
1748972611248,0.3811074829101563,0.013022918701171875,9.709259490966797
1748972611312,0.3100053405761719,0.017812957763671877,9.720486145019532
1748972611378,0.2980302429199219,-0.008382568359375,9.725276184082032
1748972611448,0.26240432739257813,-0.040415954589843754,9.729317779541017
1748972611512,0.34323623657226565,-0.00029937744140625,9.720186767578125
1748972611578,0.27916946411132815,-0.006286926269531251,9.72707244873047
1748972611647,0.35161880493164066,0.0161663818359375,9.728419647216798
1748972611712,0.28680358886718754,-0.00269439697265625,9.727521514892578
1748972611778,0.31150222778320313,-0.012573852539062501,9.719288635253907
1748972611847,0.28410919189453127,-0.0041912841796875,9.738897857666016
1748972611936,0.32811767578125,-0.004041595458984375,9.715546417236329
1748972611978,0.30910720825195315,0.018112335205078125,9.716594238281251
1748972612044,0.2998265075683594,0.0031434631347656253,9.727970581054688
1748972612112,0.32871643066406253,-0.026794281005859375,9.721084899902344
1748972612178,0.3028202819824219,-0.000449066162109375,9.722432098388673
1748972612247,0.31868728637695315,-0.0028440856933593752,9.723479919433593
1748972612312,0.26719436645507816,-0.011526031494140625,9.728419647216798
1748972612379,0.23980133056640626,-0.0029937744140625003,9.728419647216798
1748972612447,0.2808160400390625,-0.01466949462890625,9.726473693847657
1748972612512,0.3001258850097656,-0.0056881713867187505,9.717192993164064
1748972612578,0.3309617614746094,0.012424163818359375,9.713450775146486
1748972612647,0.28919860839843753,-0.010029144287109375,9.72572525024414
1748972612712,0.31105316162109375,-0.02604583740234375,9.724976806640626
1748972612779,0.3227288818359375,0.013022918701171875,9.721683654785156
1748972612847,0.30132339477539066,0.01107696533203125,9.725425872802735
1748972612912,0.30566436767578126,0.00209564208984375,9.722282409667969
1748972612978,0.35356475830078127,0.0016465759277343752,9.72422836303711
1748972613047,0.31404693603515627,-0.0017962646484375,9.704918518066407
1748972613112,0.30386810302734374,0.00269439697265625,9.716893615722658
1748972613178,0.32362701416015627,-0.001347198486328125,9.701176300048829
1748972613247,0.27991790771484376,0.001197509765625,9.698332214355469
1748972613312,0.3023712158203125,0.012124786376953125,9.705666961669923
1748972613379,0.2963836669921875,-0.0016465759277343752,9.705367584228517
1748972613444,0.3104544067382813,-0.003592529296875,9.696236572265626
1748972613517,0.31719039916992187,0.008532257080078126,9.691895599365235
1748972613578,0.2939886474609375,0.0005987548828125,9.693991241455079
1748972613647,0.32677047729492187,-0.018411712646484377,9.70551727294922
1748972613712,0.3201841735839844,0.009131011962890626,9.686955871582033
1748972613778,0.3097059631347656,0.004340972900390625,9.695338439941407
1748972613847,0.28979736328125,-0.009131011962890626,9.697583770751953
1748972613913,0.33605117797851564,0.0041912841796875,9.690548400878907
1748972613980,0.3561094665527344,0.00868194580078125,9.689201202392578
1748972614046,0.3309617614746094,-0.014519805908203126,9.687704315185547
1748972614112,0.36718643188476563,0.00269439697265625,9.692943420410156
1748972614179,0.2435435485839844,0.0028440856933593752,9.694889373779297
1748972614247,0.3285667419433594,-0.03906875610351563,9.695338439941407
1748972614312,0.3445834350585938,0.0014968872070312501,9.70551727294922
1748972614378,0.36134857177734375,0.04071533203125,9.684560852050781
1748972614449,0.26734405517578125,-0.018711090087890625,9.700128479003906
1748972614513,0.3227288818359375,-0.016016693115234376,9.701325988769531
1748972614578,0.3848497009277344,0.0389190673828125,9.675429840087892
1748972614647,0.3393443298339844,-0.004939727783203125,9.688153381347657
1748972614713,0.33126113891601566,-0.012873229980468751,9.69593719482422
1748972614778,0.31823822021484377,0.004041595458984375,9.694739685058595
1748972614847,0.3189866638183594,-0.004340972900390625,9.707313537597656
1748972614912,0.31719039916992187,-0.00089813232421875,9.706415405273438
1748972614978,0.31883697509765624,0.00449066162109375,9.701625366210939
1748972615048,0.3273692321777344,-0.00029937744140625,9.70312225341797
1748972615112,0.31404693603515627,0.001945953369140625,9.705367584228517
1748972615178,0.33679962158203125,-0.002544708251953125,9.705068206787109
1748972615252,0.3273692321777344,0.010627899169921875,9.708061981201173
1748972615312,0.31853759765625,-0.0005987548828125,9.704768829345703
1748972615378,0.3207829284667969,-0.005538482666015625,9.711953887939453
1748972615449,0.3010240173339844,-0.001197509765625,9.71180419921875
1748972615512,0.3254232788085938,0.007334747314453125,9.701625366210939
1748972615578,0.2805166625976563,-0.0047900390625,9.711055755615234
1748972615648,0.28410919189453127,-0.015717315673828124,9.708660736083985
1748972615713,0.30671218872070316,0.001197509765625,9.708061981201173
1748972615779,0.3016227722167969,-0.016615447998046876,9.70985824584961
1748972615848,0.295784912109375,0.00868194580078125,9.707762603759766
1748972615913,0.3141966247558594,-0.009580078125,9.69548812866211
1748972615979,0.23501129150390626,-0.13427078247070312,9.711205444335938
1748972616050,-0.09325607299804688,-0.19444564819335938,9.669442291259767
1748972616113,-1.4724879455566406,-0.9873468017578125,9.672436065673828
1748972616178,-1.962718505859375,-3.200494537353516,9.69593719482422
1748972616249,3.9511834716796876,4.088597717285157,9.725276184082032
1748972616315,-3.6950660705566407,-2.072440338134766,9.677375793457031
1748972616379,0.6134243774414063,-1.1741583251953125,9.752070465087892
1748972616448,-2.77103759765625,-0.93645263671875,9.734407196044922
1748972616513,1.7803976440429687,0.8065228271484376,9.812694396972656
1748972616578,1.3105247497558594,1.8772462463378907,9.716743927001954
1748972616649,-0.07649093627929687,-0.07813751220703126,9.664502563476564
1748972616713,3.995940399169922,0.24743545532226563,9.707313537597656
1748972616779,0.8663983154296876,-0.09310638427734376,9.698032836914063
1748972616849,0.1537303161621094,0.050295410156250005,9.720486145019532
1748972616924,0.14609619140625002,0.03562591552734375,9.709409179687501
1748972616978,0.15417938232421877,0.03697311401367188,9.710606689453126
1748972617044,0.13576766967773438,0.032482452392578125,9.701026611328125
1748972617112,0.15402969360351562,0.01676513671875,9.727970581054688
1748972617178,0.1471440124511719,0.026943969726562503,9.721533966064454
1748972617247,0.09520202636718751,0.0413140869140625,9.70312225341797
1748972617312,0.22602996826171876,0.04056564331054688,9.723030853271485
1748972617379,0.14145584106445314,0.03562591552734375,9.699679412841798
1748972617445,0.1359173583984375,0.030686187744140628,9.702373809814453
1748972617512,0.13696517944335937,0.024548950195312502,9.702523498535157
1748972617578,0.16256195068359375,0.02844085693359375,9.700727233886719
1748972617647,0.20073257446289064,0.03906875610351563,9.723928985595704
1748972617711,0.1287322998046875,0.014220428466796876,9.707163848876954
1748972617778,0.1580712890625,0.034727783203125,9.716444549560547
1748972617844,0.14459930419921876,0.02664459228515625,9.715546417236329
1748972617911,0.1538800048828125,0.03936813354492188,9.710007934570314
1748972617978,0.14594650268554688,0.020207977294921877,9.705367584228517
1748972618047,0.1682501220703125,0.044008483886718755,9.712253265380859
1748972618111,0.15822097778320313,0.03308120727539063,9.696685638427734
1748972618178,0.14894027709960939,0.02784210205078125,9.6998291015625
1748972618247,0.1119671630859375,0.018860778808593753,9.702074432373047
1748972618311,0.15717315673828125,0.03682342529296875,9.704319763183594
1748972618378,0.1239422607421875,0.036524047851562505,9.694140930175783
1748972618444,0.11885284423828125,0.0017962646484375,9.683962097167969
1748972618511,0.15193405151367187,0.038470001220703126,9.703271942138672
1748972618578,0.18651214599609375,0.036074981689453126,9.710457000732422
1748972618647,0.17094451904296876,0.03143463134765625,9.703721008300782
1748972618714,0.15417938232421877,0.023501129150390626,9.696386260986328
1748972618778,0.16989669799804688,0.034727783203125,9.69788314819336
1748972618845,0.17019607543945314,0.02784210205078125,9.701924743652345
1748972618912,0.14190490722656252,0.05134323120117188,9.68441116333008
1748972618978,0.19115249633789064,0.02424957275390625,9.696386260986328
1748972619046,0.1359173583984375,0.028740234375,9.693392486572266
1748972619112,0.16989669799804688,0.019010467529296877,9.700128479003906
1748972619178,0.1477427673339844,0.03697311401367188,9.705068206787109
1748972619247,0.20582199096679688,0.04445755004882813,9.71030731201172
1748972619311,0.10568023681640626,0.027093658447265627,9.697134704589844
1748972619378,0.14699432373046875,0.0544866943359375,9.699080657958985
1748972619449,0.18905685424804688,0.046702880859375004,9.710906066894532
1748972619513,0.15522720336914064,0.02424957275390625,9.698332214355469
1748972619578,0.11825408935546876,0.03308120727539063,9.695188751220703
1748972619649,0.15582595825195314,0.02125579833984375,9.71464828491211
1748972619715,0.13247451782226563,0.007334747314453125,9.68875213623047
1748972619780,0.16914825439453127,0.037721557617187505,9.708660736083985
1748972619847,0.19534378051757814,0.026345214843750003,9.714498596191406
1748972619911,0.099393310546875,0.026494903564453127,9.69743408203125
1748972619978,0.13726455688476563,0.08128097534179687,9.708511047363281
1748972620049,0.1686991882324219,0.03697311401367188,9.710457000732422
1748972620113,0.1471440124511719,0.026195526123046875,9.702224121093751
1748972620178,0.12319381713867188,0.03323089599609375,9.71180419921875
1748972620251,0.18696121215820313,0.039218444824218754,9.723629608154297
1748972620314,0.13576766967773438,0.0305364990234375,9.701475677490235
1748972620381,0.16061599731445314,0.036524047851562505,9.715845794677735
1748972620447,0.12424163818359375,0.025896148681640627,9.697583770751953
1748972620512,0.18486557006835938,0.032931518554687504,9.725874938964845
1748972620578,0.1035845947265625,0.028590545654296876,9.691147155761719
1748972620649,0.15672409057617187,0.036524047851562505,9.71943832397461
1748972620711,0.15881973266601562,0.04415817260742188,9.70267318725586
1748972620778,0.14474899291992188,0.03577560424804688,9.710606689453126
1748972620844,0.15073654174804688,0.027991790771484375,9.709259490966797
1748972620913,0.15133529663085937,0.03547622680664063,9.703870697021484
1748972620978,0.1627116394042969,0.02424957275390625,9.69698501586914
1748972621049,0.15612533569335937,0.032332763671875,9.693242797851562
1748972621115,0.14265335083007813,0.04206253051757813,9.711055755615234
1748972621178,0.15178436279296875,0.04086502075195313,9.69788314819336
1748972621247,0.199984130859375,0.030237121582031252,9.691745910644531
1748972621323,0.14100677490234376,0.03682342529296875,9.71988739013672
1748972621379,0.16046630859375,0.032183074951171876,9.716145172119141
1748972621447,0.16600479125976564,0.03427871704101563,9.71315139770508
1748972621511,0.13681549072265625,0.02065704345703125,9.696685638427734
1748972621578,0.12409194946289064,0.030985565185546876,9.686057739257812
1748972621647,0.20252883911132813,0.0592767333984375,9.719737701416015
1748972621711,0.19833755493164062,0.029189300537109376,9.71135513305664
1748972621778,0.09580078125000001,0.021405487060546877,9.679621124267578
1748972621847,0.20851638793945312,0.056582336425781254,9.721683654785156
1748972621933,0.2028282165527344,0.032183074951171876,9.72033645629883
1748972621978,0.14400054931640627,0.026494903564453127,9.700876922607423
1748972622044,0.18217117309570313,0.045056304931640624,9.71315139770508
1748972622111,0.14025833129882814,0.0305364990234375,9.695188751220703
1748972622178,0.11735595703125,0.030686187744140628,9.693691864013672
1748972622249,0.1730401611328125,0.029788055419921876,9.726773071289063
1748972622313,0.13172607421875002,0.02005828857421875,9.686806182861329
1748972622379,0.12319381713867188,0.04415817260742188,9.685608673095704
1748972622446,0.19175125122070313,0.05134323120117188,9.717791748046876
1748972622511,0.11391311645507814,0.04176315307617188,9.684261474609375
1748972622578,0.11391311645507814,0.029788055419921876,9.694889373779297
1748972622646,0.14444961547851562,0.030087432861328128,9.706116027832032
1748972622712,0.17872833251953127,0.04266128540039063,9.702523498535157
1748972622778,0.11630813598632814,0.028590545654296876,9.696535949707032
1748972622846,0.14998809814453126,0.028740234375,9.698032836914063
1748972622912,0.15238311767578125,0.022602996826171878,9.708211669921875
1748972622978,0.15687377929687502,0.037571868896484374,9.711953887939453
1748972623047,0.13980926513671876,0.03742218017578125,9.71315139770508
1748972623113,0.15358062744140627,0.0431103515625,9.706116027832032
1748972623178,0.14385086059570312,0.036374359130859374,9.692194976806642
1748972623247,0.14534774780273438,0.03308120727539063,9.69788314819336
1748972623311,0.17528549194335938,0.041912841796875,9.715845794677735
1748972623379,0.13516891479492188,0.033679962158203125,9.700577545166016
1748972623444,0.15822097778320313,0.0335302734375,9.702074432373047
1748972623512,0.1389111328125,0.03323089599609375,9.705068206787109
1748972623579,0.13486953735351564,0.02305206298828125,9.704020385742188
1748972623647,0.18172210693359375,0.03308120727539063,9.679621124267578
1748972623712,0.12588821411132814,0.027542724609375003,9.704020385742188
1748972623779,0.17109420776367187,0.03547622680664063,9.707163848876954
1748972623847,0.159268798828125,0.030386810302734376,9.71135513305664
1748972623912,0.1387614440917969,0.04326004028320313,9.704319763183594
1748972623981,0.15537689208984376,0.02963836669921875,9.69878128051758
1748972624047,0.1580712890625,0.0401165771484375,9.69698501586914
1748972624113,0.1627116394042969,0.03577560424804688,9.71030731201172
1748972624178,0.13965957641601562,0.027692413330078127,9.686506805419922
1748972624248,0.15208374023437501,0.038769378662109374,9.692194976806642
1748972624312,0.13202545166015625,0.03861968994140625,9.689350891113282
1748972624379,0.1682501220703125,0.03143463134765625,9.716145172119141
1748972624444,0.128133544921875,0.029788055419921876,9.693392486572266
1748972624512,0.13082794189453126,0.029488677978515627,9.703870697021484
1748972624579,0.16585510253906252,0.04326004028320313,9.711205444335938
1748972624646,0.14669494628906252,0.036074981689453126,9.699978790283204
1748972624714,0.15223342895507813,0.03188369750976563,9.696386260986328
1748972624779,0.14519805908203126,0.03263214111328125,9.713301086425782
1748972624849,0.13801300048828125,0.056582336425781254,9.6998291015625
1748972624913,0.1538800048828125,0.04206253051757813,9.71464828491211
1748972624980,0.14624588012695314,0.031284942626953124,9.712402954101563
1748972625049,0.128133544921875,0.02604583740234375,9.69548812866211
1748972625113,0.116158447265625,0.0143701171875,9.716893615722658
1748972625179,0.21315673828125,0.024548950195312502,9.710457000732422
1748972625249,0.0999920654296875,0.044008483886718755,9.707762603759766
1748972625313,0.15702346801757813,0.045056304931640624,9.706265716552736
1748972625379,0.19175125122070313,0.03936813354492188,9.707612915039062
1748972625450,0.14055770874023438,0.0305364990234375,9.704619140625
1748972625513,0.14130615234375002,0.031734008789062504,9.704619140625
1748972625579,0.14804214477539063,0.03861968994140625,9.70596633911133
1748972625649,0.17154327392578125,0.039218444824218754,9.713750152587892
1748972625715,0.15941848754882812,0.037272491455078126,9.727820892333986
1748972625779,0.15657440185546875,0.03742218017578125,9.71854019165039
1748972625849,0.15492782592773438,0.03817062377929688,9.709708557128907
1748972625914,0.1621128845214844,0.039517822265625,9.698481903076173
1748972625979,0.1454974365234375,0.020357666015625,9.70985824584961
1748972626049,0.1526824951171875,0.029937744140625,9.705666961669923
1748972626112,0.16854949951171877,0.030985565185546876,9.70596633911133
1748972626179,0.14444961547851562,0.028141479492187503,9.705367584228517
1748972626248,0.16854949951171877,0.019908599853515625,9.717342681884766
1748972626313,0.17528549194335938,0.022303619384765626,9.708960113525391
1748972626379,0.15492782592773438,0.032332763671875,9.713750152587892
1748972626447,0.14220428466796875,-0.010927276611328125,9.640702056884766
1748972626511,0.11271560668945313,0.00029937744140625,9.689201202392578
1748972626579,0.16091537475585938,0.025147705078125002,9.715247039794923
1748972626648,0.17977615356445314,0.030386810302734376,9.704619140625
1748972626712,0.1383123779296875,0.012573852539062501,9.700427856445312
1748972626779,0.15178436279296875,0.036074981689453126,9.703571319580078
1748972626847,0.1686991882324219,0.04340972900390625,9.712852020263673
1748972626930,0.11256591796875001,0.041164398193359375,9.692344665527344
1748972626979,0.18217117309570313,0.08113128662109376,9.74533447265625
1748972627045,0.16839981079101562,0.021704864501953126,9.711953887939453
1748972627112,0.17468673706054688,0.02724334716796875,9.712552642822265
1748972627179,0.12888198852539062,0.057779846191406255,9.710007934570314
1748972627245,0.12678634643554687,0.03861968994140625,9.710756378173828
1748972627312,0.14145584106445314,0.0383203125,9.685458984375
1748972627380,0.2076182556152344,0.03936813354492188,9.699529724121094
1748972627450,0.116158447265625,0.01945953369140625,9.68021987915039
1748972627512,0.13486953735351564,0.04296066284179688,9.691296844482423
1748972627579,0.16076568603515626,0.09909393310546875,9.674082641601563
1748972627647,0.15642471313476564,0.0143701171875,9.695787506103516
1748972627712,0.1728904724121094,0.06721023559570313,9.68111801147461
1748972627779,0.15358062744140627,-0.00269439697265625,9.692045288085938
1748972627848,0.12978012084960938,0.00987945556640625,9.705666961669923
1748972627911,0.18711090087890625,0.09819580078125001,9.687255249023439
1748972627979,0.1381626892089844,0.046253814697265624,9.679321746826172
1748972628049,0.135318603515625,0.015567626953125,9.695338439941407
1748972628113,0.12409194946289064,0.10972183227539063,9.704768829345703
1748972628179,-0.3495231628417969,1.242865447998047,9.669591979980469
1748972628249,0.18396743774414062,-0.34218841552734375,9.68021987915039
1748972628312,0.13307327270507813,0.19474502563476564,9.707163848876954
1748972628379,0.14325210571289063,0.03143463134765625,9.681866455078126
1748972628448,0.1621128845214844,-0.022004241943359377,9.696835327148438
1748972628512,0.22049148559570314,0.009430389404296876,9.71135513305664
1748972628579,1.0605445861816407,0.5287005615234375,9.781858520507813
1748972628650,2.5942552185058596,-0.8783734130859375,9.862989807128907
1748972628713,2.0529808044433593,-0.7439529418945313,9.749825134277344
1748972628779,2.372416534423828,0.8925938415527345,9.476792907714843
1748972628847,-0.6375242614746094,-0.08098159790039063,11.08025848388672
1748972628912,-1.7709672546386719,2.835403747558594,9.567504272460939
1748972628979,-0.8467890930175782,-1.0535092163085937,10.477462005615235
1748972629047,1.1834390258789063,0.43544448852539064,8.65799560546875
1748972629112,1.2731025695800782,0.756826171875,10.254575500488281
1748972629179,-4.2837918090820315,-3.6416271972656253,10.1788330078125
1748972629248,0.5809419250488281,-1.2639715576171875,9.902657318115235
1748972629312,0.10822494506835938,-0.8976832580566406,9.675729217529298
1748972629379,0.011825408935546875,0.40311172485351565,9.72662338256836
1748972629447,0.24189697265625001,-0.11451187133789063,9.71270233154297
1748972629512,0.26240432739257813,-0.047451324462890625,9.715247039794923
1748972629579,0.27916946411132815,-0.042810974121093755,9.694290618896485
1748972629647,0.2989283752441406,-0.09325607299804688,9.678573303222656
1748972629712,0.3333567810058594,-0.09849517822265626,9.721084899902344
1748972629779,0.1922003173828125,-0.06152206420898438,9.709109802246095
1748972629847,0.23111938476562502,-0.09714797973632813,9.69878128051758
1748972629912,0.21121078491210937,-0.08307723999023438,9.705068206787109
1748972629979,0.26839187622070315,-0.0712518310546875,9.70551727294922
1748972630054,0.2639012145996094,-0.0712518310546875,9.708061981201173
1748972630112,0.6060896301269532,-0.13172607421875002,9.618548126220704
1748972630179,0.3180885314941406,-0.028740234375,9.71854019165039
1748972630250,0.42466690063476564,-0.05763015747070313,9.663454742431641
1748972630312,0.30192214965820313,-0.06002517700195313,9.69698501586914
1748972630379,0.17408798217773438,-0.08831634521484376,9.705068206787109
1748972630444,0.13786331176757813,-0.15567626953125,9.720935211181642
1748972630512,0.14130615234375002,-0.0484991455078125,9.705666961669923
1748972630579,0.27378067016601565,-0.09415420532226564,9.70312225341797
1748972630648,0.2724334716796875,-0.06301895141601563,9.693841552734375
1748972630712,0.25896148681640624,-0.07469467163085938,9.708361358642579
1748972630779,0.24623794555664064,-0.05837860107421875,9.69743408203125
1748972630848,0.24279510498046877,-0.08532257080078126,9.708810424804687
1748972630912,0.24803421020507813,-0.08876541137695312,9.701325988769531
1748972630979,0.33605117797851564,-0.08187973022460938,9.70312225341797
1748972631051,0.28231292724609375,-0.06436614990234375,9.694140930175783
1748972631112,0.24069946289062502,-0.07604187011718751,9.698481903076173
1748972631179,0.3043171691894531,-0.0814306640625,9.701026611328125
1748972631249,0.28889923095703124,-0.07888595581054687,9.702972564697266
1748972631313,0.3097059631347656,-0.11810440063476563,9.710007934570314
1748972631379,0.28380981445312503,-0.08562194824218751,9.711205444335938
1748972631449,0.29144393920898437,-0.0700543212890625,9.708361358642579
1748972631512,0.24983047485351564,-0.07529342651367188,9.710457000732422
1748972631579,0.2839595031738281,-0.0748443603515625,9.701475677490235
1748972631648,0.296982421875,-0.08053253173828126,9.697134704589844
1748972631712,0.27542724609375,-0.06586303710937501,9.716444549560547
1748972631779,0.2363584899902344,-0.09370513916015626,9.711055755615234
1748972631847,0.2977308654785156,-0.05254074096679688,9.701924743652345
1748972631937,0.25836273193359377,-0.07888595581054687,9.702523498535157
1748972631979,0.3146456909179688,-0.0664617919921875,9.707612915039062
1748972632045,0.24578887939453126,-0.06256988525390625,9.703271942138672
1748972632112,0.2633024597167969,-0.07574249267578126,9.702224121093751
1748972632179,0.286204833984375,-0.07394622802734375,9.705816650390625
1748972632247,0.3059637451171875,-0.07559280395507813,9.702972564697266
1748972632312,0.26240432739257813,-0.07918533325195314,9.70596633911133
1748972632379,0.247884521484375,-0.0712518310546875,9.699978790283204
1748972632448,0.24863296508789065,-0.08487350463867188,9.70267318725586
1748972632512,0.2746788024902344,-0.0700543212890625,9.695188751220703
1748972632579,0.2827619934082031,-0.07454498291015625,9.700128479003906
1748972632647,0.26884094238281253,-0.08427474975585938,9.703721008300782
1748972632712,0.3088078308105469,-0.08367599487304687,9.699380035400392
1748972632779,0.2655477905273438,-0.07559280395507813,9.706265716552736
1748972632847,0.28380981445312503,-0.07259902954101563,9.704319763183594
1748972632912,0.24504043579101564,-0.06451583862304688,9.703571319580078
1748972632979,0.28755203247070316,-0.07753875732421875,9.68590805053711
1748972633048,0.25626708984375,-0.05957611083984375,9.69264404296875
1748972633112,0.2896476745605469,-0.06975494384765625,9.686656494140626
1748972633179,0.26105712890625,-0.061671752929687504,9.697284393310547
1748972633247,0.23680755615234375,-0.07155120849609375,9.6998291015625
1748972633315,0.2939886474609375,-0.08068222045898438,9.69309310913086
1748972633379,0.2842588806152344,-0.07259902954101563,9.704619140625
1748972633444,0.2944377136230469,-0.06840774536132813,9.68979995727539
1748972633512,0.24339385986328127,-0.07694000244140625,9.700876922607423
1748972633579,0.28800109863281254,-0.07349716186523438,9.691446533203125
1748972633650,0.2796185302734375,-0.07020401000976563,9.706265716552736
1748972633712,0.27572662353515626,-0.08457412719726563,9.696685638427734
1748972633779,0.24489074707031253,-0.07349716186523438,9.705068206787109
1748972633848,0.2674937438964844,-0.08038284301757813,9.70596633911133
1748972633913,0.25117767333984375,-0.05882766723632813,9.705068206787109
1748972633979,0.31689102172851563,-0.06182144165039063,9.686656494140626
1748972634049,0.2751278686523438,-0.08696914672851563,9.695637817382813
1748972634112,0.2893482971191406,-0.06466552734375,9.698481903076173
1748972634179,0.26315277099609374,-0.05403762817382813,9.690099334716797
1748972634248,0.24129821777343752,-0.0868194580078125,9.69788314819336
1748972634312,0.19624191284179687,-0.08008346557617188,9.713600463867188
1748972634379,0.29952713012695314,0.014220428466796876,9.658515014648438
1748972634447,0.2579136657714844,-0.07738906860351563,9.704619140625
1748972634516,0.2686912536621094,-0.07634124755859376,9.694739685058595
1748972634579,0.2944377136230469,-0.0712518310546875,9.690997467041017
1748972634648,0.27722351074218754,-0.07873626708984376,9.709259490966797
1748972634712,0.33664993286132816,-0.041613464355468754,9.67632797241211
1748972634779,0.2817141723632813,-0.07394622802734375,9.69698501586914
1748972634849,0.20402572631835938,-0.0520916748046875,9.696535949707032
1748972634912,0.23710693359375,-0.09610015869140626,9.716594238281251
1748972634979,0.3097059631347656,-0.056582336425781254,9.69264404296875
1748972635049,0.2712359619140625,-0.07095245361328126,9.70596633911133
1748972635112,0.26345214843750003,-0.07170089721679689,9.710157623291016
1748972635178,0.24504043579101564,-0.04101470947265625,9.695637817382813
1748972635249,0.2996768188476563,-0.043559417724609376,9.69069808959961
1748972635312,0.37242553710937504,-0.08532257080078126,9.706864471435548
1748972635379,0.3020718383789063,-0.03547622680664063,9.694889373779297
1748972635449,0.2851570129394531,-0.07379653930664062,9.701325988769531
1748972635512,0.23426284790039065,-0.07379653930664062,9.703271942138672
1748972635579,0.3585044860839844,-0.07319778442382813,9.689500579833984
1748972635651,0.13786331176757813,-0.09235794067382813,9.708810424804687
1748972635713,0.3362008666992188,-0.0772393798828125,9.714348907470704
1748972635779,0.26345214843750003,-0.07394622802734375,9.706565093994142
1748972635850,0.30805938720703124,-0.06975494384765625,9.701775054931641
1748972635912,0.38559814453125,-0.00209564208984375,9.644893341064453
1748972635979,0.061671752929687504,-0.07050338745117188,9.735005950927734
1748972636049,0.37317398071289065,-0.07020401000976563,9.698930969238281
1748972636112,0.28695327758789063,-0.05763015747070313,9.698182525634767
1748972636179,0.2429447937011719,-0.07559280395507813,9.706265716552736
1748972636250,0.2597099304199219,-0.08891510009765625,9.705217895507813
1748972636313,0.27797195434570315,-0.09265731811523438,9.713301086425782
1748972636379,0.3158432006835938,-0.07888595581054687,9.69788314819336
1748972636450,0.21390518188476565,-0.07424560546875,9.708211669921875
1748972636512,0.24219635009765625,-0.05059478759765625,9.69309310913086
1748972636578,0.23321502685546877,-0.08068222045898438,9.713301086425782
1748972636650,0.33679962158203125,-0.06945556640625,9.704619140625
1748972636714,0.22243743896484375,-0.08158035278320312,9.694290618896485
1748972636779,0.36209701538085937,-0.052690429687500005,9.693392486572266
1748972636849,0.1387614440917969,-0.08861572265625,9.718689880371095
1748972636929,0.30805938720703124,-0.07155120849609375,9.696835327148438
1748972636979,0.27722351074218754,-0.06541397094726563,9.717342681884766
1748972637045,0.4117936706542969,-0.06451583862304688,9.690997467041017
1748972637112,0.1742376708984375,-0.08637039184570312,9.717342681884766
1748972637179,0.2571652221679688,-0.082628173828125,9.707313537597656
1748972637248,0.27033782958984376,-0.06930587768554688,9.694589996337891
1748972637312,0.3415896606445313,-0.041912841796875,9.69548812866211
1748972637379,0.19654129028320313,-0.0712518310546875,9.71464828491211
1748972637450,0.36658767700195316,-0.08801696777343751,9.704918518066407
1748972637512,0.2806663513183594,-0.06870712280273437,9.707313537597656
1748972637579,0.22528152465820314,-0.07544311523437501,9.718091125488282
1748972637649,0.36598892211914064,-0.07424560546875,9.71419921875
1748972637712,0.19833755493164062,-0.06556365966796876,9.704319763183594
1748972637779,0.2805166625976563,-0.07514373779296875,9.707762603759766
1748972637848,0.2582130432128906,-0.07439529418945313,9.708511047363281
1748972637912,0.2701881408691406,-0.06855743408203126,9.702074432373047
1748972637979,0.32257919311523436,-0.08083190917968751,9.693841552734375
1748972638049,0.250279541015625,-0.07948471069335938,9.709259490966797
1748972638112,0.30416748046875003,-0.05673202514648438,9.700876922607423
1748972638179,0.26300308227539065,-0.061671752929687504,9.701625366210939
1748972638248,0.24863296508789065,-0.11720626831054688,9.709409179687501
1748972638312,0.2847079467773438,-0.08637039184570312,9.702074432373047
1748972638379,0.24683670043945313,-0.08397537231445312,9.709708557128907
1748972638448,0.24683670043945313,-0.07559280395507813,9.70312225341797
1748972638512,0.32108230590820314,-0.07604187011718751,9.697134704589844
1748972638579,0.2932402038574219,-0.05822891235351563,9.698930969238281
1748972638647,0.2782713317871094,-0.07634124755859376,9.70312225341797
1748972638712,0.23680755615234375,-0.07753875732421875,9.701775054931641
1748972638779,0.3143463134765625,-0.07679031372070313,9.691895599365235
1748972638849,0.2381547546386719,-0.06810836791992188,9.693392486572266
1748972638912,0.2827619934082031,-0.07424560546875,9.696835327148438
1748972638979,0.2601589965820313,-0.06721023559570313,9.693691864013672
1748972639047,0.34338592529296874,-0.06571334838867188,9.68590805053711
1748972639112,0.25192611694335937,-0.07679031372070313,9.70267318725586
1748972639179,0.2321672058105469,-0.09056167602539063,9.706864471435548
1748972639248,0.35326538085937503,-0.06376739501953126,9.690398712158204
1748972639312,0.20058288574218752,-0.04805007934570313,9.690099334716797
1748972639379,0.3034190368652344,-0.09056167602539063,9.699529724121094
1748972639448,0.28500732421875,-0.05313949584960938,9.679022369384766
1748972639514,0.28680358886718754,-0.08128097534179687,9.69878128051758
1748972639579,0.19489471435546876,-0.08726852416992188,9.701325988769531
1748972639648,0.29728179931640625,-0.07768844604492188,9.70596633911133
1748972639712,0.22647903442382813,-0.07050338745117188,9.702074432373047
1748972639779,0.243094482421875,-0.06541397094726563,9.699230346679688
1748972639849,0.2579136657714844,-0.052989807128906254,9.698631591796875
1748972639912,0.26315277099609374,-0.076640625,9.695188751220703
1748972639979,0.28500732421875,-0.06795867919921875,9.705068206787109
1748972640047,0.23052062988281252,-0.06855743408203126,9.699978790283204
1748972640112,0.2507286071777344,-0.07140151977539062,9.698930969238281
1748972640179,0.27258316040039066,-0.07439529418945313,9.691446533203125
1748972640248,0.2884501647949219,-0.06436614990234375,9.70267318725586
1748972640312,0.23935226440429688,-0.06616241455078126,9.694140930175783
1748972640379,0.279019775390625,-0.0814306640625,9.697284393310547
1748972640449,0.29309051513671874,-0.07095245361328126,9.702523498535157
1748972640512,0.2559677124023438,-0.06990463256835938,9.700427856445312
1748972640579,0.26240432739257813,-0.06361770629882812,9.707163848876954
1748972640650,0.3070115661621094,-0.07514373779296875,9.69743408203125
1748972640712,0.27617568969726564,-0.06661148071289062,9.705666961669923
1748972640778,0.2293231201171875,-0.07304809570312501,9.708660736083985
1748972640853,0.2655477905273438,-0.07289840698242188,9.693991241455079
1748972640913,0.25956024169921876,-0.06945556640625,9.694440307617189
1748972640979,0.2667453002929688,-0.060923309326171876,9.708511047363281
1748972641051,0.3070115661621094,-0.0820294189453125,9.695637817382813
1748972641112,0.269439697265625,-0.076640625,9.702822875976564
1748972641179,0.2022294616699219,-0.087418212890625,9.708211669921875
1748972641249,0.20013381958007814,-0.0532891845703125,9.689949645996094
1748972641314,0.3276686096191406,-0.07424560546875,9.700427856445312
1748972641379,0.33365615844726565,-0.06331832885742188,9.703421630859376
1748972641451,0.22109024047851564,-0.07334747314453126,9.694440307617189
1748972641514,0.2221380615234375,-0.07469467163085938,9.697733459472657
1748972641579,0.2520758056640625,-0.07334747314453126,9.699080657958985
1748972641649,0.3459306335449219,-0.07424560546875,9.692943420410156
1748972641712,0.233514404296875,-0.080233154296875,9.71030731201172
1748972641779,0.22109024047851564,-0.07304809570312501,9.702523498535157
1748972641850,0.30686187744140625,-0.07694000244140625,9.693991241455079
1748972641917,0.23905288696289065,-0.06825805664062501,9.698631591796875
1748972641980,0.25162673950195313,-0.0712518310546875,9.705217895507813
1748972642045,0.2842588806152344,-0.0700543212890625,9.69788314819336
1748972642112,0.2585124206542969,-0.06541397094726563,9.699679412841798
1748972642179,0.28261230468750004,-0.07080276489257813,9.705367584228517
1748972642250,0.2902464294433594,-0.06616241455078126,9.692194976806642
1748972642312,0.2836601257324219,-0.0724493408203125,9.712253265380859
1748972642379,0.279019775390625,-0.06825805664062501,9.70312225341797
1748972642445,0.2712359619140625,-0.06511459350585938,9.705816650390625
1748972642514,0.233514404296875,-0.0772393798828125,9.697583770751953
1748972642579,0.2692900085449219,-0.07499404907226563,9.700427856445312
1748972642649,0.29653335571289063,-0.07259902954101563,9.698930969238281
1748972642712,0.2640509033203125,-0.0712518310546875,9.706565093994142
1748972642779,0.26180557250976566,-0.07424560546875,9.701325988769531
1748972642850,0.2942880249023438,-0.06855743408203126,9.70551727294922
1748972642912,0.2763253784179688,-0.06496490478515625,9.710906066894532
1748972642979,0.26494903564453126,-0.06750961303710938,9.694440307617189
1748972643050,0.2824626159667969,-0.07304809570312501,9.714498596191406
1748972643112,0.2893482971191406,-0.07394622802734375,9.720635833740236
1748972643179,0.25237518310546875,-0.07873626708984376,9.711504821777345
1748972643250,0.26225463867187504,-0.0724493408203125,9.701475677490235
1748972643312,0.2724334716796875,-0.0700543212890625,9.710906066894532
1748972643379,0.30267059326171875,-0.07379653930664062,9.711654510498047
1748972643445,0.21450393676757815,-0.0712518310546875,9.71419921875
1748972643512,0.2710862731933594,-0.06930587768554688,9.708660736083985
1748972643579,0.3597019958496094,-0.07110214233398438,9.699978790283204
1748972643649,0.22662872314453125,-0.0718505859375,9.715097351074219
1748972643713,0.26734405517578125,-0.0700543212890625,9.705816650390625
1748972643779,0.35131942749023437,-0.06840774536132813,9.698332214355469
1748972643848,0.2424957275390625,-0.0718505859375,9.707163848876954
1748972643912,0.23231689453125,-0.07768844604492188,9.692194976806642
1748972643979,0.3153941345214844,-0.0664617919921875,9.704768829345703
1748972644050,0.267044677734375,-0.06810836791992188,9.706265716552736
1748972644112,0.30491592407226564,-0.0736468505859375,9.702972564697266
1748972644179,0.24608825683593752,-0.06376739501953126,9.701026611328125
1748972644250,0.2293231201171875,-0.06930587768554688,9.716145172119141
1748972644314,0.28096572875976566,-0.06556365966796876,9.706116027832032
1748972644379,0.27078689575195314,-0.08038284301757813,9.71180419921875
1748972644445,0.26180557250976566,-0.05882766723632813,9.701026611328125
1748972644512,0.29758117675781254,-0.07334747314453126,9.703421630859376
1748972644579,0.2775228881835938,-0.0664617919921875,9.700427856445312
1748972644650,0.24803421020507813,-0.07319778442382813,9.711654510498047
1748972644712,0.2655477905273438,-0.06975494384765625,9.704918518066407
1748972644779,0.2770738220214844,-0.07259902954101563,9.70701416015625
1748972644850,0.2740800476074219,-0.06571334838867188,9.715995483398437
1748972644912,0.2650987243652344,-0.07035369873046875,9.707762603759766
1748972644979,0.22303619384765627,-0.0712518310546875,9.717642059326172
1748972645050,0.2704875183105469,-0.07200027465820313,9.709708557128907
1748972645112,0.2805166625976563,-0.06780899047851563,9.699529724121094
1748972645179,0.3001258850097656,-0.06975494384765625,9.702074432373047
1748972645245,0.259859619140625,-0.07110214233398438,9.699230346679688
1748972645312,0.27722351074218754,-0.07858657836914062,9.702074432373047
1748972645379,0.18905685424804688,-0.08547225952148438,9.71464828491211
1748972645450,0.27033782958984376,-0.07259902954101563,9.696535949707032
1748972645512,0.3263214111328125,-0.06721023559570313,9.708960113525391
1748972645579,0.18007553100585938,-0.0796343994140625,9.708960113525391
1748972645650,0.3065625,-0.07110214233398438,9.6902490234375
1748972645712,0.3980223083496094,-0.12199630737304688,9.710606689453126
1748972645779,0.2908451843261719,-0.08906478881835939,9.70267318725586
1748972645850,0.27333160400390627,-0.067060546875,9.702822875976564
1748972645912,0.24578887939453126,-0.07409591674804687,9.700427856445312
1748972645979,0.32811767578125,-0.0652642822265625,9.69878128051758
1748972646050,0.27737319946289063,-0.07379653930664062,9.710457000732422
1748972646112,0.24054977416992188,-0.0772393798828125,9.703721008300782
1748972646178,0.24144790649414063,-0.06930587768554688,9.714947662353516
1748972646250,0.30386810302734374,-0.06840774536132813,9.702074432373047
1748972646313,0.27452911376953126,-0.06930587768554688,9.708660736083985
1748972646379,0.25806335449218754,-0.07768844604492188,9.708511047363281
1748972646450,0.29847930908203124,-0.07604187011718751,9.687255249023439
1748972646514,0.2966830444335938,-0.0736468505859375,9.694739685058595
1748972646579,0.2606080627441406,-0.07319778442382813,9.702972564697266
1748972646650,0.27572662353515626,-0.07514373779296875,9.711504821777345
1748972646714,0.2963836669921875,-0.06795867919921875,9.689650268554688
1748972646779,0.25162673950195313,-0.0820294189453125,9.704469451904297
1748972646850,0.2712359619140625,-0.07409591674804687,9.701775054931641
1748972646921,0.28500732421875,-0.07050338745117188,9.705217895507813
1748972646979,0.2902464294433594,-0.06586303710937501,9.708211669921875
1748972647045,0.25656646728515625,-0.0664617919921875,9.71315139770508
1748972647112,0.26958938598632814,-0.02155517578125,9.690997467041017
1748972647179,0.28036697387695314,-0.07454498291015625,9.696835327148438
1748972647250,0.2609074401855469,-0.06930587768554688,9.691895599365235
1748972647313,0.25926086425781253,-0.07170089721679689,9.710756378173828
1748972647379,0.3023712158203125,-0.06960525512695313,9.700577545166016
1748972647445,0.2760260009765625,-0.06960525512695313,9.698930969238281
1748972647512,0.2893482971191406,-0.0640667724609375,9.69264404296875
1748972647579,0.2800675964355469,-0.07170089721679689,9.70701416015625
1748972647649,0.25222549438476566,-0.07544311523437501,9.710457000732422
1748972647713,0.27572662353515626,-0.0844244384765625,9.693691864013672
1748972647779,0.27153533935546875,-0.07499404907226563,9.710606689453126
1748972647850,0.2734812927246094,-0.06571334838867188,9.691147155761719
1748972647912,0.27258316040039066,-0.08128097534179687,9.712402954101563
1748972647979,0.2525248718261719,-0.062420196533203125,9.709259490966797
1748972648050,0.28186386108398437,-0.06721023559570313,9.693991241455079
1748972648112,0.25312362670898436,-0.0712518310546875,9.69593719482422
1748972648179,0.3189866638183594,-0.07229965209960938,9.6998291015625
1748972648250,0.25701553344726563,-0.08158035278320312,9.707163848876954
1748972648312,0.2924917602539063,-0.07694000244140625,9.697134704589844
1748972648379,0.22962249755859376,-0.05837860107421875,9.698481903076173
1748972648445,0.25267456054687504,-0.06855743408203126,9.715995483398437
1748972648512,0.28994705200195314,-0.06676116943359375,9.698032836914063
1748972648579,0.28216323852539066,-0.06900650024414062,9.707612915039062
1748972648649,0.26539810180664064,-0.07858657836914062,9.702224121093751
1748972648712,0.2571652221679688,-0.0772393798828125,9.699978790283204
1748972648779,0.30790969848632815,-0.06676116943359375,9.702224121093751
1748972648850,0.2496807861328125,-0.082628173828125,9.70551727294922
1748972648912,0.2794688415527344,-0.07469467163085938,9.697733459472657
1748972648979,0.27842102050781253,-0.06810836791992188,9.696236572265626
1748972649050,0.26315277099609374,-0.08367599487304687,9.705068206787109
1748972649112,0.29593460083007816,-0.06511459350585938,9.696535949707032
1748972649179,0.2847079467773438,-0.07229965209960938,9.696386260986328
1748972649250,0.2999761962890625,-0.07948471069335938,9.692194976806642
1748972649312,0.24444168090820315,-0.07514373779296875,9.694889373779297
1748972649379,0.23261627197265627,-0.06676116943359375,9.69698501586914
1748972649449,0.30641281127929687,-0.07529342651367188,9.700727233886719
1748972649512,0.279019775390625,-0.0772393798828125,9.6998291015625
1748972649579,0.23516098022460938,-0.0688568115234375,9.706415405273438
1748972649649,0.2604583740234375,-0.07050338745117188,9.707163848876954
1748972649713,0.3327580261230469,-0.07035369873046875,9.695787506103516
1748972649779,0.23067031860351564,-0.06661148071289062,9.704768829345703
1748972649850,0.31344818115234374,-0.06466552734375,9.692344665527344
1748972649912,0.2896476745605469,-0.08187973022460938,9.705666961669923
1748972649981,0.2697390747070313,-0.06795867919921875,9.700577545166016
1748972650050,0.34099090576171875,-0.06825805664062501,9.693542175292968
1748972650112,0.2231858825683594,-0.07619155883789062,9.693392486572266
1748972650179,0.25626708984375,-0.0820294189453125,9.697733459472657
1748972650251,0.32721954345703125,-0.08547225952148438,9.692943420410156
1748972650312,0.2221380615234375,-0.076640625,9.708361358642579
1748972650379,0.21570144653320314,-0.07529342651367188,9.69698501586914
1748972650445,0.3333567810058594,-0.05059478759765625,9.686656494140626
1748972650512,0.22917343139648438,-0.06990463256835938,9.701924743652345
1748972650579,0.20387603759765627,-0.07514373779296875,9.713450775146486
1748972650650,0.3788621520996094,-0.0772393798828125,9.701176300048829
1748972650712,0.19489471435546876,-0.06930587768554688,9.7189892578125
1748972650779,0.23546035766601564,-0.06960525512695313,9.713301086425782
1748972650850,0.290994873046875,-0.06691085815429688,9.716893615722658
1748972650912,0.27078689575195314,-0.08277786254882813,9.715247039794923
1748972650979,0.2429447937011719,-0.07065307617187501,9.72033645629883
1748972651050,0.3261717224121094,-0.080233154296875,9.71704330444336
1748972651113,0.28949798583984376,-0.056582336425781254,9.716145172119141
1748972651179,0.19923568725585938,-0.07349716186523438,9.726024627685547
1748972651250,0.3004252624511719,-0.06735992431640625,9.718240814208984
1748972651313,0.2655477905273438,-0.07214996337890625,9.71270233154297
1748972651379,0.32482452392578126,-0.07993377685546875,9.707912292480469
1748972651445,0.19489471435546876,-0.07768844604492188,9.723479919433593
1748972651512,0.2827619934082031,-0.07274871826171875,9.717941436767578
1748972651579,0.2820135498046875,-0.07020401000976563,9.717342681884766
1748972651650,0.37497024536132817,-0.08187973022460938,9.72422836303711
1748972651712,0.10972183227539063,-0.06750961303710938,9.733209686279297
1748972651779,0.34757720947265625,-0.07813751220703126,9.721983032226563
1748972651849,0.2333647155761719,-0.07020401000976563,9.71749237060547
1748972651917,0.3183879089355469,-0.0772393798828125,9.725425872802735
1748972651979,0.2796185302734375,-0.06810836791992188,9.72901840209961
1748972652045,0.26000930786132814,-0.06391708374023437,9.722282409667969
1748972652112,0.2736309814453125,-0.08816665649414063,9.72467742919922
1748972652179,0.3239263916015625,-0.0796343994140625,9.716893615722658
1748972652250,0.243094482421875,-0.05912704467773438,9.720037078857422
1748972652312,0.2547702026367188,-0.06960525512695313,9.734107818603515
1748972652379,0.3113525390625,-0.07409591674804687,9.727371826171876
1748972652445,0.2896476745605469,-0.07035369873046875,9.720785522460938
1748972652512,0.22842498779296877,-0.07753875732421875,9.730365600585937
1748972652579,0.22034179687500002,-0.08038284301757813,9.722881164550781
1748972652650,0.3288661193847656,-0.07319778442382813,9.725874938964845
1748972652712,0.26435028076171874,-0.07080276489257813,9.720186767578125
1748972652779,0.24069946289062502,-0.07798782348632813,9.72422836303711
1748972652849,0.2884501647949219,-0.07214996337890625,9.722581787109375
1748972652912,0.2731819152832031,-0.08307723999023438,9.71988739013672
1748972652979,0.2900967407226563,-0.07813751220703126,9.721683654785156
1748972653049,0.238304443359375,-0.07214996337890625,9.730515289306641
1748972653112,0.2860551452636719,-0.056282958984375006,9.716743927001954
1748972653179,0.2070195007324219,-0.07334747314453126,9.72901840209961
1748972653249,0.2998265075683594,-0.07050338745117188,9.722731475830079
1748972653312,0.26375152587890627,-0.06436614990234375,9.72617431640625
1748972653379,0.2866539001464844,-0.06676116943359375,9.723479919433593
1748972653445,0.21151016235351563,-0.07514373779296875,9.727671203613282
1748972653513,0.3519181823730469,-0.08861572265625,9.712253265380859
1748972653579,0.27692413330078125,-0.0724493408203125,9.723330230712891
1748972653650,0.24893234252929688,-0.0700543212890625,9.717941436767578
1748972653712,0.25102798461914066,-0.07768844604492188,9.71704330444336
1748972653779,0.290994873046875,-0.07753875732421875,9.727970581054688
1748972653850,0.30371841430664065,-0.07903564453125,9.717192993164064
1748972653912,0.24998016357421876,-0.07544311523437501,9.72901840209961
1748972653979,0.2484832763671875,-0.06750961303710938,9.72572525024414
1748972654049,0.2871029663085938,-0.07694000244140625,9.73141342163086
1748972654112,0.33679962158203125,-0.07319778442382813,9.713750152587892
1748972654179,0.22378463745117189,-0.0700543212890625,9.715247039794923
1748972654249,0.3100053405761719,-0.05718109130859375,9.717642059326172
1748972654312,0.2540217590332031,-0.07319778442382813,9.720635833740236
1748972654379,0.3246748352050781,-0.07454498291015625,9.710906066894532
1748972654450,0.23441253662109376,-0.07304809570312501,9.722731475830079
1748972654512,0.259859619140625,-0.07559280395507813,9.719737701416015
1748972654579,0.24893234252929688,-0.0712518310546875,9.717342681884766
1748972654648,0.33724868774414063,-0.07529342651367188,9.712402954101563
1748972654712,0.24084915161132814,-0.06376739501953126,9.712253265380859
1748972654779,0.26494903564453126,-0.07035369873046875,9.707313537597656
1748972654850,0.2582130432128906,-0.07214996337890625,9.710606689453126
1748972654912,0.27572662353515626,-0.08457412719726563,9.723629608154297
1748972654979,0.26420059204101565,-0.09205856323242188,9.730215911865235
1748972655048,0.22363494873046877,-0.06855743408203126,9.72183334350586
1748972655112,0.26300308227539065,-0.06152206420898438,9.718091125488282
1748972655179,0.2924917602539063,-0.06541397094726563,9.716145172119141
1748972655251,0.3052153015136719,-0.07394622802734375,9.712852020263673
1748972655313,0.21195922851562501,-0.07334747314453126,9.71988739013672
1748972655379,0.2746788024902344,-0.07349716186523438,9.711055755615234
1748972655451,0.25761428833007816,-0.06960525512695313,9.708960113525391
1748972655512,0.32257919311523436,-0.0772393798828125,9.713899841308594
1748972655579,0.3146456909179688,-0.07259902954101563,9.70701416015625
1748972655650,0.19654129028320313,-0.08487350463867188,9.730066223144531
1748972655712,0.3231779479980469,-0.0652642822265625,9.71988739013672
1748972655779,0.2381547546386719,-0.07708969116210938,9.71854019165039
1748972655852,0.259859619140625,-0.07753875732421875,9.72138427734375
1748972655912,0.3040177917480469,-0.07589218139648438,9.730814666748048
1748972655979,0.259859619140625,-0.06735992431640625,9.725276184082032
1748972656050,0.31689102172851563,-0.06391708374023437,9.720186767578125
1748972656112,0.2999761962890625,-0.08472381591796875,9.717791748046876
1748972656180,0.2213896179199219,-0.07334747314453126,9.72572525024414
1748972656251,0.22617965698242187,-0.07050338745117188,9.724078674316408
1748972656313,0.2591111755371094,-0.07140151977539062,9.718240814208984
1748972656379,0.2832110595703125,-0.07259902954101563,9.713899841308594
1748972656445,0.3251239013671875,-0.07274871826171875,9.720935211181642
1748972656513,0.2273771667480469,-0.0700543212890625,9.715995483398437
1748972656579,0.2938389587402344,-0.06870712280273437,9.71464828491211
1748972656650,0.22513183593750002,-0.08637039184570312,9.726922760009765
1748972656712,0.3246748352050781,-0.07978408813476563,9.708960113525391
1748972656779,0.22947280883789065,-0.07319778442382813,9.721533966064454
1748972656850,0.2966830444335938,-0.07304809570312501,9.722282409667969
1748972656918,0.23246658325195313,-0.0748443603515625,9.715845794677735
1748972656979,0.29937744140625,-0.08008346557617188,9.716444549560547
1748972657045,0.29937744140625,-0.07574249267578126,9.709259490966797
1748972657112,0.2966830444335938,-0.07289840698242188,9.720785522460938
1748972657179,0.2655477905273438,-0.06331832885742188,9.70701416015625
1748972657248,0.2712359619140625,-0.077838134765625,9.72901840209961
1748972657312,0.2998265075683594,-0.07574249267578126,9.718689880371095
1748972657379,0.2585124206542969,-0.0772393798828125,9.718689880371095
1748972657445,0.33979339599609376,-0.06376739501953126,9.707313537597656
1748972657512,0.20866607666015627,-0.07619155883789062,9.726024627685547
1748972657579,0.33485366821289064,-0.07858657836914062,9.723629608154297
1748972657649,0.2609074401855469,-0.07828720092773438,9.725276184082032
1748972657712,0.27991790771484376,-0.07738906860351563,9.721683654785156
1748972657779,0.20582199096679688,-0.07020401000976563,9.712402954101563
1748972657850,0.355660400390625,-0.08158035278320312,9.713750152587892
1748972657912,0.26854156494140624,-0.07080276489257813,9.725126495361328
1748972657979,0.23665786743164063,-0.0736468505859375,9.726922760009765
1748972658045,0.3131488037109375,-0.06316864013671876,9.705068206787109
1748972658112,0.22183868408203125,-0.0844244384765625,9.716145172119141
1748972658179,0.3207829284667969,-0.0814306640625,9.71854019165039
1748972658249,0.2435435485839844,-0.07708969116210938,9.721533966064454
1748972658312,0.2854563903808594,-0.08098159790039063,9.71135513305664
1748972658379,0.20686981201171875,-0.07529342651367188,9.706565093994142
1748972658449,0.32063323974609376,-0.08726852416992188,9.71180419921875
1748972658512,0.28740234375,-0.0676593017578125,9.71315139770508
1748972658578,0.2333647155761719,-0.06676116943359375,9.717791748046876
1748972658649,0.3085084533691406,-0.058677978515625,9.705068206787109
1748972658712,0.24878265380859377,-0.07589218139648438,9.712402954101563
1748972658779,0.30731094360351563,-0.0700543212890625,9.702822875976564
1748972658848,0.2728825378417969,-0.06795867919921875,9.704918518066407
1748972658912,0.29653335571289063,-0.06571334838867188,9.715696105957031
1748972658979,0.23665786743164063,-0.06960525512695313,9.710906066894532
1748972659049,0.34503250122070317,-0.0748443603515625,9.709558868408203
1748972659112,0.24983047485351564,-0.06870712280273437,9.719288635253907
1748972659179,0.300574951171875,-0.07274871826171875,9.710457000732422
1748972659250,0.20462448120117188,-0.07903564453125,9.717791748046876
1748972659312,0.2927911376953125,-0.08337661743164063,9.695338439941407
1748972659379,0.26539810180664064,-0.06661148071289062,9.719288635253907
1748972659445,0.3195854187011719,-0.07080276489257813,9.708660736083985
1748972659512,0.2544708251953125,-0.05583389282226563,9.720037078857422
1748972659579,0.19549346923828126,-0.07424560546875,9.71464828491211
1748972659649,0.4528083801269531,-0.07634124755859376,9.715546417236329
1748972659712,0.23785537719726563,-0.08966354370117188,9.726922760009765
1748972659779,0.2616558837890625,-0.06870712280273437,9.709409179687501
1748972659849,0.26195526123046875,-0.06990463256835938,9.714049530029298
1748972659912,0.3092568969726563,-0.07334747314453126,9.715097351074219
1748972659979,0.2636018371582031,-0.06945556640625,9.715097351074219
1748972660050,0.27063720703125,-0.07918533325195314,9.710457000732422
1748972660113,0.26689498901367187,-0.0736468505859375,9.713899841308594
1748972660179,0.27273284912109375,-0.07694000244140625,9.72033645629883
1748972660250,0.2836601257324219,-0.06601272583007813,9.714947662353516
1748972660312,0.24683670043945313,-0.08083190917968751,9.701924743652345
1748972660379,0.2939886474609375,-0.08173004150390625,9.712852020263673
1748972660449,0.26539810180664064,-0.061072998046875,9.717941436767578
1748972660512,0.27153533935546875,-0.07469467163085938,9.715845794677735
1748972660579,0.29189300537109375,-0.0820294189453125,9.707762603759766
1748972660650,0.24189697265625001,-0.07454498291015625,9.72901840209961
1748972660712,0.3010240173339844,-0.07259902954101563,9.717642059326172
1748972660779,0.2601589965820313,-0.07140151977539062,9.721683654785156
1748972660850,0.2613565063476563,-0.0814306640625,9.715995483398437
1748972660912,0.28830047607421877,-0.0748443603515625,9.71704330444336
1748972660979,0.26000930786132814,-0.07469467163085938,9.726773071289063
1748972661050,0.25656646728515625,-0.07274871826171875,9.726773071289063
1748972661112,0.28351043701171874,-0.07873626708984376,9.721533966064454
1748972661179,0.259859619140625,-0.07993377685546875,9.714049530029298
1748972661250,0.2851570129394531,-0.076640625,9.719288635253907
1748972661312,0.2556683349609375,-0.07289840698242188,9.708511047363281
1748972661379,0.2698887634277344,-0.07858657836914062,9.716594238281251
1748972661445,0.2728825378417969,-0.07095245361328126,9.724527740478516
1748972661512,0.28695327758789063,-0.07649093627929687,9.719737701416015
1748972661579,0.2980302429199219,-0.07798782348632813,9.72033645629883
1748972661651,0.24414230346679688,-0.08382568359375,9.714348907470704
1748972661712,0.2947370910644531,-0.07694000244140625,9.718689880371095
1748972661779,0.2788700866699219,-0.07289840698242188,9.720935211181642
1748972661851,0.2597099304199219,-0.076640625,9.71464828491211
1748972661919,0.24683670043945313,-0.07574249267578126,9.716893615722658
1748972661979,0.2871029663085938,-0.080233154296875,9.714947662353516
1748972662045,0.2664459228515625,-0.07813751220703126,9.707313537597656
1748972662112,0.28021728515625,-0.07304809570312501,9.703421630859376
1748972662179,0.2507286071777344,-0.07379653930664062,9.7189892578125
1748972662248,0.27198440551757813,-0.07259902954101563,9.708061981201173
1748972662312,0.2805166625976563,-0.08352630615234376,9.706265716552736
1748972662379,0.2532733154296875,-0.08098159790039063,9.713899841308594
1748972662445,0.29294082641601565,-0.07873626708984376,9.712552642822265
1748972662512,0.26270370483398436,-0.07020401000976563,9.713600463867188
1748972662579,0.26839187622070315,-0.07574249267578126,9.708061981201173
1748972662650,0.27378067016601565,-0.07424560546875,9.714348907470704
1748972662713,0.28410919189453127,-0.08292755126953126,9.714797973632812
1748972662779,0.2484832763671875,-0.08517288208007813,9.713001708984375
1748972662848,0.2752775573730469,-0.07020401000976563,9.71315139770508
1748972662912,0.3028202819824219,-0.06271957397460938,9.69878128051758
1748972662979,0.25147705078125,-0.07379653930664062,9.716893615722658
1748972663049,0.2664459228515625,-0.0748443603515625,9.714498596191406
1748972663112,0.2903961181640625,-0.07155120849609375,9.713001708984375
1748972663180,0.2839595031738281,-0.07978408813476563,9.716893615722658
1748972663249,0.26375152587890627,-0.07349716186523438,9.719138946533203
1748972663312,0.27258316040039066,-0.0724493408203125,9.716594238281251
1748972663379,0.2579136657714844,-0.07574249267578126,9.709259490966797
1748972663449,0.27198440551757813,-0.07155120849609375,9.714947662353516
1748972663512,0.2664459228515625,-0.06915618896484375,9.715995483398437
1748972663579,0.2998265075683594,-0.06975494384765625,9.703721008300782
1748972663649,0.26300308227539065,-0.07394622802734375,9.719588012695313
1748972663712,0.25641677856445316,-0.06721023559570313,9.71180419921875
1748972663779,0.29458740234375,-0.077838134765625,9.715995483398437
1748972663846,0.28291168212890627,-0.06750961303710938,9.708361358642579
1748972663912,0.2935395812988281,-0.07304809570312501,9.704319763183594
1748972663979,0.26719436645507816,-0.07454498291015625,9.718091125488282
1748972664049,0.2731819152832031,-0.06990463256835938,9.707762603759766
1748972664112,0.2698887634277344,-0.06975494384765625,9.706864471435548
1748972664179,0.2700384521484375,-0.07289840698242188,9.708211669921875
1748972664249,0.23680755615234375,-0.07140151977539062,9.719737701416015
1748972664312,0.2986289978027344,-0.07858657836914062,9.710007934570314
1748972664379,0.3234773254394531,-0.06436614990234375,9.707163848876954
1748972664445,0.27497817993164064,-0.06975494384765625,9.71135513305664
1748972664512,0.24459136962890626,-0.07259902954101563,9.707612915039062
1748972664579,0.2794688415527344,-0.07604187011718751,9.71270233154297
1748972664649,0.2950364685058594,-0.07319778442382813,9.709259490966797
1748972664712,0.2712359619140625,-0.07813751220703126,9.712253265380859
1748972664779,0.2716850280761719,-0.07589218139648438,9.71270233154297
1748972664850,0.28216323852539066,-0.07409591674804687,9.708810424804687
1748972664912,0.28186386108398437,-0.07933502197265625,9.709109802246095
1748972664979,0.27393035888671874,-0.06825805664062501,9.714498596191406
1748972665049,0.2712359619140625,-0.07394622802734375,9.7189892578125
1748972665112,0.27617568969726564,-0.07559280395507813,9.713001708984375
1748972665179,0.27273284912109375,-0.07155120849609375,9.716145172119141
1748972665250,0.27198440551757813,-0.0718505859375,9.714348907470704
1748972665312,0.2900967407226563,-0.07274871826171875,9.706565093994142
1748972665379,0.25641677856445316,-0.07424560546875,9.706116027832032
1748972665445,0.26914031982421877,-0.07140151977539062,9.70551727294922
1748972665512,0.28261230468750004,-0.06990463256835938,9.712103576660157
1748972665579,0.2594105529785156,-0.07649093627929687,9.711504821777345
1748972665650,0.29144393920898437,-0.06855743408203126,9.712552642822265
1748972665712,0.247884521484375,-0.07259902954101563,9.710906066894532
1748972665779,0.2664459228515625,-0.07035369873046875,9.708061981201173
1748972665850,0.2721340942382813,-0.06930587768554688,9.710007934570314
1748972665913,0.2827619934082031,-0.07110214233398438,9.711654510498047
1748972665979,0.2604583740234375,-0.07424560546875,9.715396728515625
1748972666050,0.3023712158203125,-0.07170089721679689,9.716444549560547
1748972666112,0.24339385986328127,-0.07379653930664062,9.726473693847657
1748972666179,0.26764343261718754,-0.07274871826171875,9.710756378173828
1748972666250,0.2977308654785156,-0.07903564453125,9.71988739013672
1748972666312,0.2442919921875,-0.06915618896484375,9.716444549560547
1748972666379,0.29174331665039066,-0.07903564453125,9.703271942138672
1748972666450,0.258662109375,-0.07379653930664062,9.712402954101563
1748972666512,0.29054580688476567,-0.07813751220703126,9.714049530029298
1748972666579,0.2552192687988281,-0.057779846191406255,9.709109802246095
1748972666651,0.2782713317871094,-0.08008346557617188,9.710906066894532
1748972666712,0.2938389587402344,-0.07080276489257813,9.711205444335938
1748972666779,0.26315277099609374,-0.07454498291015625,9.712103576660157
1748972666850,0.28695327758789063,-0.07319778442382813,9.719737701416015
1748972666919,0.27422973632812503,-0.06616241455078126,9.70985824584961
1748972666979,0.279019775390625,-0.08083190917968751,9.70027816772461
1748972667045,0.279019775390625,-0.08128097534179687,9.704319763183594
1748972667113,0.2677931213378906,-0.0664617919921875,9.697733459472657
1748972667179,0.26659561157226563,-0.07020401000976563,9.71180419921875
1748972667248,0.27198440551757813,-0.06915618896484375,9.71988739013672
1748972667312,0.26584716796875,-0.06915618896484375,9.720037078857422
1748972667379,0.277822265625,-0.06945556640625,9.719737701416015
1748972667445,0.2652484130859375,-0.07394622802734375,9.716594238281251
1748972667512,0.2794688415527344,-0.07110214233398438,9.704319763183594
1748972667579,0.2701881408691406,-0.06900650024414062,9.710007934570314
1748972667651,0.2796185302734375,-0.07708969116210938,9.71464828491211
1748972667713,0.29054580688476567,-0.07304809570312501,9.713001708984375
1748972667779,0.26300308227539065,-0.0712518310546875,9.71135513305664
1748972667851,0.2686912536621094,-0.07349716186523438,9.710756378173828
1748972667912,0.28530670166015626,-0.07095245361328126,9.71135513305664
1748972667979,0.2796185302734375,-0.0652642822265625,9.713450775146486
1748972668051,0.2806663513183594,-0.07514373779296875,9.71270233154297
1748972668112,0.25701553344726563,-0.07619155883789062,9.712253265380859
1748972668179,0.2748284912109375,-0.08008346557617188,9.716444549560547
1748972668251,0.27617568969726564,-0.07394622802734375,9.712103576660157
1748972668312,0.26150619506835937,-0.08053253173828126,9.710606689453126
1748972668379,0.30222152709960937,-0.07604187011718751,9.711205444335938
1748972668445,0.2760260009765625,-0.07065307617187501,9.721234588623048
1748972668512,0.28096572875976566,-0.07738906860351563,9.720037078857422
1748972668579,0.27228378295898437,-0.07634124755859376,9.712402954101563
1748972668650,0.2752775573730469,-0.0724493408203125,9.718091125488282
1748972668712,0.276624755859375,-0.07514373779296875,9.709708557128907
1748972668779,0.27198440551757813,-0.07080276489257813,9.72183334350586
1748972668850,0.26854156494140624,-0.07274871826171875,9.714348907470704
1748972668913,0.27378067016601565,-0.06376739501953126,9.72033645629883
1748972668979,0.28380981445312503,-0.07708969116210938,9.721084899902344
1748972669050,0.28096572875976566,-0.067060546875,9.714348907470704
1748972669112,0.27393035888671874,-0.07619155883789062,9.706714782714844
1748972669179,0.24025039672851564,-0.07978408813476563,9.720037078857422
1748972669250,0.27991790771484376,-0.05987548828125,9.713750152587892
1748972669312,0.2710862731933594,-0.06750961303710938,9.71180419921875
1748972669379,0.2594105529785156,-0.07753875732421875,9.711205444335938
1748972669445,0.3906875610351563,-0.07813751220703126,9.69264404296875
1748972669512,0.23456222534179688,-0.077838134765625,9.690099334716797
1748972669579,0.25462051391601564,-0.08232879638671875,9.69264404296875
1748972669648,0.3100053405761719,-0.07649093627929687,9.69593719482422
1748972669713,0.2389031982421875,-0.07933502197265625,9.703721008300782
1748972669779,0.3046165466308594,-0.07274871826171875,9.701325988769531
1748972669856,0.3100053405761719,-0.07334747314453126,9.696535949707032
1748972669915,0.22468276977539064,-0.07798782348632813,9.685009918212891
1748972669979,0.30267059326171875,-0.07753875732421875,9.694589996337891
1748972670050,0.2697390747070313,-0.07948471069335938,9.687854003906251
1748972670112,0.22168899536132813,-0.06945556640625,9.6902490234375
1748972670179,0.31943572998046876,-0.0796343994140625,9.698182525634767
1748972670251,0.23710693359375,-0.06182144165039063,9.696535949707032
1748972670312,0.31793884277343754,-0.077838134765625,9.686057739257812
1748972670379,0.2736309814453125,-0.0772393798828125,9.691147155761719
1748972670448,0.25761428833007816,-0.05957611083984375,9.690398712158204
1748972670513,0.23022125244140626,-0.08337661743164063,9.69264404296875
1748972670579,0.288599853515625,-0.07080276489257813,9.69743408203125
1748972670650,0.2881507873535156,-0.07529342651367188,9.687255249023439
1748972670712,0.243094482421875,-0.057779846191406255,9.685009918212891
1748972670779,0.2597099304199219,-0.08382568359375,9.692494354248048
1748972670851,0.324525146484375,-0.09086105346679688,9.696236572265626
1748972670912,0.17199234008789063,-0.06780899047851563,9.697583770751953
1748972670979,0.2728825378417969,-0.07649093627929687,9.697284393310547
1748972671052,0.21540206909179688,-0.07948471069335938,9.700577545166016
1748972671112,0.3595523071289063,-0.07798782348632813,9.694589996337891
1748972671179,0.1646575927734375,-0.06930587768554688,9.692943420410156
1748972671249,0.15058685302734376,-0.07229965209960938,9.714498596191406
1748972671312,0.4351451110839844,-0.06915618896484375,9.684710540771485
1748972671379,0.2185455322265625,-0.07424560546875,9.701924743652345
1748972671450,0.39787261962890624,-0.07095245361328126,9.69264404296875
1748972671513,0.14325210571289063,-0.07634124755859376,9.700577545166016
1748972671579,0.30147308349609375,-0.07170089721679689,9.701026611328125
1748972671650,0.3092568969726563,-0.0622705078125,9.69698501586914
1748972671712,0.24129821777343752,-0.076640625,9.703571319580078
1748972671779,0.27273284912109375,-0.07649093627929687,9.701176300048829
1748972671851,0.2501298522949219,-0.07274871826171875,9.704319763183594
1748972671916,0.3023712158203125,-0.07065307617187501,9.706265716552736
1748972671979,0.271834716796875,-0.07289840698242188,9.705816650390625
1748972672045,0.228724365234375,-0.07649093627929687,9.711953887939453
1748972672113,0.276624755859375,-0.07319778442382813,9.714947662353516
1748972672179,0.29728179931640625,-0.07020401000976563,9.703421630859376
1748972672253,0.21749771118164063,-0.08547225952148438,9.716893615722658
1748972672312,0.32213012695312504,-0.07918533325195314,9.70312225341797
1748972672379,0.27198440551757813,-0.07065307617187501,9.705816650390625
1748972672445,0.2890489196777344,-0.07888595581054687,9.701775054931641
1748972672512,0.26375152587890627,-0.06810836791992188,9.695787506103516
1748972672579,0.264649658203125,-0.07499404907226563,9.697134704589844
1748972672648,0.2185455322265625,-0.07694000244140625,9.710756378173828
1748972672712,0.2664459228515625,-0.07289840698242188,9.69698501586914
1748972672779,0.2656974792480469,-0.08098159790039063,9.710756378173828
1748972672852,0.29758117675781254,-0.07065307617187501,9.706864471435548
1748972672913,0.2544708251953125,-0.06900650024414062,9.70027816772461
1748972672979,0.28291168212890627,-0.08382568359375,9.705666961669923
1748972673045,0.24459136962890626,-0.07738906860351563,9.71135513305664
1748972673112,0.2881507873535156,-0.07334747314453126,9.703721008300782
1748972673179,0.28096572875976566,-0.08307723999023438,9.71135513305664
1748972673251,0.24908203125,-0.07574249267578126,9.705816650390625
1748972673312,0.290994873046875,-0.07514373779296875,9.708660736083985
1748972673379,0.25761428833007816,-0.07424560546875,9.71419921875
1748972673445,0.24025039672851564,-0.07888595581054687,9.714797973632812
1748972673512,0.28351043701171874,-0.07798782348632813,9.709259490966797
1748972673579,0.281414794921875,-0.07110214233398438,9.70267318725586
1748972673650,0.2567161560058594,-0.07649093627929687,9.709409179687501
1748972673712,0.2655477905273438,-0.08113128662109376,9.70985824584961
1748972673779,0.2942880249023438,-0.07574249267578126,9.707313537597656
1748972673845,0.26420059204101565,-0.077838134765625,9.702972564697266
1748972673913,0.24414230346679688,-0.07274871826171875,9.714049530029298
1748972673979,0.3107537841796875,-0.08053253173828126,9.702224121093751
1748972674050,0.27872039794921877,-0.08068222045898438,9.71419921875
1748972674112,0.24938140869140626,-0.0718505859375,9.709109802246095
1748972674179,0.2900967407226563,-0.06960525512695313,9.71135513305664
1748972674251,0.29788055419921877,-0.0736468505859375,9.713450775146486
1748972674312,0.2604583740234375,-0.07409591674804687,9.708511047363281
1748972674379,0.2640509033203125,-0.07274871826171875,9.709708557128907
1748972674445,0.2555186462402344,-0.08412506103515625,9.704619140625
1748972674513,0.27198440551757813,-0.06930587768554688,9.701475677490235
1748972674579,0.2652484130859375,-0.07110214233398438,9.717192993164064
1748972674650,0.26420059204101565,-0.07095245361328126,9.71988739013672
1748972674712,0.2597099304199219,-0.07424560546875,9.710906066894532
1748972674779,0.29832962036132815,-0.06930587768554688,9.712402954101563
1748972674850,0.2697390747070313,-0.07649093627929687,9.711953887939453
1748972674912,0.26300308227539065,-0.08517288208007813,9.703271942138672
1748972674979,0.26270370483398436,-0.07768844604492188,9.701775054931641
1748972675050,0.2686912536621094,-0.06795867919921875,9.706415405273438
1748972675113,0.24893234252929688,-0.06301895141601563,9.71464828491211
1748972675179,0.288599853515625,-0.0736468505859375,9.697134704589844
1748972675251,0.2667453002929688,-0.06990463256835938,9.70267318725586
1748972675312,0.28096572875976566,-0.06990463256835938,9.699230346679688
1748972675379,0.2604583740234375,-0.0718505859375,9.704020385742188
1748972675445,0.2625540161132813,-0.08113128662109376,9.710756378173828
1748972675512,0.2758763122558594,-0.077838134765625,9.71854019165039
1748972675579,0.2389031982421875,-0.07080276489257813,9.715546417236329
1748972675650,0.2847079467773438,-0.0748443603515625,9.708361358642579
1748972675712,0.2878514099121094,-0.06900650024414062,9.709409179687501
1748972675779,0.276624755859375,-0.08996292114257813,9.700727233886719
1748972675850,0.26659561157226563,-0.07424560546875,9.71419921875
1748972675913,0.25641677856445316,-0.07454498291015625,9.70701416015625
1748972675979,0.26315277099609374,-0.080233154296875,9.706864471435548
1748972676050,0.28979736328125,-0.07200027465820313,9.715995483398437
1748972676113,0.2724334716796875,-0.07140151977539062,9.715546417236329
1748972676179,0.26150619506835937,-0.07679031372070313,9.70267318725586
1748972676253,0.2893482971191406,-0.07529342651367188,9.708660736083985
1748972676313,0.27258316040039066,-0.07679031372070313,9.712552642822265
1748972676379,0.25297393798828127,-0.076640625,9.71419921875
1748972676445,0.2647993469238281,-0.07334747314453126,9.716743927001954
1748972676513,0.2848576354980469,-0.08562194824218751,9.708660736083985
1748972676579,0.22887405395507815,-0.0736468505859375,9.710756378173828
1748972676652,0.30296997070312504,-0.08352630615234376,9.705217895507813
1748972676713,0.24638763427734375,-0.06915618896484375,9.714348907470704
1748972676779,0.2639012145996094,-0.0718505859375,9.705068206787109
1748972676851,0.2796185302734375,-0.07574249267578126,9.716743927001954
1748972676921,0.28919860839843753,-0.07095245361328126,9.709708557128907
1748972676979,0.2782713317871094,-0.07409591674804687,9.717791748046876
1748972677045,0.24953109741210938,-0.07379653930664062,9.70985824584961
1748972677113,0.2537223815917969,-0.06541397094726563,9.715995483398437
1748972677179,0.29189300537109375,-0.07813751220703126,9.704319763183594
1748972677250,0.2763253784179688,-0.077838134765625,9.702373809814453
1748972677313,0.2655477905273438,-0.076640625,9.714049530029298
1748972677379,0.22558090209960938,-0.06571334838867188,9.691745910644531
1748972677445,0.2848576354980469,-0.07349716186523438,9.711504821777345
1748972677512,0.27692413330078125,-0.0772393798828125,9.705666961669923
1748972677579,0.26734405517578125,-0.07813751220703126,9.706565093994142
1748972677650,0.26375152587890627,-0.0718505859375,9.708361358642579
1748972677713,0.28650421142578125,-0.0718505859375,9.707163848876954
1748972677779,0.25896148681640624,-0.07379653930664062,9.697284393310547
1748972677851,0.209564208984375,-0.06631210327148437,9.697284393310547
1748972677912,0.30386810302734374,-0.09116043090820312,9.713301086425782
1748972677979,0.2363584899902344,-0.06945556640625,9.713899841308594
1748972678051,0.2710862731933594,-0.07200027465820313,9.708660736083985
1748972678113,0.2505789184570313,-0.07694000244140625,9.70985824584961
1748972678179,0.28755203247070316,-0.07214996337890625,9.70985824584961
1748972678250,0.2752775573730469,-0.07065307617187501,9.703721008300782
1748972678313,0.2508782958984375,-0.08457412719726563,9.709558868408203
1748972678379,0.3028202819824219,-0.07858657836914062,9.69698501586914
1748972678445,0.25641677856445316,-0.060474243164062504,9.716893615722658
1748972678513,0.2701881408691406,-0.07020401000976563,9.711205444335938
1748972678579,0.26584716796875,-0.07424560546875,9.716893615722658
1748972678650,0.2664459228515625,-0.07828720092773438,9.710007934570314
1748972678712,0.2755769348144531,-0.08322692871093751,9.704619140625
1748972678779,0.26584716796875,-0.07529342651367188,9.715396728515625
1748972678850,0.27722351074218754,-0.07604187011718751,9.708960113525391
1748972678912,0.2682421875,-0.07933502197265625,9.70596633911133
1748972678979,0.2636018371582031,-0.07229965209960938,9.710756378173828
1748972679050,0.26225463867187504,-0.07948471069335938,9.71704330444336
1748972679113,0.27916946411132815,-0.06840774536132813,9.712552642822265
1748972679179,0.2760260009765625,-0.08068222045898438,9.706714782714844
1748972679251,0.27617568969726564,-0.08232879638671875,9.709109802246095
1748972679313,0.257464599609375,-0.07559280395507813,9.704918518066407
1748972679379,0.2682421875,-0.08068222045898438,9.708061981201173
1748972679445,0.27153533935546875,-0.07574249267578126,9.707313537597656
1748972679512,0.2817141723632813,-0.07334747314453126,9.708960113525391
1748972679579,0.2662962341308594,-0.06930587768554688,9.710157623291016
1748972679650,0.24863296508789065,-0.07514373779296875,9.699978790283204
1748972679713,0.2908451843261719,-0.07619155883789062,9.706714782714844
1748972679779,0.2552192687988281,-0.07274871826171875,9.702822875976564
1748972679851,0.26150619506835937,-0.07948471069335938,9.701026611328125
1748972679913,0.31225067138671875,-0.08187973022460938,9.70596633911133
1748972679979,0.23920257568359377,-0.07993377685546875,9.706864471435548
1748972680050,0.28500732421875,-0.07768844604492188,9.70746322631836
1748972680113,0.29054580688476567,-0.07229965209960938,9.69788314819336
1748972680179,0.26420059204101565,-0.07439529418945313,9.70985824584961
1748972680251,0.23366409301757815,-0.0772393798828125,9.708810424804687
1748972680313,0.30671218872070316,-0.085023193359375,9.715396728515625
1748972680379,0.26105712890625,-0.07993377685546875,9.707612915039062
1748972680446,0.26584716796875,-0.07050338745117188,9.708211669921875
1748972680512,0.28261230468750004,-0.0772393798828125,9.702523498535157
1748972680579,0.2636018371582031,-0.08337661743164063,9.715097351074219
1748972680649,0.27228378295898437,-0.07933502197265625,9.709409179687501
1748972680713,0.2956352233886719,-0.0724493408203125,9.708810424804687
1748972680779,0.26000930786132814,-0.0724493408203125,9.704020385742188
1748972680852,0.26240432739257813,-0.06900650024414062,9.712852020263673
1748972680913,0.2939886474609375,-0.07559280395507813,9.705816650390625
1748972680979,0.25297393798828127,-0.08247848510742188,9.717791748046876
1748972681050,0.29458740234375,-0.07394622802734375,9.712103576660157
1748972681113,0.2701881408691406,-0.080233154296875,9.710606689453126
1748972681179,0.281414794921875,-0.08217910766601563,9.712402954101563
1748972681253,0.2525248718261719,-0.08337661743164063,9.713301086425782
1748972681313,0.32587234497070316,-0.07813751220703126,9.710756378173828
1748972681379,0.2647993469238281,-0.06586303710937501,9.703421630859376
1748972681445,0.29234207153320313,-0.06960525512695313,9.70701416015625
1748972681513,0.2700384521484375,-0.07918533325195314,9.705068206787109
1748972681579,0.27393035888671874,-0.07753875732421875,9.708361358642579
1748972681651,0.2724334716796875,-0.06975494384765625,9.718689880371095
1748972681713,0.27737319946289063,-0.0640667724609375,9.715995483398437
1748972681779,0.2594105529785156,-0.07140151977539062,9.728419647216798
1748972681850,0.26345214843750003,-0.07604187011718751,9.721084899902344
1748972681917,0.2827619934082031,-0.06960525512695313,9.719138946533203
1748972681979,0.276624755859375,-0.07918533325195314,9.721084899902344
1748972682045,0.2442919921875,-0.07289840698242188,9.7189892578125
1748972682113,0.3170407104492188,-0.07274871826171875,9.717342681884766
1748972682179,0.2788700866699219,-0.07903564453125,9.716294860839843
1748972682249,0.23201751708984375,-0.07813751220703126,9.724078674316408
1748972682313,0.2950364685058594,-0.07394622802734375,9.717941436767578
1748972682379,0.2903961181640625,-0.06840774536132813,9.711654510498047
1748972682446,0.2621049499511719,-0.06376739501953126,9.716145172119141
1748972682513,0.2625540161132813,-0.08352630615234376,9.717642059326172
1748972682579,0.2770738220214844,-0.0814306640625,9.707912292480469
1748972682648,0.2555186462402344,-0.07289840698242188,9.720935211181642
1748972682713,0.29952713012695314,-0.07140151977539062,9.725276184082032
1748972682779,0.2682421875,-0.07798782348632813,9.721234588623048
1748972682851,0.2601589965820313,-0.07544311523437501,9.71854019165039
1748972682913,0.28770172119140625,-0.07604187011718751,9.714947662353516
1748972682979,0.23381378173828127,-0.06915618896484375,9.715995483398437
1748972683051,0.2740800476074219,-0.0718505859375,9.711504821777345
1748972683113,0.26300308227539065,-0.0718505859375,9.70985824584961
1748972683179,0.30267059326171875,-0.07020401000976563,9.727371826171876
1748972683250,0.22288650512695313,-0.07035369873046875,9.71315139770508
1748972683313,0.2609074401855469,-0.077838134765625,9.719737701416015
1748972683379,0.27153533935546875,-0.07813751220703126,9.722132720947267
1748972683445,0.25836273193359377,-0.07798782348632813,9.72138427734375
1748972683513,0.2832110595703125,-0.08008346557617188,9.707163848876954
1748972683579,0.29368927001953127,-0.0652642822265625,9.7189892578125
1748972683645,0.26195526123046875,-0.06691085815429688,9.722432098388673
1748972683713,0.2650987243652344,-0.08008346557617188,9.710906066894532
1748972683779,0.2751278686523438,-0.08277786254882813,9.715396728515625
1748972683850,0.24683670043945313,-0.07200027465820313,9.720186767578125
1748972683913,0.27033782958984376,-0.07259902954101563,9.721084899902344
1748972683979,0.296982421875,-0.07873626708984376,9.714498596191406
1748972684050,0.26375152587890627,-0.06346801757812501,9.715845794677735
1748972684112,0.3034190368652344,-0.0676593017578125,9.709259490966797
1748972684179,0.2746788024902344,-0.0293389892578125,9.709558868408203
1748972684246,0.243094482421875,-0.06361770629882812,9.713301086425782
1748972684312,0.22183868408203125,-0.05583389282226563,9.739346923828126
1748972684379,0.23246658325195313,-0.07334747314453126,9.73141342163086
1748972684445,0.2698887634277344,-0.07110214233398438,9.71464828491211
1748972684513,0.26240432739257813,-0.07544311523437501,9.720635833740236
1748972684579,0.3251239013671875,-0.07873626708984376,9.713750152587892
1748972684645,0.24563919067382814,-0.09325607299804688,9.724078674316408
1748972684713,0.279019775390625,-0.08098159790039063,9.721234588623048
1748972684779,0.23321502685546877,-0.07379653930664062,9.726473693847657
1748972684850,0.271834716796875,-0.07394622802734375,9.715097351074219
1748972684912,0.28231292724609375,-0.07544311523437501,9.717342681884766
1748972684979,0.26105712890625,-0.07334747314453126,9.718689880371095
1748972685049,0.286204833984375,-0.07768844604492188,9.712402954101563
1748972685113,0.2686912536621094,-0.07334747314453126,9.728419647216798
1748972685179,0.25581802368164064,-0.07873626708984376,9.730066223144531
1748972685251,0.24069946289062502,-0.07155120849609375,9.719288635253907
1748972685312,0.3092568969726563,-0.09520202636718751,9.715696105957031
1748972685379,0.2859054565429688,-0.05673202514648438,9.729168090820313
1748972685447,0.27153533935546875,-0.06930587768554688,9.715995483398437
1748972685513,0.2267784118652344,-0.07439529418945313,9.727970581054688
1748972685579,0.33126113891601566,-0.057779846191406255,9.712402954101563
1748972685649,0.2601589965820313,-0.07170089721679689,9.724078674316408
1748972685712,0.3201841735839844,-0.08607101440429688,9.71749237060547
1748972685779,0.19788848876953127,-0.06810836791992188,9.721683654785156
1748972685850,0.30192214965820313,-0.07200027465820313,9.717342681884766
1748972685912,0.2794688415527344,-0.08337661743164063,9.724078674316408
1748972685979,0.2851570129394531,-0.0814306640625,9.729317779541017
1748972686051,0.2381547546386719,-0.08113128662109376,9.728719024658204
1748972686113,0.28725265502929687,-0.06810836791992188,9.723330230712891
1748972686179,0.26075775146484376,-0.07888595581054687,9.720037078857422
1748972686249,0.2796185302734375,-0.08457412719726563,9.721683654785156
1748972686314,0.28979736328125,-0.10597961425781251,9.725425872802735
1748972686379,0.23007156372070314,-0.1035845947265625,9.73380844116211
1748972686445,0.2219883728027344,-0.07738906860351563,9.716743927001954
1748972686512,0.29758117675781254,-0.07334747314453126,9.71270233154297
1748972686580,0.2571652221679688,-0.0820294189453125,9.71854019165039
1748972686650,0.29234207153320313,-0.07514373779296875,9.722581787109375
1748972686712,0.24144790649414063,-0.07200027465820313,9.719288635253907
1748972686779,0.2655477905273438,-0.07753875732421875,9.708511047363281
1748972686849,0.2844085693359375,-0.0820294189453125,9.715995483398437
1748972686928,0.26300308227539065,-0.07948471069335938,9.720186767578125
1748972686979,0.2561174011230469,-0.07529342651367188,9.725874938964845
1748972687045,0.2640509033203125,-0.07439529418945313,9.723030853271485
1748972687113,0.26120681762695314,-0.06735992431640625,9.716444549560547
1748972687179,0.2700384521484375,-0.07424560546875,9.717192993164064
1748972687249,0.28336074829101565,-0.07679031372070313,9.716294860839843
1748972687313,0.2633024597167969,-0.07873626708984376,9.72467742919922
1748972687379,0.2601589965820313,-0.07933502197265625,9.724976806640626
1748972687449,0.24504043579101564,-0.06735992431640625,9.729916534423829
1748972687513,0.2989283752441406,-0.07753875732421875,9.723180541992187
1748972687579,0.27916946411132815,-0.07379653930664062,9.719737701416015
1748972687648,0.25162673950195313,-0.08068222045898438,9.722581787109375
1748972687713,0.28889923095703124,-0.07694000244140625,9.714348907470704
1748972687779,0.31449600219726564,-0.07843688964843751,9.724827117919922
1748972687848,0.21061203002929688,-0.08592132568359376,9.732461242675782
1748972687913,0.27872039794921877,-0.08232879638671875,9.720486145019532
1748972687979,0.28036697387695314,-0.07544311523437501,9.718390502929688
1748972688051,0.25761428833007816,-0.0724493408203125,9.714797973632812
1748972688113,0.1782792663574219,-0.07110214233398438,9.716444549560547
1748972688179,0.35042129516601567,-0.06601272583007813,9.708660736083985
1748972688249,0.2411485290527344,-0.06825805664062501,9.715097351074219
1748972688313,0.3698808288574219,-0.076640625,9.717642059326172
1748972688380,0.27393035888671874,-0.08711883544921875,9.722731475830079
1748972688445,0.28575576782226564,-0.06795867919921875,9.717642059326172
1748972688513,0.2636018371582031,-0.07214996337890625,9.727521514892578
1748972688579,0.2794688415527344,-0.08277786254882813,9.718390502929688
1748972688651,0.2552192687988281,-0.07589218139648438,9.729766845703125
1748972688713,0.2859054565429688,-0.07679031372070313,9.725575561523438
1748972688779,0.29413833618164065,-0.10777587890625001,9.739945678710939
1748972688851,0.28156448364257813,-0.07409591674804687,9.712852020263673
1748972688913,0.31180160522460937,-0.07035369873046875,9.711055755615234
1748972688979,0.3339555358886719,-0.08382568359375,9.723779296875
1748972689050,0.3031196594238281,-0.07499404907226563,9.718689880371095
1748972689113,0.23456222534179688,-0.0748443603515625,9.729916534423829
1748972689179,0.21869522094726562,-0.07155120849609375,9.729916534423829
1748972689250,0.24878265380859377,-0.09340576171875001,9.729168090820313
1748972689313,0.3585044860839844,-0.09190887451171875,9.719138946533203
1748972689380,0.2698887634277344,-0.06496490478515625,9.715546417236329
1748972689445,0.20941452026367188,-0.07574249267578126,9.729317779541017
1748972689513,0.30177246093750004,-0.07514373779296875,9.71135513305664
1748972689579,0.3920347595214844,-0.06721023559570313,9.712402954101563
1748972689650,0.19788848876953127,-0.06825805664062501,9.720935211181642
1748972689713,0.33440460205078126,-0.06197113037109375,9.717642059326172
1748972689779,0.2411485290527344,-0.06900650024414062,9.72617431640625
1748972689850,0.25267456054687504,-0.07424560546875,9.724976806640626
1748972689913,0.2484832763671875,-0.06855743408203126,9.72707244873047
1748972689979,0.33290771484375004,-0.067060546875,9.700727233886719
1748972690051,0.19040405273437502,-0.07858657836914062,9.724976806640626
1748972690113,0.23366409301757815,-0.0718505859375,9.722731475830079
1748972690179,0.26764343261718754,-0.06915618896484375,9.708810424804687
1748972690251,0.18471588134765626,-0.061372375488281256,9.712852020263673
1748972690313,0.36284545898437504,-0.08158035278320312,9.702972564697266
1748972690379,0.3155438232421875,-0.06840774536132813,9.71419921875
1748972690445,0.17932708740234377,-0.08292755126953126,9.725425872802735
1748972690513,0.29234207153320313,-0.082628173828125,9.720486145019532
1748972690580,0.25776397705078125,-0.07843688964843751,9.72183334350586
1748972690651,0.30177246093750004,-0.082628173828125,9.724378051757814
1748972690713,0.23052062988281252,-0.06556365966796876,9.724976806640626
1748972690780,0.3135978698730469,-0.06182144165039063,9.714498596191406
1748972690851,0.2903961181640625,-0.08517288208007813,9.714498596191406
1748972690913,0.3201841735839844,-0.07873626708984376,9.726024627685547
1748972690980,0.21210891723632813,-0.07708969116210938,9.720935211181642
1748972691050,0.3001258850097656,-0.07170089721679689,9.714947662353516
1748972691113,0.2329156494140625,-0.07334747314453126,9.73096435546875
1748972691180,0.24533981323242188,-0.08053253173828126,9.723779296875
1748972691252,0.26599685668945316,-0.07903564453125,9.718091125488282
1748972691313,0.26599685668945316,-0.06735992431640625,9.719737701416015
1748972691379,0.25776397705078125,-0.06436614990234375,9.714947662353516
1748972691445,0.28680358886718754,-0.04655319213867188,9.72033645629883
1748972691513,0.26794281005859377,-0.08098159790039063,9.718390502929688
1748972691580,0.2800675964355469,-0.08292755126953126,9.717791748046876
1748972691651,0.29368927001953127,-0.08098159790039063,9.717642059326172
1748972691713,0.27497817993164064,-0.07469467163085938,9.721084899902344
1748972691780,0.2636018371582031,-0.0718505859375,9.71854019165039
1748972691845,0.29174331665039066,-0.08008346557617188,9.713001708984375
1748972691922,0.2477348327636719,-0.076640625,9.718390502929688
1748972691980,0.28530670166015626,-0.07529342651367188,9.710606689453126
1748972692046,0.2812651062011719,-0.07634124755859376,9.7285693359375
1748972692113,0.2689906311035156,-0.08277786254882813,9.728120269775392
1748972692180,0.3062631225585938,-0.06481521606445313,9.71135513305664
1748972692250,0.24938140869140626,-0.07858657836914062,9.729317779541017
1748972692313,0.25312362670898436,-0.08337661743164063,9.72422836303711
1748972692380,0.25581802368164064,-0.07679031372070313,9.716743927001954
1748972692451,0.32587234497070316,-0.0544866943359375,9.72422836303711
1748972692513,0.28336074829101565,-0.0676593017578125,9.713750152587892
1748972692580,0.26300308227539065,-0.0820294189453125,9.730515289306641
1748972692648,0.2682421875,-0.05822891235351563,9.712103576660157
1748972692713,0.2942880249023438,-0.13007949829101564,9.70746322631836
1748972692780,0.29054580688476567,-0.10373428344726562,9.70596633911133
1748972692849,0.2585124206542969,-0.07349716186523438,9.714947662353516
1748972692913,0.3200344848632813,-0.0017962646484375,9.682465209960938
1748972692980,0.3384461975097656,-0.1722917175292969,9.707313537597656
1748972693050,0.2650987243652344,-0.03592529296875,9.6998291015625
1748972693113,0.24084915161132814,-0.08726852416992188,9.720635833740236
1748972693180,0.3141966247558594,-0.09505233764648438,9.719588012695313
1748972693251,0.2327659606933594,-0.08068222045898438,9.724078674316408
1748972693313,0.2528242492675781,-0.08247848510742188,9.723779296875
1748972693380,0.30865814208984377,-0.07274871826171875,9.719288635253907
1748972693449,0.22752685546875,-0.07424560546875,9.71270233154297
1748972693513,0.3059637451171875,-0.07559280395507813,9.716743927001954
1748972693580,0.233514404296875,-0.06721023559570313,9.724378051757814
1748972693650,0.27378067016601565,-0.07738906860351563,9.711654510498047
1748972693713,0.33021331787109376,-0.11047027587890626,9.720486145019532
1748972693780,0.2321672058105469,-0.09026229858398438,9.727222137451172
1748972693850,0.3405418395996094,-0.06571334838867188,9.7189892578125
1748972693913,0.19399658203125,-0.07454498291015625,9.717791748046876
1748972693980,0.3435356140136719,-0.07798782348632813,9.712552642822265
1748972694051,0.3155438232421875,-0.07529342651367188,9.715995483398437
1748972694113,0.22363494873046877,-0.07933502197265625,9.72033645629883
1748972694179,0.29309051513671874,-0.07679031372070313,9.722881164550781
1748972694250,0.2827619934082031,-0.07559280395507813,9.711953887939453
1748972694313,0.32302825927734374,-0.07918533325195314,9.717941436767578
1748972694379,0.2070195007324219,-0.07394622802734375,9.724827117919922
1748972694445,0.2664459228515625,-0.0688568115234375,9.721533966064454
1748972694513,0.29533584594726564,-0.08412506103515625,9.715995483398437
1748972694580,0.2796185302734375,-0.06960525512695313,9.718240814208984
1748972694650,0.26794281005859377,-0.0712518310546875,9.72662338256836
1748972694713,0.24459136962890626,-0.06810836791992188,9.7189892578125
1748972694779,0.3276686096191406,-0.06840774536132813,9.70701416015625
1748972694850,0.23561004638671876,-0.076640625,9.71988739013672
1748972694913,0.2436932373046875,-0.09086105346679688,9.731563110351564
1748972694980,0.30611343383789064,-0.06346801757812501,9.720186767578125
1748972695050,0.20073257446289064,-0.08053253173828126,9.727222137451172
1748972695113,0.3047662353515625,-0.06661148071289062,9.717791748046876
1748972695180,0.2893482971191406,-0.07469467163085938,9.719288635253907
1748972695250,0.2824626159667969,-0.08816665649414063,9.71419921875
1748972695313,0.26914031982421877,-0.09969268798828125,9.722881164550781
1748972695380,0.2806663513183594,-0.08577163696289063,9.711953887939453
1748972695448,0.28635452270507816,-0.0718505859375,9.709259490966797
1748972695513,0.24384292602539065,-0.07304809570312501,9.713750152587892
1748972695580,0.28979736328125,-0.060474243164062504,9.706265716552736
1748972695651,0.3008743286132813,-0.07948471069335938,9.711205444335938
1748972695713,0.2496807861328125,-0.07229965209960938,9.715097351074219
1748972695780,0.2751278686523438,-0.07888595581054687,9.714498596191406
1748972695850,0.27228378295898437,-0.07469467163085938,9.716893615722658
1748972695912,0.2700384521484375,-0.07439529418945313,9.708960113525391
1748972695980,0.2924917602539063,-0.0748443603515625,9.707313537597656
1748972696045,0.26914031982421877,-0.07903564453125,9.715396728515625
1748972696113,0.2547702026367188,-0.07110214233398438,9.719138946533203
1748972696179,0.27452911376953126,-0.07544311523437501,9.712552642822265
1748972696251,0.2848576354980469,-0.08113128662109376,9.708361358642579
1748972696313,0.25042922973632814,-0.07499404907226563,9.723779296875
1748972696380,0.279019775390625,-0.07708969116210938,9.720935211181642
1748972696445,0.2597099304199219,-0.07289840698242188,9.715396728515625
1748972696513,0.3023712158203125,-0.06541397094726563,9.71854019165039
1748972696580,0.27273284912109375,-0.07409591674804687,9.715845794677735
1748972696651,0.27692413330078125,-0.08053253173828126,9.705367584228517
1748972696713,0.27303222656250004,-0.06930587768554688,9.723779296875
1748972696780,0.2704875183105469,-0.06182144165039063,9.718091125488282
1748972696853,0.26270370483398436,-0.07679031372070313,9.709259490966797
1748972696914,0.2817141723632813,-0.06975494384765625,9.708211669921875
1748972696980,0.29174331665039066,-0.07394622802734375,9.708960113525391
1748972697046,0.27497817993164064,-0.08187973022460938,9.713750152587892
1748972697113,0.2556683349609375,-0.07828720092773438,9.709109802246095
1748972697180,0.27138565063476566,-0.08098159790039063,9.72467742919922
1748972697250,0.2842588806152344,-0.07574249267578126,9.710157623291016
1748972697313,0.27198440551757813,-0.07259902954101563,9.706864471435548
1748972697380,0.2724334716796875,-0.07259902954101563,9.723779296875
1748972697445,0.27767257690429686,-0.07559280395507813,9.714049530029298
1748972697513,0.26435028076171874,-0.0718505859375,9.711055755615234
1748972697580,0.26240432739257813,-0.07544311523437501,9.708960113525391
1748972697650,0.26764343261718754,-0.07918533325195314,9.718091125488282
1748972697713,0.28830047607421877,-0.08187973022460938,9.713450775146486
1748972697780,0.25222549438476566,-0.07903564453125,9.72138427734375
1748972697850,0.28650421142578125,-0.08053253173828126,9.709558868408203
1748972697913,0.2594105529785156,-0.06975494384765625,9.722282409667969
1748972697980,0.2912942504882813,-0.0688568115234375,9.709409179687501
1748972698050,0.271834716796875,-0.07499404907226563,9.714797973632812
1748972698113,0.2740800476074219,-0.077838134765625,9.713301086425782
1748972698180,0.30865814208984377,-0.076640625,9.710906066894532
1748972698250,0.21600082397460937,-0.08547225952148438,9.719288635253907
1748972698312,0.29458740234375,-0.07828720092773438,9.70701416015625
1748972698380,0.2549198913574219,-0.07394622802734375,9.719588012695313
1748972698445,0.3327580261230469,-0.08367599487304687,9.713301086425782
1748972698513,0.2436932373046875,-0.08831634521484376,9.713450775146486
1748972698580,0.26375152587890627,-0.08307723999023438,9.742640075683594
1748972698650,0.316142578125,-0.08397537231445312,9.72033645629883
1748972698713,0.3100053405761719,-0.07858657836914062,9.710007934570314
1748972698780,0.26150619506835937,-0.07694000244140625,9.715696105957031
1748972698850,0.24025039672851564,-0.06616241455078126,9.70701416015625
1748972698912,0.2636018371582031,-0.07200027465820313,9.713600463867188
1748972698980,0.3020718383789063,-0.06122268676757813,9.722282409667969
1748972699050,0.31823822021484377,-0.06810836791992188,9.706116027832032
1748972699113,0.19953506469726565,-0.06780899047851563,9.715995483398437
1748972699180,0.3546125793457031,-0.08158035278320312,9.709708557128907
1748972699250,0.20672012329101563,-0.0820294189453125,9.723180541992187
1748972699313,0.23620880126953125,-0.07649093627929687,9.7189892578125
1748972699380,0.2912942504882813,-0.07888595581054687,9.710756378173828
1748972699445,0.27722351074218754,-0.06676116943359375,9.720635833740236
1748972699513,0.26854156494140624,-0.0718505859375,9.724527740478516
1748972699580,0.26225463867187504,-0.06990463256835938,9.714797973632812
1748972699647,0.31988479614257814,-0.07319778442382813,9.710606689453126
1748972699713,0.26614654541015625,-0.07978408813476563,9.71988739013672
1748972699780,0.2507286071777344,-0.08098159790039063,9.714947662353516
1748972699850,0.27228378295898437,-0.07798782348632813,9.712852020263673
1748972699913,0.2655477905273438,-0.07768844604492188,9.715696105957031
1748972699979,0.3023712158203125,-0.07424560546875,9.713001708984375
1748972700048,0.14639556884765625,-0.07858657836914062,9.725575561523438
1748972700114,0.3189866638183594,-0.06496490478515625,9.716594238281251
1748972700180,0.24324417114257812,-0.07993377685546875,9.716893615722658
1748972700250,0.3146456909179688,-0.07229965209960938,9.713450775146486
1748972700313,0.24923171997070315,-0.0724493408203125,9.715696105957031
1748972700379,0.26225463867187504,-0.07798782348632813,9.717941436767578
1748972700445,0.243094482421875,-0.07080276489257813,9.720935211181642
1748972700513,0.30296997070312504,-0.07110214233398438,9.712552642822265
1748972700580,0.2770738220214844,-0.07828720092773438,9.722881164550781
1748972700651,0.3143463134765625,-0.06750961303710938,9.720186767578125
1748972700713,0.20507354736328126,-0.07409591674804687,9.72467742919922
1748972700780,0.25806335449218754,-0.07888595581054687,9.718390502929688
1748972700850,0.3147953796386719,-0.07753875732421875,9.707912292480469
1748972700913,0.28770172119140625,-0.07978408813476563,9.71464828491211
1748972700980,0.2267784118652344,-0.07753875732421875,9.718839569091797
1748972701050,0.2785707092285156,-0.07694000244140625,9.717192993164064
1748972701113,0.29114456176757814,-0.08637039184570312,9.722881164550781
1748972701180,0.2549198913574219,-0.07499404907226563,9.723030853271485
1748972701251,0.2621049499511719,-0.07694000244140625,9.722432098388673
1748972701313,0.31255004882812504,-0.07738906860351563,9.717342681884766
1748972701380,0.2650987243652344,-0.07394622802734375,9.723928985595704
1748972701445,0.26120681762695314,-0.07229965209960938,9.728120269775392
1748972701513,0.29877868652343753,-0.07304809570312501,9.724976806640626
1748972701580,0.2689906311035156,-0.07155120849609375,9.718091125488282
1748972701650,0.2782713317871094,-0.07888595581054687,9.715396728515625
1748972701713,0.24504043579101564,-0.0718505859375,9.721084899902344
1748972701780,0.276624755859375,-0.07694000244140625,9.7189892578125
1748972701851,0.2712359619140625,-0.07604187011718751,9.714049530029298
1748972701919,0.2847079467773438,-0.06825805664062501,9.724078674316408
1748972701980,0.29788055419921877,-0.08083190917968751,9.72467742919922
1748972702046,0.2477348327636719,-0.07050338745117188,9.718839569091797
1748972702113,0.27452911376953126,-0.07304809570312501,9.717192993164064
1748972702180,0.26494903564453126,-0.0796343994140625,9.72033645629883
1748972702245,0.27497817993164064,-0.0796343994140625,9.719588012695313
1748972702313,0.27078689575195314,-0.06855743408203126,9.713301086425782
1748972702380,0.2716850280761719,-0.06810836791992188,9.717192993164064
1748972702446,0.3010240173339844,-0.07140151977539062,9.710606689453126
1748972702513,0.2847079467773438,-0.06556365966796876,9.712852020263673
1748972702580,0.27692413330078125,-0.07439529418945313,9.716743927001954
1748972702649,0.26599685668945316,-0.07469467163085938,9.716145172119141
1748972702713,0.2633024597167969,-0.07918533325195314,9.711055755615234
1748972702780,0.27393035888671874,-0.07933502197265625,9.724078674316408
1748972702851,0.2655477905273438,-0.076640625,9.71749237060547
1748972702913,0.2847079467773438,-0.07589218139648438,9.71180419921875
1748972702980,0.26794281005859377,-0.07229965209960938,9.715097351074219
1748972703051,0.2698887634277344,-0.07529342651367188,9.71135513305664
1748972703113,0.2951861572265625,-0.0676593017578125,9.713001708984375
1748972703180,0.2740800476074219,-0.067060546875,9.715995483398437
1748972703251,0.2652484130859375,-0.07858657836914062,9.716145172119141
1748972703313,0.28216323852539066,-0.07110214233398438,9.70701416015625
1748972703380,0.26884094238281253,-0.07439529418945313,9.715995483398437
1748972703445,0.2752775573730469,-0.07319778442382813,9.713899841308594
1748972703513,0.27737319946289063,-0.07454498291015625,9.707163848876954
1748972703580,0.25462051391601564,-0.077838134765625,9.720186767578125
1748972703650,0.2842588806152344,-0.07813751220703126,9.722881164550781
1748972703713,0.2782713317871094,-0.07424560546875,9.716893615722658
1748972703780,0.28096572875976566,-0.07888595581054687,9.713001708984375
1748972703850,0.2674937438964844,-0.07843688964843751,9.712552642822265
1748972703913,0.2721340942382813,-0.07424560546875,9.708810424804687
1748972703980,0.28021728515625,-0.07768844604492188,9.70267318725586
1748972704051,0.27572662353515626,-0.07948471069335938,9.710906066894532
1748972704113,0.2647993469238281,-0.07918533325195314,9.720785522460938
1748972704180,0.2890489196777344,-0.07768844604492188,9.704918518066407
1748972704250,0.2752775573730469,-0.06930587768554688,9.707313537597656
1748972704313,0.2743794250488281,-0.07559280395507813,9.715097351074219
1748972704380,0.2700384521484375,-0.07454498291015625,9.71854019165039
1748972704445,0.2692900085449219,-0.0688568115234375,9.715097351074219
1748972704513,0.25656646728515625,-0.08083190917968751,9.705068206787109
1748972704580,0.2724334716796875,-0.07918533325195314,9.715995483398437
1748972704649,0.2797682189941406,-0.07634124755859376,9.716893615722658
1748972704713,0.27542724609375,-0.07259902954101563,9.716594238281251
1748972704780,0.27452911376953126,-0.08412506103515625,9.712103576660157
1748972704849,0.29713211059570316,-0.07768844604492188,9.706415405273438
1748972704913,0.24998016357421876,-0.07229965209960938,9.706714782714844
1748972704980,0.28336074829101565,-0.07768844604492188,9.708061981201173
1748972705050,0.2709365844726563,-0.07529342651367188,9.721533966064454
1748972705113,0.28021728515625,-0.082628173828125,9.717941436767578
1748972705180,0.30027557373046876,-0.07020401000976563,9.709259490966797
1748972705251,0.267044677734375,-0.07679031372070313,9.724078674316408
1748972705313,0.2639012145996094,-0.07948471069335938,9.708211669921875
1748972705380,0.27916946411132815,-0.07544311523437501,9.710756378173828
1748972705445,0.27198440551757813,-0.0688568115234375,9.70596633911133
1748972705513,0.2389031982421875,-0.08232879638671875,9.717192993164064
1748972705580,0.30491592407226564,-0.08292755126953126,9.704619140625
1748972705650,0.28800109863281254,-0.0748443603515625,9.714498596191406
1748972705713,0.2528242492675781,-0.07828720092773438,9.711055755615234
1748972705780,0.2621049499511719,-0.07334747314453126,9.703721008300782
1748972705850,0.30865814208984377,-0.08128097534179687,9.707762603759766
1748972705913,0.25536895751953126,-0.08068222045898438,9.721683654785156
1748972705980,0.2734812927246094,-0.07679031372070313,9.70746322631836
1748972706051,0.2986289978027344,-0.07394622802734375,9.706714782714844
1748972706113,0.2625540161132813,-0.0700543212890625,9.707762603759766
1748972706180,0.25297393798828127,-0.06795867919921875,9.71988739013672
1748972706250,0.27153533935546875,-0.0688568115234375,9.72033645629883
1748972706313,0.3261717224121094,-0.06930587768554688,9.704469451904297
1748972706380,0.23650817871093752,-0.08457412719726563,9.716594238281251
1748972706445,0.3201841735839844,-0.07888595581054687,9.707912292480469
1748972706513,0.23186782836914063,-0.07454498291015625,9.71419921875
1748972706580,0.2760260009765625,-0.077838134765625,9.712253265380859
1748972706648,0.22423370361328127,-0.07918533325195314,9.72183334350586
1748972706713,0.28036697387695314,-0.07424560546875,9.71315139770508
1748972706780,0.26809249877929686,-0.07274871826171875,9.712852020263673
1748972706849,0.27063720703125,-0.07813751220703126,9.70985824584961
1748972706936,0.2966830444335938,-0.06870712280273437,9.699230346679688
1748972706980,0.2341131591796875,-0.07903564453125,9.70746322631836
1748972707046,0.31374755859375003,-0.08367599487304687,9.707313537597656
1748972707113,0.26614654541015625,-0.07229965209960938,9.715696105957031
1748972707180,0.2513273620605469,-0.07259902954101563,9.716444549560547
1748972707251,0.30072463989257814,-0.0718505859375,9.707762603759766
1748972707313,0.26120681762695314,-0.07948471069335938,9.714947662353516
1748972707380,0.29219238281250004,-0.07813751220703126,9.706864471435548
1748972707452,0.2597099304199219,-0.07259902954101563,9.71988739013672
1748972707513,0.24758514404296877,-0.0796343994140625,9.714049530029298
1748972707580,0.290994873046875,-0.07409591674804687,9.706415405273438
1748972707650,0.2677931213378906,-0.080233154296875,9.716594238281251
1748972707713,0.27063720703125,-0.07828720092773438,9.708960113525391
1748972707780,0.26584716796875,-0.0676593017578125,9.706864471435548
1748972707850,0.2794688415527344,-0.07888595581054687,9.716893615722658
1748972707913,0.28680358886718754,-0.07514373779296875,9.699679412841798
1748972707980,0.2927911376953125,-0.07035369873046875,9.705666961669923
1748972708051,0.2736309814453125,-0.06930587768554688,9.71749237060547
1748972708112,0.2540217590332031,-0.06840774536132813,9.710906066894532
1748972708180,0.310155029296875,-0.08397537231445312,9.70596633911133
1748972708250,0.28410919189453127,-0.07559280395507813,9.708511047363281
1748972708313,0.23785537719726563,-0.07020401000976563,9.722282409667969
1748972708380,0.24593856811523437,-0.06945556640625,9.726922760009765
1748972708445,0.30147308349609375,-0.07993377685546875,9.713750152587892
1748972708513,0.2682421875,-0.0592767333984375,9.71030731201172
1748972708580,0.26180557250976566,-0.07738906860351563,9.724976806640626
1748972708649,0.2477348327636719,-0.07559280395507813,9.70417007446289
1748972708713,0.2549198913574219,-0.07229965209960938,9.721683654785156
1748972708780,0.2999761962890625,-0.07903564453125,9.71270233154297
1748972708851,0.2796185302734375,-0.06735992431640625,9.70701416015625
1748972708913,0.2709365844726563,-0.07679031372070313,9.719138946533203
1748972708980,0.26105712890625,-0.08487350463867188,9.71854019165039
1748972709047,0.296982421875,-0.07619155883789062,9.702822875976564
1748972709113,0.26195526123046875,-0.07798782348632813,9.710007934570314
1748972709180,0.2609074401855469,-0.07394622802734375,9.713001708984375
1748972709250,0.2797682189941406,-0.08547225952148438,9.713750152587892
1748972709313,0.26659561157226563,-0.07559280395507813,9.704918518066407
1748972709380,0.2844085693359375,-0.0688568115234375,9.717642059326172
1748972709445,0.2710862731933594,-0.07604187011718751,9.711055755615234
1748972709513,0.2752775573730469,-0.07559280395507813,9.712253265380859
1748972709580,0.25881179809570315,-0.07529342651367188,9.708361358642579
1748972709651,0.27378067016601565,-0.07200027465820313,9.707313537597656
1748972709713,0.27542724609375,-0.0724493408203125,9.705367584228517
1748972709780,0.290994873046875,-0.07798782348632813,9.712253265380859
1748972709851,0.2692900085449219,-0.07529342651367188,9.713899841308594
1748972709913,0.2568658447265625,-0.07933502197265625,9.706415405273438
1748972709980,0.2788700866699219,-0.06616241455078126,9.702373809814453
1748972710051,0.27422973632812503,-0.076640625,9.71135513305664
1748972710113,0.26764343261718754,-0.07035369873046875,9.715247039794923
1748972710180,0.2827619934082031,-0.08367599487304687,9.704469451904297
1748972710251,0.27497817993164064,-0.07813751220703126,9.706714782714844
1748972710313,0.2686912536621094,-0.07409591674804687,9.715546417236329
1748972710380,0.2748284912109375,-0.06945556640625,9.717642059326172
1748972710445,0.26539810180664064,-0.07544311523437501,9.716145172119141
1748972710513,0.2616558837890625,-0.08562194824218751,9.714498596191406
1748972710580,0.2716850280761719,-0.07424560546875,9.71030731201172
1748972710651,0.2752775573730469,-0.082628173828125,9.71180419921875
1748972710713,0.2716850280761719,-0.08038284301757813,9.719138946533203
1748972710780,0.2710862731933594,-0.06960525512695313,9.718091125488282
1748972710851,0.2689906311035156,-0.07170089721679689,9.721084899902344
1748972710913,0.2616558837890625,-0.07978408813476563,9.715995483398437
1748972710980,0.2728825378417969,-0.07529342651367188,9.706116027832032
1748972711050,0.26839187622070315,-0.0844244384765625,9.715995483398437
1748972711113,0.2842588806152344,-0.07409591674804687,9.71943832397461
1748972711180,0.2604583740234375,-0.0844244384765625,9.708511047363281
1748972711251,0.2501298522949219,-0.06915618896484375,9.707912292480469
1748972711313,0.25926086425781253,-0.07574249267578126,9.713899841308594
1748972711380,0.2989283752441406,-0.08352630615234376,9.706265716552736
1748972711445,0.26105712890625,-0.08053253173828126,9.71749237060547
1748972711513,0.2597099304199219,-0.07095245361328126,9.708361358642579
1748972711580,0.2920426940917969,-0.07619155883789062,9.701475677490235
1748972711651,0.2484832763671875,-0.06975494384765625,9.714498596191406
1748972711713,0.27916946411132815,-0.08666976928710939,9.70701416015625
1748972711780,0.27258316040039066,-0.0712518310546875,9.708061981201173
1748972711851,0.35281631469726565,-0.07140151977539062,9.701325988769531
1748972711916,0.223934326171875,-0.06915618896484375,9.71704330444336
1748972711980,0.2689906311035156,-0.06945556640625,9.716594238281251
1748972712046,0.36553985595703126,-0.07649093627929687,9.707163848876954
1748972712113,0.2363584899902344,-0.07319778442382813,9.709409179687501
1748972712180,0.24863296508789065,-0.07873626708984376,9.71180419921875
1748972712250,0.27063720703125,-0.06855743408203126,9.713450775146486
1748972712313,0.267044677734375,-0.076640625,9.7189892578125
1748972712380,0.3011737060546875,-0.0676593017578125,9.708810424804687
1748972712446,0.2644999694824219,-0.07349716186523438,9.723030853271485
1748972712513,0.27258316040039066,-0.0676593017578125,9.710157623291016
1748972712580,0.27812164306640624,-0.07888595581054687,9.702972564697266
1748972712651,0.2974314880371094,-0.07319778442382813,9.714049530029298
1748972712713,0.271834716796875,-0.0796343994140625,9.710157623291016
1748972712780,0.2549198913574219,-0.07424560546875,9.713301086425782
1748972712849,0.258662109375,-0.080233154296875,9.717342681884766
1748972712913,0.27228378295898437,-0.07798782348632813,9.711654510498047
1748972712980,0.23067031860351564,-0.08756790161132813,9.713001708984375
1748972713052,0.348475341796875,-0.07634124755859376,9.710756378173828
1748972713113,0.2644999694824219,-0.08861572265625,9.724976806640626
1748972713180,0.24144790649414063,-0.07259902954101563,9.7189892578125
1748972713252,0.29189300537109375,-0.07798782348632813,9.717192993164064
1748972713313,0.24040008544921876,-0.06197113037109375,9.719588012695313
1748972713380,0.29054580688476567,-0.07634124755859376,9.717791748046876
1748972713446,0.2915936279296875,-0.08427474975585938,9.714797973632812
1748972713513,0.23590942382812502,-0.07035369873046875,9.708511047363281
1748972713580,0.2728825378417969,-0.07828720092773438,9.72901840209961
1748972713650,0.31763946533203125,-0.07903564453125,9.719288635253907
1748972713713,0.24533981323242188,-0.07409591674804687,9.721533966064454
1748972713780,0.25462051391601564,-0.07155120849609375,9.726922760009765
1748972713851,0.25342300415039065,-0.08158035278320312,9.709558868408203
1748972713913,0.3097059631347656,-0.08128097534179687,9.714049530029298
1748972713979,0.2854563903808594,-0.07095245361328126,9.720635833740236
1748972714050,0.25267456054687504,-0.07259902954101563,9.724527740478516
1748972714113,0.2650987243652344,-0.08292755126953126,9.723629608154297
1748972714180,0.28994705200195314,-0.07259902954101563,9.725126495361328
1748972714250,0.27063720703125,-0.07394622802734375,9.717791748046876
1748972714313,0.27497817993164064,-0.08547225952148438,9.725425872802735
1748972714380,0.2465373229980469,-0.07933502197265625,9.723180541992187
1748972714446,0.29338989257812503,-0.07858657836914062,9.72183334350586
1748972714513,0.28455825805664064,-0.08038284301757813,9.71943832397461
1748972714580,0.26150619506835937,-0.07214996337890625,9.728269958496094
1748972714651,0.26315277099609374,-0.07214996337890625,9.720935211181642
1748972714713,0.28455825805664064,-0.077838134765625,9.723629608154297
1748972714780,0.2794688415527344,-0.0820294189453125,9.722581787109375
1748972714851,0.26734405517578125,-0.08472381591796875,9.723629608154297
1748972714913,0.258662109375,-0.077838134765625,9.727521514892578
1748972714980,0.27078689575195314,-0.06870712280273437,9.716145172119141
1748972715050,0.28306137084960936,-0.07289840698242188,9.712402954101563
1748972715113,0.27497817993164064,-0.08352630615234376,9.723180541992187
1748972715180,0.27333160400390627,-0.07933502197265625,9.715696105957031
1748972715251,0.2710862731933594,-0.06810836791992188,9.715396728515625
1748972715313,0.2483335876464844,-0.07140151977539062,9.717941436767578
1748972715380,0.27647506713867187,-0.07768844604492188,9.707313537597656
1748972715446,0.26315277099609374,-0.07589218139648438,9.707313537597656
1748972715513,0.25536895751953126,-0.07319778442382813,9.714947662353516
1748972715580,0.25387207031250003,-0.06855743408203126,9.716594238281251
1748972715652,0.2903961181640625,-0.07903564453125,9.708960113525391
1748972715713,0.2796185302734375,-0.07080276489257813,9.711953887939453
1748972715780,0.2677931213378906,-0.067060546875,9.709558868408203
1748972715851,0.300574951171875,-0.07080276489257813,9.708211669921875
1748972715913,0.2628533935546875,-0.0748443603515625,9.708211669921875
1748972715980,0.24668701171875002,-0.07574249267578126,9.723330230712891
1748972716051,0.27422973632812503,-0.06795867919921875,9.717941436767578
1748972716113,0.2832110595703125,-0.06735992431640625,9.72138427734375
1748972716180,0.25626708984375,-0.08292755126953126,9.712103576660157
1748972716251,0.2902464294433594,-0.07873626708984376,9.713899841308594
1748972716313,0.2544708251953125,-0.08128097534179687,9.717342681884766
1748972716380,0.28111541748046875,-0.07514373779296875,9.704319763183594
1748972716446,0.27138565063476566,-0.06691085815429688,9.711504821777345
1748972716513,0.2760260009765625,-0.08562194824218751,9.717941436767578
1748972716580,0.28410919189453127,-0.07589218139648438,9.716294860839843
1748972716652,0.2755769348144531,-0.07559280395507813,9.702822875976564
1748972716713,0.286204833984375,-0.07634124755859376,9.704319763183594
1748972716780,0.2728825378417969,-0.07529342651367188,9.712552642822265
1748972716852,0.2709365844726563,-0.07409591674804687,9.709558868408203
1748972716914,0.28500732421875,-0.07918533325195314,9.714049530029298
1748972716980,0.26270370483398436,-0.07035369873046875,9.714348907470704
1748972717046,0.27228378295898437,-0.07529342651367188,9.715546417236329
1748972717113,0.27422973632812503,-0.07559280395507813,9.715396728515625
1748972717180,0.27078689575195314,-0.07978408813476563,9.718091125488282
1748972717251,0.27378067016601565,-0.07574249267578126,9.716594238281251
1748972717313,0.25881179809570315,-0.07589218139648438,9.715396728515625
1748972717380,0.27378067016601565,-0.08113128662109376,9.71180419921875
1748972717446,0.28231292724609375,-0.077838134765625,9.714049530029298
1748972717513,0.26884094238281253,-0.0748443603515625,9.713600463867188
1748972717579,0.2636018371582031,-0.07529342651367188,9.705666961669923
1748972717651,0.28830047607421877,-0.0724493408203125,9.704918518066407
1748972717713,0.290994873046875,-0.08607101440429688,9.709259490966797
1748972717780,0.20327728271484377,-0.07903564453125,9.714498596191406
1748972717851,0.26584716796875,-0.07544311523437501,9.71315139770508
1748972717913,0.30790969848632815,-0.07828720092773438,9.70701416015625
1748972717980,0.3158432006835938,-0.07200027465820313,9.710756378173828
1748972718049,0.24923171997070315,-0.082628173828125,9.715845794677735
1748972718113,0.32647109985351563,-0.06840774536132813,9.708211669921875
1748972718180,0.20582199096679688,-0.07469467163085938,9.712852020263673
1748972718251,0.2517764282226563,-0.076640625,9.70701416015625
1748972718313,0.32362701416015627,-0.07469467163085938,9.708660736083985
1748972718380,0.23965164184570314,-0.08382568359375,9.72467742919922
1748972718446,0.290994873046875,-0.07694000244140625,9.71135513305664
1748972718513,0.2579136657714844,-0.07259902954101563,9.708511047363281
1748972718580,0.2552192687988281,-0.0688568115234375,9.702972564697266
1748972718652,0.2197430419921875,-0.08232879638671875,9.714348907470704
1748972718713,0.32108230590820314,-0.07409591674804687,9.698182525634767
1748972718780,0.2788700866699219,-0.07888595581054687,9.707762603759766
1748972718852,0.20148101806640625,-0.07828720092773438,9.707762603759766
1748972718913,0.2709365844726563,-0.07798782348632813,9.71270233154297
1748972718980,0.4082011413574219,-0.07140151977539062,9.705068206787109
1748972719051,0.33260833740234375,-0.07259902954101563,9.710007934570314
1748972719113,0.21136047363281252,-0.07514373779296875,9.726024627685547
1748972719180,0.26914031982421877,-0.07469467163085938,9.708061981201173
1748972719250,0.23965164184570314,-0.0814306640625,9.723180541992187
1748972719313,0.22064117431640626,-0.07873626708984376,9.720935211181642
1748972719380,0.26494903564453126,-0.07214996337890625,9.717192993164064
1748972719446,0.24953109741210938,-0.07214996337890625,9.72467742919922
1748972719513,0.25761428833007816,-0.07439529418945313,9.715696105957031
1748972719580,0.28695327758789063,-0.08038284301757813,9.72467742919922
1748972719651,0.2827619934082031,-0.07454498291015625,9.72033645629883
1748972719713,0.26584716796875,-0.07843688964843751,9.716594238281251
1748972719780,0.2689906311035156,-0.07903564453125,9.717192993164064
1748972719846,0.26854156494140624,-0.06391708374023437,9.714797973632812
1748972719913,0.3305126953125,-0.06795867919921875,9.71270233154297
1748972719980,0.2871029663085938,-0.077838134765625,9.715696105957031
1748972720051,0.238304443359375,-0.05583389282226563,9.711953887939453
1748972720113,0.2746788024902344,-0.07274871826171875,9.708211669921875
1748972720180,0.3124003601074219,-0.08128097534179687,9.7189892578125
1748972720251,0.279019775390625,-0.08547225952148438,9.717941436767578
1748972720313,0.24983047485351564,-0.07499404907226563,9.713301086425782
1748972720380,0.2836601257324219,-0.07813751220703126,9.710157623291016
1748972720446,0.28500732421875,-0.07409591674804687,9.720037078857422
1748972720513,0.2472857666015625,-0.07095245361328126,9.715696105957031
1748972720580,0.2920426940917969,-0.07559280395507813,9.715696105957031
1748972720651,0.2860551452636719,-0.07274871826171875,9.722731475830079
1748972720713,0.2636018371582031,-0.07499404907226563,9.721533966064454
1748972720780,0.24908203125,-0.07604187011718751,9.725874938964845
1748972720851,0.26734405517578125,-0.0814306640625,9.709708557128907
1748972720913,0.27767257690429686,-0.06062393188476563,9.72138427734375
1748972720980,0.2893482971191406,-0.10987152099609375,9.72033645629883
1748972721051,0.21225860595703125,-0.055085449218750006,9.717941436767578
1748972721113,0.28021728515625,-0.07229965209960938,9.717342681884766
1748972721180,0.28351043701171874,-0.06795867919921875,9.720935211181642
1748972721251,0.2604583740234375,-0.0676593017578125,9.712253265380859
1748972721313,0.29144393920898437,-0.07708969116210938,9.719138946533203
1748972721380,0.26584716796875,-0.07469467163085938,9.711504821777345
1748972721447,0.2692900085449219,-0.08038284301757813,9.715546417236329
1748972721513,0.28889923095703124,-0.07080276489257813,9.708061981201173
1748972721580,0.2962339782714844,-0.07738906860351563,9.721084899902344
1748972721651,0.27931915283203124,-0.09101074218750001,9.71180419921875
1748972721713,0.16929794311523438,-0.07259902954101563,9.717192993164064
1748972721780,0.2417472839355469,-0.07424560546875,9.716145172119141
1748972721852,0.25656646728515625,-0.07813751220703126,9.723330230712891
1748972721920,0.3004252624511719,-0.06945556640625,9.718839569091797
1748972721980,0.28919860839843753,-0.07020401000976563,9.708361358642579
1748972722046,0.17019607543945314,-0.07813751220703126,9.722432098388673
1748972722113,0.47077102661132814,-0.06780899047851563,9.696386260986328
1748972722180,0.2746788024902344,-0.04415817260742188,9.69698501586914
1748972722250,0.20567230224609376,-0.07888595581054687,9.73096435546875
1748972722313,0.3201841735839844,-0.08008346557617188,9.718091125488282
1748972722380,0.2844085693359375,-0.07289840698242188,9.71419921875
1748972722451,0.281414794921875,-0.07155120849609375,9.71854019165039
1748972722513,0.290994873046875,-0.1675016784667969,9.72422836303711
1748972722580,0.30027557373046876,-0.101788330078125,9.726324005126953
1748972722646,0.23082000732421876,-0.07634124755859376,9.717642059326172
1748972722713,0.29713211059570316,-0.07379653930664062,9.72467742919922
1748972722780,0.2851570129394531,-0.07080276489257813,9.720037078857422
1748972722853,0.33635055541992187,-0.06990463256835938,9.716743927001954
1748972722913,0.15358062744140627,-0.08367599487304687,9.735155639648438
1748972722980,0.26958938598632814,-0.07574249267578126,9.716743927001954
1748972723051,0.30731094360351563,-0.07993377685546875,9.72033645629883
1748972723113,0.3588038635253906,-0.08412506103515625,9.73291030883789
1748972723180,0.33829650878906253,-0.061372375488281256,9.715097351074219
1748972723251,0.3010240173339844,-0.06496490478515625,9.71270233154297
1748972723313,0.29713211059570316,-0.07514373779296875,9.710906066894532
1748972723380,0.23486160278320314,-0.07798782348632813,9.72662338256836
1748972723446,0.314945068359375,-0.07499404907226563,9.705367584228517
1748972723513,0.2389031982421875,-0.08846603393554688,9.720486145019532
1748972723580,0.2851570129394531,-0.0580792236328125,9.70746322631836
1748972723650,0.32527359008789064,-0.06960525512695313,9.708211669921875
1748972723713,0.23126907348632814,-0.0820294189453125,9.71988739013672
1748972723780,0.31748977661132816,-0.08173004150390625,9.721683654785156
1748972723851,0.3595523071289063,-0.0724493408203125,9.712852020263673
1748972723913,0.15477813720703126,-0.07634124755859376,9.728719024658204
1748972723980,0.26794281005859377,-0.06661148071289062,9.719288635253907
1748972724050,0.29832962036132815,-0.06331832885742188,9.716294860839843
1748972724113,0.19773880004882813,-0.09385482788085937,9.72662338256836
1748972724180,0.24040008544921876,-0.086220703125,9.719288635253907
1748972724251,0.22662872314453125,-0.06780899047851563,9.717941436767578
1748972724313,0.25956024169921876,-0.09086105346679688,9.725575561523438
1748972724380,0.2639012145996094,-0.08068222045898438,9.720935211181642
1748972724446,0.25896148681640624,-0.11705657958984375,9.73096435546875
1748972724513,0.37736526489257816,-0.08652008056640625,9.715995483398437
1748972724580,0.3369493103027344,-0.08592132568359376,9.727671203613282
1748972724650,0.30072463989257814,-0.07454498291015625,9.71135513305664
1748972724713,0.279019775390625,-0.07694000244140625,9.709109802246095
1748972724780,0.2893482971191406,-0.06586303710937501,9.710007934570314
1748972724851,0.26958938598632814,-0.07409591674804687,9.714498596191406
1748972724913,0.2751278686523438,-0.07259902954101563,9.719138946533203
1748972724980,0.2185455322265625,-0.020207977294921877,9.712552642822265
1748972725049,0.2848576354980469,-0.086220703125,9.723629608154297
1748972725112,0.2932402038574219,-0.07903564453125,9.723928985595704
1748972725180,0.2820135498046875,-0.07634124755859376,9.71419921875
1748972725254,0.2549198913574219,-0.06466552734375,9.715845794677735
1748972725313,0.25117767333984375,-0.07649093627929687,9.716444549560547
1748972725380,0.2712359619140625,-0.07409591674804687,9.711504821777345
1748972725447,0.2854563903808594,-0.06735992431640625,9.706714782714844
1748972725513,0.2740800476074219,-0.07304809570312501,9.712402954101563
1748972725579,0.26584716796875,-0.07529342651367188,9.723330230712891
1748972725656,0.1933978271484375,-0.08831634521484376,9.724527740478516
1748972725713,0.3040177917480469,-0.0724493408203125,9.7189892578125
1748972725780,0.2734812927246094,-0.07035369873046875,9.716893615722658
1748972725854,0.319735107421875,-0.06361770629882812,9.710906066894532
1748972725913,0.25192611694335937,-0.08307723999023438,9.714348907470704
1748972725980,0.22153930664062502,-0.07155120849609375,9.723030853271485
1748972726051,0.2908451843261719,-0.04775070190429688,9.71419921875
1748972726113,0.4367916870117188,-0.07020401000976563,9.728120269775392
1748972726180,0.106578369140625,-0.062120819091796876,9.736353149414063
1748972726251,0.2436932373046875,-0.08487350463867188,9.715546417236329
1748972726313,0.310155029296875,-0.08038284301757813,9.725425872802735
1748972726380,0.21899459838867188,-0.08038284301757813,9.72033645629883
1748972726446,0.30985565185546876,-0.06631210327148437,9.710606689453126
1748972726513,0.18082397460937502,-0.08532257080078126,9.72617431640625
1748972726580,0.2644999694824219,-0.07634124755859376,9.725575561523438
1748972726651,0.2752775573730469,-0.07529342651367188,9.710157623291016
1748972726713,0.3052153015136719,-0.08996292114257813,9.721533966064454
1748972726780,0.26420059204101565,-0.0796343994140625,9.715097351074219
1748972726848,0.2746788024902344,-0.07813751220703126,9.715696105957031
1748972726924,0.28036697387695314,-0.06840774536132813,9.722432098388673
1748972726980,0.25102798461914066,-0.0718505859375,9.715995483398437
1748972727046,0.30222152709960937,-0.0712518310546875,9.70746322631836
1748972727113,0.277822265625,-0.0814306640625,9.71988739013672
1748972727180,0.25956024169921876,-0.06795867919921875,9.710906066894532
1748972727251,0.3849993896484375,-0.08053253173828126,9.691147155761719
1748972727313,0.27422973632812503,-0.0532891845703125,9.689500579833984
1748972727380,0.2770738220214844,-0.0628692626953125,9.689500579833984
1748972727446,0.264649658203125,-0.060474243164062504,9.684860229492188
1748972727513,0.3339555358886719,-0.0868194580078125,9.695637817382813
1748972727580,0.2662962341308594,-0.09445358276367188,9.704319763183594
1748972727646,0.25701553344726563,-0.05643264770507813,9.686955871582033
1748972727745,0.22094055175781252,-0.06316864013671876,9.703271942138672
1748972727780,0.24668701171875002,-0.023501129150390626,9.688452758789063
1748972727846,0.29728179931640625,-0.07858657836914062,9.686207427978516
1748972727913,0.19908599853515627,-0.10493179321289063,9.694440307617189
1748972727980,0.1830693054199219,-0.07529342651367188,9.694440307617189
1748972728050,0.27333160400390627,-0.048648834228515625,9.680968322753907
1748972728113,0.25776397705078125,-0.05912704467773438,9.695188751220703
1748972728180,0.22947280883789065,-0.07170089721679689,9.69548812866211
1748972728251,0.2601589965820313,-0.08277786254882813,9.70985824584961
1748972728313,0.16360977172851562,-0.022004241943359377,9.693242797851562
1748972728380,0.3423381042480469,-0.03308120727539063,9.699679412841798
1748972728446,0.6818321228027344,0.11541000366210938,9.704469451904297
1748972728513,0.12783416748046875,-0.07319778442382813,9.698032836914063
1748972728580,-0.07274871826171875,-0.20357666015625,9.716145172119141
1748972728648,0.4589456176757813,0.06915618896484375,9.642348632812501
1748972728713,0.4037104797363281,-0.135318603515625,9.69309310913086
1748972728780,0.3107537841796875,-0.027542724609375003,9.710756378173828
1748972728850,0.2842588806152344,-0.062420196533203125,9.695039062500001
1748972728913,0.214354248046875,-0.08128097534179687,9.748777313232422
1748972728980,0.36015106201171876,-0.0028440856933593752,9.714498596191406
1748972729046,0.3339555358886719,-0.09864486694335937,9.708960113525391
1748972729113,0.31225067138671875,-0.0736468505859375,9.706116027832032
1748972729180,0.29937744140625,-0.07080276489257813,9.703421630859376
1748972729251,0.2927911376953125,-0.10223739624023438,9.69743408203125
1748972729313,1.7402810668945314,0.6182144165039063,8.519683227539064
1748972729380,2.3415806579589846,0.16480728149414064,10.785521392822266
1748972729446,1.3431568908691407,0.08711883544921875,6.677913208007813
1748972729513,-1.5311659240722657,-1.6290623474121095,11.122620391845704
1748972729580,1.610650634765625,0.6475534057617188,10.212662658691407
1748972729650,1.1464659118652345,0.16151412963867187,9.650282135009766
1748972729713,-1.6985179138183595,-2.7521768188476563,8.977281646728516
1748972729780,-0.9349557495117188,-0.14699432373046875,9.485624542236328
1748972729850,0.9660910034179688,-0.12693603515625002,10.043514404296875
1748972729913,0.3104544067382813,-0.07873626708984376,9.715247039794923
1748972729980,0.32826736450195315,-0.0592767333984375,9.698182525634767
1748972730051,0.33605117797851564,-0.061072998046875,9.70267318725586
1748972730113,0.3251239013671875,-0.06691085815429688,9.705666961669923
1748972730180,0.3203338623046875,-0.055384826660156254,9.701176300048829
1748972730246,0.3016227722167969,-0.061072998046875,9.706864471435548
1748972730314,0.2878514099121094,-0.06676116943359375,9.701026611328125
1748972730380,0.3153941345214844,-0.07304809570312501,9.700727233886719
1748972730446,0.33829650878906253,-0.0700543212890625,9.694290618896485
1748972730513,0.3932322692871094,-0.07229965209960938,9.698631591796875
1748972730580,0.33410522460937503,-0.056582336425781254,9.693392486572266
1748972730652,0.24698638916015625,-0.06825805664062501,9.704319763183594
1748972730713,0.3403921508789063,-0.07155120849609375,9.706116027832032
1748972730780,0.29338989257812503,-0.06331832885742188,9.706565093994142
1748972730851,0.3338058471679688,-0.0772393798828125,9.70596633911133
1748972730913,0.38574783325195316,-0.0461041259765625,9.678423614501954
1748972730979,0.5126838684082031,-0.07469467163085938,9.669891357421875
1748972731046,0.21195922851562501,-0.054935760498046875,9.706714782714844
1748972731114,0.3004252624511719,-0.05553451538085938,9.698930969238281
1748972731180,0.42885818481445315,-0.06062393188476563,9.699380035400392
1748972731251,0.2597099304199219,-0.08876541137695312,9.714348907470704
1748972731313,0.39517822265625,-0.05718109130859375,9.685309295654298
1748972731380,0.33829650878906253,-0.0652642822265625,9.692344665527344
1748972731446,0.2424957275390625,-0.07409591674804687,9.702972564697266
1748972731513,0.3201841735839844,-0.07065307617187501,9.695637817382813
1748972731580,0.2938389587402344,-0.06152206420898438,9.697733459472657
1748972731650,0.2908451843261719,-0.06197113037109375,9.710157623291016
1748972731714,0.3441343688964844,-0.06960525512695313,9.703421630859376
1748972731780,0.33769775390625,-0.06721023559570313,9.695188751220703
1748972731846,0.21315673828125,-0.08382568359375,9.714348907470704
1748972731924,0.19130218505859375,-0.0640667724609375,9.698182525634767
1748972731980,0.4101470947265625,-0.05119354248046875,9.693691864013672
1748972732046,0.27378067016601565,-0.05822891235351563,9.711055755615234
1748972732114,0.2333647155761719,-0.07738906860351563,9.714049530029298
1748972732180,0.31030471801757814,-0.07065307617187501,9.698032836914063
1748972732251,0.4040098571777344,-0.06316864013671876,9.696685638427734
1748972732313,0.2944377136230469,-0.06810836791992188,9.70417007446289
1748972732380,0.3297642517089844,-0.055085449218750006,9.692793731689454
1748972732452,0.2996768188476563,-0.06825805664062501,9.710756378173828
1748972732513,0.20686981201171875,-0.06436614990234375,9.681417388916016
1748972732580,0.3147953796386719,-0.08083190917968751,9.711953887939453
1748972732651,0.34757720947265625,-0.06571334838867188,9.706565093994142
1748972732714,0.2839595031738281,-0.06182144165039063,9.71988739013672
1748972732780,0.2709365844726563,-0.08158035278320312,9.707612915039062
1748972732851,0.3442840576171875,-0.0700543212890625,9.696086883544922
1748972732913,0.2597099304199219,-0.06780899047851563,9.704918518066407
1748972732980,0.34368530273437503,-0.04924758911132813,9.697134704589844
1748972733050,0.37931121826171876,-0.06586303710937501,9.686806182861329
1748972733113,0.3215313720703125,-0.06601272583007813,9.699679412841798
1748972733180,0.33904495239257815,-0.062420196533203125,9.708810424804687
1748972733251,0.37556900024414064,-0.05284011840820313,9.701325988769531
1748972733313,0.2689906311035156,-0.06601272583007813,9.722132720947267
1748972733380,0.33979339599609376,-0.039218444824218754,9.696535949707032
1748972733446,0.37137771606445313,-0.049846343994140625,9.697733459472657
1748972733514,0.30865814208984377,-0.05433700561523438,9.702972564697266
1748972733580,0.3457809448242188,-0.05433700561523438,9.701924743652345
1748972733651,0.32063323974609376,-0.061072998046875,9.706714782714844
1748972733713,0.30835876464843753,-0.08367599487304687,9.705217895507813
1748972733780,0.305364990234375,-0.0676593017578125,9.705367584228517
1748972733847,0.3442840576171875,-0.06601272583007813,9.701475677490235
1748972733913,0.305364990234375,-0.05313949584960938,9.701924743652345
1748972733980,0.39472915649414064,-0.07798782348632813,9.70551727294922
1748972734051,0.33664993286132816,-0.06391708374023437,9.69743408203125
1748972734114,0.3047662353515625,-0.0676593017578125,9.70596633911133
1748972734180,0.3614982604980469,-0.0556842041015625,9.69548812866211
1748972734251,0.2820135498046875,-0.07065307617187501,9.708061981201173
1748972734314,0.27767257690429686,-0.07649093627929687,9.711654510498047
1748972734380,0.3200344848632813,-0.057779846191406255,9.704469451904297
1748972734446,0.29593460083007816,-0.07888595581054687,9.69788314819336
1748972734513,0.28530670166015626,-0.07170089721679689,9.71030731201172
1748972734580,0.4477189636230469,-0.07903564453125,9.695787506103516
1748972734650,0.3124003601074219,-0.054636383056640626,9.702224121093751
1748972734713,0.29877868652343753,-0.06556365966796876,9.700577545166016
1748972734780,0.37631744384765625,-0.05748046875,9.697134704589844
1748972734850,0.27198440551757813,-0.07170089721679689,9.705068206787109
1748972734913,0.2697390747070313,-0.09325607299804688,9.720635833740236
1748972734980,0.3549119567871094,-0.06810836791992188,9.706565093994142
1748972735049,0.3008743286132813,-0.06795867919921875,9.714348907470704
1748972735113,0.31090347290039066,-0.0700543212890625,9.71135513305664
1748972735180,0.365240478515625,-0.05882766723632813,9.702523498535157
1748972735251,0.3004252624511719,-0.053438873291015626,9.7189892578125
1748972735313,0.2812651062011719,-0.05942642211914063,9.713899841308594
1748972735380,0.37556900024414064,-0.06002517700195313,9.692194976806642
1748972735446,0.29054580688476567,-0.06915618896484375,9.709109802246095
1748972735514,0.3224295043945313,-0.07020401000976563,9.709558868408203
1748972735580,0.33679962158203125,-0.062420196533203125,9.711504821777345
1748972735651,0.37556900024414064,-0.05358856201171875,9.691895599365235
1748972735714,0.2980302429199219,-0.05837860107421875,9.70985824584961
1748972735780,0.34084121704101566,-0.05583389282226563,9.706116027832032
1748972735848,0.3909869384765625,-0.06361770629882812,9.694140930175783
1748972735913,0.24040008544921876,-0.08173004150390625,9.712253265380859
1748972735980,0.36000137329101567,-0.047601013183593756,9.693242797851562
1748972736049,0.3001258850097656,-0.06676116943359375,9.708211669921875
1748972736113,0.2871029663085938,-0.10448272705078125,9.713450775146486
1748972736180,0.32138168334960937,-0.06616241455078126,9.70596633911133
1748972736250,0.3998185729980469,-0.041912841796875,9.688003692626953
1748972736313,0.24414230346679688,-0.06721023559570313,9.716145172119141
1748972736380,0.2579136657714844,-0.05553451538085938,9.717642059326172
1748972736446,0.39008880615234376,-0.06466552734375,9.692045288085938
1748972736513,0.3028202819824219,-0.06436614990234375,9.702822875976564
1748972736580,0.29174331665039066,-0.06900650024414062,9.708361358642579
1748972736646,0.37392242431640627,-0.06077362060546875,9.704319763183594
1748972736713,0.3591032409667969,-0.0383203125,9.70267318725586
1748972736780,0.324525146484375,-0.0628692626953125,9.707612915039062
1748972736850,0.34368530273437503,-0.0508941650390625,9.702822875976564
1748972736922,0.3070115661621094,-0.0700543212890625,9.714348907470704
1748972736980,0.2944377136230469,-0.0748443603515625,9.717791748046876
1748972737046,0.3495231628417969,-0.060474243164062504,9.704768829345703
1748972737114,0.33440460205078126,-0.07095245361328126,9.706864471435548
1748972737180,0.2743794250488281,-0.06481521606445313,9.710756378173828
1748972737251,0.34817596435546877,-0.03936813354492188,9.70551727294922
1748972737314,0.3836521911621094,-0.041164398193359375,9.701176300048829
1748972737380,0.28291168212890627,-0.055384826660156254,9.707313537597656
1748972737452,0.32183074951171875,-0.056582336425781254,9.708660736083985
1748972737513,0.30222152709960937,-0.06990463256835938,9.718390502929688
1748972737580,0.29294082641601565,-0.055085449218750006,9.711504821777345
1748972737646,0.33410522460937503,-0.06945556640625,9.712402954101563
1748972737714,0.3359014892578125,-0.052989807128906254,9.720486145019532
1748972737780,0.29488677978515626,-0.0676593017578125,9.725425872802735
1748972737852,0.29832962036132815,-0.07229965209960938,9.7189892578125
1748972737914,0.32901580810546877,-0.0664617919921875,9.717192993164064
1748972737980,0.33545242309570317,-0.0718505859375,9.727521514892578
1748972738050,0.2947370910644531,-0.0622705078125,9.716444549560547
1748972738114,0.3629951477050781,-0.0592767333984375,9.725425872802735
1748972738180,0.30416748046875003,-0.07439529418945313,9.73291030883789
1748972738251,0.3384461975097656,-0.06810836791992188,9.716743927001954
1748972738314,0.29458740234375,-0.07110214233398438,9.727820892333986
1748972738380,0.39787261962890624,-0.07155120849609375,9.715097351074219
1748972738446,0.35865417480468753,-0.055085449218750006,9.708361358642579
1748972738513,0.3308120727539063,-0.05912704467773438,9.726024627685547
1748972738580,0.3722758483886719,-0.042361907958984375,9.71135513305664
1748972738650,0.2682421875,-0.07200027465820313,9.729617156982423
1748972738714,0.30027557373046876,-0.043559417724609376,9.725126495361328
1748972738780,0.35296600341796874,-0.07095245361328126,9.724827117919922
1748972738850,0.2893482971191406,-0.06256988525390625,9.731114044189454
1748972738914,0.2748284912109375,-0.04296066284179688,9.72138427734375
1748972738980,0.34637969970703125,-0.07514373779296875,9.722881164550781
1748972739046,0.30641281127929687,-0.067060546875,9.723928985595704
1748972739113,0.32257919311523436,-0.06271957397460938,9.723180541992187
1748972739180,0.3339555358886719,-0.06571334838867188,9.720935211181642
1748972739250,0.3203338623046875,-0.058977355957031255,9.726473693847657
1748972739314,0.3085084533691406,-0.06511459350585938,9.723629608154297
1748972739380,0.33709899902343754,-0.06601272583007813,9.712253265380859
1748972739446,0.31180160522460937,-0.06631210327148437,9.72467742919922
1748972739514,0.3212319946289063,-0.06466552734375,9.723928985595704
1748972739580,0.3986210632324219,-0.062420196533203125,9.714049530029298
1748972739651,0.2760260009765625,-0.058528289794921876,9.725575561523438
1748972739714,0.3180885314941406,-0.06661148071289062,9.724976806640626
1748972739780,0.34218841552734375,-0.062120819091796876,9.718240814208984
1748972739851,0.3448828125,-0.060923309326171876,9.721234588623048
1748972739914,0.3209326171875,-0.05792953491210938,9.735305328369142
1748972739980,0.3757186889648438,-0.07020401000976563,9.7189892578125
1748972740050,0.2770738220214844,-0.05703140258789063,9.733359375000001
1748972740114,0.3561094665527344,-0.056282958984375006,9.718091125488282
1748972740180,0.3097059631347656,-0.06451583862304688,9.72572525024414
1748972740251,0.32602203369140625,-0.055085449218750006,9.727222137451172
1748972740314,0.32302825927734374,-0.060923309326171876,9.72662338256836
1748972740380,0.3020718383789063,-0.06316864013671876,9.71315139770508
1748972740446,0.3854484558105469,-0.052241363525390626,9.709558868408203
1748972740514,0.3143463134765625,-0.055384826660156254,9.723330230712891
1748972740580,0.34248779296875004,-0.06481521606445313,9.729467468261719
1748972740650,0.3088078308105469,-0.06930587768554688,9.73096435546875
1748972740714,0.30805938720703124,-0.06391708374023437,9.733209686279297
1748972740780,0.3311114501953125,-0.0628692626953125,9.717941436767578
1748972740846,0.3065625,-0.0724493408203125,9.730664978027344
1748972740914,0.3153941345214844,-0.057330780029296875,9.719588012695313
1748972740980,0.30805938720703124,-0.0664617919921875,9.71943832397461
1748972741050,0.35700759887695316,-0.0520916748046875,9.713450775146486
1748972741114,0.29877868652343753,-0.07170089721679689,9.723030853271485
1748972741180,0.31913635253906253,-0.0676593017578125,9.721084899902344
1748972741251,0.3538641357421875,-0.05703140258789063,9.723779296875
1748972741314,0.29054580688476567,-0.0688568115234375,9.727521514892578
1748972741380,0.31030471801757814,-0.058528289794921876,9.71943832397461
1748972741446,0.35700759887695316,-0.07708969116210938,9.726473693847657
1748972741514,0.3113525390625,-0.08068222045898438,9.725425872802735
1748972741580,0.30566436767578126,-0.06466552734375,9.727371826171876
1748972741650,0.35940261840820314,-0.052989807128906254,9.714348907470704
1748972741714,0.2903961181640625,-0.0652642822265625,9.729617156982423
1748972741780,0.3399430847167969,-0.07020401000976563,9.728868713378906
1748972741852,0.3195854187011719,-0.05254074096679688,9.71704330444336
1748972741920,0.3279679870605469,-0.07050338745117188,9.715097351074219
1748972741980,0.30611343383789064,-0.06301895141601563,9.72617431640625
1748972742046,0.31883697509765624,-0.06915618896484375,9.724527740478516
1748972742114,0.32677047729492187,-0.0700543212890625,9.723779296875
1748972742180,0.32213012695312504,-0.06691085815429688,9.717941436767578
1748972742250,0.35296600341796874,-0.05254074096679688,9.708810424804687
1748972742314,0.3020718383789063,-0.0568817138671875,9.72467742919922
1748972742380,0.3400927734375,-0.06077362060546875,9.725425872802735
1748972742451,0.3511697387695313,-0.05478607177734375,9.704319763183594
1748972742514,0.2912942504882813,-0.06855743408203126,9.727820892333986
1748972742580,0.32168106079101566,-0.07454498291015625,9.721683654785156
1748972742651,0.3146456909179688,-0.06541397094726563,9.71943832397461
1748972742714,0.3285667419433594,-0.061671752929687504,9.713899841308594
1748972742780,0.3207829284667969,-0.06062393188476563,9.716444549560547
1748972742846,0.32527359008789064,-0.06616241455078126,9.724827117919922
1748972742914,0.32482452392578126,-0.06271957397460938,9.721084899902344
1748972742980,0.31644195556640625,-0.052241363525390626,9.708061981201173
1748972743050,0.33679962158203125,-0.058528289794921876,9.713001708984375
1748972743114,0.3227288818359375,-0.06197113037109375,9.72183334350586
1748972743180,0.33290771484375004,-0.060174865722656255,9.718390502929688
1748972743251,0.29758117675781254,-0.06960525512695313,9.725126495361328
1748972743313,0.3757186889648438,-0.0449066162109375,9.712552642822265
1748972743380,0.2755769348144531,-0.07379653930664062,9.726024627685547
1748972743446,0.3629951477050781,-0.07499404907226563,9.713001708984375
1748972743514,0.3333567810058594,-0.06960525512695313,9.717941436767578
1748972743580,0.30027557373046876,-0.07544311523437501,9.721533966064454
1748972743650,0.3231779479980469,-0.06795867919921875,9.712402954101563
1748972743714,0.3435356140136719,-0.055085449218750006,9.717342681884766
1748972743780,0.31988479614257814,-0.06631210327148437,9.711654510498047
1748972743846,0.3237767028808594,-0.05044509887695313,9.716893615722658
1748972743914,0.31988479614257814,-0.0622705078125,9.714947662353516
1748972743980,0.31150222778320313,-0.06661148071289062,9.716444549560547
1748972744051,0.3095562744140625,-0.0628692626953125,9.709409179687501
1748972744114,0.30192214965820313,-0.06855743408203126,9.720037078857422
1748972744180,0.3212319946289063,-0.057779846191406255,9.720186767578125
1748972744251,0.31329849243164065,-0.052241363525390626,9.722581787109375
1748972744314,0.3769161987304688,-0.07574249267578126,9.711205444335938
1748972744380,0.26345214843750003,-0.06631210327148437,9.724976806640626
1748972744446,0.3046165466308594,-0.05673202514648438,9.71749237060547
1748972744514,0.3632945251464844,-0.0700543212890625,9.720785522460938
1748972744580,0.25417144775390627,-0.06152206420898438,9.72572525024414
1748972744646,0.317340087890625,-0.0568817138671875,9.715995483398437
1748972744714,0.3028202819824219,-0.06691085815429688,9.724976806640626
1748972744780,0.3495231628417969,-0.0640667724609375,9.71419921875
1748972744851,0.27078689575195314,-0.06346801757812501,9.721983032226563
1748972744914,0.4724176025390625,-0.0868194580078125,9.710756378173828
1748972744980,0.41448806762695317,-0.04146377563476563,9.702224121093751
1748972745046,0.27842102050781253,-0.0640667724609375,9.725276184082032
1748972745114,0.28351043701171874,-0.05703140258789063,9.720037078857422
1748972745180,0.33635055541992187,-0.05748046875,9.72183334350586
1748972745249,0.30805938720703124,-0.06810836791992188,9.72422836303711
1748972745314,0.36673736572265625,-0.0335302734375,9.709708557128907
1748972745380,0.35895355224609377,-0.06197113037109375,9.713001708984375
1748972745446,0.30835876464843753,-0.08831634521484376,9.739646301269532
1748972745514,0.3177891540527344,-0.06541397094726563,9.731712799072266
1748972745580,0.3224295043945313,-0.06451583862304688,9.719737701416015
1748972745651,0.3224295043945313,-0.07155120849609375,9.725575561523438
1748972745714,0.30267059326171875,-0.054187316894531254,9.72617431640625
1748972745780,0.4954696655273438,-0.111368408203125,9.696685638427734
1748972745850,0.3728746032714844,-0.061372375488281256,9.716444549560547
1748972745914,0.08936416625976563,-0.04340972900390625,9.733359375000001
1748972745980,0.7174580383300782,-0.07439529418945313,9.696386260986328
1748972746051,0.33979339599609376,-0.046702880859375004,9.727222137451172
1748972746114,0.324525146484375,-0.09280700683593751,9.72901840209961
1748972746180,0.36553985595703126,-0.0556842041015625,9.723180541992187
1748972746246,0.28650421142578125,-0.05523513793945313,9.729168090820313
1748972746314,0.3097059631347656,-0.0736468505859375,9.71854019165039
1748972746380,0.3879931640625,-0.0712518310546875,9.720186767578125
1748972746446,0.14280303955078125,-0.05942642211914063,9.728120269775392
1748972746514,0.2908451843261719,-0.07933502197265625,9.732461242675782
1748972746580,0.31868728637695315,-0.07828720092773438,9.722581787109375
1748972746652,0.2746788024902344,-0.055384826660156254,9.722731475830079
1748972746714,0.28291168212890627,-0.056582336425781254,9.713001708984375
1748972746780,0.29294082641601565,-0.07544311523437501,9.727970581054688
1748972746846,0.27647506713867187,-0.06990463256835938,9.723180541992187
1748972746918,0.3308120727539063,-0.06541397094726563,9.72033645629883
1748972746980,0.3129991149902344,-0.061372375488281256,9.712852020263673
1748972747046,0.36060012817382814,-0.0592767333984375,9.720486145019532
1748972747114,0.28949798583984376,-0.06930587768554688,9.721084899902344
1748972747180,0.31793884277343754,-0.06810836791992188,9.71988739013672
1748972747251,0.3423381042480469,-0.046403503417968756,9.708960113525391
1748972747314,0.3769161987304688,-0.060174865722656255,9.72467742919922
1748972747380,0.20312759399414063,-0.07993377685546875,9.727222137451172
1748972747446,0.2860551452636719,-0.06451583862304688,9.731712799072266
1748972747514,0.3159928894042969,-0.055085449218750006,9.72422836303711
1748972747580,0.24040008544921876,-0.101788330078125,9.740694122314453
1748972747646,0.30147308349609375,-0.05763015747070313,9.731114044189454
1748972747714,0.300574951171875,-0.07529342651367188,9.714348907470704
1748972747780,0.35625915527343754,-0.061671752929687504,9.721234588623048
1748972747852,0.29413833618164065,-0.07439529418945313,9.71988739013672
1748972747914,0.3619473266601563,-0.06331832885742188,9.71988739013672
1748972747980,0.2755769348144531,-0.07918533325195314,9.732461242675782
1748972748051,0.34323623657226565,-0.06436614990234375,9.716594238281251
1748972748114,0.35221755981445313,-0.048648834228515625,9.71419921875
1748972748180,0.28336074829101565,-0.04999603271484375,9.719288635253907
1748972748251,0.38814285278320315,-0.052241363525390626,9.710906066894532
1748972748314,0.24548950195312502,-0.06391708374023437,9.726473693847657
1748972748380,0.39472915649414064,-0.05987548828125,9.709708557128907
1748972748446,0.2700384521484375,-0.07409591674804687,9.729916534423829
1748972748514,0.31913635253906253,-0.07319778442382813,9.719737701416015
1748972748580,0.35131942749023437,-0.048648834228515625,9.722282409667969
1748972748650,0.2927911376953125,-0.06316864013671876,9.723629608154297
1748972748714,0.44607238769531254,-0.06825805664062501,9.704469451904297
1748972748780,0.3112028503417969,-0.05763015747070313,9.70417007446289
1748972748846,0.25701553344726563,-0.07933502197265625,9.722881164550781
1748972748914,0.3944297790527344,-0.06122268676757813,9.708511047363281
1748972748980,0.21749771118164063,-0.0628692626953125,9.729766845703125
1748972749049,0.3733236694335938,-0.07394622802734375,9.729317779541017
1748972749114,0.38035903930664067,-0.06182144165039063,9.71854019165039
1748972749180,0.24399261474609377,-0.05792953491210938,9.730664978027344
1748972749246,0.47301635742187503,-0.09235794067382813,9.719288635253907
1748972749314,0.3854484558105469,-0.07379653930664062,9.71419921875
1748972749380,0.23067031860351564,-0.07454498291015625,9.731263732910156
1748972749446,0.3983216857910156,-0.07619155883789062,9.717342681884766
1748972749514,0.22064117431640626,-0.05673202514648438,9.732461242675782
1748972749580,0.3941304016113281,-0.07050338745117188,9.71704330444336
1748972749650,0.43424697875976564,-0.029788055419921876,9.693991241455079
1748972749714,0.19025436401367188,-0.06571334838867188,9.728719024658204
1748972749780,0.43963577270507814,-0.08382568359375,9.743089141845704
1748972749851,0.3752696228027344,-0.05957611083984375,9.71943832397461
1748972749914,0.24818389892578127,-0.07858657836914062,9.732012176513672
1748972749980,0.24548950195312502,-0.038470001220703126,9.711055755615234
1748972750050,0.26539810180664064,-0.06032455444335938,9.724378051757814
1748972750114,0.2734812927246094,-0.089813232421875,9.73096435546875
1748972750180,0.34143997192382813,-0.09205856323242188,9.723330230712891
1748972750246,0.229921875,-0.06900650024414062,9.714348907470704
1748972750314,0.35221755981445313,-0.0844244384765625,9.720785522460938
1748972750380,0.360450439453125,-0.058528289794921876,9.703421630859376
1748972750446,0.24010070800781252,-0.05957611083984375,9.724827117919922
1748972750514,0.4233197021484375,-0.06002517700195313,9.713750152587892
1748972750580,0.3146456909179688,-0.041164398193359375,9.715247039794923
1748972750646,0.271834716796875,-0.06930587768554688,9.733509063720703
1748972750714,0.29713211059570316,-0.0449066162109375,9.717342681884766
1748972750780,0.2962339782714844,-0.06511459350585938,9.717342681884766
1748972750849,0.3303630065917969,-0.07349716186523438,9.715845794677735
1748972750914,0.3362008666992188,-0.0676593017578125,9.718091125488282
1748972750980,0.2954855346679688,-0.0640667724609375,9.727820892333986
1748972751050,0.3201841735839844,-0.0544866943359375,9.715097351074219
1748972751114,0.3896397399902344,-0.052241363525390626,9.710906066894532
1748972751180,0.2808160400390625,-0.0461041259765625,9.726324005126953
1748972751246,0.3043171691894531,-0.05074447631835938,9.717791748046876
1748972751314,0.2871029663085938,-0.07544311523437501,9.739646301269532
1748972751381,0.3634442138671875,0.006436614990234376,9.661209411621094
1748972751446,0.26794281005859377,-0.0772393798828125,9.736652526855469
1748972751514,0.34757720947265625,-0.051492919921875005,9.706565093994142
1748972751580,0.33365615844726565,-0.06945556640625,9.721983032226563
1748972751651,0.3752696228027344,-0.04999603271484375,9.706864471435548
1748972751714,0.3150947570800781,-0.08801696777343751,9.73425750732422
1748972751780,0.2540217590332031,-0.042810974121093755,9.702972564697266
1748972751851,0.3085084533691406,-0.06930587768554688,9.724827117919922
1748972751919,0.43349853515625003,0.030237121582031252,9.621092834472657
1748972751980,0.3138972473144531,-0.0796343994140625,9.733958129882813
1748972752047,0.3933819580078125,-0.0031434631347656253,9.67872299194336
1748972752114,0.336500244140625,-0.07200027465820313,9.725276184082032
1748972752181,0.33215927124023437,-0.06271957397460938,9.72707244873047
1748972752252,0.31210098266601566,-0.06511459350585938,9.721084899902344
1748972752314,0.32287857055664065,-0.06346801757812501,9.710157623291016
1748972752380,0.4041595458984375,-0.05044509887695313,9.680070190429689
1748972752446,0.3415896606445313,-0.07918533325195314,9.725126495361328
1748972752514,0.32647109985351563,-0.06541397094726563,9.719588012695313
1748972752580,0.3138972473144531,-0.06481521606445313,9.722881164550781
1748972752646,0.33021331787109376,-0.05254074096679688,9.732161865234376
1748972752714,0.30177246093750004,-0.0772393798828125,9.72033645629883
1748972752780,0.32901580810546877,-0.07379653930664062,9.722881164550781
1748972752852,0.35161880493164066,-0.05822891235351563,9.711205444335938
1748972752914,0.30641281127929687,-0.06975494384765625,9.729916534423829
1748972752980,0.3285667419433594,-0.06271957397460938,9.71854019165039
1748972753052,0.3237767028808594,-0.06870712280273437,9.722282409667969
1748972753114,0.3112028503417969,-0.06301895141601563,9.721084899902344
1748972753180,0.31644195556640625,-0.06541397094726563,9.72422836303711
1748972753246,0.3320095825195313,-0.05643264770507813,9.721084899902344
1748972753314,0.3394940185546875,-0.06511459350585938,9.725126495361328
1748972753380,0.2625540161132813,-0.089813232421875,9.738448791503906
1748972753446,0.3279679870605469,-0.08592132568359376,9.727222137451172
1748972753514,0.31883697509765624,-0.067060546875,9.726473693847657
1748972753580,0.32811767578125,-0.06795867919921875,9.714049530029298
1748972753652,0.3040177917480469,-0.0628692626953125,9.719588012695313
1748972753714,0.32138168334960937,-0.06466552734375,9.722282409667969
1748972753780,0.324525146484375,-0.07679031372070313,9.725874938964845
1748972753849,0.34757720947265625,-0.07499404907226563,9.714797973632812
1748972753914,0.3106040954589844,-0.06795867919921875,9.722282409667969
1748972753980,0.3092568969726563,-0.059725799560546876,9.71704330444336
1748972754048,0.354462890625,-0.057330780029296875,9.716743927001954
1748972754114,0.34173934936523437,-0.06511459350585938,9.715696105957031
1748972754181,0.2851570129394531,-0.060923309326171876,9.71464828491211
1748972754250,0.32677047729492187,-0.0664617919921875,9.720935211181642
1748972754314,0.3531156921386719,-0.06062393188476563,9.718091125488282
1748972754381,0.32677047729492187,-0.06721023559570313,9.71270233154297
1748972754446,0.3150947570800781,-0.06586303710937501,9.721234588623048
1748972754514,0.3347039794921875,-0.062120819091796876,9.715995483398437
1748972754581,0.32587234497070316,-0.06631210327148437,9.718091125488282
1748972754651,0.3092568969726563,-0.07304809570312501,9.724527740478516
1748972754714,0.34907409667968753,-0.055384826660156254,9.715995483398437
1748972754781,0.30910720825195315,-0.07424560546875,9.723479919433593
1748972754849,0.3359014892578125,-0.06391708374023437,9.716444549560547
1748972754914,0.3400927734375,-0.06376739501953126,9.718091125488282
1748972754980,0.3224295043945313,-0.055384826660156254,9.736652526855469
1748972755051,0.33365615844726565,-0.06152206420898438,9.723779296875
1748972755114,0.3249742126464844,-0.0676593017578125,9.709259490966797
1748972755180,0.319735107421875,-0.06945556640625,9.727371826171876
1748972755246,0.32527359008789064,-0.06900650024414062,9.71315139770508
1748972755314,0.32527359008789064,-0.06376739501953126,9.723030853271485
1748972755380,0.3459306335449219,-0.06750961303710938,9.719588012695313
1748972755446,0.31255004882812504,-0.07229965209960938,9.723629608154297
1748972755514,0.346080322265625,-0.07828720092773438,9.728419647216798
1748972755581,0.31719039916992187,-0.06256988525390625,9.727970581054688
1748972755646,0.35042129516601567,-0.06361770629882812,9.71464828491211
1748972755714,0.3170407104492188,-0.0628692626953125,9.713001708984375
1748972755781,0.31030471801757814,-0.07469467163085938,9.712852020263673
1748972755846,0.3180885314941406,-0.056582336425781254,9.72183334350586
1748972755914,0.3359014892578125,-0.0622705078125,9.72183334350586
1748972755981,0.3496728515625,-0.06316864013671876,9.720635833740236
1748972756046,0.31644195556640625,-0.08457412719726563,9.718689880371095
1748972756114,0.33485366821289064,-0.06616241455078126,9.714797973632812
1748972756181,0.32706985473632816,-0.05523513793945313,9.71704330444336
1748972756246,0.2956352233886719,-0.06840774536132813,9.726324005126953
1748972756314,0.31449600219726564,-0.06975494384765625,9.720037078857422
1748972756380,0.319735107421875,-0.06915618896484375,9.721533966064454
1748972756446,0.326920166015625,-0.06271957397460938,9.72662338256836
1748972756514,0.31569351196289064,-0.0652642822265625,9.717192993164064
1748972756580,0.33769775390625,-0.07050338745117188,9.715396728515625
1748972756646,0.2989283752441406,-0.0820294189453125,9.724827117919922
1748972756714,0.32647109985351563,-0.06795867919921875,9.722282409667969
1748972756781,0.3092568969726563,-0.06346801757812501,9.727222137451172
1748972756846,0.3200344848632813,-0.059725799560546876,9.714947662353516
1748972756921,0.3614982604980469,-0.06586303710937501,9.724976806640626
1748972756980,0.33769775390625,-0.07095245361328126,9.722581787109375
1748972757047,0.2746788024902344,-0.06511459350585938,9.722282409667969
1748972757114,0.3534150695800781,-0.06301895141601563,9.719588012695313
1748972757181,0.3391946411132813,-0.06301895141601563,9.722581787109375
1748972757246,0.3131488037109375,-0.06182144165039063,9.713001708984375
1748972757314,0.30671218872070316,-0.0544866943359375,9.722432098388673
1748972757381,0.3588038635253906,-0.06676116943359375,9.728269958496094
1748972757446,0.29728179931640625,-0.06466552734375,9.717642059326172
1748972757514,0.36793487548828124,-0.06301895141601563,9.721234588623048
1748972757581,0.31823822021484377,-0.07289840698242188,9.731712799072266
1748972757647,0.28096572875976566,-0.07439529418945313,9.718689880371095
1748972757714,0.38455032348632817,-0.07095245361328126,9.7189892578125
1748972757780,0.28291168212890627,-0.056582336425781254,9.72183334350586
1748972757846,0.35102005004882814,-0.06391708374023437,9.722282409667969
1748972757914,0.3632945251464844,-0.04296066284179688,9.710606689453126
1748972757980,0.25267456054687504,-0.06661148071289062,9.724378051757814
1748972758046,0.3896397399902344,-0.05044509887695313,9.706565093994142
1748972758114,0.32901580810546877,-0.06466552734375,9.714797973632812
1748972758181,0.3201841735839844,-0.06735992431640625,9.727671203613282
1748972758250,0.32527359008789064,-0.032931518554687504,9.708511047363281
1748972758314,0.22498214721679688,-0.09295669555664063,9.748328247070313
1748972758381,0.477806396484375,-0.07948471069335938,9.710756378173828
1748972758446,0.33679962158203125,-0.060474243164062504,9.732461242675782
1748972758514,0.32108230590820314,-0.0640667724609375,9.726324005126953
1748972758581,0.33829650878906253,-0.05119354248046875,9.71135513305664
1748972758646,0.33635055541992187,-0.07050338745117188,9.725276184082032
1748972758714,0.2996768188476563,-0.06496490478515625,9.721683654785156
1748972758781,0.25731491088867187,-0.11810440063476563,9.761500854492189
1748972758846,0.37976028442382814,-0.039966888427734375,9.724078674316408
1748972758914,0.36853363037109377,-0.049097900390625004,9.718390502929688
1748972758981,0.28351043701171874,-0.08247848510742188,9.746232604980468
1748972759046,0.2881507873535156,-0.07424560546875,9.736951904296875
1748972759114,0.38320312500000003,-0.08158035278320312,9.723479919433593
1748972759180,0.34623001098632816,-0.058977355957031255,9.71749237060547
1748972759246,0.36359390258789065,-0.0556842041015625,9.718091125488282
1748972759314,0.3023712158203125,-0.06436614990234375,9.717192993164064
1748972759381,0.30491592407226564,-0.06945556640625,9.721084899902344
1748972759446,0.3308120727539063,-0.06750961303710938,9.727820892333986
1748972759514,0.33290771484375004,-0.05987548828125,9.722881164550781
1748972759580,0.319735107421875,-0.06271957397460938,9.720186767578125
1748972759646,0.3237767028808594,-0.06197113037109375,9.719588012695313
1748972759714,0.3350033569335938,-0.05718109130859375,9.722731475830079
1748972759781,0.326920166015625,-0.0676593017578125,9.722881164550781
1748972759846,0.29264144897460936,-0.0652642822265625,9.739496612548828
1748972759914,0.34667907714843754,-0.05523513793945313,9.719288635253907
1748972759981,0.3285667419433594,-0.05822891235351563,9.722581787109375
1748972760049,0.3261717224121094,-0.06586303710937501,9.714947662353516
1748972760114,0.29294082641601565,-0.06960525512695313,9.725575561523438
1748972760181,0.33290771484375004,-0.06301895141601563,9.71854019165039
1748972760246,0.3447331237792969,-0.06511459350585938,9.723330230712891
1748972760314,0.30895751953125,-0.06361770629882812,9.717791748046876
1748972760381,0.3730242919921875,-0.06316864013671876,9.72033645629883
1748972760446,0.30551467895507817,-0.06376739501953126,9.715396728515625
1748972760514,0.31629226684570316,-0.07140151977539062,9.725575561523438
1748972760581,0.3288661193847656,-0.07304809570312501,9.716594238281251
1748972760652,0.3369493103027344,-0.06316864013671876,9.722731475830079
1748972760714,0.3429368591308594,-0.0622705078125,9.722731475830079
1748972760781,0.3050656127929688,-0.0688568115234375,9.726473693847657
1748972760851,0.3131488037109375,-0.0724493408203125,9.732311553955078
1748972760914,0.33410522460937503,-0.06496490478515625,9.711055755615234
1748972760981,0.3251239013671875,-0.07933502197265625,9.726324005126953
1748972761046,0.25641677856445316,-0.12289443969726563,9.748477935791016
1748972761114,0.384400634765625,-0.044307861328125,9.710457000732422
1748972761181,0.31913635253906253,-0.03622467041015625,9.702972564697266
1748972761246,0.2996768188476563,-0.0532891845703125,9.71749237060547
1748972761314,0.29952713012695314,-0.05478607177734375,9.708511047363281
1748972761381,0.35176849365234375,-0.037571868896484374,9.70417007446289
1748972761446,0.31344818115234374,-0.0676593017578125,9.723779296875
1748972761514,0.31883697509765624,-0.07050338745117188,9.721983032226563
1748972761581,0.35326538085937503,-0.04879852294921875,9.711504821777345
1748972761646,0.2956352233886719,-0.06795867919921875,9.723030853271485
1748972761714,0.34637969970703125,-0.0532891845703125,9.71315139770508
1748972761781,0.3234773254394531,-0.082628173828125,9.734706573486328
1748972761846,0.33320709228515627,-0.05957611083984375,9.716145172119141
1748972761920,0.27617568969726564,-0.094603271484375,9.744436340332031
1748972761981,0.38080810546875005,-0.06466552734375,9.71419921875
1748972762047,0.3001258850097656,-0.06810836791992188,9.716893615722658
1748972762114,0.39517822265625,-0.0622705078125,9.716893615722658
1748972762181,0.26300308227539065,-0.07274871826171875,9.730066223144531
1748972762246,0.35685791015625,-0.06870712280273437,9.712103576660157
1748972762314,0.281414794921875,-0.07259902954101563,9.734856262207032
1748972762381,0.28830047607421877,-0.06930587768554688,9.727222137451172
1748972762451,0.3418890380859375,-0.0652642822265625,9.724078674316408
1748972762514,0.3549119567871094,-0.05957611083984375,9.71854019165039
1748972762581,0.31255004882812504,-0.0772393798828125,9.723629608154297
1748972762646,0.3138972473144531,-0.06331832885742188,9.724378051757814
1748972762714,0.336500244140625,-0.06676116943359375,9.719288635253907
1748972762781,0.30252090454101566,-0.05433700561523438,9.724827117919922
1748972762850,0.30177246093750004,-0.062420196533203125,9.719138946533203
1748972762914,0.3507206726074219,-0.055085449218750006,9.72183334350586
1748972762981,0.3126997375488281,-0.06990463256835938,9.717941436767578
1748972763046,0.32572265625,-0.06421646118164062,9.719588012695313
1748972763114,0.3104544067382813,-0.07095245361328126,9.724378051757814
1748972763181,0.3234773254394531,-0.06945556640625,9.71749237060547
1748972763252,0.3097059631347656,-0.07843688964843751,9.72572525024414
1748972763314,0.3308120727539063,-0.06436614990234375,9.717342681884766
1748972763381,0.29937744140625,-0.06631210327148437,9.72662338256836
1748972763446,0.3119512939453125,-0.06122268676757813,9.712253265380859
1748972763514,0.3239263916015625,-0.06301895141601563,9.721683654785156
1748972763581,0.326920166015625,-0.06511459350585938,9.714348907470704
1748972763647,0.36479141235351564,-0.05763015747070313,9.720186767578125
1748972763714,0.34937347412109376,-0.0676593017578125,9.719588012695313
1748972763781,0.27393035888671874,-0.06795867919921875,9.719737701416015
1748972763846,0.3403921508789063,-0.07065307617187501,9.71943832397461
1748972763914,0.32213012695312504,-0.05942642211914063,9.720785522460938
1748972763981,0.32871643066406253,-0.059725799560546876,9.71180419921875
1748972764046,0.3323089599609375,-0.048648834228515625,9.713600463867188
1748972764114,0.3020718383789063,-0.0664617919921875,9.722581787109375
1748972764181,0.32751892089843754,-0.07858657836914062,9.73380844116211
1748972764251,0.307760009765625,-0.07095245361328126,9.711055755615234
1748972764314,0.31644195556640625,-0.08053253173828126,9.719588012695313
1748972764381,0.3255729675292969,-0.06571334838867188,9.708810424804687
1748972764446,0.31853759765625,-0.06810836791992188,9.71180419921875
1748972764514,0.32048355102539067,-0.07155120849609375,9.724078674316408
1748972764581,0.35476226806640626,-0.06122268676757813,9.71180419921875
1748972764646,0.3634442138671875,-0.08128097534179687,9.719288635253907
1748972764714,0.32871643066406253,-0.06571334838867188,9.724378051757814
1748972764781,0.3565585327148438,-0.053887939453125006,9.708960113525391
1748972764846,0.3686833190917969,-0.04026626586914063,9.704469451904297
1748972764914,0.20911514282226565,-0.10582992553710938,9.74009536743164
1748972764981,0.3394940185546875,-0.07424560546875,9.730664978027344
1748972765046,0.32287857055664065,-0.07020401000976563,9.71704330444336
1748972765114,0.33635055541992187,-0.05673202514648438,9.706864471435548
1748972765181,0.34982254028320314,-0.053738250732421874,9.712253265380859
1748972765246,0.28351043701171874,-0.06376739501953126,9.710906066894532
1748972765314,0.3131488037109375,-0.057779846191406255,9.719138946533203
1748972765381,0.3351530456542969,-0.06795867919921875,9.711953887939453
1748972765446,0.2939886474609375,-0.052690429687500005,9.706415405273438
1748972765514,0.2986289978027344,-0.06466552734375,9.724827117919922
1748972765581,0.35102005004882814,-0.05523513793945313,9.70267318725586
1748972765646,0.32826736450195315,-0.06571334838867188,9.713301086425782
1748972765714,0.3153941345214844,-0.06810836791992188,9.709708557128907
1748972765781,0.3288661193847656,-0.06870712280273437,9.708960113525391
1748972765846,0.28575576782226564,-0.07035369873046875,9.719288635253907
1748972765914,0.3802093505859375,-0.06915618896484375,9.720486145019532
1748972765981,0.33185989379882813,-0.06316864013671876,9.729168090820313
1748972766046,0.30790969848632815,-0.0640667724609375,9.72467742919922
1748972766114,0.319735107421875,-0.082628173828125,9.73575439453125
1748972766181,0.3381468200683594,-0.08217910766601563,9.727820892333986
1748972766247,0.2871029663085938,-0.06840774536132813,9.72901840209961
1748972766314,0.32706985473632816,-0.07843688964843751,9.729916534423829
1748972766381,0.326920166015625,-0.0748443603515625,9.716444549560547
1748972766446,0.3183879089355469,-0.07379653930664062,9.716444549560547
1748972766514,0.34563125610351564,-0.05478607177734375,9.720785522460938
1748972766581,0.3351530456542969,-0.06346801757812501,9.727222137451172
1748972766646,0.305364990234375,-0.06900650024414062,9.726324005126953
1748972766714,0.33769775390625,-0.060474243164062504,9.713899841308594
1748972766781,0.2682421875,-0.07095245361328126,9.728120269775392
1748972766846,0.3800596618652344,-0.06960525512695313,9.713301086425782
1748972766924,0.3192860412597656,-0.06361770629882812,9.726324005126953
1748972766981,0.3231779479980469,-0.07649093627929687,9.715546417236329
1748972767047,0.31763946533203125,-0.06990463256835938,9.71704330444336
1748972767114,0.33635055541992187,-0.06960525512695313,9.709558868408203
1748972767181,0.34757720947265625,-0.06466552734375,9.717791748046876
1748972767246,0.30072463989257814,-0.06750961303710938,9.718240814208984
1748972767314,0.324525146484375,-0.05942642211914063,9.716893615722658
1748972767381,0.34024246215820314,-0.062420196533203125,9.708960113525391
1748972767446,0.32677047729492187,-0.06631210327148437,9.714049530029298
1748972767514,0.3351530456542969,-0.05987548828125,9.720635833740236
1748972767581,0.28021728515625,-0.07708969116210938,9.7285693359375
1748972767646,0.32227981567382813,-0.06152206420898438,9.729766845703125
1748972767714,0.32901580810546877,-0.06421646118164062,9.720935211181642
1748972767781,0.29593460083007816,-0.07379653930664062,9.717342681884766
1748972767846,0.3347039794921875,-0.06511459350585938,9.713001708984375
1748972767914,0.3841012573242188,-0.060474243164062504,9.70701416015625
1748972767981,0.2712359619140625,-0.07694000244140625,9.724378051757814
1748972768046,0.255069580078125,-0.06481521606445313,9.711953887939453
1748972768114,0.27422973632812503,-0.10223739624023438,9.735455017089844
1748972768181,0.4101470947265625,0.036074981689453126,9.648036804199219
1748972768246,0.4086502075195313,-0.030087432861328128,9.696386260986328
1748972768314,0.08352630615234376,-0.08801696777343751,9.75147171020508
1748972768381,0.3058140563964844,-0.06376739501953126,9.715097351074219
1748972768446,0.3526666259765625,-0.06601272583007813,9.70312225341797
1748972768514,0.3323089599609375,-0.06870712280273437,9.719288635253907
1748972768581,0.3124003601074219,-0.06780899047851563,9.719737701416015
1748972768646,0.30731094360351563,-0.0664617919921875,9.718091125488282
1748972768714,0.3107537841796875,-0.06780899047851563,9.717791748046876
1748972768781,0.3246748352050781,-0.06975494384765625,9.71270233154297
1748972768846,0.3507206726074219,-0.06601272583007813,9.712852020263673
1748972768914,0.42706192016601563,-0.06182144165039063,9.724976806640626
1748972768981,0.19474502563476564,-0.07259902954101563,9.721084899902344
1748972769051,0.3403921508789063,-0.07214996337890625,9.71464828491211
1748972769114,0.45265869140625004,-0.05239105224609375,9.707313537597656
1748972769181,0.36973114013671876,-0.0520916748046875,9.711205444335938
1748972769246,0.34203872680664066,-0.06002517700195313,9.717791748046876
1748972769314,0.3237767028808594,-0.06661148071289062,9.72617431640625
1748972769380,0.3333567810058594,-0.06077362060546875,9.717791748046876
1748972769446,0.32138168334960937,-0.06721023559570313,9.717941436767578
1748972769514,0.31644195556640625,-0.0736468505859375,9.728868713378906
1748972769581,0.3273692321777344,-0.06795867919921875,9.72183334350586
1748972769646,0.32706985473632816,-0.06376739501953126,9.72422836303711
1748972769714,0.3095562744140625,-0.0712518310546875,9.719588012695313
1748972769781,0.3224295043945313,-0.062120819091796876,9.716294860839843
1748972769846,0.31793884277343754,-0.06780899047851563,9.719737701416015
1748972769914,0.33185989379882813,-0.061072998046875,9.719288635253907
1748972769981,0.32362701416015627,-0.0676593017578125,9.728269958496094
1748972770053,0.3430865478515625,-0.09355545043945312,9.740694122314453
1748972770114,0.3192860412597656,-0.058677978515625,9.721234588623048
1748972770181,0.271834716796875,-0.06750961303710938,9.730365600585937
1748972770246,0.31255004882812504,-0.06586303710937501,9.727222137451172
1748972770314,0.3040177917480469,-0.05553451538085938,9.710756378173828
1748972770381,0.286204833984375,-0.06152206420898438,9.728868713378906
1748972770446,0.39233413696289066,-0.061072998046875,9.710157623291016
1748972770514,0.2582130432128906,-0.06376739501953126,9.729168090820313
1748972770581,0.3980223083496094,-0.05074447631835938,9.70596633911133
1748972770646,0.28291168212890627,-0.0724493408203125,9.72707244873047
1748972770714,0.29788055419921877,-0.06945556640625,9.72572525024414
1748972770781,0.33440460205078126,-0.07753875732421875,9.717941436767578
1748972770851,0.34937347412109376,-0.0676593017578125,9.72572525024414
1748972770914,0.31210098266601566,-0.06945556640625,9.713301086425782
1748972770981,0.3195854187011719,-0.06676116943359375,9.718240814208984
1748972771052,0.298179931640625,-0.060174865722656255,9.71270233154297
1748972771114,0.35476226806640626,-0.06990463256835938,9.719737701416015
1748972771181,0.3359014892578125,-0.05284011840820313,9.712402954101563
1748972771246,0.38095779418945314,-0.061372375488281256,9.719737701416015
1748972771314,0.36209701538085937,-0.06361770629882812,9.718240814208984
1748972771381,0.27617568969726564,-0.08128097534179687,9.731712799072266
1748972771446,0.33260833740234375,-0.06556365966796876,9.720037078857422
1748972771514,0.2775228881835938,-0.06780899047851563,9.725276184082032
1748972771581,0.2839595031738281,-0.0520916748046875,9.723030853271485
1748972771647,0.35057098388671876,-0.05014572143554688,9.71315139770508
1748972771714,0.35296600341796874,-0.06825805664062501,9.716444549560547
1748972771781,0.32257919311523436,-0.0724493408203125,9.729317779541017
1748972771846,0.2912942504882813,-0.0712518310546875,9.731114044189454
1748972771926,0.30027557373046876,-0.06721023559570313,9.713899841308594
1748972771981,0.37751495361328125,-0.06182144165039063,9.715696105957031
1748972772050,0.26435028076171874,-0.06780899047851563,9.727970581054688
1748972772114,0.27258316040039066,-0.07694000244140625,9.728120269775392
1748972772181,0.35895355224609377,-0.0736468505859375,9.718390502929688
1748972772246,0.3553610229492188,-0.0580792236328125,9.718839569091797
1748972772314,0.276624755859375,-0.07918533325195314,9.721084899902344
1748972772381,0.3315605163574219,-0.06301895141601563,9.713899841308594
1748972772447,0.32647109985351563,-0.06316864013671876,9.719588012695313
1748972772514,0.29219238281250004,-0.07095245361328126,9.723779296875
1748972772581,0.43260040283203127,-0.05748046875,9.700577545166016
1748972772646,0.24159759521484375,-0.07738906860351563,9.73620346069336
1748972772714,0.4454736328125,-0.060923309326171876,9.709109802246095
1748972772781,0.23037094116210938,-0.061072998046875,9.73380844116211
1748972772846,0.3453318786621094,-0.061671752929687504,9.726773071289063
1748972772914,0.38889129638671877,-0.06316864013671876,9.711654510498047
1748972772981,0.3231779479980469,-0.06197113037109375,9.719138946533203
1748972773046,0.28096572875976566,-0.06481521606445313,9.719288635253907
1748972773114,0.38814285278320315,-0.0640667724609375,9.71180419921875
1748972773181,0.2709365844726563,-0.07050338745117188,9.726473693847657
1748972773246,0.38155654907226566,-0.0676593017578125,9.723479919433593
1748972773314,0.2884501647949219,-0.06795867919921875,9.71854019165039
1748972773381,0.316142578125,-0.07753875732421875,9.721533966064454
1748972773447,0.3373983764648438,-0.059725799560546876,9.722282409667969
1748972773514,0.3119512939453125,-0.06616241455078126,9.726024627685547
1748972773581,0.33260833740234375,-0.06676116943359375,9.718390502929688
1748972773646,0.3203338623046875,-0.06496490478515625,9.712852020263673
1748972773713,0.3296145629882813,-0.05748046875,9.719138946533203
1748972773781,0.38080810546875005,-0.05957611083984375,9.721084899902344
1748972773847,0.26764343261718754,-0.07080276489257813,9.727521514892578
1748972773914,0.33679962158203125,-0.06735992431640625,9.723779296875
1748972773981,0.3754193115234375,-0.06496490478515625,9.717342681884766
1748972774047,0.30222152709960937,-0.07214996337890625,9.716145172119141
1748972774114,0.31748977661132816,-0.07574249267578126,9.724078674316408
1748972774181,0.3448828125,-0.07020401000976563,9.723928985595704
1748972774246,0.26884094238281253,-0.07454498291015625,9.719288635253907
1748972774314,0.29877868652343753,-0.06691085815429688,9.725276184082032
1748972774381,0.35685791015625,-0.0652642822265625,9.71749237060547
1748972774447,0.3146456909179688,-0.06691085815429688,9.724976806640626
1748972774514,0.31748977661132816,-0.0592767333984375,9.721683654785156
1748972774581,0.33440460205078126,-0.0718505859375,9.714498596191406
1748972774646,0.31329849243164065,-0.06316864013671876,9.716444549560547
1748972774714,0.30177246093750004,-0.08277786254882813,9.728719024658204
1748972774781,0.30416748046875003,-0.07679031372070313,9.72901840209961
1748972774847,0.46059219360351566,-0.0389190673828125,9.69593719482422
1748972774914,0.3694317626953125,-0.029488677978515627,9.688003692626953
1748972774981,0.3212319946289063,-0.07080276489257813,9.72901840209961
1748972775047,0.3291654968261719,-0.07604187011718751,9.726773071289063
1748972775114,0.34099090576171875,-0.062420196533203125,9.732012176513672
1748972775181,0.3438349914550781,-0.03981719970703125,9.703870697021484
1748972775247,0.3597019958496094,-0.04655319213867188,9.70267318725586
1748972775314,0.4631369018554688,-0.04266128540039063,9.705068206787109
1748972775380,0.31105316162109375,-0.0652642822265625,9.726024627685547
1748972775447,0.2704875183105469,-0.07080276489257813,9.713450775146486
1748972775514,0.3459306335449219,-0.07065307617187501,9.720486145019532
1748972775581,0.3138972473144531,-0.0712518310546875,9.725575561523438
1748972775647,0.34203872680664066,-0.056133270263671875,9.717342681884766
1748972775714,0.3351530456542969,-0.06780899047851563,9.721084899902344
1748972775781,0.2859054565429688,-0.07454498291015625,9.722432098388673
1748972775847,0.36553985595703126,-0.05748046875,9.721084899902344
1748972775914,0.3200344848632813,-0.06945556640625,9.717642059326172
1748972775981,0.31883697509765624,-0.05912704467773438,9.721533966064454
1748972776046,0.2884501647949219,-0.06122268676757813,9.734407196044922
1748972776114,0.4263134765625,-0.06301895141601563,9.717941436767578
1748972776181,0.21644989013671875,-0.07888595581054687,9.738448791503906
1748972776246,0.4135899353027344,-0.06197113037109375,9.705068206787109
1748972776314,0.26884094238281253,-0.08128097534179687,9.732610931396485
1748972776381,0.4423301696777344,-0.05837860107421875,9.700128479003906
1748972776447,0.3968247985839844,-0.05792953491210938,9.701475677490235
1748972776514,0.23201751708984375,-0.07155120849609375,9.747579803466797
1748972776581,0.37497024536132817,-0.058977355957031255,9.71270233154297
1748972776646,0.28530670166015626,-0.07813751220703126,9.7285693359375
1748972776714,0.298179931640625,-0.07304809570312501,9.731563110351564
1748972776781,0.37781433105468754,-0.055085449218750006,9.705217895507813
1748972776847,0.269439697265625,-0.07514373779296875,9.725575561523438
1748972776921,0.4381388854980469,-0.060474243164062504,9.71704330444336
1748972776981,0.30491592407226564,-0.0628692626953125,9.722881164550781
1748972777047,0.3384461975097656,-0.07454498291015625,9.723928985595704
1748972777114,0.3158432006835938,-0.06930587768554688,9.727521514892578
1748972777181,0.32287857055664065,-0.0652642822265625,9.710606689453126
1748972777247,0.3411405944824219,-0.07140151977539062,9.719588012695313
1748972777314,0.32901580810546877,-0.06346801757812501,9.718390502929688
1748972777381,0.3445834350585938,-0.06481521606445313,9.72138427734375
1748972777447,0.3147953796386719,-0.062420196533203125,9.725425872802735
1748972777514,0.34218841552734375,-0.05254074096679688,9.714797973632812
1748972777581,0.36015106201171876,-0.07334747314453126,9.716294860839843
1748972777646,0.3224295043945313,-0.06825805664062501,9.716444549560547
1748972777714,0.3403921508789063,-0.06915618896484375,9.723330230712891
1748972777781,0.3147953796386719,-0.06032455444335938,9.720785522460938
1748972777847,0.33141082763671875,-0.06721023559570313,9.716594238281251
1748972777914,0.3608995056152344,-0.06466552734375,9.720785522460938
1748972777981,0.27542724609375,-0.07229965209960938,9.723779296875
1748972778046,0.36598892211914064,-0.07589218139648438,9.726024627685547
1748972778114,0.2986289978027344,-0.06616241455078126,9.727970581054688
1748972778181,0.31524444580078126,-0.06077362060546875,9.720186767578125
1748972778247,0.3595523071289063,-0.0640667724609375,9.723629608154297
1748972778314,0.32482452392578126,-0.07394622802734375,9.723030853271485
1748972778381,0.33066238403320314,-0.06661148071289062,9.70985824584961
1748972778447,0.32647109985351563,-0.07065307617187501,9.724976806640626
1748972778514,0.31344818115234374,-0.11286529541015626,9.736353149414063
1748972778581,0.3534150695800781,-0.07200027465820313,9.72572525024414
1748972778647,0.33260833740234375,-0.055384826660156254,9.718091125488282
1748972778714,0.314945068359375,-0.06810836791992188,9.723330230712891
1748972778781,0.40131546020507813,-0.058977355957031255,9.719138946533203
1748972778847,0.31853759765625,-0.07394622802734375,9.730215911865235
1748972778914,0.30192214965820313,-0.061671752929687504,9.720785522460938
1748972778981,0.34518218994140626,-0.0592767333984375,9.7189892578125
1748972779051,0.3692820739746094,-0.06840774536132813,9.720635833740236
1748972779114,0.2136058044433594,-0.0664617919921875,9.727671203613282
1748972779181,0.37616775512695316,-0.05822891235351563,9.720935211181642
1748972779247,0.33410522460937503,-0.06691085815429688,9.715696105957031
1748972779314,0.2591111755371094,-0.0736468505859375,9.73096435546875
1748972779381,0.36673736572265625,-0.05987548828125,9.723928985595704
1748972779447,0.2844085693359375,-0.0736468505859375,9.719138946533203
1748972779514,0.34518218994140626,-0.06361770629882812,9.720186767578125
1748972779581,0.32721954345703125,-0.0652642822265625,9.714947662353516
1748972779646,0.34203872680664066,-0.060923309326171876,9.729916534423829
1748972779714,0.28800109863281254,-0.07649093627929687,9.721234588623048
1748972779781,0.31853759765625,-0.0556842041015625,9.723330230712891
1748972779847,0.3291654968261719,-0.06316864013671876,9.718390502929688
1748972779914,0.32841705322265624,-0.06331832885742188,9.717791748046876
1748972779981,0.31180160522460937,-0.07080276489257813,9.722581787109375
1748972780047,0.31913635253906253,-0.06900650024414062,9.722731475830079
1748972780114,0.32213012695312504,-0.06855743408203126,9.71270233154297
1748972780181,0.31255004882812504,-0.06361770629882812,9.734407196044922
1748972780246,0.31853759765625,-0.07020401000976563,9.720037078857422
1748972780314,0.3266207885742188,-0.06930587768554688,9.719138946533203
1748972780381,0.31883697509765624,-0.07050338745117188,9.721084899902344
1748972780446,0.34173934936523437,-0.058977355957031255,9.717941436767578
1748972780514,0.31374755859375003,-0.0676593017578125,9.71988739013672
1748972780581,0.3457809448242188,-0.06676116943359375,9.722282409667969
1748972780647,0.2824626159667969,-0.05837860107421875,9.72033645629883
1748972780714,0.40236328125000004,-0.07110214233398438,9.710606689453126
1748972780781,0.2908451843261719,-0.0580792236328125,9.722581787109375
1748972780847,0.3622467041015625,-0.05912704467773438,9.712103576660157
1748972780914,0.34937347412109376,-0.06496490478515625,9.717791748046876
1748972780981,0.4022135925292969,-0.060923309326171876,9.720785522460938
1748972781047,0.29144393920898437,-0.07065307617187501,9.731712799072266
1748972781114,0.279019775390625,-0.05239105224609375,9.730215911865235
1748972781181,0.3622467041015625,-0.0592767333984375,9.716893615722658
1748972781247,0.3215313720703125,-0.06586303710937501,9.718240814208984
1748972781314,0.32257919311523436,-0.06077362060546875,9.713001708984375
1748972781381,0.3016227722167969,-0.06391708374023437,9.720935211181642
1748972781447,0.32213012695312504,-0.05433700561523438,9.724976806640626
1748972781514,0.34787658691406254,-0.0592767333984375,9.721683654785156
1748972781581,0.2942880249023438,-0.043858795166015624,9.721533966064454
1748972781647,0.38559814453125,-0.06990463256835938,9.719588012695313
1748972781714,0.29593460083007816,-0.0628692626953125,9.727970581054688
1748972781781,0.34637969970703125,-0.06930587768554688,9.71135513305664
1748972781847,0.29788055419921877,-0.07200027465820313,9.72707244873047
1748972781921,0.5498066711425782,0.0016465759277343752,9.65147964477539
1748972781981,0.39038818359375,-0.07140151977539062,9.71943832397461
1748972782047,0.3243754577636719,-0.06735992431640625,9.724827117919922
1748972782114,0.4022135925292969,-0.03203338623046875,9.684860229492188
1748972782181,0.2986289978027344,-0.11466156005859375,9.711953887939453
1748972782247,0.29488677978515626,-0.0712518310546875,9.717642059326172
1748972782314,0.31569351196289064,-0.07110214233398438,9.71180419921875
1748972782381,0.33126113891601566,-0.05433700561523438,9.713600463867188
1748972782447,0.34278717041015627,-0.05179229736328125,9.714348907470704
1748972782514,0.32332763671875003,-0.06571334838867188,9.725425872802735
1748972782581,0.3523672485351563,-0.06750961303710938,9.724378051757814
1748972782647,0.2796185302734375,-0.080233154296875,9.726773071289063
1748972782714,0.29219238281250004,-0.0664617919921875,9.722581787109375
1748972782781,0.317340087890625,-0.06586303710937501,9.724078674316408
1748972782847,0.3926335144042969,-0.0520916748046875,9.708511047363281
1748972782914,0.358055419921875,-0.06391708374023437,9.72033645629883
1748972782981,0.3085084533691406,-0.0664617919921875,9.725575561523438
1748972783047,0.24399261474609377,-0.07604187011718751,9.73291030883789
1748972783114,0.2999761962890625,-0.059725799560546876,9.71749237060547
1748972783181,0.32138168334960937,-0.055384826660156254,9.719138946533203
1748972783247,0.4165837097167969,-0.05837860107421875,9.703571319580078
1748972783314,0.3299139404296875,-0.06945556640625,9.733658752441407
1748972783381,0.34129028320312504,-0.06586303710937501,9.719737701416015
1748972783447,0.27916946411132815,-0.0580792236328125,9.727521514892578
1748972783514,0.2938389587402344,-0.06256988525390625,9.725126495361328
1748972783581,0.33410522460937503,-0.07095245361328126,9.72617431640625
1748972783647,0.2547702026367188,-0.07559280395507813,9.722432098388673
1748972783714,0.4071533203125,-0.0688568115234375,9.719588012695313
1748972783781,0.33141082763671875,-0.06256988525390625,9.727521514892578
1748972783847,0.314945068359375,-0.06750961303710938,9.717941436767578
1748972783914,0.36823425292968753,-0.056282958984375006,9.710457000732422
1748972783981,0.25102798461914066,-0.0748443603515625,9.72617431640625
1748972784047,0.37077896118164066,-0.06915618896484375,9.724527740478516
1748972784114,0.27138565063476566,-0.09325607299804688,9.719288635253907
1748972784181,0.24983047485351564,-0.06466552734375,9.720037078857422
1748972784247,0.3975732421875,-0.059725799560546876,9.71943832397461
1748972784314,0.25641677856445316,-0.07903564453125,9.733509063720703
1748972784381,0.36434234619140626,-0.08068222045898438,9.71135513305664
1748972784447,0.3406915283203125,-0.07843688964843751,9.738299102783204
1748972784514,0.29788055419921877,-0.06661148071289062,9.721234588623048
1748972784581,0.32781829833984377,-0.06691085815429688,9.71988739013672
1748972784647,0.33410522460937503,-0.05433700561523438,9.712253265380859
1748972784714,0.3129991149902344,-0.056582336425781254,9.71464828491211
1748972784781,0.3242257690429688,-0.057779846191406255,9.705367584228517
1748972784847,0.3308120727539063,-0.055384826660156254,9.71135513305664
1748972784914,0.3299139404296875,-0.07439529418945313,9.723629608154297
1748972784981,0.32138168334960937,-0.07798782348632813,9.716444549560547
1748972785047,0.2996768188476563,-0.07035369873046875,9.721533966064454
1748972785114,0.3146456909179688,-0.06451583862304688,9.724976806640626
1748972785180,0.32602203369140625,-0.07304809570312501,9.714947662353516
1748972785247,0.3469784545898438,-0.06256988525390625,9.714049530029298
1748972785314,0.37392242431640627,-0.054636383056640626,9.713450775146486
1748972785381,0.38170623779296875,-0.07514373779296875,9.7285693359375
1748972785447,0.30611343383789064,-0.054636383056640626,9.721234588623048
1748972785514,0.32407608032226565,-0.06556365966796876,9.71749237060547
1748972785581,0.3135978698730469,-0.042810974121093755,9.72467742919922
1748972785647,0.3448828125,-0.06122268676757813,9.71854019165039
1748972785714,0.37018020629882814,-0.055085449218750006,9.706265716552736
1748972785781,0.3841012573242188,-0.036524047851562505,9.713001708984375
1748972785847,0.35625915527343754,-0.04834945678710938,9.714049530029298
1748972785914,0.29338989257812503,-0.07200027465820313,9.72467742919922
1748972785981,0.258662109375,-0.08113128662109376,9.725126495361328
1748972786047,0.32183074951171875,-0.06077362060546875,9.718091125488282
1748972786114,0.5761518859863282,-0.09684860229492188,9.692344665527344
1748972786181,0.4034111022949219,0.009430389404296876,9.656868438720704
1748972786247,0.5602848815917969,-0.0820294189453125,9.715396728515625
1748972786314,0.36404296875000003,-0.05478607177734375,9.715845794677735
1748972786381,0.33485366821289064,-0.06032455444335938,9.716743927001954
1748972786447,0.277822265625,-0.06256988525390625,9.727820892333986
1748972786514,0.32183074951171875,-0.07379653930664062,9.721084899902344
1748972786581,0.3043171691894531,-0.06795867919921875,9.721983032226563
1748972786647,0.30805938720703124,-0.06511459350585938,9.73291030883789
1748972786714,0.32362701416015627,-0.06391708374023437,9.71988739013672
1748972786781,0.32751892089843754,-0.06810836791992188,9.71464828491211
1748972786847,0.33021331787109376,-0.0718505859375,9.725874938964845
1748972786923,0.3234773254394531,-0.06391708374023437,9.722282409667969
1748972786981,0.33440460205078126,-0.06631210327148437,9.710457000732422
1748972787049,0.3541635131835938,-0.09101074218750001,9.718390502929688
1748972787114,0.33724868774414063,-0.06346801757812501,9.702373809814453
1748972787181,0.3243754577636719,-0.06466552734375,9.718839569091797
1748972787247,0.30835876464843753,-0.06960525512695313,9.718091125488282
1748972787314,0.31853759765625,-0.06122268676757813,9.71704330444336
1748972787381,0.3387455749511719,-0.0628692626953125,9.715995483398437
1748972787447,0.31644195556640625,-0.06795867919921875,9.718091125488282
1748972787514,0.30835876464843753,-0.0724493408203125,9.712402954101563
1748972787581,0.3201841735839844,-0.07454498291015625,9.724078674316408
1748972787647,0.3227288818359375,-0.06601272583007813,9.711953887939453
1748972787714,0.32048355102539067,-0.07574249267578126,9.715247039794923
1748972787780,0.33126113891601566,-0.06331832885742188,9.718839569091797
1748972787847,0.3406915283203125,-0.06960525512695313,9.72422836303711
1748972787914,0.3429368591308594,-0.05942642211914063,9.71854019165039
1748972787981,0.3454815673828125,-0.0700543212890625,9.722432098388673
1748972788047,0.35102005004882814,-0.06945556640625,9.722581787109375
1748972788114,0.3153941345214844,-0.06810836791992188,9.717342681884766
1748972788181,0.26420059204101565,-0.07589218139648438,9.72617431640625
1748972788247,0.35820510864257815,-0.06930587768554688,9.728419647216798
1748972788314,0.30371841430664065,-0.06601272583007813,9.711953887939453
1748972788381,0.233514404296875,-0.0736468505859375,9.721234588623048
1748972788447,0.3384461975097656,-0.057330780029296875,9.712552642822265
1748972788514,0.3983216857910156,-0.06466552734375,9.711953887939453
1748972788581,0.28650421142578125,-0.07349716186523438,9.716594238281251
1748972788647,0.3095562744140625,-0.054187316894531254,9.72422836303711
1748972788714,0.36673736572265625,-0.045954437255859376,9.715845794677735
1748972788781,0.2603086853027344,-0.10777587890625001,9.797276458740235
1748972788847,0.3387455749511719,-0.08457412719726563,9.720635833740236
1748972788914,0.3153941345214844,-0.067060546875,9.723479919433593
1748972788981,0.3531156921386719,-0.06900650024414062,9.713899841308594
1748972789047,0.25162673950195313,-0.05598358154296875,9.728120269775392
1748972789114,0.4174818420410156,-0.04415817260742188,9.712402954101563
1748972789181,0.21689895629882813,-0.07753875732421875,9.736802215576173
1748972789247,0.39128631591796875,-0.06511459350585938,9.72033645629883
1748972789314,0.29713211059570316,-0.06915618896484375,9.733958129882813
1748972789381,0.2844085693359375,-0.07334747314453126,9.723928985595704
1748972789447,0.3752696228027344,-0.056282958984375006,9.712253265380859
1748972789514,0.37631744384765625,-0.07738906860351563,9.713450775146486
1748972789581,0.29877868652343753,-0.07110214233398438,9.716743927001954
1748972789647,0.3423381042480469,-0.044307861328125,9.717192993164064
1748972789714,0.32332763671875003,-0.06870712280273437,9.72467742919922
1748972789781,0.4004173278808594,-0.06421646118164062,9.715696105957031
1748972789847,0.20672012329101563,-0.07708969116210938,9.733658752441407
1748972789914,0.36703674316406254,-0.06391708374023437,9.723629608154297
1748972789981,0.36703674316406254,-0.06496490478515625,9.708361358642579
1748972790047,0.3141966247558594,-0.052241363525390626,9.708211669921875
1748972790114,0.2938389587402344,-0.07035369873046875,9.726024627685547
1748972790181,0.2442919921875,-0.06122268676757813,9.729168090820313
1748972790247,0.42661285400390625,-0.047151947021484376,9.69698501586914
1748972790314,0.31030471801757814,-0.058977355957031255,9.716743927001954
1748972790381,0.30027557373046876,-0.080233154296875,9.724527740478516
1748972790447,0.35775604248046877,-0.05643264770507813,9.716145172119141
1748972790514,0.32826736450195315,-0.05882766723632813,9.724527740478516
1748972790581,0.2700384521484375,-0.0622705078125,9.72422836303711
1748972790647,0.3656895446777344,-0.0676593017578125,9.716145172119141
1748972790714,0.30027557373046876,-0.06616241455078126,9.717791748046876
1748972790781,0.3085084533691406,-0.06152206420898438,9.725276184082032
1748972790847,0.3459306335449219,-0.06376739501953126,9.723180541992187
1748972790914,0.2848576354980469,-0.061671752929687504,9.727371826171876
1748972790981,0.3082090759277344,-0.07020401000976563,9.723928985595704
1748972791047,0.31284942626953127,-0.06256988525390625,9.725575561523438
1748972791114,0.3050656127929688,-0.067060546875,9.729766845703125
1748972791181,0.37676651000976563,-0.06810836791992188,9.709259490966797
1748972791247,0.29413833618164065,-0.077838134765625,9.725874938964845
1748972791314,0.36643798828125,-0.041164398193359375,9.715696105957031
1748972791381,0.28755203247070316,-0.0532891845703125,9.722731475830079
1748972791447,0.38589752197265625,-0.07155120849609375,9.708361358642579
1748972791514,0.24818389892578127,-0.06616241455078126,9.723779296875
1748972791581,0.336500244140625,-0.054636383056640626,9.717342681884766
1748972791647,0.31823822021484377,-0.06960525512695313,9.732311553955078
1748972791714,0.37092864990234375,-0.06197113037109375,9.72138427734375
1748972791781,0.2540217590332031,-0.07589218139648438,9.725425872802735
1748972791847,0.3403921508789063,-0.053887939453125006,9.719588012695313
1748972791934,0.29832962036132815,-0.07229965209960938,9.723779296875
1748972791980,0.35326538085937503,-0.06451583862304688,9.71943832397461
1748972792047,0.3391946411132813,-0.06032455444335938,9.71315139770508
1748972792114,0.28156448364257813,-0.07304809570312501,9.718689880371095
1748972792181,0.3526666259765625,-0.061372375488281256,9.716893615722658
1748972792247,0.34024246215820314,-0.060174865722656255,9.726773071289063
1748972792314,0.3126997375488281,-0.07409591674804687,9.714947662353516
1748972792381,0.3088078308105469,-0.0580792236328125,9.719288635253907
1748972792447,0.35595977783203125,-0.05837860107421875,9.710606689453126
1748972792514,0.26300308227539065,-0.06750961303710938,9.725276184082032
1748972792581,0.3573069763183594,-0.0772393798828125,9.718689880371095
1748972792647,0.35865417480468753,-0.053887939453125006,9.725276184082032
1748972792714,0.3035687255859375,-0.06975494384765625,9.72138427734375
1748972792781,0.3661386108398438,-0.05718109130859375,9.708361358642579
1748972792847,0.319735107421875,-0.06900650024414062,9.73291030883789
1748972792914,0.3469784545898438,-0.077838134765625,9.727222137451172
1748972792981,0.2836601257324219,-0.0772393798828125,9.727820892333986
1748972793047,0.2709365844726563,-0.06825805664062501,9.720635833740236
1748972793114,0.3585044860839844,-0.07155120849609375,9.721234588623048
1748972793181,0.31404693603515627,-0.07903564453125,9.720785522460938
1748972793247,0.2856060791015625,-0.04834945678710938,9.716743927001954
1748972793314,0.36000137329101567,-0.0700543212890625,9.722731475830079
1748972793381,0.31689102172851563,-0.06795867919921875,9.715546417236329
1748972793447,0.34518218994140626,-0.044756927490234376,9.717342681884766
1748972793514,0.2980302429199219,-0.07289840698242188,9.715546417236329
1748972793581,0.3802093505859375,-0.06795867919921875,9.705666961669923
1748972793647,0.29488677978515626,-0.06376739501953126,9.714797973632812
1748972793714,0.3100053405761719,-0.06870712280273437,9.72422836303711
1748972793781,0.3573069763183594,-0.0413140869140625,9.71315139770508
1748972793847,0.3335064697265625,-0.05598358154296875,9.722581787109375
1748972793914,0.42272094726562504,-0.0814306640625,9.71270233154297
1748972793981,0.18995498657226564,-0.058977355957031255,9.727371826171876
1748972794047,0.30386810302734374,-0.06481521606445313,9.726324005126953
1748972794114,0.30671218872070316,-0.011825408935546875,9.701325988769531
1748972794181,0.28830047607421877,-0.047900390625000004,9.692494354248048
1748972794247,0.39353164672851565,-0.0580792236328125,9.709109802246095
1748972794314,0.2902464294433594,-0.07544311523437501,9.725276184082032
1748972794381,0.34368530273437503,-0.05957611083984375,9.729168090820313
1748972794447,0.36973114013671876,-0.05748046875,9.715995483398437
1748972794514,0.2710862731933594,-0.07214996337890625,9.723629608154297
1748972794581,0.3094065856933594,-0.06481521606445313,9.729916534423829
1748972794647,0.4183799743652344,-0.057779846191406255,9.7189892578125
1748972794714,0.21046234130859376,-0.07020401000976563,9.733059997558595
1748972794781,0.36853363037109377,-0.08068222045898438,9.729766845703125
1748972794847,0.28874954223632815,-0.08232879638671875,9.736951904296875
1748972794914,0.35775604248046877,-0.054187316894531254,9.717791748046876
1748972794981,0.28156448364257813,-0.058677978515625,9.724527740478516
1748972795047,0.43828857421875,-0.07065307617187501,9.715845794677735
1748972795114,0.27617568969726564,-0.08472381591796875,9.727820892333986
1748972795181,0.26180557250976566,-0.0718505859375,9.724527740478516
1748972795247,0.30671218872070316,-0.058677978515625,9.72901840209961
1748972795314,0.42586441040039064,-0.05358856201171875,9.709109802246095
1748972795381,0.3052153015136719,-0.067060546875,9.717192993164064
1748972795447,0.35670822143554687,-0.07753875732421875,9.707612915039062
1748972795514,0.27452911376953126,-0.0652642822265625,9.727222137451172
1748972795581,0.2980302429199219,-0.06421646118164062,9.724078674316408
1748972795647,0.30177246093750004,-0.061372375488281256,9.723779296875
1748972795714,0.38290374755859374,-0.06810836791992188,9.715995483398437
1748972795781,0.25357269287109374,-0.06825805664062501,9.722581787109375
1748972795847,0.34637969970703125,-0.05358856201171875,9.714348907470704
1748972795914,0.33440460205078126,-0.06436614990234375,9.716145172119141
1748972795981,0.20013381958007814,-0.06990463256835938,9.729317779541017
1748972796047,0.4459226989746094,-0.06496490478515625,9.705666961669923
1748972796114,0.40071670532226566,-0.054636383056640626,9.705068206787109
1748972796181,0.258662109375,-0.09969268798828125,9.728120269775392
1748972796247,0.33664993286132816,-0.06511459350585938,9.706565093994142
1748972796314,0.3279679870605469,-0.06616241455078126,9.71854019165039
1748972796381,0.34637969970703125,-0.07514373779296875,9.722731475830079
1748972796447,0.27452911376953126,-0.12064910888671876,9.743837585449219
1748972796514,0.25776397705078125,-0.06556365966796876,9.730814666748048
1748972796581,0.32257919311523436,-0.07544311523437501,9.730365600585937
1748972796647,0.3823049926757813,-0.07454498291015625,9.715546417236329
1748972796714,0.2847079467773438,-0.06601272583007813,9.725425872802735
1748972796781,0.35775604248046877,-0.07110214233398438,9.730664978027344
1748972796847,0.3119512939453125,-0.06466552734375,9.720935211181642
1748972796937,0.23620880126953125,-0.06990463256835938,9.729916534423829
1748972796981,0.4002676391601563,-0.05763015747070313,9.717192993164064
1748972797047,0.2785707092285156,-0.06182144165039063,9.714049530029298
1748972797114,0.3150947570800781,-0.16390914916992189,9.684860229492188
1748972797181,0.21704864501953125,-0.08607101440429688,9.726324005126953
1748972797247,0.3950285339355469,-0.049846343994140625,9.71464828491211
1748972797314,0.5676196289062501,-0.03682342529296875,9.702224121093751
1748972797381,0.14759307861328125,-0.07080276489257813,9.728269958496094
1748972797447,0.36015106201171876,-0.05837860107421875,9.717642059326172
1748972797514,0.28770172119140625,-0.06870712280273437,9.748927001953126
1748972797581,0.31823822021484377,-0.07634124755859376,9.727521514892578
1748972797647,0.48993118286132814,-0.060174865722656255,9.688153381347657
1748972797714,0.36314483642578127,-0.05957611083984375,9.724378051757814
1748972797781,0.365240478515625,-0.05763015747070313,9.722581787109375
1748972797847,0.3399430847167969,-0.054935760498046875,9.715247039794923
1748972797914,0.40775207519531254,-0.05942642211914063,9.723330230712891
1748972797981,0.4409829711914063,-0.08337661743164063,9.718091125488282
1748972798047,0.288599853515625,-0.060174865722656255,9.735455017089844
1748972798114,0.31210098266601566,-0.062420196533203125,9.71943832397461
1748972798181,0.2942880249023438,-0.06301895141601563,9.721983032226563
1748972798247,0.31225067138671875,-0.05643264770507813,9.718390502929688
1748972798314,0.2662962341308594,-0.04805007934570313,9.704918518066407
1748972798381,0.33021331787109376,-0.07170089721679689,9.73096435546875
1748972798447,0.31823822021484377,-0.0622705078125,9.724078674316408
1748972798514,0.32841705322265624,-0.07200027465820313,9.72138427734375
1748972798581,0.28111541748046875,-0.061671752929687504,9.720635833740236
1748972798647,0.31255004882812504,-0.06511459350585938,9.721234588623048
1748972798714,0.3046165466308594,-0.076640625,9.730664978027344
1748972798781,0.3514691162109375,-0.06735992431640625,9.717342681884766
1748972798847,0.34667907714843754,-0.06825805664062501,9.716743927001954
1748972798914,0.229921875,-0.06750961303710938,9.738748168945312
1748972798981,0.36718643188476563,-0.05718109130859375,9.713899841308594
1748972799047,0.34024246215820314,-0.06436614990234375,9.716294860839843
1748972799114,0.3393443298339844,-0.06780899047851563,9.716444549560547
1748972799181,0.3357518005371094,-0.062120819091796876,9.721983032226563
1748972799247,0.2980302429199219,-0.06780899047851563,9.717642059326172
1748972799314,0.2927911376953125,-0.07095245361328126,9.727222137451172
1748972799381,0.36643798828125,-0.0724493408203125,9.721983032226563
1748972799447,0.3435356140136719,-0.06975494384765625,9.716743927001954
1748972799514,0.24474105834960938,-0.07604187011718751,9.725126495361328
1748972799581,0.3585044860839844,-0.06122268676757813,9.721683654785156
1748972799647,0.30177246093750004,-0.06451583862304688,9.716743927001954
1748972799714,0.3345542907714844,-0.05957611083984375,9.72138427734375
1748972799781,0.30716125488281254,-0.07229965209960938,9.730515289306641
1748972799847,0.35581008911132816,-0.0592767333984375,9.718689880371095
1748972799914,0.31644195556640625,-0.055085449218750006,9.723479919433593
1748972799981,0.30805938720703124,-0.07274871826171875,9.725425872802735
1748972800047,0.3487747192382813,-0.07529342651367188,9.721533966064454
1748972800114,0.3254232788085938,-0.05718109130859375,9.716594238281251
1748972800181,0.3107537841796875,-0.05673202514648438,9.726773071289063
1748972800247,0.3285667419433594,-0.052690429687500005,9.718839569091797
1748972800314,0.30895751953125,-0.06391708374023437,9.717342681884766
1748972800381,0.34742752075195316,-0.0628692626953125,9.715845794677735
1748972800447,0.35895355224609377,-0.058528289794921876,9.713301086425782
1748972800514,0.2751278686523438,-0.0718505859375,9.72662338256836
1748972800581,0.4129911804199219,-0.07394622802734375,9.708660736083985
1748972800647,0.21585113525390626,-0.06840774536132813,9.733958129882813
1748972800714,0.4571493530273438,-0.04415817260742188,9.712852020263673
1748972800781,0.30326934814453127,-0.054935760498046875,9.722132720947267
1748972800847,0.3347039794921875,-0.0664617919921875,9.716145172119141
1748972800914,0.3734733581542969,-0.0688568115234375,9.721983032226563
1748972800981,0.2947370910644531,-0.0580792236328125,9.714947662353516
1748972801047,0.17274078369140625,-0.061671752929687504,9.71988739013672
1748972801114,0.5420228576660157,-0.052690429687500005,9.696685638427734
1748972801181,0.2177970886230469,-0.06316864013671876,9.726024627685547
1748972801247,0.2944377136230469,-0.07274871826171875,9.722132720947267
1748972801314,0.33769775390625,-0.08038284301757813,9.734706573486328
1748972801381,0.3519181823730469,-0.07649093627929687,9.706415405273438
1748972801447,0.30386810302734374,-0.08008346557617188,9.72467742919922
1748972801514,0.2947370910644531,-0.05748046875,9.726773071289063
1748972801581,0.26225463867187504,-0.0676593017578125,9.723030853271485
1748972801647,0.35745666503906254,-0.06346801757812501,9.703870697021484
1748972801714,0.3725752258300781,-0.05748046875,9.719288635253907
1748972801781,0.279019775390625,-0.06810836791992188,9.728120269775392
1748972801847,0.3266207885742188,-0.07649093627929687,9.727820892333986
1748972801931,0.3534150695800781,-0.06780899047851563,9.722881164550781
1748972801981,0.2847079467773438,-0.0676593017578125,9.727820892333986
1748972802047,0.31823822021484377,-0.0640667724609375,9.724078674316408
1748972802114,0.3776646423339844,-0.061372375488281256,9.720486145019532
1748972802181,0.29488677978515626,-0.0664617919921875,9.731563110351564
1748972802247,0.32168106079101566,-0.06840774536132813,9.725276184082032
1748972802314,0.2871029663085938,-0.061072998046875,9.726024627685547
1748972802381,0.3327580261230469,-0.0676593017578125,9.721683654785156
1748972802447,0.3209326171875,-0.06451583862304688,9.712402954101563
1748972802514,0.33260833740234375,-0.06077362060546875,9.718689880371095
1748972802581,0.335302734375,-0.05478607177734375,9.706116027832032
1748972802647,0.36793487548828124,-0.06002517700195313,9.713600463867188
1748972802714,0.2806663513183594,-0.07349716186523438,9.7285693359375
1748972802781,0.35670822143554687,-0.06735992431640625,9.703870697021484
1748972802847,0.4237687683105469,-0.0640667724609375,9.714348907470704
1748972802914,0.22064117431640626,-0.07334747314453126,9.715696105957031
1748972802981,0.38619689941406254,-0.06780899047851563,9.718390502929688
1748972803047,0.31105316162109375,-0.0568817138671875,9.720186767578125
1748972803114,0.3291654968261719,-0.05748046875,9.712552642822265
1748972803181,0.30267059326171875,-0.067060546875,9.714947662353516
1748972803247,0.3499722290039063,-0.0688568115234375,9.718240814208984
1748972803314,0.25342300415039065,-0.06676116943359375,9.724827117919922
1748972803381,0.3641926574707031,-0.07349716186523438,9.710756378173828
1748972803447,0.3692820739746094,-0.0568817138671875,9.71704330444336
1748972803514,0.2621049499511719,-0.07110214233398438,9.726922760009765
1748972803581,0.35521133422851564,-0.0688568115234375,9.716594238281251
1748972803647,0.34368530273437503,-0.07993377685546875,9.713600463867188
1748972803714,0.27767257690429686,-0.08173004150390625,9.728868713378906
1748972803781,0.30895751953125,-0.08232879638671875,9.736652526855469
1748972803847,0.34278717041015627,-0.05433700561523438,9.710157623291016
1748972803914,0.2903961181640625,-0.0628692626953125,9.732461242675782
1748972803981,0.3141966247558594,-0.05194198608398438,9.721084899902344
1748972804047,0.3052153015136719,-0.05718109130859375,9.712253265380859
1748972804114,0.38634658813476563,-0.051492919921875005,9.716594238281251
1748972804181,0.35206787109375004,-0.06466552734375,9.72183334350586
1748972804247,0.3011737060546875,-0.06750961303710938,9.723779296875
1748972804314,0.3124003601074219,-0.061072998046875,9.718390502929688
1748972804381,0.3549119567871094,-0.06795867919921875,9.715396728515625
1748972804447,0.31284942626953127,-0.0736468505859375,9.722731475830079
1748972804514,0.3177891540527344,-0.06541397094726563,9.720635833740236
1748972804581,0.33006362915039067,-0.06451583862304688,9.717192993164064
1748972804647,0.3998185729980469,-0.05553451538085938,9.709409179687501
1748972804714,0.2561174011230469,-0.07424560546875,9.727521514892578
1748972804781,0.3833528137207031,-0.07140151977539062,9.721683654785156
1748972804847,0.29653335571289063,-0.09131011962890626,9.735305328369142
1748972804914,0.35102005004882814,-0.036524047851562505,9.706415405273438
1748972804981,0.28680358886718754,-0.062120819091796876,9.703271942138672
1748972805047,0.3065625,-0.07065307617187501,9.73575439453125
1748972805114,0.3062631225585938,-0.06676116943359375,9.730215911865235
1748972805181,0.3276686096191406,-0.05718109130859375,9.715696105957031
1748972805247,0.46298721313476565,0.008382568359375,9.666448516845703
1748972805315,0.45684997558593754,0.022902374267578126,9.690548400878907
1748972805381,-0.17797988891601563,-0.44143203735351566,9.983339538574219
1748972805447,0.6592291259765626,-0.0473016357421875,9.683662719726563
1748972805514,0.0401165771484375,-0.053438873291015626,9.75865676879883
1748972805581,0.24474105834960938,-0.09295669555664063,9.726922760009765
1748972805647,0.40670425415039063,-0.08098159790039063,9.72138427734375
1748972805714,0.2652484130859375,-0.06616241455078126,9.726024627685547
1748972805781,0.4866380310058594,-0.0592767333984375,9.700876922607423
1748972805847,0.10972183227539063,-0.089813232421875,9.754615173339845
1748972805914,0.25581802368164064,-0.09310638427734376,9.735904083251954
1748972805981,-0.17408798217773438,0.00269439697265625,9.720785522460938
1748972806047,0.17753082275390625,-0.11091934204101563,9.761650543212891
1748972806115,0.33724868774414063,-0.12843292236328124,9.760902099609375
1748972806181,0.2966830444335938,-0.05014572143554688,9.722881164550781
1748972806247,0.4273612976074219,0.002544708251953125,9.697583770751953
1748972806314,0.41463775634765626,0.0143701171875,9.677226104736329
1748972806381,0.3764671325683594,-0.07679031372070313,9.721983032226563
1748972806447,0.37122802734375004,-0.08846603393554688,9.716145172119141
1748972806514,0.3180885314941406,-0.06721023559570313,9.728120269775392
1748972806581,0.3088078308105469,-0.07229965209960938,9.72572525024414
1748972806647,0.28261230468750004,-0.07349716186523438,9.70551727294922
1748972806714,0.29758117675781254,-0.060174865722656255,9.711504821777345
1748972806781,0.3288661193847656,-0.08277786254882813,9.720186767578125
1748972806848,0.2963836669921875,-0.05059478759765625,9.727222137451172
1748972806940,0.35161880493164066,-0.0772393798828125,9.724527740478516
1748972806981,0.3251239013671875,-0.06945556640625,9.719288635253907
1748972807047,0.3255729675292969,-0.060474243164062504,9.716594238281251
1748972807114,0.3335064697265625,-0.06691085815429688,9.720037078857422
1748972807181,0.3135978698730469,-0.06870712280273437,9.731712799072266
1748972807247,0.295784912109375,-0.07574249267578126,9.728269958496094
1748972807314,0.32302825927734374,-0.07065307617187501,9.720785522460938
1748972807381,0.3243754577636719,-0.06197113037109375,9.727371826171876
1748972807447,0.33769775390625,-0.06301895141601563,9.711055755615234
1748972807515,0.33290771484375004,-0.06721023559570313,9.717941436767578
1748972807581,0.3212319946289063,-0.06541397094726563,9.722731475830079
1748972807647,0.38050872802734376,-0.07259902954101563,9.722881164550781
1748972807714,0.31344818115234374,-0.0556842041015625,9.61929656982422
1748972807781,0.34129028320312504,-0.08876541137695312,9.71704330444336
1748972807847,0.2915936279296875,-0.07469467163085938,9.716893615722658
1748972807914,0.3525169372558594,-0.06676116943359375,9.721533966064454
1748972807981,0.3550616455078125,-0.04535568237304688,9.703571319580078
1748972808047,0.3980223083496094,-0.08966354370117188,9.740694122314453
1748972808114,0.4525090026855469,-0.02784210205078125,9.716145172119141
1748972808181,0.21989273071289064,-0.06421646118164062,9.739346923828126
1748972808247,0.29309051513671874,-0.07020401000976563,9.726324005126953
1748972808314,0.3155438232421875,-0.03817062377929688,9.725276184082032
1748972808381,0.32287857055664065,-0.060923309326171876,9.72183334350586
1748972808447,0.31719039916992187,-0.037272491455078126,9.711654510498047
1748972808514,0.32108230590820314,-0.08846603393554688,9.720037078857422
1748972808581,0.3442840576171875,-0.05553451538085938,9.72138427734375
1748972808647,0.3688330078125,-0.0652642822265625,9.716743927001954
1748972808714,0.35476226806640626,-0.062420196533203125,9.715546417236329
1748972808781,0.31180160522460937,-0.07259902954101563,9.71943832397461
1748972808847,0.3106040954589844,-0.061072998046875,9.722581787109375
1748972808914,0.3338058471679688,-0.0718505859375,9.719737701416015
1748972808981,0.36284545898437504,-0.0622705078125,9.715995483398437
1748972809047,0.3040177917480469,-0.08128097534179687,9.72707244873047
1748972809114,0.3483256530761719,-0.06391708374023437,9.728868713378906
1748972809181,0.32781829833984377,-0.0712518310546875,9.714797973632812
1748972809247,0.31329849243164065,-0.067060546875,9.715247039794923
1748972809314,0.3435356140136719,-0.0544866943359375,9.718240814208984
1748972809381,0.3207829284667969,-0.06391708374023437,9.719737701416015
1748972809447,0.3177891540527344,-0.05957611083984375,9.723779296875
1748972809514,0.33545242309570317,-0.06721023559570313,9.722282409667969
1748972809581,0.3418890380859375,-0.062120819091796876,9.714797973632812
1748972809647,0.3342549133300781,-0.058528289794921876,9.719288635253907
1748972809715,0.3387455749511719,-0.05553451538085938,9.723479919433593
1748972809781,0.31674133300781254,-0.06032455444335938,9.71943832397461
1748972809847,0.3070115661621094,-0.07409591674804687,9.730066223144531
1748972809914,0.34084121704101566,-0.06466552734375,9.72138427734375
1748972809981,0.36060012817382814,-0.04894821166992188,9.71270233154297
1748972810047,0.354462890625,-0.054187316894531254,9.722432098388673
1748972810115,0.3438349914550781,-0.05134323120117188,9.710007934570314
1748972810181,0.29788055419921877,-0.06346801757812501,9.736053771972657
1748972810247,0.3131488037109375,-0.06721023559570313,9.732610931396485
1748972810315,0.3219804382324219,-0.06466552734375,9.725575561523438
1748972810381,0.3546125793457031,-0.06676116943359375,9.715845794677735
1748972810447,0.3320095825195313,-0.060923309326171876,9.73291030883789
1748972810515,0.32063323974609376,-0.07110214233398438,9.721983032226563
1748972810581,0.33365615844726565,-0.0688568115234375,9.72138427734375
1748972810647,0.33724868774414063,-0.06676116943359375,9.716893615722658
1748972810714,0.32587234497070316,-0.06541397094726563,9.728868713378906
1748972810781,0.34129028320312504,-0.06032455444335938,9.722432098388673
1748972810847,0.39966888427734376,-0.05703140258789063,9.709708557128907
1748972810914,0.3159928894042969,-0.05433700561523438,9.711953887939453
1748972810981,0.34203872680664066,-0.06391708374023437,9.726473693847657
1748972811047,0.228724365234375,-0.06990463256835938,9.7285693359375
1748972811115,0.3034190368652344,-0.054636383056640626,9.723030853271485
1748972811181,0.30491592407226564,-0.0712518310546875,9.719288635253907
1748972811247,0.32183074951171875,-0.053887939453125006,9.7285693359375
1748972811314,0.32108230590820314,-0.07229965209960938,9.714797973632812
1748972811381,0.3116519165039063,-0.06825805664062501,9.715396728515625
1748972811447,0.3291654968261719,-0.06721023559570313,9.723928985595704
1748972811515,0.3591032409667969,-0.08128097534179687,9.727970581054688
1748972811581,0.31524444580078126,-0.057330780029296875,9.718091125488282
1748972811647,0.31823822021484377,-0.07334747314453126,9.721533966064454
1748972811715,0.35221755981445313,-0.06780899047851563,9.723928985595704
1748972811781,0.5530998229980469,-0.06077362060546875,9.71135513305664
1748972811847,0.4122427368164063,-0.053738250732421874,9.70746322631836
1748972811941,0.3381468200683594,-0.052690429687500005,9.714797973632812
1748972811981,0.29294082641601565,-0.06855743408203126,9.724827117919922
1748972812047,0.3489244079589844,-0.06197113037109375,9.718240814208984
1748972812115,0.3523672485351563,-0.04805007934570313,9.713600463867188
1748972812181,0.33545242309570317,-0.05748046875,9.712103576660157
1748972812247,0.3469784545898438,-0.06511459350585938,9.706565093994142
1748972812314,0.3303630065917969,-0.05718109130859375,9.722881164550781
1748972812381,0.3200344848632813,-0.061072998046875,9.731712799072266
1748972812447,0.33141082763671875,-0.05583389282226563,9.713899841308594
1748972812514,0.3362008666992188,-0.07499404907226563,9.724078674316408
1748972812581,0.3399430847167969,-0.07394622802734375,9.7189892578125
1748972812647,0.34667907714843754,-0.05194198608398438,9.715845794677735
1748972812714,0.3065625,-0.07514373779296875,9.726024627685547
1748972812781,0.3239263916015625,-0.05942642211914063,9.722282409667969
1748972812847,0.3209326171875,-0.06990463256835938,9.724976806640626
1748972812914,0.3308120727539063,-0.061072998046875,9.719588012695313
1748972812981,0.3375480651855469,-0.061072998046875,9.716145172119141
1748972813047,0.37122802734375004,-0.056582336425781254,9.6998291015625
1748972813114,0.4005670166015625,-0.07020401000976563,9.71270233154297
1748972813181,0.2962339782714844,-0.059725799560546876,9.723330230712891
1748972813247,0.3429368591308594,-0.05718109130859375,9.709558868408203
1748972813314,0.4303550720214844,-0.08038284301757813,9.73425750732422
1748972813381,0.2513273620605469,-0.08801696777343751,9.725575561523438
1748972813447,0.3384461975097656,-0.06301895141601563,9.720785522460938
1748972813514,0.37556900024414064,-0.0712518310546875,9.719588012695313
1748972813581,0.29832962036132815,-0.07110214233398438,9.739795989990235
1748972813647,0.2827619934082031,-0.05134323120117188,9.716743927001954
1748972813714,0.2951861572265625,-0.06945556640625,9.730066223144531
1748972813781,0.45684997558593754,-0.001945953369140625,9.688602447509766
1748972813847,0.37077896118164066,-0.11017089843750001,9.733509063720703
1748972813914,0.25806335449218754,-0.0724493408203125,9.73096435546875
1748972813981,0.3116519165039063,-0.055384826660156254,9.726922760009765
1748972814047,0.35581008911132816,-0.06316864013671876,9.71943832397461
1748972814114,0.3956272888183594,-0.05882766723632813,9.72138427734375
1748972814181,0.2640509033203125,-0.06511459350585938,9.737850036621094
1748972814247,0.3279679870605469,-0.06661148071289062,9.718689880371095
1748972814315,0.3062631225585938,-0.046403503417968756,9.703421630859376
1748972814381,0.3489244079589844,-0.06152206420898438,9.723479919433593
1748972814447,0.3454815673828125,-0.07170089721679689,9.7189892578125
1748972814514,0.3311114501953125,-0.05718109130859375,9.71988739013672
1748972814581,0.30132339477539066,-0.04999603271484375,9.728419647216798
1748972814647,0.30491592407226564,-0.06601272583007813,9.720635833740236
1748972814715,0.3113525390625,-0.06601272583007813,9.723180541992187
1748972814781,0.35042129516601567,-0.051492919921875005,9.718390502929688
1748972814847,0.22423370361328127,-0.06735992431640625,9.718390502929688
1748972814914,0.32901580810546877,-0.06391708374023437,9.717642059326172
1748972814981,0.29413833618164065,-0.08277786254882813,9.72138427734375
1748972815047,0.33440460205078126,-0.06795867919921875,9.721084899902344
1748972815114,0.3323089599609375,-0.06361770629882812,9.724378051757814
1748972815181,0.2594105529785156,-0.076640625,9.728868713378906
1748972815247,0.31689102172851563,-0.06780899047851563,9.727671203613282
1748972815315,0.34024246215820314,-0.0622705078125,9.72662338256836
1748972815381,0.32332763671875003,-0.06391708374023437,9.718240814208984
1748972815447,0.33799713134765624,-0.0568817138671875,9.722432098388673
1748972815515,0.3373983764648438,-0.0676593017578125,9.722731475830079
1748972815581,0.3375480651855469,-0.060923309326171876,9.725425872802735
1748972815647,0.32362701416015627,-0.05882766723632813,9.727521514892578
1748972815714,0.3296145629882813,-0.061671752929687504,9.721234588623048
1748972815781,0.33709899902343754,-0.0622705078125,9.732012176513672
1748972815847,0.3338058471679688,-0.05912704467773438,9.729766845703125
1748972815914,0.3426374816894531,-0.07020401000976563,9.710457000732422
1748972815981,0.31823822021484377,-0.0622705078125,9.716294860839843
1748972816048,0.33904495239257815,-0.06346801757812501,9.72422836303711
1748972816114,0.34398468017578127,-0.06271957397460938,9.720037078857422
1748972816181,0.32901580810546877,-0.0700543212890625,9.726324005126953
1748972816248,0.32647109985351563,-0.06421646118164062,9.719737701416015
1748972816314,0.32602203369140625,-0.06721023559570313,9.72662338256836
1748972816381,0.3362008666992188,-0.0688568115234375,9.724976806640626
1748972816447,0.33021331787109376,-0.0640667724609375,9.721683654785156
1748972816515,0.31030471801757814,-0.07439529418945313,9.71988739013672
1748972816581,0.3400927734375,-0.06915618896484375,9.71988739013672
1748972816647,0.34563125610351564,-0.07409591674804687,9.720785522460938
1748972816714,0.32108230590820314,-0.0580792236328125,9.722581787109375
1748972816781,0.3303630065917969,-0.07050338745117188,9.730664978027344
1748972816848,0.3369493103027344,-0.05553451538085938,9.710606689453126
1748972816938,0.3335064697265625,-0.05763015747070313,9.714797973632812
1748972816981,0.3357518005371094,-0.06721023559570313,9.716294860839843
1748972817047,0.3384461975097656,-0.06436614990234375,9.716294860839843
1748972817114,0.42152343750000004,-0.06421646118164062,9.718240814208984
1748972817181,0.2954855346679688,-0.0718505859375,9.730066223144531
1748972817248,0.3107537841796875,-0.06376739501953126,9.728269958496094
1748972817315,0.32841705322265624,-0.06122268676757813,9.721983032226563
1748972817381,0.31644195556640625,-0.07334747314453126,9.71943832397461
1748972817448,0.32781829833984377,-0.06601272583007813,9.736353149414063
1748972817514,0.3351530456542969,-0.07020401000976563,9.72138427734375
1748972817581,0.3308120727539063,-0.06930587768554688,9.71854019165039
1748972817648,0.3288661193847656,-0.06301895141601563,9.729617156982423
1748972817714,0.3246748352050781,-0.07559280395507813,9.72901840209961
1748972817781,0.3384461975097656,-0.0640667724609375,9.722432098388673
1748972817848,0.33605117797851564,-0.06271957397460938,9.719138946533203
1748972817915,0.34338592529296874,-0.06930587768554688,9.71704330444336
1748972817981,0.3209326171875,-0.07065307617187501,9.717342681884766
1748972818048,0.32527359008789064,-0.07349716186523438,9.721983032226563
1748972818114,0.3362008666992188,-0.06346801757812501,9.716743927001954
1748972818181,0.31629226684570316,-0.05673202514648438,9.719138946533203
1748972818248,0.324525146484375,-0.06661148071289062,9.715845794677735
1748972818315,0.33410522460937503,-0.05673202514648438,9.71749237060547
1748972818381,0.36179763793945313,-0.0622705078125,9.71704330444336
1748972818447,0.3276686096191406,-0.06062393188476563,9.72033645629883
1748972818515,0.3525169372558594,-0.06331832885742188,9.725276184082032
1748972818581,0.3351530456542969,-0.07110214233398438,9.722132720947267
1748972818648,0.32587234497070316,-0.07319778442382813,9.722581787109375
1748972818714,0.30865814208984377,-0.07110214233398438,9.718091125488282
1748972818781,0.3396437072753906,-0.0532891845703125,9.720635833740236
1748972818847,0.3299139404296875,-0.06496490478515625,9.72138427734375
1748972818915,0.3525169372558594,-0.060923309326171876,9.722132720947267
1748972818981,0.3113525390625,-0.0736468505859375,9.724527740478516
1748972819047,0.35476226806640626,-0.06391708374023437,9.716743927001954
1748972819114,0.32602203369140625,-0.07035369873046875,9.7189892578125
1748972819181,0.3499722290039063,-0.036074981689453126,9.708960113525391
1748972819247,0.354462890625,-0.07050338745117188,9.721983032226563
1748972819315,0.33006362915039067,-0.06316864013671876,9.719737701416015
1748972819381,0.3369493103027344,-0.05837860107421875,9.717642059326172
1748972819447,0.30761032104492186,-0.06586303710937501,9.721084899902344
1748972819515,0.36539016723632817,-0.0622705078125,9.71315139770508
1748972819581,0.3519181823730469,-0.06840774536132813,9.720935211181642
1748972819647,0.33410522460937503,-0.054636383056640626,9.713450775146486
1748972819715,0.3158432006835938,-0.06541397094726563,9.720935211181642
1748972819781,0.3251239013671875,-0.0592767333984375,9.715097351074219
1748972819847,0.3227288818359375,-0.06676116943359375,9.72183334350586
1748972819915,0.32138168334960937,-0.06152206420898438,9.722581787109375
1748972819981,0.34787658691406254,-0.05748046875,9.705367584228517
1748972820047,0.3004252624511719,-0.06780899047851563,9.712253265380859
1748972820115,0.3394940185546875,-0.06556365966796876,9.714797973632812
1748972820181,0.36434234619140626,-0.057330780029296875,9.703421630859376
1748972820247,0.34084121704101566,-0.0532891845703125,9.711205444335938
1748972820315,0.3375480651855469,-0.06556365966796876,9.709259490966797
1748972820381,0.33260833740234375,-0.06436614990234375,9.710157623291016
1748972820448,0.34099090576171875,-0.0676593017578125,9.70746322631836
1748972820515,0.3373983764648438,-0.0622705078125,9.712103576660157
1748972820581,0.35865417480468753,-0.05718109130859375,9.720186767578125
1748972820648,0.34862503051757815,-0.061072998046875,9.715247039794923
1748972820715,0.3143463134765625,-0.06197113037109375,9.715097351074219
1748972820782,0.32901580810546877,-0.06930587768554688,9.711504821777345
1748972820848,0.34518218994140626,-0.06616241455078126,9.71854019165039
1748972820915,0.3129991149902344,-0.05837860107421875,9.714947662353516
1748972820981,0.3492237854003906,-0.06586303710937501,9.716743927001954
1748972821048,0.3131488037109375,-0.06870712280273437,9.706864471435548
1748972821115,0.38350250244140627,-0.07828720092773438,9.71988739013672
1748972821181,0.40805145263671877,-0.10627899169921876,9.709109802246095
1748972821247,0.3878434753417969,-0.05313949584960938,9.698930969238281
1748972821315,0.3189866638183594,-0.07454498291015625,9.718689880371095
1748972821381,0.30491592407226564,-0.05179229736328125,9.723030853271485
1748972821448,0.3192860412597656,-0.07589218139648438,9.714947662353516
1748972821515,0.3201841735839844,-0.07304809570312501,9.716444549560547
1748972821581,0.3459306335449219,-0.0580792236328125,9.706565093994142
1748972821648,0.2956352233886719,-0.06466552734375,9.711953887939453
1748972821715,0.36643798828125,-0.06930587768554688,9.717642059326172
1748972821781,0.32302825927734374,-0.07140151977539062,9.713899841308594
1748972821848,0.3323089599609375,-0.06930587768554688,9.700577545166016
1748972821937,0.34129028320312504,-0.05239105224609375,9.72138427734375
1748972821981,0.3092568969726563,-0.06511459350585938,9.707163848876954
1748972822047,0.27542724609375,-0.06451583862304688,9.71854019165039
1748972822115,0.30865814208984377,-0.07020401000976563,9.717791748046876
1748972822181,0.3483256530761719,-0.06990463256835938,9.700727233886719
1748972822248,0.3143463134765625,-0.06361770629882812,9.715247039794923
1748972822315,0.3085084533691406,-0.07289840698242188,9.717192993164064
1748972822381,0.3165916442871094,-0.0748443603515625,9.710157623291016
1748972822448,0.31644195556640625,-0.07110214233398438,9.70985824584961
1748972822515,0.3246748352050781,-0.07409591674804687,9.720186767578125
1748972822581,0.3373983764648438,-0.05912704467773438,9.71704330444336
1748972822648,0.33545242309570317,-0.0700543212890625,9.710756378173828
1748972822715,0.3387455749511719,-0.06616241455078126,9.713750152587892
1748972822781,0.3207829284667969,-0.06900650024414062,9.712552642822265
1748972822848,0.3276686096191406,-0.067060546875,9.70596633911133
1748972822915,0.33769775390625,-0.055085449218750006,9.71030731201172
1748972822981,0.31883697509765624,-0.07334747314453126,9.717791748046876
1748972823047,0.3423381042480469,-0.062420196533203125,9.716743927001954
1748972823115,0.32826736450195315,-0.06271957397460938,9.720486145019532
1748972823181,0.32287857055664065,-0.06466552734375,9.71270233154297
1748972823248,0.3315605163574219,-0.07214996337890625,9.712552642822265
1748972823315,0.32751892089843754,-0.0664617919921875,9.716743927001954
1748972823381,0.3465293884277344,-0.06346801757812501,9.715845794677735
1748972823447,0.32183074951171875,-0.05673202514648438,9.713600463867188
1748972823515,0.3406915283203125,-0.067060546875,9.72138427734375
1748972823581,0.3342549133300781,-0.06301895141601563,9.70701416015625
1748972823648,0.3273692321777344,-0.061072998046875,9.720486145019532
1748972823714,0.3338058471679688,-0.06391708374023437,9.715546417236329
1748972823781,0.3261717224121094,-0.05598358154296875,9.716594238281251
1748972823848,0.3266207885742188,-0.0640667724609375,9.722432098388673
1748972823915,0.3311114501953125,-0.07334747314453126,9.719737701416015
1748972823981,0.3525169372558594,-0.07065307617187501,9.72183334350586
1748972824047,0.3062631225585938,-0.05239105224609375,9.716893615722658
1748972824115,0.34218841552734375,-0.07334747314453126,9.714498596191406
1748972824181,0.3200344848632813,-0.05822891235351563,9.713001708984375
1748972824247,0.3146456909179688,-0.06601272583007813,9.721084899902344
1748972824315,0.3183879089355469,-0.06825805664062501,9.71749237060547
1748972824381,0.3373983764648438,-0.06421646118164062,9.71315139770508
1748972824447,0.3447331237792969,-0.07304809570312501,9.71180419921875
1748972824515,0.3047662353515625,-0.06002517700195313,9.708061981201173
1748972824581,0.3010240173339844,-0.0580792236328125,9.724378051757814
1748972824647,0.32677047729492187,-0.07229965209960938,9.716594238281251
1748972824715,0.32287857055664065,-0.058977355957031255,9.71464828491211
1748972824781,0.33664993286132816,-0.0628692626953125,9.724527740478516
1748972824847,0.32946487426757814,-0.06661148071289062,9.710756378173828
1748972824915,0.3243754577636719,-0.07634124755859376,9.722581787109375
1748972824981,0.3308120727539063,-0.07813751220703126,9.718689880371095
1748972825047,0.3387455749511719,-0.053887939453125006,9.697134704589844
1748972825115,0.3135978698730469,-0.06975494384765625,9.726922760009765
1748972825181,0.3189866638183594,-0.06002517700195313,9.714348907470704
1748972825247,0.32677047729492187,-0.06990463256835938,9.711205444335938
1748972825315,0.33006362915039067,-0.07035369873046875,9.717192993164064
1748972825381,0.2932402038574219,-0.07214996337890625,9.718839569091797
1748972825448,0.3715274047851563,-0.07080276489257813,9.729916534423829
1748972825515,0.3381468200683594,-0.05358856201171875,9.715396728515625
1748972825582,0.35715728759765625,-0.06661148071289062,9.70701416015625
1748972825648,0.35476226806640626,-0.053887939453125006,9.71419921875
1748972825715,0.3730242919921875,-0.09654922485351564,9.723030853271485
1748972825782,0.3212319946289063,-0.07768844604492188,9.710606689453126
1748972825847,0.38320312500000003,-0.0383203125,9.710007934570314
1748972825915,0.3255729675292969,-0.057779846191406255,9.705367584228517
1748972825982,0.3097059631347656,-0.06197113037109375,9.719288635253907
1748972826048,0.27931915283203124,-0.06795867919921875,9.715995483398437
1748972826115,0.33021331787109376,-0.06616241455078126,9.717342681884766
1748972826182,0.2998265075683594,-0.06271957397460938,9.715396728515625
1748972826248,0.33605117797851564,-0.06960525512695313,9.708061981201173
1748972826315,0.3308120727539063,-0.06721023559570313,9.724078674316408
1748972826381,0.33021331787109376,-0.0688568115234375,9.724827117919922
1748972826448,0.31090347290039066,-0.07559280395507813,9.722581787109375
1748972826515,0.316142578125,-0.07933502197265625,9.721533966064454
1748972826582,0.33829650878906253,-0.05478607177734375,9.723928985595704
1748972826647,0.30222152709960937,-0.06691085815429688,9.715396728515625
1748972826715,0.34787658691406254,-0.0664617919921875,9.714348907470704
1748972826781,0.3031196594238281,-0.07050338745117188,9.714348907470704
1748972826848,0.31404693603515627,-0.05748046875,9.71854019165039
1748972826934,0.31943572998046876,-0.049097900390625004,9.715995483398437
1748972826981,0.3011737060546875,-0.08352630615234376,9.730515289306641
1748972827047,0.31868728637695315,-0.06466552734375,9.72422836303711
1748972827115,0.32362701416015627,-0.06676116943359375,9.722881164550781
1748972827181,0.3296145629882813,-0.07110214233398438,9.715546417236329
1748972827248,0.3426374816894531,-0.06810836791992188,9.718390502929688
1748972827314,0.32751892089843754,-0.060923309326171876,9.72138427734375
1748972827382,0.3242257690429688,-0.06855743408203126,9.717192993164064
1748972827448,0.32213012695312504,-0.07259902954101563,9.71854019165039
1748972827515,0.3249742126464844,-0.07095245361328126,9.720037078857422
1748972827581,0.30805938720703124,-0.07424560546875,9.718240814208984
1748972827648,0.31853759765625,-0.06780899047851563,9.716145172119141
1748972827715,0.32063323974609376,-0.07214996337890625,9.729617156982423
1748972827782,0.2932402038574219,-0.0664617919921875,9.73141342163086
1748972827848,0.31943572998046876,-0.07469467163085938,9.724827117919922
1748972827915,0.326920166015625,-0.06466552734375,9.717791748046876
1748972827982,0.3234773254394531,-0.07499404907226563,9.722282409667969
1748972828048,0.3303630065917969,-0.0652642822265625,9.728719024658204
1748972828115,0.32841705322265624,-0.06256988525390625,9.723928985595704
1748972828182,0.3119512939453125,-0.07349716186523438,9.718689880371095
1748972828248,0.3254232788085938,-0.08053253173828126,9.727820892333986
1748972828315,0.3035687255859375,-0.07214996337890625,9.722581787109375
1748972828382,0.3113525390625,-0.06960525512695313,9.720635833740236
1748972828448,0.33664993286132816,-0.07080276489257813,9.723928985595704
1748972828515,0.3276686096191406,-0.06496490478515625,9.723180541992187
1748972828582,0.3201841735839844,-0.07110214233398438,9.729766845703125
1748972828648,0.3215313720703125,-0.053887939453125006,9.7189892578125
1748972828715,0.310155029296875,-0.06616241455078126,9.725276184082032
1748972828782,0.31105316162109375,-0.06152206420898438,9.72138427734375
1748972828848,0.29533584594726564,-0.06451583862304688,9.722731475830079
1748972828915,0.3285667419433594,-0.06002517700195313,9.729317779541017
1748972828982,0.3135978698730469,-0.06990463256835938,9.726922760009765
1748972829048,0.3124003601074219,-0.07050338745117188,9.722282409667969
1748972829115,0.3396437072753906,-0.06945556640625,9.711654510498047
1748972829182,0.33141082763671875,-0.06122268676757813,9.721683654785156
1748972829247,0.3296145629882813,-0.06616241455078126,9.724078674316408
1748972829315,0.33171020507812504,-0.07050338745117188,9.716145172119141
1748972829382,0.3350033569335938,-0.07035369873046875,9.714049530029298
1748972829447,0.31988479614257814,-0.07155120849609375,9.730066223144531
1748972829515,0.29488677978515626,-0.0676593017578125,9.717192993164064
1748972829582,0.3391946411132813,-0.06062393188476563,9.714797973632812
1748972829647,0.3391946411132813,-0.06721023559570313,9.715396728515625
1748972829714,0.32841705322265624,-0.06511459350585938,9.715097351074219
1748972829782,0.3415896606445313,-0.06436614990234375,9.716294860839843
1748972829847,0.3203338623046875,-0.058528289794921876,9.713301086425782
1748972829915,0.33066238403320314,-0.06721023559570313,9.709409179687501
1748972829982,0.3299139404296875,-0.06676116943359375,9.720635833740236
1748972830047,0.33485366821289064,-0.0688568115234375,9.718839569091797
1748972830115,0.3192860412597656,-0.067060546875,9.708361358642579
1748972830182,0.3227288818359375,-0.060923309326171876,9.713301086425782
1748972830247,0.336500244140625,-0.07155120849609375,9.713600463867188
1748972830315,0.33126113891601566,-0.06780899047851563,9.721234588623048
1748972830382,0.3094065856933594,-0.07768844604492188,9.719288635253907
1748972830448,0.3177891540527344,-0.054636383056640626,9.720785522460938
1748972830515,0.3299139404296875,-0.06795867919921875,9.714049530029298
1748972830582,0.32871643066406253,-0.061671752929687504,9.710756378173828
1748972830648,0.3291654968261719,-0.06975494384765625,9.716145172119141
1748972830715,0.32811767578125,-0.06676116943359375,9.710756378173828
1748972830782,0.33290771484375004,-0.06421646118164062,9.71704330444336
1748972830848,0.32227981567382813,-0.0664617919921875,9.713001708984375
1748972830915,0.31569351196289064,-0.060174865722656255,9.710906066894532
1748972830982,0.31689102172851563,-0.06601272583007813,9.723330230712891
1748972831047,0.3430865478515625,-0.06496490478515625,9.708960113525391
1748972831115,0.32587234497070316,-0.06062393188476563,9.711205444335938
1748972831182,0.3170407104492188,-0.06571334838867188,9.710007934570314
1748972831248,0.30551467895507817,-0.06870712280273437,9.724527740478516
1748972831315,0.33545242309570317,-0.07200027465820313,9.709259490966797
1748972831381,0.31255004882812504,-0.0814306640625,9.714348907470704
1748972831448,0.32362701416015627,-0.076640625,9.715097351074219
1748972831515,0.3381468200683594,-0.06556365966796876,9.717642059326172
1748972831582,0.3249742126464844,-0.07080276489257813,9.716743927001954
1748972831647,0.34727783203125,-0.07334747314453126,9.721234588623048
1748972831715,0.34099090576171875,-0.07394622802734375,9.71988739013672
1748972831782,0.3113525390625,-0.06601272583007813,9.711055755615234
1748972831848,0.32362701416015627,-0.06691085815429688,9.72138427734375
1748972831940,0.33485366821289064,-0.06676116943359375,9.715696105957031
1748972831981,0.32527359008789064,-0.07918533325195314,9.718689880371095
1748972832047,0.3201841735839844,-0.055384826660156254,9.719288635253907
1748972832115,0.33021331787109376,-0.0664617919921875,9.715247039794923
1748972832182,0.3058140563964844,-0.06556365966796876,9.710157623291016
1748972832248,0.32647109985351563,-0.0652642822265625,9.719588012695313
1748972832315,0.34338592529296874,-0.058977355957031255,9.708361358642579
1748972832382,0.30985565185546876,-0.07140151977539062,9.713450775146486
1748972832448,0.33485366821289064,-0.06271957397460938,9.715247039794923
1748972832515,0.3454815673828125,-0.06481521606445313,9.713450775146486
1748972832582,0.3146456909179688,-0.06391708374023437,9.72033645629883
1748972832648,0.3212319946289063,-0.056133270263671875,9.71030731201172
1748972832715,0.3276686096191406,-0.06331832885742188,9.713750152587892
1748972832782,0.3288661193847656,-0.07873626708984376,9.720037078857422
1748972832847,0.335302734375,-0.07095245361328126,9.709708557128907
1748972832915,0.3477268981933594,-0.07289840698242188,9.716294860839843
1748972832982,0.32227981567382813,-0.07409591674804687,9.722132720947267
1748972833048,0.3285667419433594,-0.06316864013671876,9.715845794677735
1748972833115,0.3387455749511719,-0.06691085815429688,9.708061981201173
1748972833182,0.33126113891601566,-0.06152206420898438,9.714498596191406
1748972833248,0.3291654968261719,-0.07798782348632813,9.720037078857422
1748972833315,0.32362701416015627,-0.06346801757812501,9.715995483398437
1748972833382,0.3227288818359375,-0.06915618896484375,9.714348907470704
1748972833448,0.3050656127929688,-0.06391708374023437,9.710606689453126
1748972833515,0.33006362915039067,-0.06840774536132813,9.708960113525391
1748972833582,0.42272094726562504,-0.07170089721679689,9.719138946533203
1748972833648,0.3438349914550781,-0.04296066284179688,9.71315139770508
1748972833715,0.2962339782714844,-0.07080276489257813,9.711205444335938
1748972833782,0.30686187744140625,-0.06631210327148437,9.722432098388673
1748972833848,0.31180160522460937,-0.06825805664062501,9.71464828491211
1748972833915,0.31748977661132816,-0.05882766723632813,9.71749237060547
1748972833982,0.31793884277343754,-0.07753875732421875,9.732311553955078
1748972834047,0.32257919311523436,-0.06376739501953126,9.716444549560547
1748972834115,0.3315605163574219,-0.0676593017578125,9.716444549560547
1748972834182,0.28695327758789063,-0.080233154296875,9.727671203613282
1748972834247,0.3207829284667969,-0.07708969116210938,9.724378051757814
1748972834315,0.046403503417968756,-0.05358856201171875,9.733509063720703
1748972834382,0.3523672485351563,-0.055384826660156254,9.72707244873047
1748972834448,0.3237767028808594,-0.07304809570312501,9.721084899902344
1748972834515,0.3826043701171875,-0.06586303710937501,9.71135513305664
1748972834582,0.32572265625,-0.07170089721679689,9.723180541992187
1748972834647,0.4195774841308594,-0.08322692871093751,9.70746322631836
1748972834715,0.32706985473632816,-0.045505371093750004,9.709708557128907
1748972834782,0.317340087890625,-0.05957611083984375,9.723330230712891
1748972834847,0.3610491943359375,-0.07110214233398438,9.716594238281251
1748972834915,0.32213012695312504,-0.05912704467773438,9.724976806640626
1748972834982,0.326920166015625,-0.06676116943359375,9.722132720947267
1748972835047,0.34667907714843754,-0.06586303710937501,9.734107818603515
1748972835116,0.33679962158203125,-0.062420196533203125,9.71315139770508
1748972835181,0.34817596435546877,-0.06900650024414062,9.711504821777345
1748972835247,0.32946487426757814,-0.06391708374023437,9.722132720947267
1748972835315,0.3261717224121094,-0.06451583862304688,9.727521514892578
1748972835382,0.32108230590820314,-0.07544311523437501,9.727222137451172
1748972835447,0.3303630065917969,-0.06825805664062501,9.720186767578125
1748972835515,0.31329849243164065,-0.06541397094726563,9.722132720947267
1748972835581,0.3158432006835938,-0.0718505859375,9.71419921875
1748972835648,0.31748977661132816,-0.07035369873046875,9.720785522460938
1748972835715,0.32811767578125,-0.06721023559570313,9.721084899902344
1748972835782,0.31629226684570316,-0.06062393188476563,9.7285693359375
1748972835847,0.3333567810058594,-0.05912704467773438,9.711504821777345
1748972835915,0.3308120727539063,-0.06721023559570313,9.721983032226563
1748972835982,0.34368530273437503,-0.067060546875,9.714797973632812
1748972836048,0.3309617614746094,-0.06855743408203126,9.720186767578125
1748972836115,0.3335064697265625,-0.06541397094726563,9.723330230712891
1748972836182,0.3350033569335938,-0.06571334838867188,9.718689880371095
1748972836248,0.33410522460937503,-0.06556365966796876,9.723030853271485
1748972836315,0.3285667419433594,-0.0676593017578125,9.72572525024414
1748972836381,0.3242257690429688,-0.07514373779296875,9.729617156982423
1748972836448,0.3106040954589844,-0.062120819091796876,9.717791748046876
1748972836515,0.3299139404296875,-0.076640625,9.721234588623048
1748972836581,0.3203338623046875,-0.067060546875,9.716145172119141
1748972836648,0.31449600219726564,-0.06870712280273437,9.71854019165039
1748972836715,0.3203338623046875,-0.06451583862304688,9.721533966064454
1748972836781,0.33560211181640626,-0.05553451538085938,9.716893615722658
1748972836848,0.3131488037109375,-0.06182144165039063,9.719288635253907
1748972836938,0.30790969848632815,-0.0712518310546875,9.71988739013672
1748972836981,0.3254232788085938,-0.07768844604492188,9.727222137451172
1748972837047,0.3215313720703125,-0.05748046875,9.721084899902344
1748972837115,0.3227288818359375,-0.06930587768554688,9.724378051757814
1748972837181,0.3320095825195313,-0.061372375488281256,9.72033645629883
1748972837248,0.3477268981933594,-0.06691085815429688,9.717642059326172
1748972837315,0.3082090759277344,-0.06466552734375,9.723629608154297
1748972837381,0.3335064697265625,-0.07259902954101563,9.721234588623048
1748972837448,0.32168106079101566,-0.06616241455078126,9.71749237060547
1748972837515,0.34203872680664066,-0.06750961303710938,9.720935211181642
1748972837581,0.31569351196289064,-0.08038284301757813,9.715696105957031
1748972837648,0.3251239013671875,-0.06691085815429688,9.7189892578125
1748972837715,0.3285667419433594,-0.06915618896484375,9.723030853271485
1748972837781,0.3288661193847656,-0.07634124755859376,9.724527740478516
1748972837851,0.32647109985351563,-0.06975494384765625,9.72033645629883
1748972837915,0.3291654968261719,-0.06496490478515625,9.717791748046876
1748972837981,0.3311114501953125,-0.067060546875,9.716743927001954
1748972838048,0.32108230590820314,-0.07035369873046875,9.716594238281251
1748972838115,0.34129028320312504,-0.07394622802734375,9.716594238281251
1748972838181,0.3538641357421875,-0.07828720092773438,9.723779296875
1748972838248,0.3155438232421875,-0.057330780029296875,9.730664978027344
1748972838315,0.32482452392578126,-0.06990463256835938,9.716594238281251
1748972838381,0.30805938720703124,-0.0868194580078125,9.728419647216798
1748972838447,0.3279679870605469,-0.06436614990234375,9.72033645629883
1748972838515,0.33215927124023437,-0.08726852416992188,9.74428665161133
1748972838581,0.2902464294433594,-0.06122268676757813,9.713899841308594
1748972838648,0.28770172119140625,-0.05882766723632813,9.731263732910156
1748972838715,0.2956352233886719,-0.07798782348632813,9.722432098388673
1748972838781,0.27422973632812503,-0.06077362060546875,9.724078674316408
1748972838848,0.31105316162109375,-0.06676116943359375,9.722731475830079
1748972838915,0.35281631469726565,-0.06616241455078126,9.737101593017579
1748972838981,0.33440460205078126,-0.07304809570312501,9.718240814208984
1748972839047,0.3126997375488281,-0.06421646118164062,9.729916534423829
1748972839115,0.3638932800292969,-0.06691085815429688,9.714947662353516
1748972839181,0.3492237854003906,-0.05598358154296875,9.716893615722658
1748972839250,0.34787658691406254,-0.052241363525390626,9.715247039794923
1748972839315,0.3507206726074219,-0.07110214233398438,9.713750152587892
1748972839381,0.33021331787109376,-0.05942642211914063,9.726922760009765
1748972839450,0.30865814208984377,-0.0508941650390625,9.721084899902344
1748972839515,0.2878514099121094,-0.0718505859375,9.728868713378906
1748972839581,0.32527359008789064,-0.05912704467773438,9.711504821777345
1748972839650,0.3192860412597656,-0.07304809570312501,9.724827117919922
1748972839716,0.33290771484375004,-0.0640667724609375,9.720635833740236
1748972839781,0.45759841918945315,-0.15088623046875002,9.829908599853516
1748972839850,0.607137451171875,-0.018860778808593753,9.722881164550781
1748972839915,0.40161483764648437,-0.03861968994140625,9.705217895507813
1748972839981,-0.03742218017578125,-0.06556365966796876,9.72617431640625
1748972840050,0.23561004638671876,-0.06915618896484375,9.728120269775392
1748972840114,0.3359014892578125,-0.06481521606445313,9.728269958496094
1748972840181,0.34024246215820314,-0.06975494384765625,9.711504821777345
1748972840250,0.3050656127929688,-0.0568817138671875,9.722132720947267
1748972840315,0.35820510864257815,-0.06511459350585938,9.714498596191406
1748972840381,0.33979339599609376,-0.05718109130859375,9.721234588623048
1748972840451,0.3246748352050781,-0.06466552734375,9.723180541992187
1748972840514,0.3375480651855469,-0.0664617919921875,9.72183334350586
1748972840581,0.33126113891601566,-0.06616241455078126,9.72033645629883
1748972840649,0.33679962158203125,-0.0664617919921875,9.73904754638672
1748972840717,0.3311114501953125,-0.07828720092773438,9.732012176513672
1748972840781,0.3237767028808594,-0.05822891235351563,9.72033645629883
1748972840850,0.32826736450195315,-0.06391708374023437,9.722432098388673
1748972840914,0.338895263671875,-0.062420196533203125,9.719737701416015
1748972840981,0.33021331787109376,-0.0724493408203125,9.727222137451172
1748972841051,0.33126113891601566,-0.048648834228515625,9.71988739013672
1748972841114,0.3309617614746094,-0.06301895141601563,9.717941436767578
1748972841181,0.3423381042480469,-0.07155120849609375,9.719288635253907
1748972841249,0.32332763671875003,-0.06511459350585938,9.718240814208984
1748972841315,0.3058140563964844,-0.0676593017578125,9.722731475830079
1748972841381,0.307760009765625,-0.07409591674804687,9.718091125488282
1748972841450,0.32587234497070316,-0.0736468505859375,9.72183334350586
1748972841514,0.33006362915039067,-0.0568817138671875,9.719737701416015
1748972841581,0.3285667419433594,-0.06900650024414062,9.721533966064454
1748972841649,0.29907806396484377,-0.06197113037109375,9.719288635253907
1748972841714,0.3043171691894531,-0.07544311523437501,9.70551727294922
1748972841781,0.3291654968261719,-0.07499404907226563,9.726024627685547
1748972841850,0.3165916442871094,-0.07349716186523438,9.721533966064454
1748972841933,0.3219804382324219,-0.06466552734375,9.721084899902344
1748972841981,0.31374755859375003,-0.05763015747070313,9.719138946533203
1748972842049,0.32257919311523436,-0.07828720092773438,9.723629608154297
1748972842114,0.30132339477539066,-0.06855743408203126,9.727521514892578
1748972842181,0.3629951477050781,-0.08113128662109376,9.723030853271485
1748972842249,0.36000137329101567,-0.0652642822265625,9.72467742919922
1748972842314,0.3288661193847656,-0.06990463256835938,9.727222137451172
1748972842381,0.32811767578125,-0.06466552734375,9.723030853271485
1748972842450,0.3231779479980469,-0.06780899047851563,9.73096435546875
1748972842514,0.3203338623046875,-0.0748443603515625,9.718240814208984
1748972842581,0.32721954345703125,-0.061671752929687504,9.72467742919922
1748972842650,0.3339555358886719,-0.06825805664062501,9.725126495361328
1748972842714,0.32602203369140625,-0.07065307617187501,9.729467468261719
1748972842781,0.32138168334960937,-0.0568817138671875,9.72572525024414
1748972842850,0.3285667419433594,-0.0580792236328125,9.718689880371095
1748972842914,0.3403921508789063,-0.06930587768554688,9.719737701416015
1748972842981,0.32841705322265624,-0.07694000244140625,9.726024627685547
1748972843050,0.3112028503417969,-0.06930587768554688,9.728868713378906
1748972843114,0.30686187744140625,-0.07334747314453126,9.727671203613282
1748972843181,0.326920166015625,-0.06810836791992188,9.717642059326172
1748972843249,0.31988479614257814,-0.0664617919921875,9.720785522460938
1748972843314,0.3303630065917969,-0.060174865722656255,9.715546417236329
1748972843381,0.33769775390625,-0.0652642822265625,9.721533966064454
1748972843450,0.3242257690429688,-0.06511459350585938,9.727371826171876
1748972843514,0.33410522460937503,-0.05523513793945313,9.71419921875
1748972843581,0.32871643066406253,-0.06062393188476563,9.711055755615234
1748972843649,0.3445834350585938,-0.06855743408203126,9.727970581054688
1748972843714,0.33979339599609376,-0.07050338745117188,9.720037078857422
1748972843781,0.33829650878906253,-0.07155120849609375,9.723180541992187
1748972843850,0.34129028320312504,-0.07619155883789062,9.724378051757814
1748972843914,0.3276686096191406,-0.0712518310546875,9.716743927001954
1748972843981,0.34099090576171875,-0.07349716186523438,9.721983032226563
1748972844049,0.3303630065917969,-0.06541397094726563,9.717791748046876
1748972844114,0.30731094360351563,-0.0676593017578125,9.723030853271485
1748972844181,0.32302825927734374,-0.06975494384765625,9.721983032226563
1748972844249,0.33260833740234375,-0.06721023559570313,9.715396728515625
1748972844314,0.32302825927734374,-0.05912704467773438,9.724527740478516
1748972844381,0.32871643066406253,-0.07304809570312501,9.724078674316408
1748972844449,0.32841705322265624,-0.07050338745117188,9.731263732910156
1748972844514,0.31689102172851563,-0.06721023559570313,9.72138427734375
1748972844581,0.310155029296875,-0.07319778442382813,9.72662338256836
1748972844649,0.30671218872070316,-0.06556365966796876,9.715247039794923
1748972844714,0.30686187744140625,-0.06511459350585938,9.722132720947267
1748972844781,0.32901580810546877,-0.06750961303710938,9.723479919433593
1748972844850,0.3234773254394531,-0.06990463256835938,9.73291030883789
1748972844914,0.3251239013671875,-0.08187973022460938,9.720037078857422
1748972844981,0.3150947570800781,-0.06496490478515625,9.728269958496094
1748972845050,0.3155438232421875,-0.07379653930664062,9.722731475830079
1748972845114,0.31569351196289064,-0.06960525512695313,9.717642059326172
1748972845181,0.33979339599609376,-0.06691085815429688,9.715696105957031
1748972845250,0.35281631469726565,-0.062420196533203125,9.725276184082032
1748972845314,0.3423381042480469,-0.05882766723632813,9.722581787109375
1748972845381,0.33141082763671875,-0.06571334838867188,9.714797973632812
1748972845450,0.326920166015625,-0.07334747314453126,9.727671203613282
1748972845514,0.31868728637695315,-0.07544311523437501,9.717192993164064
1748972845581,0.34338592529296874,-0.0628692626953125,9.721533966064454
1748972845649,0.32407608032226565,-0.060174865722656255,9.71854019165039
1748972845714,0.37167709350585937,-0.06391708374023437,9.728419647216798
1748972845781,0.3147953796386719,-0.07020401000976563,9.716893615722658
1748972845849,0.3381468200683594,-0.06421646118164062,9.721683654785156
1748972845914,0.33245864868164066,-0.07155120849609375,9.712253265380859
1748972845981,0.30716125488281254,-0.06466552734375,9.720486145019532
1748972846049,0.3661386108398438,-0.06451583862304688,9.730215911865235
1748972846114,0.3254232788085938,-0.06586303710937501,9.72662338256836
1748972846181,0.3227288818359375,-0.07349716186523438,9.71749237060547
1748972846249,0.3393443298339844,-0.06691085815429688,9.730365600585937
1748972846314,0.36000137329101567,-0.06032455444335938,9.724976806640626
1748972846381,0.2817141723632813,-0.08187973022460938,9.72033645629883
1748972846450,0.2915936279296875,-0.06810836791992188,9.720935211181642
1748972846514,0.30072463989257814,-0.06571334838867188,9.718390502929688
1748972846581,0.2796185302734375,-0.08367599487304687,9.73575439453125
1748972846649,0.30147308349609375,-0.0568817138671875,9.723180541992187
1748972846717,0.3514691162109375,-0.055085449218750006,9.729317779541017
1748972846781,0.3305126953125,-0.06691085815429688,9.721234588623048
1748972846851,0.34338592529296874,-0.0688568115234375,9.716594238281251
1748972846934,0.3400927734375,-0.05703140258789063,9.721234588623048
1748972846981,0.3752696228027344,-0.0718505859375,9.721084899902344
1748972847049,0.36479141235351564,-0.06780899047851563,9.721084899902344
1748972847114,0.34503250122070317,-0.06571334838867188,9.715396728515625
1748972847181,0.3309617614746094,-0.07080276489257813,9.7189892578125
1748972847250,0.32063323974609376,-0.06795867919921875,9.72138427734375
1748972847314,0.3406915283203125,-0.0712518310546875,9.715247039794923
1748972847381,0.3165916442871094,-0.06930587768554688,9.72422836303711
1748972847450,0.33560211181640626,-0.07259902954101563,9.727671203613282
1748972847514,0.33021331787109376,-0.06840774536132813,9.715097351074219
1748972847581,0.34398468017578127,-0.06631210327148437,9.71464828491211
1748972847649,0.3499722290039063,-0.0622705078125,9.718839569091797
1748972847714,0.34248779296875004,-0.06376739501953126,9.727371826171876
1748972847781,0.354462890625,-0.0688568115234375,9.719588012695313
1748972847850,0.34727783203125,-0.06631210327148437,9.726324005126953
1748972847914,0.3231779479980469,-0.07140151977539062,9.725126495361328
1748972847981,0.3487747192382813,-0.06586303710937501,9.726473693847657
1748972848050,0.29488677978515626,-0.06915618896484375,9.732760620117189
1748972848114,0.4123924255371094,-0.06945556640625,9.72033645629883
1748972848181,0.33635055541992187,-0.06810836791992188,9.717642059326172
1748972848249,0.3597019958496094,-0.053438873291015626,9.717791748046876
1748972848316,0.34203872680664066,-0.06855743408203126,9.721683654785156
1748972848381,0.3094065856933594,-0.06721023559570313,9.718091125488282
1748972848449,0.32587234497070316,-0.06795867919921875,9.714498596191406
1748972848514,0.33320709228515627,-0.06631210327148437,9.71315139770508
1748972848581,0.3231779479980469,-0.06391708374023437,9.706415405273438
1748972848650,0.36000137329101567,-0.06750961303710938,9.700427856445312
1748972848714,0.34203872680664066,-0.05912704467773438,9.700876922607423
1748972848781,0.3406915283203125,-0.07065307617187501,9.709409179687501
1748972848849,0.3088078308105469,-0.06466552734375,9.700727233886719
1748972848914,0.33724868774414063,-0.07604187011718751,9.701325988769531
1748972848981,0.32721954345703125,-0.06481521606445313,9.701026611328125
1748972849049,0.3200344848632813,-0.06077362060546875,9.6902490234375
1748972849114,0.31793884277343754,-0.06616241455078126,9.702224121093751
1748972849181,0.3288661193847656,-0.07768844604492188,9.693691864013672
1748972849250,0.3285667419433594,-0.06301895141601563,9.689949645996094
1748972849315,0.32302825927734374,-0.06346801757812501,9.701775054931641
1748972849382,0.32602203369140625,-0.06316864013671876,9.690398712158204
1748972849450,0.3291654968261719,-0.07304809570312501,9.693991241455079
1748972849514,0.34712814331054687,-0.07529342651367188,9.702074432373047
1748972849582,0.3351530456542969,-0.058677978515625,9.695637817382813
1748972849650,0.32527359008789064,-0.06691085815429688,9.702074432373047
1748972849715,0.3308120727539063,-0.06421646118164062,9.698032836914063
1748972849782,0.3403921508789063,-0.0676593017578125,9.70596633911133
1748972849850,0.316142578125,-0.06930587768554688,9.708511047363281
1748972849914,0.31913635253906253,-0.06930587768554688,9.703271942138672
1748972849982,0.3231779479980469,-0.06960525512695313,9.714947662353516
1748972850050,0.3585044860839844,-0.07289840698242188,9.703571319580078
1748972850115,0.17259109497070313,-0.052989807128906254,9.710007934570314
1748972850182,0.49606842041015625,-0.09235794067382813,9.699080657958985
1748972850249,0.34518218994140626,-0.04954696655273438,9.699380035400392
1748972850315,0.3626957702636719,-0.06271957397460938,9.699679412841798
1748972850381,0.316142578125,-0.06676116943359375,9.708211669921875
1748972850451,0.3237767028808594,-0.07694000244140625,9.710457000732422
1748972850515,0.33320709228515627,-0.06197113037109375,9.709259490966797
1748972850582,0.31255004882812504,-0.06735992431640625,9.708061981201173
1748972850651,0.3254232788085938,-0.06795867919921875,9.711205444335938
1748972850715,0.3345542907714844,-0.06361770629882812,9.708361358642579
1748972850782,0.324525146484375,-0.0622705078125,9.70596633911133
1748972850850,0.31689102172851563,-0.06571334838867188,9.703421630859376
1748972850915,0.32647109985351563,-0.062120819091796876,9.701176300048829
1748972850982,0.3153941345214844,-0.07319778442382813,9.69878128051758
1748972851050,0.3373983764648438,-0.07065307617187501,9.711205444335938
1748972851115,0.33979339599609376,-0.06900650024414062,9.700876922607423
1748972851182,0.29877868652343753,-0.06735992431640625,9.702074432373047
1748972851249,0.3495231628417969,-0.06032455444335938,9.700128479003906
1748972851315,0.34398468017578127,-0.07813751220703126,9.701775054931641
1748972851382,0.32362701416015627,-0.06376739501953126,9.715247039794923
1748972851450,0.31943572998046876,-0.07140151977539062,9.701775054931641
1748972851515,0.32826736450195315,-0.06391708374023437,9.713600463867188
1748972851582,0.300574951171875,-0.06676116943359375,9.705217895507813
1748972851648,0.3231779479980469,-0.05987548828125,9.70985824584961
1748972851715,0.3492237854003906,-0.07903564453125,9.705816650390625
1748972851782,0.33290771484375004,-0.06586303710937501,9.703271942138672
1748972851850,0.3550616455078125,-0.07274871826171875,9.700876922607423
1748972851933,0.32781829833984377,-0.056582336425781254,9.690548400878907
1748972851982,0.3335064697265625,-0.059725799560546876,9.698182525634767
1748972852048,0.3362008666992188,-0.06496490478515625,9.701176300048829
1748972852115,0.32721954345703125,-0.06750961303710938,9.704020385742188
1748972852182,0.3251239013671875,-0.06855743408203126,9.710457000732422
1748972852250,0.32048355102539067,-0.07095245361328126,9.710007934570314
1748972852315,0.2947370910644531,-0.06511459350585938,9.71180419921875
1748972852382,0.3104544067382813,-0.07319778442382813,9.706864471435548
1748972852450,0.3266207885742188,-0.06002517700195313,9.712552642822265
1748972852515,0.3126997375488281,-0.06691085815429688,9.712103576660157
1748972852582,0.33859588623046877,-0.06810836791992188,9.712852020263673
1748972852649,0.3242257690429688,-0.06466552734375,9.698631591796875
1748972852715,0.30805938720703124,-0.0688568115234375,9.703421630859376
1748972852782,0.30790969848632815,-0.07499404907226563,9.703271942138672
1748972852850,0.3285667419433594,-0.061671752929687504,9.695338439941407
1748972852915,0.32213012695312504,-0.0676593017578125,9.700876922607423
1748972852982,0.30416748046875003,-0.06721023559570313,9.698032836914063
1748972853050,0.30027557373046876,-0.0664617919921875,9.700876922607423
1748972853115,0.3254232788085938,-0.06466552734375,9.707163848876954
1748972853182,0.3008743286132813,-0.07319778442382813,9.69878128051758
1748972853250,0.31719039916992187,-0.07454498291015625,9.707163848876954
1748972853315,0.2932402038574219,-0.06586303710937501,9.701475677490235
1748972853382,0.32811767578125,-0.06960525512695313,9.70985824584961
1748972853449,0.3124003601074219,-0.06271957397460938,9.697134704589844
1748972853515,0.33560211181640626,-0.0568817138671875,9.696685638427734
1748972853582,0.33724868774414063,-0.05957611083984375,9.699380035400392
1748972853650,0.3359014892578125,-0.0664617919921875,9.696086883544922
1748972853715,0.32781829833984377,-0.077838134765625,9.708660736083985
1748972853782,0.3183879089355469,-0.07110214233398438,9.6998291015625
1748972853849,0.3207829284667969,-0.06915618896484375,9.701325988769531
1748972853915,0.324525146484375,-0.06421646118164062,9.705666961669923
1748972853982,0.3100053405761719,-0.06631210327148437,9.702224121093751
1748972854049,0.34278717041015627,-0.06750961303710938,9.699978790283204
1748972854115,0.3492237854003906,-0.06301895141601563,9.693542175292968
1748972854182,0.3183879089355469,-0.0688568115234375,9.701924743652345
1748972854249,0.3035687255859375,-0.06331832885742188,9.700727233886719
1748972854315,0.31689102172851563,-0.07529342651367188,9.696236572265626
1748972854382,0.3308120727539063,-0.06930587768554688,9.70267318725586
1748972854450,0.34712814331054687,-0.05882766723632813,9.69264404296875
1748972854515,0.34712814331054687,-0.06466552734375,9.699978790283204
1748972854582,0.3261717224121094,-0.06256988525390625,9.686357116699218
1748972854649,0.3150947570800781,-0.06182144165039063,9.695338439941407
1748972854715,0.33290771484375004,-0.067060546875,9.696236572265626
1748972854782,0.3224295043945313,-0.06870712280273437,9.702224121093751
1748972854849,0.30835876464843753,-0.06631210327148437,9.707912292480469
1748972854915,0.26809249877929686,-0.06915618896484375,9.707163848876954
1748972854982,0.338895263671875,-0.06571334838867188,9.702373809814453
1748972855050,0.33410522460937503,-0.06915618896484375,9.70267318725586
1748972855115,0.34084121704101566,-0.06122268676757813,9.70701416015625
1748972855182,0.3362008666992188,-0.06256988525390625,9.700727233886719
1748972855250,0.3255729675292969,-0.061671752929687504,9.70027816772461
1748972855315,0.3058140563964844,-0.06182144165039063,9.710756378173828
1748972855382,0.3339555358886719,-0.06945556640625,9.704469451904297
1748972855451,0.32826736450195315,-0.0664617919921875,9.703571319580078
1748972855515,0.31793884277343754,-0.06945556640625,9.701625366210939
1748972855582,0.32841705322265624,-0.06062393188476563,9.707762603759766
1748972855650,0.3192860412597656,-0.05987548828125,9.691147155761719
1748972855715,0.335302734375,-0.0724493408203125,9.692194976806642
1748972855782,0.3327580261230469,-0.07050338745117188,9.698631591796875
1748972855850,0.3441343688964844,-0.0622705078125,9.697583770751953
1748972855915,0.3243754577636719,-0.07214996337890625,9.70551727294922
1748972855982,0.296982421875,-0.07289840698242188,9.705367584228517
1748972856049,0.32407608032226565,-0.0580792236328125,9.697284393310547
1748972856115,0.24414230346679688,-0.0814306640625,9.700876922607423
1748972856182,0.3092568969726563,-0.060174865722656255,9.707313537597656
1748972856251,0.31853759765625,-0.07065307617187501,9.701625366210939
1748972856315,0.3050656127929688,-0.07065307617187501,9.704020385742188
1748972856382,0.31524444580078126,-0.06271957397460938,9.698332214355469
1748972856449,0.3338058471679688,-0.060923309326171876,9.702224121093751
1748972856516,0.3249742126464844,-0.07649093627929687,9.708960113525391
1748972856582,0.31569351196289064,-0.06825805664062501,9.71135513305664
1748972856649,0.3273692321777344,-0.06750961303710938,9.714049530029298
1748972856715,0.32407608032226565,-0.06915618896484375,9.711654510498047
1748972856782,0.33485366821289064,-0.07080276489257813,9.701924743652345
1748972856851,0.32572265625,-0.061072998046875,9.695787506103516
1748972856946,0.32946487426757814,-0.057330780029296875,9.713001708984375
1748972856982,0.31763946533203125,-0.0640667724609375,9.69788314819336
1748972857048,0.30132339477539066,-0.07020401000976563,9.70027816772461
1748972857115,0.3438349914550781,-0.06586303710937501,9.701924743652345
1748972857182,0.3254232788085938,-0.08038284301757813,9.70746322631836
1748972857250,0.31030471801757814,-0.05957611083984375,9.708211669921875
1748972857315,0.3242257690429688,-0.0640667724609375,9.715696105957031
1748972857382,0.34143997192382813,-0.05912704467773438,9.70985824584961
1748972857448,0.31793884277343754,-0.06810836791992188,9.708660736083985
1748972857516,0.3285667419433594,-0.06780899047851563,9.713301086425782
1748972857582,0.31150222778320313,-0.061372375488281256,9.703721008300782
1748972857650,0.3607498168945313,-0.06062393188476563,9.707912292480469
1748972857715,0.3429368591308594,-0.07694000244140625,9.713450775146486
1748972857782,0.3351530456542969,-0.06182144165039063,9.70312225341797
1748972857848,0.32946487426757814,-0.06032455444335938,9.707912292480469
1748972857915,0.32287857055664065,-0.07559280395507813,9.713899841308594
1748972857982,0.32841705322265624,-0.06436614990234375,9.710756378173828
1748972858050,0.32946487426757814,-0.06795867919921875,9.713899841308594
1748972858115,0.3429368591308594,-0.06436614990234375,9.703870697021484
1748972858182,0.32572265625,-0.07170089721679689,9.716444549560547
1748972858248,0.3177891540527344,-0.06571334838867188,9.710457000732422
1748972858315,0.3351530456542969,-0.07050338745117188,9.714797973632812
1748972858382,0.319735107421875,-0.06301895141601563,9.712402954101563
1748972858448,0.3418890380859375,-0.055085449218750006,9.707912292480469
1748972858515,0.329315185546875,-0.08038284301757813,9.71988739013672
1748972858582,0.31524444580078126,-0.07020401000976563,9.709558868408203
1748972858648,0.3288661193847656,-0.06481521606445313,9.711654510498047
1748972858715,0.31823822021484377,-0.06376739501953126,9.720635833740236
1748972858782,0.3082090759277344,-0.06855743408203126,9.724378051757814
1748972858850,0.32811767578125,-0.0712518310546875,9.726922760009765
1748972858915,0.3251239013671875,-0.06960525512695313,9.716145172119141
1748972858982,0.31404693603515627,-0.0676593017578125,9.71988739013672
1748972859049,0.33185989379882813,-0.067060546875,9.726473693847657
1748972859115,0.31449600219726564,-0.0712518310546875,9.716294860839843
1748972859182,0.32647109985351563,-0.07274871826171875,9.719288635253907
1748972859250,0.3158432006835938,-0.067060546875,9.731114044189454
1748972859315,0.33679962158203125,-0.06631210327148437,9.727371826171876
1748972859382,0.3359014892578125,-0.0712518310546875,9.731563110351564
1748972859449,0.3296145629882813,-0.07439529418945313,9.72707244873047
1748972859515,0.3251239013671875,-0.0622705078125,9.72617431640625
1748972859582,0.32332763671875003,-0.07274871826171875,9.728719024658204
1748972859650,0.33171020507812504,-0.06062393188476563,9.727820892333986
1748972859715,0.3263214111328125,-0.058977355957031255,9.71854019165039
1748972859782,0.33245864868164066,-0.058528289794921876,9.724527740478516
1748972859850,0.3656895446777344,-0.062120819091796876,9.725425872802735
1748972859915,0.32362701416015627,-0.05478607177734375,9.72707244873047
1748972859982,0.3501219177246094,-0.04775070190429688,9.70985824584961
1748972860049,0.31180160522460937,-0.06376739501953126,9.717192993164064
1748972860115,0.3297642517089844,-0.07020401000976563,9.724078674316408
1748972860182,0.3305126953125,-0.07200027465820313,9.732461242675782
1748972860248,0.32781829833984377,-0.05643264770507813,9.73096435546875
1748972860316,0.3435356140136719,-0.06152206420898438,9.730365600585937
1748972860382,0.3158432006835938,-0.06376739501953126,9.727222137451172
1748972860451,0.3153941345214844,-0.07095245361328126,9.729168090820313
1748972860515,0.3100053405761719,-0.06496490478515625,9.729467468261719
1748972860582,0.31853759765625,-0.06361770629882812,9.730215911865235
1748972860649,0.34398468017578127,-0.06122268676757813,9.732311553955078
1748972860715,0.33904495239257815,-0.0622705078125,9.721683654785156
1748972860782,0.3261717224121094,-0.061671752929687504,9.727820892333986
1748972860848,0.32527359008789064,-0.07035369873046875,9.722432098388673
1748972860915,0.33006362915039067,-0.06316864013671876,9.722881164550781
1748972860982,0.3303630065917969,-0.06451583862304688,9.720486145019532
1748972861050,0.300574951171875,-0.0640667724609375,9.727371826171876
1748972861115,0.4421804809570313,-0.08592132568359376,9.72033645629883
1748972861182,0.3104544067382813,-0.03457809448242188,9.714049530029298
1748972861251,0.324525146484375,-0.07095245361328126,9.721084899902344
1748972861315,0.3457809448242188,-0.06661148071289062,9.727371826171876
1748972861382,0.37122802734375004,-0.06900650024414062,9.715845794677735
1748972861448,0.34248779296875004,-0.05673202514648438,9.716145172119141
1748972861515,0.35581008911132816,-0.06631210327148437,9.726024627685547
1748972861582,0.31374755859375003,-0.06571334838867188,9.718091125488282
1748972861651,0.3299139404296875,-0.07439529418945313,9.725276184082032
1748972861715,0.3227288818359375,-0.06152206420898438,9.711654510498047
1748972861782,0.3305126953125,-0.0724493408203125,9.722731475830079
1748972861851,0.32811767578125,-0.07304809570312501,9.728868713378906
1748972861945,0.31344818115234374,-0.06391708374023437,9.735005950927734
1748972861982,0.33245864868164066,-0.07738906860351563,9.728868713378906
1748972862048,0.32572265625,-0.07140151977539062,9.725874938964845
1748972862115,0.29608428955078125,-0.05358856201171875,9.735155639648438
1748972862182,0.3239263916015625,-0.07095245361328126,9.73859848022461
1748972862250,0.3291654968261719,-0.0664617919921875,9.714498596191406
1748972862315,0.305364990234375,-0.06990463256835938,9.72422836303711
1748972862382,0.32407608032226565,-0.0664617919921875,9.729317779541017
1748972862450,0.3203338623046875,-0.07304809570312501,9.720635833740236
1748972862515,0.33679962158203125,-0.056133270263671875,9.719138946533203
1748972862582,0.33185989379882813,-0.07035369873046875,9.725874938964845
1748972862648,0.32482452392578126,-0.06032455444335938,9.724827117919922
1748972862715,0.3150947570800781,-0.06586303710937501,9.724378051757814
1748972862782,0.3203338623046875,-0.06735992431640625,9.72707244873047
1748972862850,0.3393443298339844,-0.06616241455078126,9.72138427734375
1748972862915,0.3297642517089844,-0.05553451538085938,9.720935211181642
1748972862982,0.3242257690429688,-0.0748443603515625,9.71943832397461
1748972863050,0.31823822021484377,-0.07200027465820313,9.725126495361328
1748972863115,0.3592529296875,-0.06556365966796876,9.718689880371095
1748972863182,0.3345542907714844,-0.06721023559570313,9.727820892333986
1748972863250,0.33485366821289064,-0.0724493408203125,9.716444549560547
1748972863315,0.34757720947265625,-0.06631210327148437,9.72572525024414
1748972863382,0.34503250122070317,-0.0718505859375,9.712402954101563
1748972863450,0.33365615844726565,-0.06032455444335938,9.721983032226563
1748972863516,0.3448828125,-0.06586303710937501,9.721533966064454
1748972863582,0.3279679870605469,-0.07080276489257813,9.715396728515625
1748972863649,0.3209326171875,-0.0676593017578125,9.72467742919922
1748972863715,0.3315605163574219,-0.07903564453125,9.723479919433593
1748972863782,0.3303630065917969,-0.06915618896484375,9.717791748046876
1748972863850,0.34443374633789064,-0.06900650024414062,9.722581787109375
1748972863915,0.3239263916015625,-0.06331832885742188,9.724078674316408
1748972863982,0.3008743286132813,-0.05433700561523438,9.725425872802735
1748972864048,0.3373983764648438,-0.06721023559570313,9.723030853271485
1748972864115,0.33320709228515627,-0.05942642211914063,9.720486145019532
1748972864182,0.36479141235351564,-0.08487350463867188,9.733359375000001
1748972864249,0.37092864990234375,-0.04834945678710938,9.720186767578125
1748972864315,0.3592529296875,-0.06511459350585938,9.729617156982423
1748972864382,0.3465293884277344,-0.06676116943359375,9.712552642822265
1748972864450,0.32602203369140625,-0.06556365966796876,9.713001708984375
1748972864515,0.29114456176757814,-0.07708969116210938,9.733658752441407
1748972864582,0.3345542907714844,-0.067060546875,9.722282409667969
1748972864650,0.3391946411132813,-0.06721023559570313,9.716743927001954
1748972864715,0.33605117797851564,-0.061072998046875,9.708211669921875
1748972864782,0.3303630065917969,-0.0622705078125,9.730215911865235
1748972864848,0.32946487426757814,-0.05553451538085938,9.722731475830079
1748972864915,0.3095562744140625,-0.07155120849609375,9.719288635253907
1748972864982,0.3357518005371094,-0.061372375488281256,9.718839569091797
1748972865048,0.33185989379882813,-0.05957611083984375,9.722432098388673
1748972865114,0.3239263916015625,-0.062420196533203125,9.723180541992187
1748972865182,0.33440460205078126,-0.06511459350585938,9.714049530029298
1748972865250,0.3227288818359375,-0.07155120849609375,9.73096435546875
1748972865315,0.33784744262695315,-0.05837860107421875,9.720037078857422
1748972865382,0.34637969970703125,-0.06556365966796876,9.730664978027344
1748972865451,0.3429368591308594,-0.06316864013671876,9.721533966064454
1748972865515,0.35042129516601567,-0.06691085815429688,9.72183334350586
1748972865582,0.3239263916015625,-0.05748046875,9.714348907470704
1748972865649,0.2989283752441406,-0.06511459350585938,9.726024627685547
1748972865715,0.32227981567382813,-0.07349716186523438,9.725874938964845
1748972865782,0.3303630065917969,-0.06062393188476563,9.721533966064454
1748972865850,0.3285667419433594,-0.06735992431640625,9.728120269775392
1748972865916,0.35281631469726565,-0.06795867919921875,9.714797973632812
1748972865982,0.34084121704101566,-0.06945556640625,9.730515289306641
1748972866048,0.30761032104492186,-0.0664617919921875,9.72183334350586
1748972866115,0.3150947570800781,-0.07574249267578126,9.715696105957031
1748972866182,0.3448828125,-0.05957611083984375,9.721683654785156
1748972866250,0.35131942749023437,-0.0724493408203125,9.720486145019532
1748972866315,0.36434234619140626,-0.067060546875,9.72138427734375
1748972866382,0.3411405944824219,-0.07813751220703126,9.721683654785156
1748972866448,0.38050872802734376,-0.05987548828125,9.716145172119141
1748972866515,0.326920166015625,-0.06481521606445313,9.717342681884766
1748972866582,0.30147308349609375,-0.07394622802734375,9.716145172119141
1748972866649,0.3879931640625,-0.05822891235351563,9.711205444335938
1748972866715,0.33605117797851564,-0.06346801757812501,9.708660736083985
1748972866782,0.37556900024414064,-0.07813751220703126,9.715097351074219
1748972866849,0.3573069763183594,-0.0664617919921875,9.718689880371095
1748972866941,0.2998265075683594,-0.07020401000976563,9.725425872802735
1748972866982,0.3415896606445313,-0.06840774536132813,9.709409179687501
1748972867048,0.2935395812988281,-0.07334747314453126,9.72183334350586
1748972867115,0.3192860412597656,-0.06960525512695313,9.71315139770508
1748972867182,0.33709899902343754,-0.07214996337890625,9.720037078857422
1748972867250,0.3046165466308594,-0.07155120849609375,9.721533966064454
1748972867315,0.3243754577636719,-0.06840774536132813,9.716444549560547
1748972867382,0.3629951477050781,-0.0628692626953125,9.713001708984375
1748972867448,0.37556900024414064,-0.07259902954101563,9.716594238281251
1748972867516,0.3074606323242188,-0.06481521606445313,9.717791748046876
1748972867582,0.3499722290039063,-0.06122268676757813,9.715396728515625
1748972867651,0.3350033569335938,-0.06721023559570313,9.71854019165039
1748972867715,0.34667907714843754,-0.07499404907226563,9.71943832397461
1748972867782,0.35057098388671876,-0.06301895141601563,9.708810424804687
1748972867850,0.3338058471679688,-0.06421646118164062,9.719138946533203
1748972867915,0.3854484558105469,-0.06601272583007813,9.712852020263673
1748972867982,0.3159928894042969,-0.07155120849609375,9.727371826171876
1748972868050,0.35595977783203125,-0.07140151977539062,9.723928985595704
1748972868115,0.38080810546875005,-0.06077362060546875,9.713899841308594
1748972868182,0.3170407104492188,-0.06930587768554688,9.708810424804687
1748972868250,0.3147953796386719,-0.06855743408203126,9.71749237060547
1748972868316,0.31569351196289064,-0.076640625,9.71749237060547
1748972868382,0.29174331665039066,-0.06975494384765625,9.718091125488282
1748972868450,0.32781829833984377,-0.06780899047851563,9.720785522460938
1748972868515,0.3279679870605469,-0.07095245361328126,9.713450775146486
1748972868582,0.3339555358886719,-0.05643264770507813,9.701775054931641
1748972868650,0.32287857055664065,-0.06900650024414062,9.720635833740236
1748972868715,0.3429368591308594,-0.0664617919921875,9.717642059326172
1748972868782,0.30296997070312504,-0.0628692626953125,9.715546417236329
1748972868850,0.33769775390625,-0.049846343994140625,9.718091125488282
1748972868915,0.32213012695312504,-0.06511459350585938,9.715247039794923
1748972868982,0.31868728637695315,-0.067060546875,9.71749237060547
1748972869050,0.33605117797851564,-0.06780899047851563,9.720486145019532
1748972869115,0.31868728637695315,-0.06421646118164062,9.715995483398437
1748972869182,0.3538641357421875,-0.08382568359375,9.718390502929688
1748972869249,0.32602203369140625,-0.06466552734375,9.712103576660157
1748972869316,0.3447331237792969,-0.07843688964843751,9.709708557128907
1748972869382,0.3782633972167969,-0.06331832885742188,9.713600463867188
1748972869450,0.3646417236328125,-0.05553451538085938,9.710756378173828
1748972869515,0.3016227722167969,-0.06960525512695313,9.720037078857422
1748972869582,0.3251239013671875,-0.06586303710937501,9.71464828491211
1748972869648,0.32407608032226565,-0.07155120849609375,9.711953887939453
1748972869715,0.3150947570800781,-0.0628692626953125,9.714797973632812
1748972869782,0.32227981567382813,-0.05523513793945313,9.715097351074219
1748972869850,0.3311114501953125,-0.07140151977539062,9.708211669921875
1748972869915,0.33799713134765624,-0.06361770629882812,9.71419921875
1748972869982,0.3338058471679688,-0.06062393188476563,9.711055755615234
1748972870050,0.32213012695312504,-0.06750961303710938,9.716444549560547
1748972870115,0.33126113891601566,-0.07140151977539062,9.722282409667969
1748972870182,0.32602203369140625,-0.06735992431640625,9.711055755615234
1748972870248,0.32183074951171875,-0.0652642822265625,9.705217895507813
1748972870316,0.31868728637695315,-0.06975494384765625,9.721234588623048
1748972870382,0.3357518005371094,-0.06735992431640625,9.710157623291016
1748972870448,0.3369493103027344,-0.07259902954101563,9.718240814208984
1748972870515,0.32407608032226565,-0.06451583862304688,9.715696105957031
1748972870582,0.33769775390625,-0.07155120849609375,9.703870697021484
1748972870651,0.34368530273437503,-0.07634124755859376,9.706265716552736
1748972870715,0.3155438232421875,-0.06466552734375,9.709259490966797
1748972870782,0.35281631469726565,-0.06256988525390625,9.709708557128907
1748972870851,0.35356475830078127,-0.06556365966796876,9.706864471435548
1748972870915,0.3614982604980469,-0.0580792236328125,9.70596633911133
1748972870982,0.3534150695800781,-0.07439529418945313,9.716294860839843
1748972871050,0.3047662353515625,-0.06631210327148437,9.707612915039062
1748972871115,0.3070115661621094,-0.06436614990234375,9.716893615722658
1748972871182,0.38709503173828125,-0.06152206420898438,9.711205444335938
1748972871248,0.3502716064453125,-0.0652642822265625,9.711055755615234
1748972871316,0.3400927734375,-0.06735992431640625,9.715546417236329
1748972871382,0.3430865478515625,-0.0700543212890625,9.715696105957031
1748972871451,0.33141082763671875,-0.06376739501953126,9.71180419921875
1748972871516,0.3065625,-0.062420196533203125,9.710906066894532
1748972871583,0.3192860412597656,-0.07065307617187501,9.706265716552736
1748972871650,0.3327580261230469,-0.06900650024414062,9.716594238281251
1748972871716,0.31225067138671875,-0.06376739501953126,9.715396728515625
1748972871782,0.3511697387695313,-0.09131011962890626,9.711654510498047
1748972871851,0.3266207885742188,-0.06631210327148437,9.716444549560547
1748972871937,0.34503250122070317,-0.06735992431640625,9.715097351074219
1748972871982,0.31180160522460937,-0.07035369873046875,9.707912292480469
1748972872048,0.32048355102539067,-0.0640667724609375,9.723479919433593
1748972872115,0.3384461975097656,-0.06721023559570313,9.71270233154297
1748972872183,0.3400927734375,-0.06556365966796876,9.710906066894532
1748972872250,0.3342549133300781,-0.07873626708984376,9.712103576660157
1748972872315,0.33185989379882813,-0.06676116943359375,9.713001708984375
1748972872382,0.3579057312011719,-0.06571334838867188,9.715247039794923
1748972872450,0.358055419921875,-0.07229965209960938,9.708361358642579
1748972872515,0.3150947570800781,-0.06301895141601563,9.714049530029298
1748972872582,0.3034190368652344,-0.07289840698242188,9.716294860839843
1748972872650,0.33545242309570317,-0.0700543212890625,9.717941436767578
1748972872715,0.32781829833984377,-0.07035369873046875,9.713750152587892
1748972872783,0.317340087890625,-0.06795867919921875,9.704918518066407
1748972872850,0.317340087890625,-0.07214996337890625,9.726324005126953
1748972872915,0.3255729675292969,-0.06152206420898438,9.709558868408203
1748972872982,0.3454815673828125,-0.0844244384765625,9.715546417236329
1748972873050,0.3345542907714844,-0.06002517700195313,9.716594238281251
1748972873116,0.3327580261230469,-0.06945556640625,9.708960113525391
1748972873182,0.3020718383789063,-0.06346801757812501,9.716294860839843
1748972873248,0.2989283752441406,-0.05942642211914063,9.716444549560547
1748972873316,0.4704716491699219,-0.08457412719726563,9.717192993164064
1748972873382,0.3239263916015625,-0.03981719970703125,9.71270233154297
1748972873450,0.32063323974609376,-0.0736468505859375,9.71749237060547
1748972873515,0.28380981445312503,-0.06990463256835938,9.72422836303711
1748972873582,0.3129991149902344,-0.06301895141601563,9.720935211181642
1748972873650,0.31374755859375003,-0.07349716186523438,9.719138946533203
1748972873716,0.3261717224121094,-0.06152206420898438,9.715097351074219
1748972873783,0.3351530456542969,-0.07170089721679689,9.720935211181642
1748972873850,0.3345542907714844,-0.06496490478515625,9.729766845703125
1748972873916,0.3426374816894531,-0.06795867919921875,9.717192993164064
1748972873982,0.3285667419433594,-0.07753875732421875,9.723180541992187
1748972874050,0.33859588623046877,-0.06556365966796876,9.719138946533203
1748972874115,0.35161880493164066,-0.06661148071289062,9.717192993164064
1748972874182,0.32841705322265624,-0.06301895141601563,9.720635833740236
1748972874250,0.3752696228027344,-0.07454498291015625,9.710756378173828
1748972874316,0.3296145629882813,-0.054636383056640626,9.725276184082032
1748972874382,0.3138972473144531,-0.07499404907226563,9.716893615722658
1748972874448,0.29713211059570316,-0.07289840698242188,9.727820892333986
1748972874515,0.35595977783203125,-0.07229965209960938,9.714498596191406
1748972874582,0.3273692321777344,-0.06511459350585938,9.71464828491211
1748972874650,0.3050656127929688,-0.06960525512695313,9.722731475830079
1748972874715,0.32183074951171875,-0.06750961303710938,9.728120269775392
1748972874782,0.3502716064453125,-0.06616241455078126,9.735904083251954
1748972874850,0.35281631469726565,-0.06616241455078126,9.715696105957031
1748972874915,0.3201841735839844,-0.05643264770507813,9.724378051757814
1748972874982,0.3150947570800781,-0.06915618896484375,9.729766845703125
1748972875050,0.31988479614257814,-0.0688568115234375,9.7285693359375
1748972875115,0.3288661193847656,-0.0640667724609375,9.723030853271485
1748972875182,0.3219804382324219,-0.07155120849609375,9.722731475830079
1748972875250,0.348475341796875,-0.05837860107421875,9.716893615722658
1748972875315,0.3400927734375,-0.07559280395507813,9.720186767578125
1748972875382,0.3327580261230469,-0.07020401000976563,9.72183334350586
1748972875448,0.3291654968261719,-0.07424560546875,9.710457000732422
1748972875515,0.32108230590820314,-0.06661148071289062,9.718689880371095
1748972875582,0.3423381042480469,-0.06676116943359375,9.721084899902344
1748972875648,0.3375480651855469,-0.06331832885742188,9.715995483398437
1748972875715,0.33545242309570317,-0.07200027465820313,9.722731475830079
1748972875782,0.3393443298339844,-0.058677978515625,9.71854019165039
1748972875851,0.32901580810546877,-0.06661148071289062,9.716294860839843
1748972875915,0.31569351196289064,-0.07289840698242188,9.714348907470704
1748972875982,0.33724868774414063,-0.06810836791992188,9.713750152587892
1748972876051,0.32048355102539067,-0.06182144165039063,9.709708557128907
1748972876116,0.307760009765625,-0.06945556640625,9.715396728515625
1748972876182,0.3183879089355469,-0.07110214233398438,9.716594238281251
1748972876249,0.32841705322265624,-0.07200027465820313,9.713750152587892
1748972876316,0.33021331787109376,-0.06930587768554688,9.716743927001954
1748972876382,0.33784744262695315,-0.07304809570312501,9.717342681884766
1748972876450,0.32901580810546877,-0.06960525512695313,9.718091125488282
1748972876515,0.3333567810058594,-0.06586303710937501,9.715546417236329
1748972876582,0.3273692321777344,-0.07035369873046875,9.71135513305664
1748972876648,0.32751892089843754,-0.06077362060546875,9.714797973632812
1748972876716,0.3381468200683594,-0.06331832885742188,9.713750152587892
1748972876782,0.31404693603515627,-0.06691085815429688,9.71749237060547
1748972876850,0.317340087890625,-0.07738906860351563,9.717642059326172
1748972876942,0.32946487426757814,-0.06945556640625,9.713450775146486
1748972876982,0.3438349914550781,-0.06900650024414062,9.706265716552736
1748972877048,0.3297642517089844,-0.06855743408203126,9.716294860839843
1748972877115,0.33724868774414063,-0.06780899047851563,9.722282409667969
1748972877182,0.3147953796386719,-0.07274871826171875,9.708211669921875
1748972877251,0.3351530456542969,-0.07604187011718751,9.71135513305664
1748972877316,0.2954855346679688,-0.06002517700195313,9.709708557128907
1748972877382,0.3100053405761719,-0.07229965209960938,9.711055755615234
1748972877450,0.2992277526855469,-0.07649093627929687,9.713750152587892
1748972877515,0.36404296875000003,-0.06930587768554688,9.709558868408203
1748972877582,0.3406915283203125,-0.06331832885742188,9.713001708984375
1748972877648,0.3391946411132813,-0.06122268676757813,9.710157623291016
1748972877716,0.33410522460937503,-0.06556365966796876,9.711953887939453
1748972877782,0.35865417480468753,-0.0628692626953125,9.704319763183594
1748972877849,0.3394940185546875,-0.07170089721679689,9.717791748046876
1748972877916,0.3381468200683594,-0.067060546875,9.713301086425782
1748972877982,0.31748977661132816,-0.059725799560546876,9.715396728515625
1748972878048,0.3200344848632813,-0.06541397094726563,9.71180419921875
1748972878115,0.3212319946289063,-0.06915618896484375,9.710606689453126
1748972878182,0.33664993286132816,-0.0712518310546875,9.715696105957031
1748972878251,0.32751892089843754,-0.06975494384765625,9.724976806640626
1748972878315,0.32572265625,-0.058528289794921876,9.716743927001954
1748972878382,0.33260833740234375,-0.0622705078125,9.711055755615234
1748972878448,0.33215927124023437,-0.06361770629882812,9.71419921875
1748972878515,0.324525146484375,-0.053738250732421874,9.7189892578125
1748972878582,0.36404296875000003,-0.08367599487304687,9.72467742919922
1748972878650,0.3357518005371094,-0.052241363525390626,9.717941436767578
1748972878715,0.3126997375488281,-0.06990463256835938,9.71854019165039
1748972878782,0.3170407104492188,-0.06795867919921875,9.712253265380859
1748972878851,0.3351530456542969,-0.0712518310546875,9.717342681884766
1748972878915,0.3381468200683594,-0.08068222045898438,9.716294860839843
1748972878982,0.32811767578125,-0.07634124755859376,9.712253265380859
1748972879050,0.3339555358886719,-0.06990463256835938,9.714947662353516
1748972879116,0.33126113891601566,-0.07140151977539062,9.713750152587892
1748972879182,0.33829650878906253,-0.059725799560546876,9.719737701416015
1748972879250,0.32647109985351563,-0.067060546875,9.716294860839843
1748972879315,0.326920166015625,-0.07379653930664062,9.716145172119141
1748972879382,0.3308120727539063,-0.0652642822265625,9.711055755615234
1748972879450,0.3335064697265625,-0.06571334838867188,9.707612915039062
1748972879515,0.33979339599609376,-0.0688568115234375,9.722132720947267
1748972879582,0.33141082763671875,-0.07499404907226563,9.709558868408203
1748972879650,0.3305126953125,-0.07155120849609375,9.720037078857422
1748972879715,0.34323623657226565,-0.06316864013671876,9.705666961669923
1748972879782,0.3342549133300781,-0.07409591674804687,9.715696105957031
1748972879848,0.3345542907714844,-0.07020401000976563,9.712103576660157
1748972879915,0.3330574035644531,-0.067060546875,9.715546417236329
1748972879982,0.3351530456542969,-0.06810836791992188,9.714797973632812
1748972880048,0.3207829284667969,-0.06541397094726563,9.719138946533203
1748972880115,0.35685791015625,-0.05194198608398438,9.71419921875
1748972880182,0.34817596435546877,-0.061671752929687504,9.722881164550781
1748972880250,0.3345542907714844,-0.0628692626953125,9.713001708984375
1748972880315,0.3285667419433594,-0.08158035278320312,9.7189892578125
1748972880382,0.32781829833984377,-0.0676593017578125,9.711205444335938
1748972880448,0.31255004882812504,-0.0676593017578125,9.714348907470704
1748972880515,0.32647109985351563,-0.06721023559570313,9.715097351074219
1748972880582,0.3350033569335938,-0.061072998046875,9.717941436767578
1748972880651,0.3333567810058594,-0.06870712280273437,9.708960113525391
1748972880715,0.31225067138671875,-0.0664617919921875,9.7189892578125
1748972880782,0.32138168334960937,-0.06721023559570313,9.710007934570314
1748972880851,0.3418890380859375,-0.07708969116210938,9.710007934570314
1748972880915,0.3255729675292969,-0.06586303710937501,9.709259490966797
1748972880982,0.32871643066406253,-0.06735992431640625,9.70746322631836
1748972881048,0.34173934936523437,-0.06960525512695313,9.718839569091797
1748972881116,0.32751892089843754,-0.07544311523437501,9.708361358642579
1748972881182,0.3342549133300781,-0.06750961303710938,9.714797973632812
1748972881251,0.32871643066406253,-0.05987548828125,9.711953887939453
1748972881315,0.32302825927734374,-0.06900650024414062,9.712852020263673
1748972881382,0.3299139404296875,-0.07274871826171875,9.712253265380859
1748972881448,0.33006362915039067,-0.06855743408203126,9.702972564697266
1748972881515,0.3320095825195313,-0.06466552734375,9.71419921875
1748972881582,0.3327580261230469,-0.06825805664062501,9.71030731201172
1748972881648,0.33171020507812504,-0.0700543212890625,9.708511047363281
1748972881716,0.32602203369140625,-0.0700543212890625,9.723779296875
1748972881782,0.3418890380859375,-0.07409591674804687,9.707163848876954
1748972881851,0.3335064697265625,-0.07080276489257813,9.723330230712891
1748972881937,0.32946487426757814,-0.07514373779296875,9.720486145019532
1748972881982,0.32602203369140625,-0.0724493408203125,9.719138946533203
1748972882048,0.3227288818359375,-0.06556365966796876,9.723180541992187
1748972882115,0.32257919311523436,-0.06556365966796876,9.720037078857422
1748972882182,0.3180885314941406,-0.077838134765625,9.714498596191406
1748972882250,0.3035687255859375,-0.06661148071289062,9.719588012695313
1748972882315,0.3150947570800781,-0.07499404907226563,9.709259490966797
1748972882382,0.3249742126464844,-0.06750961303710938,9.706565093994142
1748972882448,0.3249742126464844,-0.07080276489257813,9.714348907470704
1748972882515,0.33320709228515627,-0.06990463256835938,9.708061981201173
1748972882582,0.3507206726074219,-0.06421646118164062,9.715995483398437
1748972882649,0.34203872680664066,-0.06930587768554688,9.711205444335938
1748972882716,0.329315185546875,-0.07349716186523438,9.711953887939453
1748972882782,0.3237767028808594,-0.06436614990234375,9.711654510498047
1748972882850,0.3335064697265625,-0.06915618896484375,9.706565093994142
1748972882916,0.3285667419433594,-0.07274871826171875,9.716594238281251
1748972882982,0.32751892089843754,-0.06915618896484375,9.719588012695313
1748972883048,0.3305126953125,-0.0700543212890625,9.71704330444336
1748972883115,0.32946487426757814,-0.07035369873046875,9.714947662353516
1748972883182,0.3359014892578125,-0.06840774536132813,9.711953887939453
1748972883248,0.32677047729492187,-0.06391708374023437,9.71464828491211
1748972883315,0.33410522460937503,-0.06735992431640625,9.71419921875
1748972883382,0.32602203369140625,-0.06496490478515625,9.715696105957031
1748972883450,0.32841705322265624,-0.07155120849609375,9.714498596191406
1748972883515,0.33440460205078126,-0.06631210327148437,9.711654510498047
1748972883582,0.3251239013671875,-0.06361770629882812,9.720785522460938
1748972883650,0.3207829284667969,-0.07274871826171875,9.72033645629883
1748972883715,0.35625915527343754,-0.07529342651367188,9.708361358642579
1748972883782,0.3396437072753906,-0.06511459350585938,9.715845794677735
1748972883850,0.3261717224121094,-0.06855743408203126,9.710457000732422
1748972883915,0.32677047729492187,-0.06436614990234375,9.706415405273438
1748972883982,0.33006362915039067,-0.06900650024414062,9.710906066894532
1748972884049,0.3251239013671875,-0.06975494384765625,9.71988739013672
1748972884115,0.29144393920898437,-0.07753875732421875,9.721234588623048
1748972884182,0.2820135498046875,-0.06631210327148437,9.712103576660157
1748972884249,0.3141966247558594,-0.06586303710937501,9.715247039794923
1748972884315,0.3242257690429688,-0.06780899047851563,9.719138946533203
1748972884382,0.3320095825195313,-0.06930587768554688,9.708660736083985
1748972884448,0.32183074951171875,-0.05942642211914063,9.716294860839843
1748972884515,0.33171020507812504,-0.07409591674804687,9.714498596191406
1748972884582,0.3381468200683594,-0.0700543212890625,9.719588012695313
1748972884649,0.33560211181640626,-0.067060546875,9.718091125488282
1748972884715,0.3519181823730469,-0.06556365966796876,9.711504821777345
1748972884782,0.3239263916015625,-0.06571334838867188,9.720635833740236
1748972884849,0.33021331787109376,-0.06541397094726563,9.711055755615234
1748972884915,0.3381468200683594,-0.060923309326171876,9.702523498535157
1748972884982,0.31883697509765624,-0.08173004150390625,9.713600463867188
1748972885048,0.3189866638183594,-0.07155120849609375,9.71943832397461
1748972885115,0.32048355102539067,-0.06616241455078126,9.718839569091797
1748972885182,0.3200344848632813,-0.07379653930664062,9.712402954101563
1748972885249,0.3231779479980469,-0.07155120849609375,9.707313537597656
1748972885315,0.31644195556640625,-0.06795867919921875,9.70417007446289
1748972885382,0.32751892089843754,-0.06586303710937501,9.718839569091797
1748972885448,0.33799713134765624,-0.07110214233398438,9.706565093994142
1748972885515,0.3255729675292969,-0.06990463256835938,9.717791748046876
1748972885582,0.3308120727539063,-0.061671752929687504,9.718240814208984
1748972885650,0.3242257690429688,-0.07469467163085938,9.711055755615234
1748972885715,0.33066238403320314,-0.06182144165039063,9.704619140625
1748972885782,0.3234773254394531,-0.07679031372070313,9.713301086425782
1748972885849,0.31569351196289064,-0.08053253173828126,9.716893615722658
1748972885915,0.32168106079101566,-0.06556365966796876,9.712552642822265
1748972885982,0.32751892089843754,-0.07499404907226563,9.715845794677735
1748972886048,0.3234773254394531,-0.07140151977539062,9.716743927001954
1748972886115,0.3308120727539063,-0.0676593017578125,9.711654510498047
1748972886182,0.3387455749511719,-0.06960525512695313,9.70701416015625
1748972886250,0.32227981567382813,-0.0664617919921875,9.709409179687501
1748972886315,0.32527359008789064,-0.06541397094726563,9.714049530029298
1748972886381,0.33320709228515627,-0.06661148071289062,9.706415405273438
1748972886450,0.3309617614746094,-0.06601272583007813,9.713750152587892
1748972886515,0.31225067138671875,-0.07274871826171875,9.712552642822265
1748972886581,0.32946487426757814,-0.06795867919921875,9.721234588623048
1748972886648,0.33171020507812504,-0.0676593017578125,9.716594238281251
1748972886715,0.3297642517089844,-0.06466552734375,9.715247039794923
1748972886782,0.30222152709960937,-0.07993377685546875,9.729317779541017
1748972886848,0.3043171691894531,-0.06571334838867188,9.710157623291016
1748972886942,0.3333567810058594,-0.06900650024414062,9.716893615722658
1748972886981,0.29758117675781254,-0.06915618896484375,9.710606689453126
1748972887048,0.3094065856933594,-0.06451583862304688,9.707163848876954
1748972887115,0.32048355102539067,-0.08038284301757813,9.709259490966797
1748972887181,0.3254232788085938,-0.07619155883789062,9.721084899902344
1748972887251,0.3335064697265625,-0.06376739501953126,9.712103576660157
1748972887315,0.32257919311523436,-0.06346801757812501,9.711654510498047
1748972887381,0.3305126953125,-0.07499404907226563,9.721234588623048
1748972887451,0.32168106079101566,-0.07349716186523438,9.720186767578125
1748972887515,0.33185989379882813,-0.06511459350585938,9.711953887939453
1748972887581,0.30132339477539066,-0.07319778442382813,9.717642059326172
1748972887648,0.3088078308105469,-0.06301895141601563,9.71704330444336
1748972887715,0.34203872680664066,-0.07574249267578126,9.702373809814453
1748972887781,0.33560211181640626,-0.06556365966796876,9.708960113525391
1748972887851,0.35221755981445313,-0.06691085815429688,9.71315139770508
1748972887916,0.33664993286132816,-0.06421646118164062,9.715247039794923
1748972887982,0.32332763671875003,-0.05942642211914063,9.714049530029298
1748972888048,0.31868728637695315,-0.07469467163085938,9.715097351074219
1748972888115,0.31868728637695315,-0.0724493408203125,9.703421630859376
1748972888182,0.33006362915039067,-0.06316864013671876,9.70985824584961
1748972888248,0.3391946411132813,-0.07619155883789062,9.703571319580078
1748972888316,0.33560211181640626,-0.062420196533203125,9.71943832397461
1748972888382,0.3297642517089844,-0.07304809570312501,9.710157623291016
1748972888450,0.32332763671875003,-0.08532257080078126,9.721234588623048
1748972888516,0.31374755859375003,-0.06900650024414062,9.714348907470704
1748972888582,0.3219804382324219,-0.054935760498046875,9.711055755615234
1748972888651,0.32647109985351563,-0.06960525512695313,9.715696105957031
1748972888716,0.3065625,-0.06930587768554688,9.721533966064454
1748972888782,0.30790969848632815,-0.06376739501953126,9.720037078857422
1748972888851,0.324525146484375,-0.06676116943359375,9.713450775146486
1748972888916,0.3297642517089844,-0.07424560546875,9.715396728515625
1748972888982,0.34398468017578127,-0.06780899047851563,9.72467742919922
1748972889048,0.35042129516601567,-0.07424560546875,9.704918518066407
1748972889116,0.3445834350585938,-0.0724493408203125,9.711953887939453
1748972889182,0.33215927124023437,-0.06316864013671876,9.715396728515625
1748972889248,0.33066238403320314,-0.06331832885742188,9.70417007446289
1748972889316,0.3315605163574219,-0.06676116943359375,9.71749237060547
1748972889382,0.3224295043945313,-0.0814306640625,9.717642059326172
1748972889450,0.3043171691894531,-0.07813751220703126,9.713450775146486
1748972889516,0.31644195556640625,-0.06945556640625,9.709558868408203
1748972889582,0.3251239013671875,-0.06586303710937501,9.715396728515625
1748972889650,0.3327580261230469,-0.07140151977539062,9.713001708984375
1748972889716,0.33410522460937503,-0.06601272583007813,9.70596633911133
1748972889782,0.34862503051757815,-0.0724493408203125,9.713001708984375
1748972889850,0.33365615844726565,-0.06631210327148437,9.709109802246095
1748972889916,0.379610595703125,-0.05134323120117188,9.67438201904297
1748972889982,0.4064048767089844,-0.041613464355468754,9.698631591796875
1748972890050,0.335302734375,-0.07619155883789062,9.702972564697266
1748972890116,0.3143463134765625,-0.05792953491210938,9.718240814208984
1748972890182,0.35221755981445313,-0.07798782348632813,9.720037078857422
1748972890250,0.3192860412597656,-0.06840774536132813,9.713450775146486
1748972890316,0.319735107421875,-0.09116043090820312,9.724378051757814
1748972890382,0.335302734375,-0.05583389282226563,9.71749237060547
1748972890451,0.31853759765625,-0.05433700561523438,9.716893615722658
1748972890516,0.32287857055664065,-0.07110214233398438,9.721533966064454
1748972890582,0.3227288818359375,-0.06616241455078126,9.726773071289063
1748972890649,0.36973114013671876,-0.07229965209960938,9.720785522460938
1748972890716,0.3201841735839844,-0.0676593017578125,9.719588012695313
1748972890782,0.35042129516601567,-0.07170089721679689,9.725126495361328
1748972890851,0.3400927734375,-0.061372375488281256,9.719737701416015
1748972890916,0.3323089599609375,-0.06571334838867188,9.716444549560547
1748972890982,0.32138168334960937,-0.07708969116210938,9.727970581054688
1748972891051,0.2760260009765625,-0.08487350463867188,9.727371826171876
1748972891116,0.2908451843261719,-0.0676593017578125,9.708361358642579
1748972891183,0.32168106079101566,-0.0700543212890625,9.726473693847657
1748972891251,0.3243754577636719,-0.06316864013671876,9.717642059326172
1748972891316,0.3131488037109375,-0.07813751220703126,9.733059997558595
1748972891382,0.33440460205078126,-0.0652642822265625,9.720785522460938
1748972891451,0.3266207885742188,-0.0724493408203125,9.730664978027344
1748972891516,0.3124003601074219,-0.062420196533203125,9.721234588623048
1748972891582,0.30761032104492186,-0.0748443603515625,9.721234588623048
1748972891650,0.28680358886718754,-0.06915618896484375,9.720486145019532
1748972891716,0.31793884277343754,-0.06451583862304688,9.715247039794923
1748972891782,0.32602203369140625,-0.0688568115234375,9.719737701416015
1748972891851,0.32721954345703125,-0.07694000244140625,9.720486145019532
1748972891934,0.36853363037109377,-0.06331832885742188,9.715845794677735
1748972891982,0.2920426940917969,-0.080233154296875,9.72467742919922
1748972892049,0.3595523071289063,-0.06855743408203126,9.716294860839843
1748972892116,0.2881507873535156,-0.06571334838867188,9.73186248779297
1748972892183,0.317340087890625,-0.0652642822265625,9.719737701416015
1748972892250,0.25357269287109374,-0.08322692871093751,9.729168090820313
1748972892316,0.3183879089355469,-0.07454498291015625,9.723779296875
1748972892382,0.36793487548828124,-0.07694000244140625,9.720785522460938
1748972892450,0.354462890625,-0.06900650024414062,9.717192993164064
1748972892516,0.32227981567382813,-0.05643264770507813,9.72422836303711
1748972892583,0.3373983764648438,-0.07035369873046875,9.714049530029298
1748972892650,0.32946487426757814,-0.06750961303710938,9.721533966064454
1748972892716,0.3159928894042969,-0.06616241455078126,9.722282409667969
1748972892782,0.33485366821289064,-0.0676593017578125,9.722881164550781
1748972892850,0.33245864868164066,-0.06316864013671876,9.723330230712891
1748972892916,0.3097059631347656,-0.06376739501953126,9.717642059326172
1748972892982,0.32362701416015627,-0.07394622802734375,9.725575561523438
1748972893050,0.3212319946289063,-0.06691085815429688,9.715696105957031
1748972893116,0.4505630493164063,-0.06197113037109375,9.720785522460938
1748972893183,0.298179931640625,-0.0496966552734375,9.70417007446289
1748972893250,0.38125717163085937,-0.07379653930664062,9.723779296875
1748972893316,0.29758117675781254,-0.07694000244140625,9.712852020263673
1748972893382,0.4225712585449219,-0.02664459228515625,9.701625366210939
1748972893450,0.3722758483886719,-0.07409591674804687,9.714947662353516
1748972893516,0.31719039916992187,-0.08083190917968751,9.721084899902344
1748972893582,0.338895263671875,-0.06466552734375,9.715396728515625
1748972893650,0.32706985473632816,-0.06451583862304688,9.713301086425782
1748972893716,0.3255729675292969,-0.06735992431640625,9.710007934570314
1748972893782,0.3299139404296875,-0.0580792236328125,9.709558868408203
1748972893850,0.30611343383789064,-0.09520202636718751,9.735155639648438
1748972893916,0.32257919311523436,-0.07319778442382813,9.71943832397461
1748972893982,0.32213012695312504,-0.05643264770507813,9.713750152587892
1748972894051,0.33679962158203125,-0.06825805664062501,9.716743927001954
1748972894116,0.32332763671875003,-0.07035369873046875,9.71943832397461
1748972894182,0.34129028320312504,-0.06810836791992188,9.723180541992187
1748972894250,0.35685791015625,-0.06721023559570313,9.720635833740236
1748972894316,0.3308120727539063,-0.06182144165039063,9.7189892578125
1748972894383,0.3495231628417969,-0.06062393188476563,9.72183334350586
1748972894450,0.34817596435546877,-0.06376739501953126,9.716743927001954
1748972894516,0.3279679870605469,-0.07304809570312501,9.717642059326172
1748972894583,0.33769775390625,-0.0622705078125,9.716594238281251
1748972894650,0.3239263916015625,-0.07694000244140625,9.712253265380859
1748972894716,0.3234773254394531,-0.06421646118164062,9.721983032226563
1748972894783,0.3323089599609375,-0.06661148071289062,9.721533966064454
1748972894848,0.32721954345703125,-0.06571334838867188,9.717642059326172
1748972894916,0.3384461975097656,-0.07454498291015625,9.720785522460938
1748972894982,0.3405418395996094,-0.07738906860351563,9.722132720947267
1748972895048,0.32257919311523436,-0.07349716186523438,9.71988739013672
1748972895116,0.34727783203125,-0.060923309326171876,9.71270233154297
1748972895182,0.3296145629882813,-0.07200027465820313,9.722581787109375
1748972895250,0.32647109985351563,-0.06855743408203126,9.71854019165039
1748972895316,0.3058140563964844,-0.06810836791992188,9.717791748046876
1748972895383,0.3576063537597656,-0.07529342651367188,9.72138427734375
1748972895450,0.42391845703125003,-0.0628692626953125,9.708810424804687
1748972895516,0.37856277465820315,-0.05164260864257813,9.708511047363281
1748972895583,0.3296145629882813,-0.06586303710937501,9.717941436767578
1748972895651,0.32901580810546877,-0.07214996337890625,9.72033645629883
1748972895716,0.3335064697265625,-0.056282958984375006,9.718390502929688
1748972895783,0.3553610229492188,-0.07110214233398438,9.726024627685547
1748972895851,0.32677047729492187,-0.07349716186523438,9.722731475830079
1748972895916,0.32751892089843754,-0.06301895141601563,9.72138427734375
1748972895982,0.3263214111328125,-0.07529342651367188,9.719737701416015
1748972896050,0.3333567810058594,-0.07334747314453126,9.725874938964845
1748972896116,0.34623001098632816,-0.06301895141601563,9.720785522460938
1748972896183,0.30671218872070316,-0.0652642822265625,9.706864471435548
1748972896250,0.34712814331054687,-0.06676116943359375,9.722432098388673
1748972896316,0.29728179931640625,-0.07289840698242188,9.711654510498047
1748972896383,0.3246748352050781,-0.07708969116210938,9.72183334350586
1748972896448,0.3035687255859375,-0.09086105346679688,9.72138427734375
1748972896516,0.2881507873535156,-0.062120819091796876,9.732760620117189
1748972896583,0.2963836669921875,-0.08128097534179687,9.720635833740236
1748972896649,0.365240478515625,-0.05822891235351563,9.723180541992187
1748972896716,0.36539016723632817,-0.06152206420898438,9.722132720947267
1748972896783,0.3375480651855469,-0.061072998046875,9.717642059326172
1748972896851,0.34787658691406254,-0.06391708374023437,9.717342681884766
1748972896938,0.3990701293945313,-0.07619155883789062,9.728120269775392
1748972896983,0.34982254028320314,-0.07499404907226563,9.725575561523438
1748972897049,0.32227981567382813,-0.07708969116210938,9.721084899902344
1748972897116,0.3147953796386719,-0.07080276489257813,9.722132720947267
1748972897183,0.310155029296875,-0.07379653930664062,9.708061981201173
1748972897249,0.28410919189453127,-0.06062393188476563,9.731114044189454
1748972897316,0.3373983764648438,-0.06616241455078126,9.716893615722658
1748972897383,0.34143997192382813,-0.07259902954101563,9.714947662353516
1748972897450,0.3453318786621094,-0.0622705078125,9.72183334350586
1748972897516,0.34503250122070317,-0.06795867919921875,9.713750152587892
1748972897583,0.3442840576171875,-0.06451583862304688,9.711654510498047
1748972897650,0.33664993286132816,-0.07095245361328126,9.725874938964845
1748972897716,0.33126113891601566,-0.06466552734375,9.722581787109375
1748972897782,0.34817596435546877,-0.08068222045898438,9.716145172119141
1748972897850,0.3309617614746094,-0.056133270263671875,9.718689880371095
1748972897916,0.33709899902343754,-0.06631210327148437,9.723030853271485
1748972897982,0.3147953796386719,-0.07409591674804687,9.727371826171876
1748972898050,0.3308120727539063,-0.07409591674804687,9.718390502929688
1748972898116,0.3011737060546875,-0.067060546875,9.729916534423829
1748972898183,0.3106040954589844,-0.06466552734375,9.730515289306641
1748972898250,0.3251239013671875,-0.08053253173828126,9.72707244873047
1748972898316,0.33709899902343754,-0.06795867919921875,9.715696105957031
1748972898383,0.316142578125,-0.07035369873046875,9.711953887939453
1748972898448,0.32138168334960937,-0.06795867919921875,9.728269958496094
1748972898516,0.32108230590820314,-0.07289840698242188,9.721983032226563
1748972898583,0.30865814208984377,-0.06002517700195313,9.723030853271485
1748972898650,0.31404693603515627,-0.08247848510742188,9.730515289306641
1748972898716,0.3104544067382813,-0.06256988525390625,9.715995483398437
1748972898783,0.3426374816894531,-0.07619155883789062,9.720037078857422
1748972898848,0.34637969970703125,-0.06586303710937501,9.723928985595704
1748972898916,0.32721954345703125,-0.0700543212890625,9.721084899902344
1748972898982,0.3323089599609375,-0.07933502197265625,9.723180541992187
1748972899049,0.329315185546875,-0.06960525512695313,9.71704330444336
1748972899116,0.30910720825195315,-0.07439529418945313,9.725126495361328
1748972899183,0.317340087890625,-0.0676593017578125,9.72572525024414
1748972899249,0.3138972473144531,-0.0712518310546875,9.720037078857422
1748972899316,0.2796185302734375,-0.080233154296875,9.723779296875
1748972899383,0.2508782958984375,-0.07948471069335938,9.73186248779297
1748972899449,0.3192860412597656,-0.07319778442382813,9.723928985595704
1748972899516,0.3526666259765625,-0.06750961303710938,9.718689880371095
1748972899583,0.3543132019042969,-0.06331832885742188,9.716893615722658
1748972899649,0.3400927734375,-0.06616241455078126,9.718839569091797
1748972899716,0.3338058471679688,-0.06586303710937501,9.72662338256836
1748972899783,0.3918850708007813,-0.058528289794921876,9.718839569091797
1748972899848,0.35670822143554687,-0.07394622802734375,9.720037078857422
1748972899916,0.2986289978027344,-0.0814306640625,9.717342681884766
1748972899983,0.3010240173339844,-0.06795867919921875,9.724078674316408
1748972900049,0.3499722290039063,-0.0748443603515625,9.71988739013672
1748972900116,0.3335064697265625,-0.06391708374023437,9.719138946533203
1748972900183,0.3357518005371094,-0.06945556640625,9.725126495361328
1748972900249,0.32871643066406253,-0.07469467163085938,9.722731475830079
1748972900316,0.30027557373046876,-0.06855743408203126,9.718390502929688
1748972900383,0.3016227722167969,-0.07394622802734375,9.719588012695313
1748972900449,0.316142578125,-0.06331832885742188,9.715396728515625
1748972900516,0.35700759887695316,-0.06256988525390625,9.713301086425782
1748972900583,0.3373983764648438,-0.076640625,9.720037078857422
1748972900650,0.32063323974609376,-0.05239105224609375,9.720037078857422
1748972900716,0.33245864868164066,-0.07200027465820313,9.723479919433593
1748972900783,0.3305126953125,-0.06735992431640625,9.713600463867188
1748972900850,0.3323089599609375,-0.060474243164062504,9.719737701416015
1748972900916,0.34203872680664066,-0.0622705078125,9.725276184082032
1748972900982,0.3423381042480469,-0.06975494384765625,9.721683654785156
1748972901049,0.3347039794921875,-0.06002517700195313,9.721084899902344
1748972901116,0.3537144470214844,-0.060923309326171876,9.707762603759766
1748972901183,0.36823425292968753,-0.07454498291015625,9.714797973632812
1748972901250,0.34024246215820314,-0.0622705078125,9.724078674316408
1748972901316,0.33904495239257815,-0.07200027465820313,9.720037078857422
1748972901383,0.3249742126464844,-0.07035369873046875,9.72662338256836
1748972901448,0.32871643066406253,-0.060474243164062504,9.717192993164064
1748972901516,0.32706985473632816,-0.06975494384765625,9.720635833740236
1748972901583,0.3396437072753906,-0.06511459350585938,9.717791748046876
1748972901649,0.32811767578125,-0.0676593017578125,9.724527740478516
1748972901716,0.3177891540527344,-0.06825805664062501,9.718839569091797
1748972901783,0.319735107421875,-0.0688568115234375,9.720785522460938
1748972901849,0.32287857055664065,-0.07694000244140625,9.71988739013672
1748972901942,0.3311114501953125,-0.07155120849609375,9.718240814208984
1748972901983,0.3350033569335938,-0.07080276489257813,9.722881164550781
1748972902049,0.3107537841796875,-0.06930587768554688,9.716444549560547
1748972902116,0.3311114501953125,-0.06825805664062501,9.714947662353516
1748972902183,0.338895263671875,-0.06361770629882812,9.711953887939453
1748972902250,0.3291654968261719,-0.06616241455078126,9.712402954101563
1748972902316,0.32602203369140625,-0.06870712280273437,9.71315139770508
1748972902383,0.3315605163574219,-0.07080276489257813,9.699230346679688
1748972902448,0.32602203369140625,-0.07080276489257813,9.71464828491211
1748972902516,0.3320095825195313,-0.0700543212890625,9.713001708984375
1748972902583,0.3273692321777344,-0.06780899047851563,9.694290618896485
1748972902648,0.34129028320312504,-0.07200027465820313,9.709109802246095
1748972902716,0.3297642517089844,-0.06840774536132813,9.715247039794923
1748972902783,0.3297642517089844,-0.07170089721679689,9.718839569091797
1748972902851,0.3129991149902344,-0.067060546875,9.71270233154297
1748972902916,0.33245864868164066,-0.06316864013671876,9.710007934570314
1748972902983,0.33021331787109376,-0.06900650024414062,9.712253265380859
1748972903049,0.3251239013671875,-0.07589218139648438,9.706265716552736
1748972903116,0.33066238403320314,-0.0700543212890625,9.70027816772461
1748972903183,0.33724868774414063,-0.07768844604492188,9.706864471435548
1748972903249,0.3333567810058594,-0.06152206420898438,9.690099334716797
1748972903316,0.3239263916015625,-0.07379653930664062,9.691296844482423
1748972903383,0.32482452392578126,-0.0724493408203125,9.702074432373047
1748972903448,0.3279679870605469,-0.06541397094726563,9.692793731689454
1748972903516,0.32677047729492187,-0.07110214233398438,9.681866455078126
1748972903583,0.32647109985351563,-0.07170089721679689,9.684710540771485
1748972903649,0.3227288818359375,-0.06870712280273437,9.687105560302735
1748972903716,0.3239263916015625,-0.07214996337890625,9.688901824951172
1748972903783,0.317340087890625,-0.07035369873046875,9.690997467041017
1748972903849,0.33185989379882813,-0.06930587768554688,9.693242797851562
1748972903916,0.3276686096191406,-0.0652642822265625,9.684560852050781
1748972903983,0.31689102172851563,-0.0736468505859375,9.690398712158204
1748972904048,0.3201841735839844,-0.06810836791992188,9.681417388916016
1748972904116,0.324525146484375,-0.06975494384765625,9.681417388916016
1748972904183,0.32826736450195315,-0.06855743408203126,9.684860229492188
1748972904249,0.3234773254394531,-0.07349716186523438,9.680818634033203
1748972904316,0.31674133300781254,-0.08008346557617188,9.688452758789063
1748972904383,0.31943572998046876,-0.07259902954101563,9.689201202392578
1748972904449,0.32048355102539067,-0.06810836791992188,9.686207427978516
1748972904516,0.3192860412597656,-0.06631210327148437,9.691296844482423
1748972904583,0.32706985473632816,-0.06496490478515625,9.693392486572266
1748972904649,0.3320095825195313,-0.07304809570312501,9.690548400878907
1748972904716,0.3276686096191406,-0.06975494384765625,9.688003692626953
1748972904783,0.33006362915039067,-0.07140151977539062,9.68351303100586
1748972904850,0.3263214111328125,-0.0628692626953125,9.695188751220703
1748972904916,0.314945068359375,-0.06466552734375,9.683962097167969
1748972904983,0.3141966247558594,-0.07439529418945313,9.687704315185547
1748972905050,0.32108230590820314,-0.06975494384765625,9.695637817382813
1748972905116,0.32901580810546877,-0.06601272583007813,9.69069808959961
1748972905183,0.3227288818359375,-0.07514373779296875,9.6902490234375
1748972905250,0.32048355102539067,-0.07274871826171875,9.689051513671876
1748972905316,0.31853759765625,-0.06721023559570313,9.69698501586914
1748972905383,0.32602203369140625,-0.0664617919921875,9.693542175292968
1748972905450,0.3266207885742188,-0.06571334838867188,9.686955871582033
1748972905516,0.3263214111328125,-0.06361770629882812,9.69593719482422
1748972905583,0.3251239013671875,-0.06691085815429688,9.693392486572266
1748972905651,0.32647109985351563,-0.07155120849609375,9.696535949707032
1748972905716,0.32647109985351563,-0.06062393188476563,9.69593719482422
1748972905783,0.3315605163574219,-0.07469467163085938,9.692793731689454
1748972905848,0.32332763671875003,-0.0700543212890625,9.686057739257812
1748972905916,0.32826736450195315,-0.07918533325195314,9.690548400878907
1748972905983,0.3279679870605469,-0.05718109130859375,9.689500579833984
1748972906051,0.329315185546875,-0.06421646118164062,9.697284393310547
1748972906116,0.3276686096191406,-0.0748443603515625,9.696685638427734
1748972906183,0.33724868774414063,-0.060174865722656255,9.69593719482422
1748972906249,0.3297642517089844,-0.06421646118164062,9.70312225341797
1748972906316,0.32751892089843754,-0.06855743408203126,9.698182525634767
1748972906383,0.32647109985351563,-0.06735992431640625,9.705816650390625
1748972906449,0.326920166015625,-0.0676593017578125,9.702224121093751
1748972906516,0.33365615844726565,-0.07274871826171875,9.693841552734375
1748972906583,0.33664993286132816,-0.07200027465820313,9.688901824951172
1748972906651,0.3396437072753906,-0.067060546875,9.700427856445312
1748972906716,0.32751892089843754,-0.06556365966796876,9.701475677490235
1748972906783,0.32647109985351563,-0.06586303710937501,9.686806182861329
1748972906851,0.32527359008789064,-0.06780899047851563,9.68979995727539
1748972906937,0.3296145629882813,-0.06676116943359375,9.687854003906251
1748972906983,0.3255729675292969,-0.062120819091796876,9.69548812866211
1748972907049,0.32048355102539067,-0.0718505859375,9.69593719482422
1748972907116,0.31105316162109375,-0.0712518310546875,9.697583770751953
1748972907183,0.31644195556640625,-0.0688568115234375,9.699679412841798
1748972907251,0.30222152709960937,-0.06661148071289062,9.695188751220703
1748972907316,0.3082090759277344,-0.07035369873046875,9.699230346679688
1748972907383,0.3251239013671875,-0.061671752929687504,9.691745910644531
1748972907448,0.31210098266601566,-0.06780899047851563,9.702074432373047
1748972907516,0.30761032104492186,-0.07289840698242188,9.697733459472657
1748972907583,0.31868728637695315,-0.06990463256835938,9.709259490966797
1748972907651,0.32527359008789064,-0.062420196533203125,9.707612915039062
1748972907716,0.3288661193847656,-0.06496490478515625,9.694140930175783
1748972907783,0.33185989379882813,-0.06855743408203126,9.698182525634767
1748972907851,0.32602203369140625,-0.06496490478515625,9.702822875976564
1748972907916,0.3254232788085938,-0.0622705078125,9.698182525634767
1748972907983,0.3254232788085938,-0.06631210327148437,9.696685638427734
1748972908051,0.3309617614746094,-0.07409591674804687,9.69878128051758
1748972908116,0.3227288818359375,-0.05822891235351563,9.708211669921875
1748972908183,0.32706985473632816,-0.07469467163085938,9.699230346679688
1748972908249,0.3333567810058594,-0.067060546875,9.703271942138672
1748972908316,0.32781829833984377,-0.0748443603515625,9.70417007446289
1748972908383,0.3255729675292969,-0.06975494384765625,9.702523498535157
1748972908451,0.3255729675292969,-0.06601272583007813,9.699380035400392
1748972908516,0.31449600219726564,-0.06780899047851563,9.703721008300782
1748972908583,0.31629226684570316,-0.05598358154296875,9.694440307617189
1748972908651,0.32721954345703125,-0.06541397094726563,9.701924743652345
1748972908716,0.32213012695312504,-0.06915618896484375,9.708211669921875
1748972908783,0.32826736450195315,-0.06676116943359375,9.694290618896485
1748972908851,0.33320709228515627,-0.05718109130859375,9.698930969238281
1748972908916,0.32751892089843754,-0.06870712280273437,9.689650268554688
1748972908983,0.33709899902343754,-0.06197113037109375,9.693691864013672
1748972909049,0.33560211181640626,-0.06840774536132813,9.69069808959961
1748972909116,0.32168106079101566,-0.07229965209960938,9.702224121093751
1748972909183,0.3276686096191406,-0.0628692626953125,9.692045288085938
1748972909250,0.3273692321777344,-0.062420196533203125,9.698032836914063
1748972909316,0.32721954345703125,-0.06421646118164062,9.704469451904297
1748972909383,0.3335064697265625,-0.067060546875,9.694440307617189
1748972909450,0.3396437072753906,-0.06496490478515625,9.693392486572266
1748972909516,0.3477268981933594,-0.0712518310546875,9.698631591796875
1748972909583,0.3418890380859375,-0.0622705078125,9.693991241455079
1748972909650,0.3538641357421875,-0.061372375488281256,9.700727233886719
1748972909716,0.34712814331054687,-0.061072998046875,9.706116027832032
1748972909783,0.33215927124023437,-0.0676593017578125,9.694889373779297
1748972909849,0.3273692321777344,-0.05748046875,9.71180419921875
1748972909916,0.33021331787109376,-0.06631210327148437,9.702972564697266
1748972909983,0.34682876586914063,-0.06840774536132813,9.690548400878907
1748972910050,0.34129028320312504,-0.0688568115234375,9.706714782714844
1748972910116,0.34757720947265625,-0.07200027465820313,9.701625366210939
1748972910183,0.33215927124023437,-0.06376739501953126,9.705068206787109
1748972910250,0.346080322265625,-0.06451583862304688,9.693841552734375
1748972910316,0.33829650878906253,-0.077838134765625,9.710157623291016
1748972910383,0.33829650878906253,-0.06586303710937501,9.699978790283204
1748972910450,0.3159928894042969,-0.06676116943359375,9.699978790283204
1748972910516,0.32227981567382813,-0.085023193359375,9.707313537597656
1748972910583,0.34278717041015627,-0.0772393798828125,9.694589996337891
1748972910651,0.32721954345703125,-0.05763015747070313,9.700876922607423
1748972910716,0.33290771484375004,-0.0544866943359375,9.695637817382813
1748972910783,0.34563125610351564,-0.05957611083984375,9.702972564697266
1748972910851,0.326920166015625,-0.06735992431640625,9.697583770751953
1748972910916,0.33485366821289064,-0.06616241455078126,9.690997467041017
1748972910983,0.30611343383789064,-0.06900650024414062,9.703721008300782
1748972911051,0.33859588623046877,-0.06301895141601563,9.699679412841798
1748972911116,0.3457809448242188,-0.06301895141601563,9.699978790283204
1748972911183,0.32302825927734374,-0.07589218139648438,9.698930969238281
1748972911251,0.3345542907714844,-0.06900650024414062,9.704619140625
1748972911316,0.3299139404296875,-0.0676593017578125,9.698032836914063
1748972911383,0.326920166015625,-0.06271957397460938,9.69878128051758
1748972911451,0.31913635253906253,-0.07170089721679689,9.697134704589844
1748972911516,0.3242257690429688,-0.07424560546875,9.692793731689454
1748972911583,0.3369493103027344,-0.06810836791992188,9.70267318725586
1748972911651,0.35161880493164066,-0.061072998046875,9.712253265380859
1748972911716,0.31943572998046876,-0.061372375488281256,9.702523498535157
1748972911783,0.31868728637695315,-0.07289840698242188,9.704918518066407
1748972911851,0.32706985473632816,-0.06391708374023437,9.693691864013672
1748972911943,0.346080322265625,-0.062120819091796876,9.700727233886719
1748972911983,0.32572265625,-0.06900650024414062,9.704918518066407
1748972912049,0.3192860412597656,-0.06481521606445313,9.704768829345703
1748972912116,0.3209326171875,-0.0676593017578125,9.700427856445312
1748972912183,0.3279679870605469,-0.07035369873046875,9.699679412841798
1748972912251,0.3279679870605469,-0.0736468505859375,9.708511047363281
1748972912316,0.3106040954589844,-0.06361770629882812,9.70267318725586
1748972912383,0.2847079467773438,-0.07334747314453126,9.69548812866211
1748972912451,0.3058140563964844,-0.067060546875,9.70985824584961
1748972912516,0.30641281127929687,-0.0544866943359375,9.691895599365235
1748972912583,0.3261717224121094,-0.0676593017578125,9.702972564697266
1748972912650,0.3394940185546875,-0.06915618896484375,9.706415405273438
1748972912716,0.3255729675292969,-0.06601272583007813,9.698631591796875
1748972912783,0.3234773254394531,-0.06346801757812501,9.701176300048829
1748972912852,0.3224295043945313,-0.06855743408203126,9.690548400878907
1748972912916,0.3261717224121094,-0.07155120849609375,9.70267318725586
1748972912983,0.3266207885742188,-0.06855743408203126,9.704020385742188
1748972913051,0.32721954345703125,-0.0622705078125,9.702373809814453
1748972913116,0.32063323974609376,-0.0700543212890625,9.703421630859376
1748972913183,0.3375480651855469,-0.05478607177734375,9.69309310913086
1748972913251,0.3158432006835938,-0.05673202514648438,9.700876922607423
1748972913316,0.3192860412597656,-0.0676593017578125,9.69309310913086
1748972913383,0.3305126953125,-0.06436614990234375,9.704768829345703
1748972913451,0.3387455749511719,-0.06466552734375,9.693392486572266
1748972913516,0.32781829833984377,-0.06780899047851563,9.698930969238281
1748972913583,0.3320095825195313,-0.06346801757812501,9.69788314819336
1748972913651,0.31569351196289064,-0.0718505859375,9.700427856445312
1748972913716,0.3305126953125,-0.06661148071289062,9.693542175292968
1748972913783,0.3387455749511719,-0.07334747314453126,9.700128479003906
1748972913849,0.3203338623046875,-0.06466552734375,9.706116027832032
1748972913916,0.3249742126464844,-0.06376739501953126,9.708511047363281
1748972913983,0.3215313720703125,-0.06616241455078126,9.699529724121094
1748972914051,0.3342549133300781,-0.06780899047851563,9.705666961669923
1748972914116,0.3335064697265625,-0.062420196533203125,9.703421630859376
1748972914183,0.3234773254394531,-0.06840774536132813,9.69878128051758
1748972914250,0.3448828125,-0.06840774536132813,9.694440307617189
1748972914316,0.34712814331054687,-0.06256988525390625,9.696685638427734
1748972914383,0.329315185546875,-0.06810836791992188,9.695637817382813
1748972914450,0.3207829284667969,-0.06256988525390625,9.70746322631836
1748972914516,0.33320709228515627,-0.06391708374023437,9.70701416015625
1748972914583,0.3276686096191406,-0.07020401000976563,9.702972564697266
1748972914649,0.3330574035644531,-0.058528289794921876,9.688901824951172
1748972914716,0.32751892089843754,-0.0676593017578125,9.68875213623047
1748972914783,0.3195854187011719,-0.058528289794921876,9.697284393310547
1748972914850,0.3276686096191406,-0.06870712280273437,9.701775054931641
1748972914916,0.3285667419433594,-0.0640667724609375,9.699230346679688
1748972914983,0.3195854187011719,-0.06361770629882812,9.699679412841798
1748972915050,0.32647109985351563,-0.05358856201171875,9.699978790283204
1748972915116,0.3276686096191406,-0.0652642822265625,9.706415405273438
1748972915183,0.3200344848632813,-0.06810836791992188,9.711055755615234
1748972915249,0.31853759765625,-0.062120819091796876,9.69743408203125
1748972915316,0.3195854187011719,-0.07155120849609375,9.696535949707032
1748972915383,0.32751892089843754,-0.06691085815429688,9.702224121093751
1748972915450,0.33440460205078126,-0.06975494384765625,9.704020385742188
1748972915516,0.3369493103027344,-0.05942642211914063,9.705666961669923
1748972915583,0.32706985473632816,-0.07948471069335938,9.701325988769531
1748972915651,0.329315185546875,-0.061072998046875,9.69743408203125
1748972915716,0.32213012695312504,-0.07304809570312501,9.709109802246095
1748972915783,0.31674133300781254,-0.0640667724609375,9.698930969238281
1748972915851,0.3347039794921875,-0.05792953491210938,9.702822875976564
1748972915916,0.3393443298339844,-0.06945556640625,9.70596633911133
1748972915983,0.32751892089843754,-0.05763015747070313,9.703721008300782
1748972916051,0.3393443298339844,-0.06421646118164062,9.708810424804687
1748972916116,0.3234773254394531,-0.06271957397460938,9.702074432373047
1748972916183,0.3203338623046875,-0.06990463256835938,9.705367584228517
1748972916251,0.34323623657226565,-0.06661148071289062,9.700577545166016
1748972916316,0.33605117797851564,-0.06256988525390625,9.696535949707032
1748972916383,0.3254232788085938,-0.0652642822265625,9.701176300048829
1748972916451,0.31883697509765624,-0.06481521606445313,9.708810424804687
1748972916516,0.3308120727539063,-0.06975494384765625,9.702822875976564
1748972916583,0.32227981567382813,-0.06077362060546875,9.704020385742188
1748972916649,0.3165916442871094,-0.062420196533203125,9.703421630859376
1748972916716,0.32332763671875003,-0.05942642211914063,9.693392486572266
1748972916783,0.3212319946289063,-0.06541397094726563,9.69878128051758
1748972916851,0.3327580261230469,-0.06451583862304688,9.695787506103516
1748972916940,0.32108230590820314,-0.061671752929687504,9.702972564697266
1748972916983,0.3375480651855469,-0.05703140258789063,9.706565093994142
1748972917049,0.3351530456542969,-0.07200027465820313,9.708061981201173
1748972917116,0.3320095825195313,-0.05748046875,9.70417007446289
1748972917183,0.34099090576171875,-0.06271957397460938,9.699380035400392
1748972917251,0.3251239013671875,-0.06825805664062501,9.698332214355469
1748972917316,0.3299139404296875,-0.07110214233398438,9.705816650390625
1748972917383,0.32168106079101566,-0.06002517700195313,9.702822875976564
1748972917451,0.32183074951171875,-0.06391708374023437,9.707762603759766
1748972917516,0.324525146484375,-0.06256988525390625,9.69548812866211
1748972917583,0.3203338623046875,-0.07379653930664062,9.702074432373047
1748972917651,0.31868728637695315,-0.07035369873046875,9.697733459472657
1748972917716,0.3279679870605469,-0.0622705078125,9.695338439941407
1748972917783,0.3308120727539063,-0.06436614990234375,9.696685638427734
1748972917851,0.32108230590820314,-0.05822891235351563,9.700876922607423
1748972917916,0.3234773254394531,-0.07304809570312501,9.705367584228517
1748972917983,0.34024246215820314,-0.05718109130859375,9.702373809814453
1748972918051,0.33799713134765624,-0.061372375488281256,9.695787506103516
1748972918116,0.3308120727539063,-0.06152206420898438,9.703870697021484
1748972918183,0.3303630065917969,-0.05957611083984375,9.708211669921875
1748972918249,0.3273692321777344,-0.06451583862304688,9.706714782714844
1748972918316,0.3203338623046875,-0.06197113037109375,9.704918518066407
1748972918383,0.3189866638183594,-0.06496490478515625,9.696386260986328
1748972918451,0.3345542907714844,-0.0652642822265625,9.702074432373047
1748972918516,0.3279679870605469,-0.06002517700195313,9.704469451904297
1748972918583,0.3333567810058594,-0.058528289794921876,9.701625366210939
1748972918649,0.32901580810546877,-0.07379653930664062,9.708960113525391
1748972918716,0.32227981567382813,-0.06331832885742188,9.701924743652345
1748972918783,0.3299139404296875,-0.0622705078125,9.69264404296875
1748972918851,0.32587234497070316,-0.062120819091796876,9.699380035400392
1748972918916,0.3347039794921875,-0.07514373779296875,9.69788314819336
1748972918983,0.3234773254394531,-0.07095245361328126,9.699080657958985
1748972919049,0.3288661193847656,-0.06451583862304688,9.700577545166016
1748972919116,0.32826736450195315,-0.05822891235351563,9.705068206787109
1748972919183,0.33664993286132816,-0.0724493408203125,9.704319763183594
1748972919250,0.3359014892578125,-0.06481521606445313,9.700128479003906
1748972919316,0.3243754577636719,-0.06571334838867188,9.699529724121094
1748972919383,0.32826736450195315,-0.06122268676757813,9.702224121093751
1748972919449,0.3251239013671875,-0.062120819091796876,9.702373809814453
1748972919516,0.31344818115234374,-0.062120819091796876,9.70417007446289
1748972919583,0.33185989379882813,-0.07080276489257813,9.699679412841798
1748972919650,0.33320709228515627,-0.06032455444335938,9.707762603759766
1748972919716,0.32183074951171875,-0.061072998046875,9.704768829345703
1748972919783,0.3237767028808594,-0.07050338745117188,9.691745910644531
1748972919849,0.33410522460937503,-0.0628692626953125,9.701026611328125
1748972919916,0.3231779479980469,-0.06840774536132813,9.699230346679688
1748972919983,0.33440460205078126,-0.062420196533203125,9.705816650390625
1748972920050,0.32721954345703125,-0.07514373779296875,9.70417007446289
1748972920116,0.32871643066406253,-0.05703140258789063,9.69264404296875
1748972920183,0.33141082763671875,-0.06631210327148437,9.701625366210939
1748972920249,0.3231779479980469,-0.06900650024414062,9.706116027832032
1748972920316,0.32213012695312504,-0.06571334838867188,9.702074432373047
1748972920383,0.3231779479980469,-0.06511459350585938,9.702224121093751
1748972920449,0.32946487426757814,-0.05822891235351563,9.694739685058595
1748972920516,0.33171020507812504,-0.06496490478515625,9.704619140625
1748972920583,0.3276686096191406,-0.06062393188476563,9.705666961669923
1748972920651,0.3224295043945313,-0.06391708374023437,9.710906066894532
1748972920716,0.32706985473632816,-0.06346801757812501,9.707163848876954
1748972920783,0.32063323974609376,-0.06331832885742188,9.699380035400392
1748972920851,0.3192860412597656,-0.06032455444335938,9.698332214355469
1748972920916,0.3285667419433594,-0.06661148071289062,9.708660736083985
1748972920983,0.3203338623046875,-0.06735992431640625,9.699080657958985
1748972921051,0.319735107421875,-0.0700543212890625,9.695039062500001
1748972921116,0.32602203369140625,-0.06795867919921875,9.706714782714844
1748972921183,0.3308120727539063,-0.07409591674804687,9.699380035400392
1748972921249,0.3345542907714844,-0.05987548828125,9.695637817382813
1748972921316,0.33185989379882813,-0.07694000244140625,9.704619140625
1748972921383,0.3231779479980469,-0.06421646118164062,9.701176300048829
1748972921449,0.3231779479980469,-0.0676593017578125,9.70312225341797
1748972921516,0.3323089599609375,-0.06855743408203126,9.697583770751953
1748972921583,0.3327580261230469,-0.06735992431640625,9.702972564697266
1748972921649,0.3291654968261719,-0.061671752929687504,9.701325988769531
1748972921716,0.33545242309570317,-0.06676116943359375,9.706714782714844
1748972921783,0.32362701416015627,-0.06331832885742188,9.69698501586914
1748972921851,0.3403921508789063,-0.06586303710937501,9.700577545166016
1748972921944,0.32841705322265624,-0.061671752929687504,9.704619140625
1748972921983,0.3339555358886719,-0.0700543212890625,9.714498596191406
1748972922049,0.32482452392578126,-0.07574249267578126,9.695039062500001
1748972922116,0.33215927124023437,-0.060474243164062504,9.703870697021484
1748972922183,0.3291654968261719,-0.05748046875,9.70596633911133
1748972922251,0.31090347290039066,-0.0712518310546875,9.696086883544922
1748972922316,0.3297642517089844,-0.06451583862304688,9.705068206787109
1748972922383,0.32587234497070316,-0.07050338745117188,9.6998291015625
1748972922451,0.32048355102539067,-0.07903564453125,9.693991241455079
1748972922516,0.34024246215820314,-0.07200027465820313,9.708960113525391
1748972922583,0.32587234497070316,-0.06870712280273437,9.701026611328125
1748972922649,0.3254232788085938,-0.06556365966796876,9.706415405273438
1748972922716,0.3273692321777344,-0.06541397094726563,9.70267318725586
1748972922783,0.3362008666992188,-0.0568817138671875,9.695338439941407
1748972922849,0.31374755859375003,-0.06346801757812501,9.705068206787109
1748972922916,0.3040177917480469,-0.027542724609375003,9.700128479003906
1748972922983,0.33126113891601566,-0.07259902954101563,9.703571319580078
1748972923051,0.354462890625,-0.067060546875,9.696236572265626
1748972923116,0.33021331787109376,-0.06721023559570313,9.701026611328125
1748972923183,0.31569351196289064,-0.06421646118164062,9.703271942138672
1748972923251,0.3251239013671875,-0.07050338745117188,9.698032836914063
1748972923316,0.33664993286132816,-0.07274871826171875,9.706864471435548
1748972923383,0.3239263916015625,-0.05254074096679688,9.701775054931641
1748972923449,0.32407608032226565,-0.07259902954101563,9.706714782714844
1748972923516,0.32811767578125,-0.03577560424804688,9.693242797851562
1748972923583,0.35775604248046877,-0.10208770751953125,9.706864471435548
1748972923651,0.33126113891601566,-0.0640667724609375,9.702224121093751
1748972923716,0.3266207885742188,-0.05643264770507813,9.703571319580078
1748972923783,0.3129991149902344,-0.0496966552734375,9.704469451904297
1748972923851,0.2839595031738281,-0.06945556640625,9.700876922607423
1748972923916,0.338895263671875,-0.07634124755859376,9.701026611328125
1748972923983,0.31210098266601566,-0.06915618896484375,9.712852020263673
1748972924049,0.3285667419433594,-0.07708969116210938,9.717342681884766
1748972924116,0.3525169372558594,-0.07948471069335938,9.711953887939453
1748972924183,0.32677047729492187,-0.0712518310546875,9.70985824584961
1748972924250,0.30790969848632815,-0.06122268676757813,9.725276184082032
1748972924316,0.34518218994140626,-0.08277786254882813,9.73291030883789
1748972924383,0.3243754577636719,-0.06002517700195313,9.725575561523438
1748972924450,0.3525169372558594,-0.05583389282226563,9.726922760009765
1748972924516,0.3288661193847656,-0.08158035278320312,9.742191009521484
1748972924583,0.32257919311523436,-0.05179229736328125,9.738897857666016
1748972924649,0.3074606323242188,-0.07140151977539062,9.73620346069336
1748972924716,0.30147308349609375,-0.06810836791992188,9.73575439453125
1748972924783,0.31748977661132816,-0.061671752929687504,9.725126495361328
1748972924850,0.32781829833984377,-0.053438873291015626,9.740245056152345
1748972924916,0.355660400390625,-0.06795867919921875,9.723629608154297
1748972924983,0.35640884399414063,-0.06960525512695313,9.735005950927734
1748972925050,0.35521133422851564,-0.06511459350585938,9.727970581054688
1748972925116,0.31674133300781254,-0.06795867919921875,9.73575439453125
1748972925183,0.354462890625,-0.06795867919921875,9.735455017089844
1748972925250,0.3138972473144531,-0.062120819091796876,9.733359375000001
1748972925316,0.32332763671875003,-0.06721023559570313,9.732461242675782
1748972925383,0.3339555358886719,-0.07050338745117188,9.736053771972657
1748972925450,0.32287857055664065,-0.06780899047851563,9.728868713378906
1748972925516,0.33365615844726565,-0.05912704467773438,9.72662338256836
1748972925583,0.34129028320312504,-0.05313949584960938,9.724527740478516
1748972925651,0.3595523071289063,-0.07813751220703126,9.723030853271485
1748972925716,0.36134857177734375,-0.07469467163085938,9.728419647216798
1748972925783,0.35356475830078127,-0.06436614990234375,9.730365600585937
1748972925851,0.33724868774414063,-0.0652642822265625,9.731114044189454
1748972925916,0.3255729675292969,-0.07454498291015625,9.727820892333986
1748972925983,0.3469784545898438,-0.0544866943359375,9.710457000732422
1748972926051,0.2951861572265625,-0.07514373779296875,9.728868713378906
1748972926116,0.3088078308105469,-0.08113128662109376,9.740245056152345
1748972926183,0.3396437072753906,-0.05837860107421875,9.723779296875
1748972926249,0.32287857055664065,-0.08053253173828126,9.743987274169923
1748972926316,0.38050872802734376,-0.06556365966796876,9.744136962890625
1748972926383,0.22468276977539064,-0.08816665649414063,9.745933227539062
1748972926449,0.21615051269531252,-0.07768844604492188,9.734856262207032
1748972926516,0.2731819152832031,-0.06735992431640625,9.729168090820313
1748972926583,0.298179931640625,-0.058977355957031255,9.715247039794923
1748972926651,0.2900967407226563,-0.08277786254882813,9.736502838134767
1748972926716,0.3113525390625,-0.06855743408203126,9.729317779541017
1748972926783,0.4248165893554688,-0.060174865722656255,9.7189892578125
1748972926851,0.3296145629882813,-0.06481521606445313,9.726024627685547
1748972926943,0.3008743286132813,-0.076640625,9.74099349975586
1748972926983,0.3141966247558594,-0.0544866943359375,9.729317779541017
1748972927049,0.3418890380859375,-0.07229965209960938,9.720635833740236
1748972927116,0.3119512939453125,-0.07589218139648438,9.740544433593751
1748972927183,0.35715728759765625,-0.06691085815429688,9.718240814208984
1748972927249,0.35206787109375004,-0.06855743408203126,9.733359375000001
1748972927316,0.33635055541992187,-0.0748443603515625,9.73425750732422
1748972927383,0.34937347412109376,-0.07050338745117188,9.723928985595704
1748972927449,0.34398468017578127,-0.0688568115234375,9.723629608154297
1748972927516,0.3351530456542969,-0.0628692626953125,9.729317779541017
1748972927583,0.34368530273437503,-0.06855743408203126,9.717342681884766
1748972927649,0.3375480651855469,-0.06825805664062501,9.726473693847657
1748972927716,0.35835479736328124,-0.06256988525390625,9.72572525024414
1748972927783,0.30147308349609375,-0.07514373779296875,9.732461242675782
1748972927849,0.29788055419921877,-0.0748443603515625,9.737550659179687
1748972927916,0.30985565185546876,-0.07214996337890625,9.73291030883789
1748972927983,0.3335064697265625,-0.07050338745117188,9.719138946533203
1748972928049,0.33979339599609376,-0.06586303710937501,9.726773071289063
1748972928115,0.355660400390625,-0.06002517700195313,9.721084899902344
1748972928183,0.33171020507812504,-0.0628692626953125,9.723928985595704
1748972928249,0.3507206726074219,-0.06735992431640625,9.734407196044922
1748972928316,0.34143997192382813,-0.06556365966796876,9.723330230712891
1748972928383,0.314945068359375,-0.07095245361328126,9.72901840209961
1748972928449,0.3279679870605469,-0.06331832885742188,9.732311553955078
1748972928516,0.3394940185546875,-0.067060546875,9.71988739013672
1748972928583,0.33679962158203125,-0.06511459350585938,9.72572525024414
1748972928649,0.3511697387695313,-0.061671752929687504,9.725575561523438
1748972928716,0.3579057312011719,-0.06301895141601563,9.727371826171876
1748972928783,0.3384461975097656,-0.0628692626953125,9.72467742919922
1748972928849,0.3626957702636719,-0.067060546875,9.723479919433593
1748972928916,0.3634442138671875,-0.06915618896484375,9.710157623291016
1748972928983,0.3394940185546875,-0.061372375488281256,9.722581787109375
1748972929049,0.3065625,-0.0556842041015625,9.726024627685547
1748972929116,0.3447331237792969,-0.07229965209960938,9.739496612548828
1748972929183,0.3608995056152344,-0.06466552734375,9.7189892578125
1748972929249,0.27916946411132815,-0.07589218139648438,9.731563110351564
1748972929316,0.32527359008789064,-0.07095245361328126,9.729168090820313
1748972929383,0.3607498168945313,-0.062120819091796876,9.733509063720703
1748972929449,0.35775604248046877,-0.06930587768554688,9.724827117919922
1748972929516,0.34203872680664066,-0.0700543212890625,9.725575561523438
1748972929583,0.34682876586914063,-0.06870712280273437,9.72662338256836
1748972929649,0.3418890380859375,-0.05912704467773438,9.72662338256836
1748972929716,0.3224295043945313,-0.06436614990234375,9.731263732910156
1748972929783,0.3050656127929688,-0.07679031372070313,9.723180541992187
1748972929849,0.3177891540527344,-0.07200027465820313,9.722132720947267
1748972929916,0.310155029296875,-0.07544311523437501,9.734407196044922
1748972929983,0.3203338623046875,-0.06795867919921875,9.735455017089844
1748972930049,0.3273692321777344,-0.06960525512695313,9.730215911865235
1748972930116,0.3415896606445313,-0.07529342651367188,9.727222137451172
1748972930183,0.32302825927734374,-0.06481521606445313,9.729317779541017
1748972930249,0.3224295043945313,-0.06915618896484375,9.725575561523438
1748972930316,0.3526666259765625,-0.0580792236328125,9.715995483398437
1748972930383,0.3541635131835938,-0.05673202514648438,9.715396728515625
1748972930449,0.35521133422851564,-0.0712518310546875,9.713450775146486
1748972930516,0.2989283752441406,-0.06825805664062501,9.721533966064454
1748972930583,0.3674858093261719,-0.07514373779296875,9.720486145019532
1748972930649,0.3309617614746094,-0.054935760498046875,9.716594238281251
1748972930716,0.30147308349609375,-0.06346801757812501,9.721234588623048
1748972930783,0.33664993286132816,-0.06301895141601563,9.7189892578125
1748972930849,0.35835479736328124,-0.052241363525390626,9.713600463867188
1748972930916,0.3023712158203125,-0.05718109130859375,9.735455017089844
1748972930983,0.3299139404296875,-0.0718505859375,9.72033645629883
1748972931049,0.3100053405761719,-0.07529342651367188,9.7189892578125
1748972931116,0.3058140563964844,-0.05837860107421875,9.722731475830079
1748972931183,0.3603007507324219,-0.06900650024414062,9.727521514892578
1748972931249,0.3541635131835938,-0.06750961303710938,9.734107818603515
1748972931316,0.3457809448242188,-0.06316864013671876,9.73141342163086
1748972931383,0.3339555358886719,-0.06331832885742188,9.719588012695313
1748972931449,0.3237767028808594,-0.06945556640625,9.735155639648438
1748972931516,0.33126113891601566,-0.06361770629882812,9.723330230712891
1748972931583,0.34099090576171875,-0.06466552734375,9.723030853271485
1748972931651,0.33290771484375004,-0.06795867919921875,9.716893615722658
1748972931716,0.35161880493164066,-0.06960525512695313,9.724078674316408
1748972931783,0.3288661193847656,-0.05792953491210938,9.741143188476563
1748972931849,0.35221755981445313,-0.06511459350585938,9.729617156982423
1748972931937,0.3375480651855469,-0.06451583862304688,9.730215911865235
1748972931983,0.3146456909179688,-0.07095245361328126,9.71988739013672
1748972932049,0.3394940185546875,-0.06451583862304688,9.721683654785156
1748972932116,0.3138972473144531,-0.06376739501953126,9.732311553955078
1748972932183,0.30446685791015626,-0.07289840698242188,9.720037078857422
1748972932249,0.3195854187011719,-0.06197113037109375,9.713450775146486
1748972932316,0.32677047729492187,-0.06990463256835938,9.720635833740236
1748972932383,0.317340087890625,-0.06556365966796876,9.724378051757814
1748972932449,0.33440460205078126,-0.05792953491210938,9.714797973632812
1748972932516,0.3104544067382813,-0.06825805664062501,9.720785522460938
1748972932583,0.358055419921875,-0.06795867919921875,9.712103576660157
1748972932650,0.3350033569335938,-0.057779846191406255,9.718240814208984
1748972932716,0.336500244140625,-0.06556365966796876,9.723928985595704
1748972932783,0.33724868774414063,-0.0724493408203125,9.725575561523438
1748972932850,0.3297642517089844,-0.07319778442382813,9.723030853271485
1748972932916,0.30192214965820313,-0.06316864013671876,9.706714782714844
1748972932989,0.33215927124023437,-0.06436614990234375,9.722282409667969
1748972933053,0.3043171691894531,-0.067060546875,9.725575561523438
1748972933116,0.2951861572265625,-0.07229965209960938,9.726324005126953
1748972933183,0.2938389587402344,-0.07753875732421875,9.723629608154297
1748972933250,0.34099090576171875,-0.06586303710937501,9.720486145019532
1748972933316,0.34218841552734375,-0.06586303710937501,9.718689880371095
1748972933383,0.3405418395996094,-0.06152206420898438,9.724378051757814
1748972933451,0.3097059631347656,-0.07304809570312501,9.727371826171876
1748972933516,0.32572265625,-0.067060546875,9.730066223144531
1748972933583,0.33171020507812504,-0.06676116943359375,9.722432098388673
1748972933651,0.32871643066406253,-0.0688568115234375,9.729766845703125
1748972933716,0.33560211181640626,-0.05987548828125,9.728419647216798
1748972933783,0.365240478515625,-0.06182144165039063,9.727671203613282
1748972933852,0.3347039794921875,-0.06780899047851563,9.718240814208984
1748972933918,0.34682876586914063,-0.06721023559570313,9.725575561523438
1748972933983,0.31719039916992187,-0.059725799560546876,9.720785522460938
1748972934050,0.34218841552734375,-0.04924758911132813,9.715995483398437
1748972934116,0.3333567810058594,-0.06466552734375,9.72707244873047
1748972934183,0.32587234497070316,-0.08098159790039063,9.721234588623048
1748972934250,0.34667907714843754,-0.06735992431640625,9.715546417236329
1748972934318,0.34084121704101566,-0.06002517700195313,9.725575561523438
1748972934383,0.33979339599609376,-0.06316864013671876,9.716444549560547
1748972934451,0.31883697509765624,-0.0700543212890625,9.721683654785156
1748972934516,0.3338058471679688,-0.07319778442382813,9.725276184082032
1748972934583,0.3483256530761719,-0.05792953491210938,9.713600463867188
1748972934651,0.3158432006835938,-0.06735992431640625,9.720186767578125
1748972934718,0.3146456909179688,-0.06915618896484375,9.714498596191406
1748972934783,0.2939886474609375,-0.06631210327148437,9.724527740478516
1748972934850,0.310155029296875,-0.06541397094726563,9.724378051757814
1748972934916,0.3323089599609375,-0.07155120849609375,9.73620346069336
1748972934983,0.3246748352050781,-0.07289840698242188,9.723330230712891
1748972935051,0.33799713134765624,-0.0748443603515625,9.723180541992187
1748972935118,0.33320709228515627,-0.058528289794921876,9.727222137451172
1748972935183,0.3273692321777344,-0.07499404907226563,9.718390502929688
1748972935250,0.32602203369140625,-0.0712518310546875,9.71988739013672
1748972935318,0.32213012695312504,-0.06301895141601563,9.724527740478516
1748972935383,0.3649411010742188,-0.06810836791992188,9.705068206787109
1748972935450,0.3255729675292969,-0.06631210327148437,9.729617156982423
1748972935517,0.3335064697265625,-0.0700543212890625,9.726773071289063
1748972935583,0.335302734375,-0.06466552734375,9.723928985595704
1748972935651,0.32257919311523436,-0.061671752929687504,9.722731475830079
1748972935716,0.3227288818359375,-0.06466552734375,9.723479919433593
1748972935785,0.3296145629882813,-0.0592767333984375,9.721234588623048
1748972935853,0.3227288818359375,-0.06930587768554688,9.726922760009765
1748972935916,0.31644195556640625,-0.07319778442382813,9.722581787109375
1748972935983,0.29653335571289063,-0.07679031372070313,9.717192993164064
1748972936052,0.31090347290039066,-0.07379653930664062,9.728719024658204
1748972936117,0.3546125793457031,-0.07813751220703126,9.718839569091797
1748972936183,0.3752696228027344,-0.05763015747070313,9.716893615722658
1748972936251,0.3897894287109375,-0.07050338745117188,9.711654510498047
1748972936316,0.329315185546875,-0.0532891845703125,9.72662338256836
1748972936383,0.36673736572265625,-0.06661148071289062,9.716893615722658
1748972936450,0.314945068359375,-0.0700543212890625,9.721084899902344
1748972936518,0.348475341796875,-0.07289840698242188,9.723330230712891
1748972936583,0.3279679870605469,-0.062120819091796876,9.71988739013672
1748972936653,0.3261717224121094,-0.057779846191406255,9.723180541992187
1748972936717,0.31225067138671875,-0.07694000244140625,9.715546417236329
1748972936785,0.33171020507812504,-0.07274871826171875,9.733658752441407
1748972936853,0.33260833740234375,-0.06750961303710938,9.724976806640626
1748972936930,0.3028202819824219,-0.06810836791992188,9.71943832397461
1748972936983,0.3106040954589844,-0.0664617919921875,9.716743927001954
1748972937049,0.3082090759277344,-0.0700543212890625,9.718839569091797
1748972937116,0.31344818115234374,-0.06346801757812501,9.724976806640626
1748972937183,0.32841705322265624,-0.07454498291015625,9.721234588623048
1748972937250,0.3276686096191406,-0.07170089721679689,9.721533966064454
1748972937318,0.31180160522460937,-0.06915618896484375,9.712253265380859
1748972937383,0.28949798583984376,-0.05882766723632813,9.727970581054688
1748972937450,0.3195854187011719,-0.07155120849609375,9.72138427734375
1748972937516,0.34503250122070317,-0.07065307617187501,9.715546417236329
1748972937583,0.32587234497070316,-0.06795867919921875,9.718240814208984
1748972937653,0.30716125488281254,-0.06975494384765625,9.712253265380859
1748972937716,0.35281631469726565,-0.061072998046875,9.723330230712891
1748972937783,0.3537144470214844,-0.06855743408203126,9.714049530029298
1748972937851,0.33485366821289064,-0.0748443603515625,9.72422836303711
1748972937916,0.3126997375488281,-0.07679031372070313,9.726324005126953
1748972937983,0.34727783203125,-0.07349716186523438,9.714947662353516
1748972938050,0.34937347412109376,-0.06541397094726563,9.719138946533203
1748972938116,0.338895263671875,-0.05014572143554688,9.725276184082032
1748972938183,0.40161483764648437,-0.062120819091796876,9.710906066894532
1748972938250,0.34787658691406254,-0.06616241455078126,9.713600463867188
1748972938316,0.2986289978027344,-0.06945556640625,9.727970581054688
1748972938383,0.3311114501953125,-0.06436614990234375,9.73380844116211
1748972938451,0.3734733581542969,-0.06556365966796876,9.721234588623048
1748972938516,0.3438349914550781,-0.058977355957031255,9.71988739013672
1748972938583,0.2878514099121094,-0.06900650024414062,9.719288635253907
1748972938651,0.3113525390625,-0.06840774536132813,9.725425872802735
1748972938717,0.4028123474121094,-0.07274871826171875,9.71704330444336
1748972938783,0.3787124633789063,-0.05957611083984375,9.705068206787109
1748972938850,0.30910720825195315,-0.06960525512695313,9.72138427734375
1748972938916,0.32587234497070316,-0.06346801757812501,9.714348907470704
1748972938983,0.42766067504882815,-0.06451583862304688,9.706265716552736
1748972939051,0.38080810546875005,-0.061372375488281256,9.720486145019532
1748972939118,0.2939886474609375,-0.06721023559570313,9.71988739013672
1748972939183,0.2963836669921875,-0.07274871826171875,9.720635833740236
1748972939250,0.41763153076171877,-0.051043853759765626,9.706565093994142
1748972939317,0.35685791015625,-0.05433700561523438,9.720785522460938
1748972939382,0.35131942749023437,-0.07035369873046875,9.719138946533203
1748972939450,0.34368530273437503,-0.06631210327148437,9.715995483398437
1748972939518,0.42541534423828126,-0.0580792236328125,9.699380035400392
1748972939583,0.3342549133300781,-0.06990463256835938,9.71988739013672
1748972939650,0.3092568969726563,-0.05837860107421875,9.72033645629883
1748972939718,0.3195854187011719,-0.06451583862304688,9.729317779541017
1748972939783,0.3537144470214844,-0.06631210327148437,9.722581787109375
1748972939851,0.3487747192382813,-0.06316864013671876,9.721084899902344
1748972939916,0.30895751953125,-0.07933502197265625,9.721533966064454
1748972939983,0.3150947570800781,-0.0592767333984375,9.722432098388673
1748972940050,0.37676651000976563,-0.05987548828125,9.719138946533203
1748972940116,0.33709899902343754,-0.062420196533203125,9.717941436767578
1748972940183,0.3143463134765625,-0.0748443603515625,9.724527740478516
1748972940250,0.33021331787109376,-0.06661148071289062,9.72617431640625
1748972940316,0.30895751953125,-0.07589218139648438,9.71464828491211
1748972940383,0.30686187744140625,-0.06975494384765625,9.732610931396485
1748972940449,0.32871643066406253,-0.06541397094726563,9.723330230712891
1748972940518,0.3878434753417969,-0.07978408813476563,9.72183334350586
1748972940583,0.3426374816894531,-0.06930587768554688,9.719138946533203
1748972940650,0.279019775390625,-0.06945556640625,9.716444549560547
1748972940718,0.29683273315429687,-0.07020401000976563,9.721234588623048
1748972940783,0.32527359008789064,-0.06361770629882812,9.734107818603515
1748972940852,0.3345542907714844,-0.06391708374023437,9.717941436767578
1748972940916,0.3534150695800781,-0.0592767333984375,9.720635833740236
1748972940983,0.3525169372558594,-0.05718109130859375,9.717941436767578
1748972941050,0.34173934936523437,-0.0700543212890625,9.725874938964845
1748972941118,0.23441253662109376,-0.062120819091796876,9.721533966064454
1748972941183,0.31748977661132816,-0.06331832885742188,9.722881164550781
1748972941251,0.35161880493164066,-0.07574249267578126,9.730664978027344
1748972941316,0.3200344848632813,-0.06735992431640625,9.721683654785156
1748972941383,0.23710693359375,-0.0820294189453125,9.7285693359375
1748972941450,0.2963836669921875,-0.06780899047851563,9.724078674316408
1748972941516,0.3842509460449219,-0.06511459350585938,9.714348907470704
1748972941583,0.36119888305664066,-0.06391708374023437,9.724527740478516
1748972941650,0.33784744262695315,-0.07394622802734375,9.726024627685547
1748972941716,0.32901580810546877,-0.06990463256835938,9.712552642822265
1748972941783,0.4302053833007813,-0.06466552734375,9.722881164550781
1748972941851,0.3704795837402344,-0.05433700561523438,9.720186767578125
1748972941927,0.3595523071289063,-0.06556365966796876,9.718689880371095
1748972941983,0.32677047729492187,-0.07289840698242188,9.723479919433593
1748972942049,0.40625518798828125,-0.06990463256835938,9.712103576660157
1748972942116,0.36434234619140626,-0.06511459350585938,9.708660736083985
1748972942183,0.3794609069824219,-0.05987548828125,9.726773071289063
1748972942252,0.3249742126464844,-0.06077362060546875,9.71854019165039
1748972942316,0.3477268981933594,-0.06586303710937501,9.72033645629883
1748972942383,0.35700759887695316,-0.07394622802734375,9.71180419921875
1748972942449,0.3879931640625,-0.07065307617187501,9.721084899902344
1748972942517,0.28291168212890627,-0.0592767333984375,9.727970581054688
1748972942583,0.314945068359375,-0.0700543212890625,9.724827117919922
1748972942653,0.3549119567871094,-0.07259902954101563,9.714498596191406
1748972942716,0.3561094665527344,-0.06721023559570313,9.721533966064454
1748972942783,0.286204833984375,-0.06256988525390625,9.726024627685547
1748972942851,0.27422973632812503,-0.06451583862304688,9.716444549560547
1748972942916,0.3092568969726563,-0.08038284301757813,9.733209686279297
1748972942983,0.35625915527343754,-0.0688568115234375,9.717642059326172
1748972943054,0.3116519165039063,-0.07035369873046875,9.722432098388673
1748972943117,0.29847930908203124,-0.07035369873046875,9.724078674316408
1748972943183,0.29309051513671874,-0.07589218139648438,9.72617431640625
1748972943251,0.3034190368652344,-0.06556365966796876,9.714348907470704
1748972943316,0.36179763793945313,-0.0640667724609375,9.716743927001954
1748972943383,0.3351530456542969,-0.05403762817382813,9.709409179687501
1748972943450,0.2785707092285156,-0.08113128662109376,9.728719024658204
1748972943516,0.29458740234375,-0.08232879638671875,9.732461242675782
1748972943583,0.21046234130859376,-0.08517288208007813,9.736951904296875
1748972943654,0.3311114501953125,-0.06331832885742188,9.724078674316408
1748972943718,0.31644195556640625,-0.06496490478515625,9.726024627685547
1748972943783,0.36404296875000003,-0.0628692626953125,9.718390502929688
1748972943851,0.35700759887695316,-0.06481521606445313,9.728419647216798
1748972943916,0.3405418395996094,-0.06586303710937501,9.724976806640626
1748972943983,0.336500244140625,-0.06631210327148437,9.718091125488282
1748972944056,0.34338592529296874,-0.06930587768554688,9.720785522460938
1748972944116,0.317340087890625,-0.07214996337890625,9.71943832397461
1748972944183,0.3180885314941406,-0.07529342651367188,9.721683654785156
1748972944250,0.3183879089355469,-0.060923309326171876,9.722731475830079
1748972944317,0.33126113891601566,-0.06391708374023437,9.71854019165039
1748972944383,0.316142578125,-0.0580792236328125,9.722132720947267
1748972944451,0.3279679870605469,-0.07649093627929687,9.722881164550781
1748972944516,0.30761032104492186,-0.08592132568359376,9.715995483398437
1748972944583,0.26584716796875,-0.0724493408203125,9.720635833740236
1748972944651,0.31090347290039066,-0.07095245361328126,9.72467742919922
1748972944716,0.3501219177246094,-0.06391708374023437,9.715546417236329
1748972944783,0.35281631469726565,-0.06271957397460938,9.710906066894532
1748972944850,0.3320095825195313,-0.06825805664062501,9.722132720947267
1748972944917,0.35685791015625,-0.067060546875,9.727820892333986
1748972944983,0.34503250122070317,-0.06586303710937501,9.729916534423829
1748972945051,0.3299139404296875,-0.067060546875,9.727222137451172
1748972945116,0.3296145629882813,-0.06616241455078126,9.72033645629883
1748972945183,0.31090347290039066,-0.07155120849609375,9.719288635253907
1748972945249,0.30686187744140625,-0.06451583862304688,9.721683654785156
1748972945316,0.32332763671875003,-0.06960525512695313,9.73186248779297
1748972945383,0.3201841735839844,-0.05478607177734375,9.719737701416015
1748972945450,0.3242257690429688,-0.0748443603515625,9.724527740478516
1748972945518,0.3323089599609375,-0.06661148071289062,9.718240814208984
1748972945583,0.3614982604980469,-0.06496490478515625,9.720037078857422
1748972945650,0.3201841735839844,-0.06900650024414062,9.718839569091797
1748972945718,0.2267784118652344,-0.0748443603515625,9.729766845703125
1748972945783,0.29144393920898437,-0.07304809570312501,9.727970581054688
1748972945852,0.3531156921386719,-0.06735992431640625,9.723779296875
1748972945916,0.29713211059570316,-0.07559280395507813,9.714498596191406
1748972945983,0.26270370483398436,-0.08382568359375,9.723479919433593
1748972946051,0.3008743286132813,-0.06601272583007813,9.715995483398437
1748972946117,0.3384461975097656,-0.058977355957031255,9.725575561523438
1748972946183,0.3040177917480469,-0.05703140258789063,9.717791748046876
1748972946249,0.239501953125,-0.09145980834960937,9.73291030883789
1748972946316,0.3189866638183594,-0.06122268676757813,9.725276184082032
1748972946383,0.34443374633789064,-0.067060546875,9.715396728515625
1748972946453,0.31823822021484377,-0.048648834228515625,9.71749237060547
1748972946517,0.2644999694824219,-0.08951385498046875,9.730515289306641
1748972946583,0.30805938720703124,-0.06601272583007813,9.72422836303711
1748972946649,0.30835876464843753,-0.06586303710937501,9.724378051757814
1748972946716,0.3047662353515625,-0.061671752929687504,9.726473693847657
1748972946783,0.3399430847167969,-0.06855743408203126,9.720635833740236
1748972946849,0.32602203369140625,-0.10942245483398438,9.707163848876954
1748972946926,0.2966830444335938,-0.07170089721679689,9.729467468261719
1748972946983,0.5298980712890625,-0.050295410156250005,9.712402954101563
1748972947049,0.39353164672851565,-0.04834945678710938,9.707163848876954
1748972947116,0.21540206909179688,-0.09535171508789063,9.733059997558595
1748972947183,0.28455825805664064,-0.06990463256835938,9.729168090820313
1748972947250,0.37931121826171876,-0.04565505981445313,9.708810424804687
1748972947317,0.3694317626953125,-0.07379653930664062,9.723779296875
1748972947383,0.3650907897949219,-0.07200027465820313,9.721683654785156
1748972947449,0.29413833618164065,-0.0622705078125,9.710157623291016
1748972947517,0.36598892211914064,-0.07289840698242188,9.7285693359375
1748972947583,0.42107437133789066,-0.05583389282226563,9.721683654785156
1748972947649,0.29832962036132815,-0.06601272583007813,9.722282409667969
1748972947717,0.30671218872070316,-0.06421646118164062,9.72572525024414
1748972947783,0.40206390380859375,-0.05598358154296875,9.72033645629883
1748972947850,0.3309617614746094,-0.06601272583007813,9.718839569091797
1748972947917,0.24204666137695313,-0.08562194824218751,9.733958129882813
1748972947983,0.29593460083007816,-0.07768844604492188,9.735455017089844
1748972948052,0.41688308715820316,-0.04296066284179688,9.70596633911133
1748972948117,0.3791615295410156,-0.06152206420898438,9.722282409667969
1748972948183,0.26764343261718754,-0.08173004150390625,9.732012176513672
1748972948252,0.29488677978515626,-0.07768844604492188,9.722581787109375
1748972948317,0.36778518676757815,-0.07933502197265625,9.721683654785156
1748972948383,0.36853363037109377,-0.057330780029296875,9.713750152587892
1748972948449,0.3465293884277344,-0.054935760498046875,9.707612915039062
1748972948517,0.28380981445312503,-0.07274871826171875,9.721683654785156
1748972948583,0.2794688415527344,-0.06661148071289062,9.711055755615234
1748972948653,0.3806584167480469,-0.0556842041015625,9.709259490966797
1748972948717,0.34667907714843754,-0.0652642822265625,9.715546417236329
1748972948783,0.37392242431640627,-0.06810836791992188,9.710457000732422
1748972948852,0.37976028442382814,-0.054935760498046875,9.726024627685547
1748972948917,0.314945068359375,-0.06182144165039063,9.720785522460938
1748972948983,0.3215313720703125,-0.06840774536132813,9.734407196044922
1748972949052,0.3384461975097656,-0.05822891235351563,9.71315139770508
1748972949117,0.3553610229492188,-0.06271957397460938,9.726324005126953
1748972949183,0.2903961181640625,-0.06077362060546875,9.716145172119141
1748972949251,0.3203338623046875,-0.07918533325195314,9.720785522460938
1748972949317,0.31255004882812504,-0.06032455444335938,9.725425872802735
1748972949383,0.3445834350585938,-0.0688568115234375,9.72183334350586
1748972949451,0.32482452392578126,-0.06421646118164062,9.733509063720703
1748972949517,0.3065625,-0.06002517700195313,9.716743927001954
1748972949583,0.30446685791015626,-0.06346801757812501,9.730664978027344
1748972949651,0.34278717041015627,-0.07170089721679689,9.716893615722658
1748972949717,0.329315185546875,-0.060174865722656255,9.729916534423829
1748972949783,0.3201841735839844,-0.06735992431640625,9.716294860839843
1748972949852,0.3531156921386719,-0.05239105224609375,9.715995483398437
1748972949916,0.32048355102539067,-0.06960525512695313,9.717791748046876
1748972949983,0.2878514099121094,-0.06855743408203126,9.716893615722658
1748972950051,0.31030471801757814,-0.05358856201171875,9.71943832397461
1748972950117,0.27153533935546875,-0.0736468505859375,9.720635833740236
1748972950183,0.32482452392578126,-0.06122268676757813,9.722731475830079
1748972950249,0.28380981445312503,-0.07813751220703126,9.733359375000001
1748972950317,0.4819976806640625,-0.04775070190429688,9.706116027832032
1748972950383,0.3968247985839844,-0.0652642822265625,9.718240814208984
1748972950451,0.28800109863281254,-0.08517288208007813,9.73425750732422
1748972950516,0.24324417114257812,-0.07933502197265625,9.739346923828126
1748972950583,0.43843826293945315,-0.05673202514648438,9.72183334350586
1748972950651,0.35595977783203125,-0.04266128540039063,9.713600463867188
1748972950717,0.2513273620605469,-0.07604187011718751,9.730664978027344
1748972950783,0.32572265625,-0.06870712280273437,9.7285693359375
1748972950852,0.36973114013671876,-0.05583389282226563,9.72662338256836
1748972950917,0.3276686096191406,-0.06511459350585938,9.723330230712891
1748972950983,0.27677444458007816,-0.06915618896484375,9.725276184082032
1748972951049,0.3852987670898438,-0.060923309326171876,9.715097351074219
1748972951117,0.279019775390625,-0.07903564453125,9.72662338256836
1748972951183,0.44262954711914065,-0.04445755004882813,9.703721008300782
1748972951252,0.3357518005371094,-0.06616241455078126,9.717791748046876
1748972951317,0.3251239013671875,-0.07065307617187501,9.730066223144531
1748972951383,0.34712814331054687,-0.06496490478515625,9.7189892578125
1748972951451,0.4255650329589844,-0.06481521606445313,9.701924743652345
1748972951517,0.34518218994140626,-0.060923309326171876,9.720486145019532
1748972951584,0.2854563903808594,-0.07828720092773438,9.726922760009765
1748972951654,0.3201841735839844,-0.06421646118164062,9.726324005126953
1748972951717,0.36239639282226566,-0.06361770629882812,9.715546417236329
1748972951783,0.3263214111328125,-0.0700543212890625,9.715396728515625
1748972951851,0.31689102172851563,-0.07229965209960938,9.723030853271485
1748972951926,0.33215927124023437,-0.059725799560546876,9.71464828491211
1748972951983,0.3227288818359375,-0.06960525512695313,9.726024627685547
1748972952049,0.31374755859375003,-0.056282958984375006,9.716444549560547
1748972952117,0.35102005004882814,-0.0736468505859375,9.721084899902344
1748972952183,0.38589752197265625,-0.05957611083984375,9.720037078857422
1748972952252,0.31255004882812504,-0.056133270263671875,9.730215911865235
1748972952317,0.32572265625,-0.086220703125,9.723928985595704
1748972952383,0.3165916442871094,-0.067060546875,9.730664978027344
1748972952450,0.3338058471679688,-0.0736468505859375,9.723030853271485
1748972952517,0.32287857055664065,-0.05987548828125,9.724378051757814
1748972952583,0.3183879089355469,-0.08382568359375,9.729617156982423
1748972952652,0.35476226806640626,-0.05837860107421875,9.720935211181642
1748972952717,0.31150222778320313,-0.07214996337890625,9.722731475830079
1748972952783,0.28530670166015626,-0.10208770751953125,9.742939453125
1748972952852,0.2758763122558594,-0.05194198608398438,9.727820892333986
1748972952917,0.2920426940917969,-0.12349319458007812,9.72901840209961
1748972952983,0.3818559265136719,-0.0868194580078125,9.720486145019532
1748972953050,0.305364990234375,-0.06496490478515625,9.72422836303711
1748972953117,0.33320709228515627,-0.07319778442382813,9.728120269775392
1748972953183,0.3415896606445313,-0.06586303710937501,9.726922760009765
1748972953252,0.3335064697265625,-0.06361770629882812,9.708361358642579
1748972953319,0.33635055541992187,-0.07514373779296875,9.722881164550781
1748972953385,0.3448828125,-0.07170089721679689,9.711953887939453
1748972953450,0.3394940185546875,-0.07379653930664062,9.721084899902344
1748972953517,0.31823822021484377,-0.061072998046875,9.722432098388673
1748972953583,0.31719039916992187,-0.043858795166015624,9.7189892578125
1748972953651,0.3740721130371094,-0.056133270263671875,9.721234588623048
1748972953717,0.33006362915039067,-0.07753875732421875,9.720635833740236
1748972953783,0.2347119140625,-0.07080276489257813,9.727371826171876
1748972953851,0.23650817871093752,-0.07694000244140625,9.726773071289063
1748972953917,0.30147308349609375,-0.06376739501953126,9.726773071289063
1748972953983,0.33021331787109376,-0.07020401000976563,9.724976806640626
1748972954050,0.30835876464843753,-0.058528289794921876,9.715247039794923
1748972954117,0.3531156921386719,-0.030985565185546876,9.713600463867188
1748972954183,0.29144393920898437,-0.0724493408203125,9.726922760009765
1748972954250,0.29368927001953127,-0.07858657836914062,9.727371826171876
1748972954317,0.35206787109375004,-0.06361770629882812,9.721234588623048
1748972954383,0.33799713134765624,-0.0688568115234375,9.716893615722658
1748972954452,0.30491592407226564,-0.07334747314453126,9.727222137451172
1748972954517,0.32183074951171875,-0.06271957397460938,9.71943832397461
1748972954583,0.31793884277343754,-0.07634124755859376,9.72572525024414
1748972954650,0.3338058471679688,-0.07110214233398438,9.720037078857422
1748972954717,0.35865417480468753,-0.077838134765625,9.725575561523438
1748972954783,0.34742752075195316,-0.052989807128906254,9.726473693847657
1748972954850,0.2977308654785156,-0.07514373779296875,9.723928985595704
1748972954917,0.35895355224609377,-0.04565505981445313,9.707313537597656
1748972954983,0.3597019958496094,-0.07589218139648438,9.728868713378906
1748972955050,0.36778518676757815,-0.07065307617187501,9.725425872802735
1748972955117,0.31943572998046876,-0.07155120849609375,9.730066223144531
1748972955183,0.2977308654785156,-0.0640667724609375,9.718091125488282
1748972955249,0.3129991149902344,-0.08277786254882813,9.713899841308594
1748972955317,0.338895263671875,-0.07095245361328126,9.730066223144531
1748972955383,0.34623001098632816,-0.0700543212890625,9.722282409667969
1748972955450,0.3523672485351563,-0.07050338745117188,9.715995483398437
1748972955517,0.32227981567382813,-0.07559280395507813,9.726773071289063
1748972955583,0.296982421875,-0.07454498291015625,9.722581787109375
1748972955651,0.3150947570800781,-0.07259902954101563,9.723330230712891
1748972955717,0.3399430847167969,-0.05942642211914063,9.703870697021484
1748972955783,0.33006362915039067,-0.0712518310546875,9.723180541992187
1748972955850,0.3339555358886719,-0.07828720092773438,9.724976806640626
1748972955917,0.32841705322265624,-0.06930587768554688,9.721983032226563
1748972955983,0.33784744262695315,-0.06631210327148437,9.73141342163086
1748972956050,0.33485366821289064,-0.06271957397460938,9.729317779541017
1748972956118,0.3126997375488281,-0.0640667724609375,9.723479919433593
1748972956183,0.3094065856933594,-0.07649093627929687,9.716743927001954
1748972956252,0.32901580810546877,-0.07574249267578126,9.7285693359375
1748972956318,0.3147953796386719,-0.07140151977539062,9.725425872802735
1748972956383,0.3243754577636719,-0.05643264770507813,9.719588012695313
1748972956449,0.336500244140625,-0.06721023559570313,9.726473693847657
1748972956517,0.3740721130371094,-0.05718109130859375,9.717642059326172
1748972956583,0.35895355224609377,-0.06795867919921875,9.726324005126953
1748972956650,0.36164794921875004,-0.05358856201171875,9.720635833740236
1748972956717,0.31644195556640625,-0.07095245361328126,9.728269958496094
1748972956783,0.3537144470214844,-0.07259902954101563,9.718839569091797
1748972956851,0.34024246215820314,-0.08966354370117188,9.739945678710939
1748972956930,0.23665786743164063,-0.07035369873046875,9.724527740478516
1748972956983,0.3212319946289063,-0.07424560546875,9.727970581054688
1748972957049,0.3469784545898438,-0.07873626708984376,9.723479919433593
1748972957117,0.3195854187011719,-0.030386810302734376,9.703870697021484
1748972957183,0.42840911865234377,-0.045205993652343755,9.699978790283204
1748972957249,0.35176849365234375,-0.06601272583007813,9.720037078857422
1748972957317,0.3454815673828125,-0.06152206420898438,9.72572525024414
1748972957383,0.33290771484375004,-0.061072998046875,9.71988739013672
1748972957450,0.33605117797851564,-0.06960525512695313,9.713001708984375
1748972957517,0.31150222778320313,-0.12124786376953126,9.729916534423829
1748972957583,0.2606080627441406,-0.04445755004882813,9.720785522460938
1748972957652,0.31689102172851563,-0.07604187011718751,9.720635833740236
1748972957717,0.32871643066406253,-0.0688568115234375,9.720186767578125
1748972957783,0.3339555358886719,-0.06721023559570313,9.729916534423829
1748972957850,0.32482452392578126,-0.06960525512695313,9.724078674316408
1748972957917,0.33066238403320314,-0.06870712280273437,9.727371826171876
1748972957983,0.32826736450195315,-0.06855743408203126,9.722731475830079
1748972958050,0.31374755859375003,-0.06735992431640625,9.726024627685547
1748972958117,0.33006362915039067,-0.07080276489257813,9.725126495361328
1748972958183,0.35102005004882814,-0.06376739501953126,9.725874938964845
1748972958251,0.335302734375,-0.056282958984375006,9.709259490966797
1748972958317,0.33365615844726565,-0.06735992431640625,9.727521514892578
1748972958383,0.32063323974609376,-0.07604187011718751,9.721533966064454
1748972958451,0.3279679870605469,-0.06152206420898438,9.727371826171876
1748972958517,0.3279679870605469,-0.06780899047851563,9.717941436767578
1748972958583,0.2915936279296875,-0.06361770629882812,9.727970581054688
1748972958652,0.31225067138671875,-0.07334747314453126,9.72707244873047
1748972958717,0.3457809448242188,-0.05763015747070313,9.716294860839843
1748972958783,0.34248779296875004,-0.06855743408203126,9.719588012695313
1748972958851,0.33260833740234375,-0.06556365966796876,9.72467742919922
1748972958917,0.33021331787109376,-0.07155120849609375,9.721234588623048
1748972958983,0.3255729675292969,-0.06451583862304688,9.721533966064454
1748972959052,0.3255729675292969,-0.07334747314453126,9.715845794677735
1748972959117,0.3320095825195313,-0.060174865722656255,9.715546417236329
1748972959183,0.32647109985351563,-0.06421646118164062,9.718240814208984
1748972959250,0.33126113891601566,-0.06825805664062501,9.71943832397461
1748972959317,0.3285667419433594,-0.07424560546875,9.72617431640625
1748972959383,0.33320709228515627,-0.0640667724609375,9.72467742919922
1748972959449,0.3323089599609375,-0.058528289794921876,9.72183334350586
1748972959517,0.3170407104492188,-0.07574249267578126,9.7285693359375
1748972959583,0.33215927124023437,-0.06391708374023437,9.722581787109375
1748972959650,0.33126113891601566,-0.06945556640625,9.716893615722658
1748972959717,0.35775604248046877,-0.05912704467773438,9.720935211181642
1748972959783,0.3339555358886719,-0.06631210327148437,9.72422836303711
1748972959850,0.33605117797851564,-0.06960525512695313,9.717342681884766
1748972959917,0.3315605163574219,-0.060923309326171876,9.714049530029298
1748972959983,0.3393443298339844,-0.06780899047851563,9.723479919433593
1748972960051,0.32751892089843754,-0.07289840698242188,9.715396728515625
1748972960117,0.3469784545898438,-0.0640667724609375,9.719138946533203
1748972960183,0.32677047729492187,-0.06197113037109375,9.714498596191406
1748972960251,0.3442840576171875,-0.05987548828125,9.714348907470704
1748972960317,0.33185989379882813,-0.07200027465820313,9.71704330444336
1748972960383,0.3249742126464844,-0.06975494384765625,9.708061981201173
1748972960451,0.32108230590820314,-0.06586303710937501,9.716743927001954
1748972960517,0.31344818115234374,-0.07813751220703126,9.718390502929688
1748972960583,0.35401382446289065,-0.0580792236328125,9.703571319580078
1748972960651,0.24489074707031253,-0.06676116943359375,9.716145172119141
1748972960717,0.30761032104492186,-0.07214996337890625,9.724378051757814
1748972960783,0.3369493103027344,-0.0724493408203125,9.711504821777345
1748972960853,0.2800675964355469,-0.06735992431640625,9.72617431640625
1748972960917,0.31284942626953127,-0.05598358154296875,9.724078674316408
1748972960983,0.30446685791015626,-0.061372375488281256,9.723928985595704
1748972961051,0.3309617614746094,-0.07319778442382813,9.72183334350586
1748972961118,0.3104544067382813,-0.07529342651367188,9.716294860839843
1748972961183,0.3234773254394531,-0.06930587768554688,9.71030731201172
1748972961251,0.3243754577636719,-0.06750961303710938,9.725276184082032
1748972961317,0.32871643066406253,-0.0556842041015625,9.727820892333986
1748972961383,0.33006362915039067,-0.0748443603515625,9.715396728515625
1748972961449,0.3442840576171875,-0.057779846191406255,9.718689880371095
1748972961519,0.33829650878906253,-0.0664617919921875,9.72617431640625
1748972961583,0.33440460205078126,-0.06691085815429688,9.71943832397461
1748972961653,0.33171020507812504,-0.0688568115234375,9.723330230712891
1748972961717,0.31853759765625,-0.06571334838867188,9.72572525024414
1748972961783,0.3330574035644531,-0.06721023559570313,9.721983032226563
1748972961851,0.3237767028808594,-0.06945556640625,9.722132720947267
1748972961931,0.32332763671875003,-0.06316864013671876,9.711953887939453
1748972961983,0.3285667419433594,-0.067060546875,9.712253265380859
1748972962049,0.33724868774414063,-0.06481521606445313,9.716743927001954
1748972962117,0.31105316162109375,-0.06825805664062501,9.721234588623048
1748972962183,0.32751892089843754,-0.06855743408203126,9.713450775146486
1748972962253,0.3384461975097656,-0.07604187011718751,9.716893615722658
1748972962317,0.28695327758789063,-0.06346801757812501,9.72467742919922
1748972962384,0.3153941345214844,-0.07604187011718751,9.722881164550781
1748972962453,0.3243754577636719,-0.07304809570312501,9.719288635253907
1748972962517,0.33171020507812504,-0.06496490478515625,9.723928985595704
1748972962583,0.34024246215820314,-0.06361770629882812,9.721533966064454
1748972962651,0.33724868774414063,-0.06780899047851563,9.714498596191406
1748972962717,0.3534150695800781,-0.06541397094726563,9.71704330444336
1748972962783,0.3514691162109375,-0.06496490478515625,9.725575561523438
1748972962853,0.3104544067382813,-0.07155120849609375,9.71419921875
1748972962917,0.33679962158203125,-0.07439529418945313,9.71749237060547
1748972962984,0.34143997192382813,-0.06002517700195313,9.712552642822265
1748972963052,0.35521133422851564,-0.07080276489257813,9.72033645629883
1748972963117,0.33904495239257815,-0.06541397094726563,9.717941436767578
1748972963183,0.3094065856933594,-0.07155120849609375,9.713899841308594
1748972963249,0.31883697509765624,-0.07679031372070313,9.720486145019532
1748972963317,0.3237767028808594,-0.06182144165039063,9.71464828491211
1748972963383,0.35131942749023437,-0.060174865722656255,9.722132720947267
1748972963453,0.35595977783203125,-0.067060546875,9.709708557128907
1748972963517,0.348475341796875,-0.06122268676757813,9.713301086425782
1748972963583,0.28994705200195314,-0.07050338745117188,9.715696105957031
1748972963653,0.3430865478515625,-0.06870712280273437,9.70312225341797
1748972963717,0.33066238403320314,-0.0712518310546875,9.715546417236329
1748972963783,0.31883697509765624,-0.07289840698242188,9.720785522460938
1748972963853,0.3246748352050781,-0.07214996337890625,9.71704330444336
1748972963917,0.32257919311523436,-0.06032455444335938,9.706714782714844
1748972963983,0.34982254028320314,-0.07050338745117188,9.71464828491211
1748972964053,0.30551467895507817,-0.07170089721679689,9.715546417236329
1748972964117,0.3362008666992188,-0.07694000244140625,9.714049530029298
1748972964183,0.35131942749023437,-0.06481521606445313,9.706714782714844
1748972964251,0.3423381042480469,-0.06466552734375,9.71135513305664
1748972964317,0.3315605163574219,-0.05478607177734375,9.712103576660157
1748972964384,0.3387455749511719,-0.07334747314453126,9.702224121093751
1748972964449,0.35625915527343754,-0.07439529418945313,9.706864471435548
1748972964517,0.3276686096191406,-0.0736468505859375,9.707163848876954
1748972964583,0.33066238403320314,-0.07110214233398438,9.712852020263673
1748972964653,0.3242257690429688,-0.06795867919921875,9.719138946533203
1748972964717,0.30686187744140625,-0.07873626708984376,9.718689880371095
1748972964783,0.3362008666992188,-0.07110214233398438,9.706415405273438
1748972964849,0.3327580261230469,-0.06541397094726563,9.704319763183594
1748972964917,0.32901580810546877,-0.062420196533203125,9.714348907470704
1748972964983,0.33126113891601566,-0.07514373779296875,9.71270233154297
1748972965052,0.33171020507812504,-0.07110214233398438,9.711055755615234
1748972965116,0.32108230590820314,-0.06721023559570313,9.724378051757814
1748972965183,0.3165916442871094,-0.06810836791992188,9.715696105957031
1748972965251,0.3153941345214844,-0.0700543212890625,9.718240814208984
1748972965317,0.3207829284667969,-0.07080276489257813,9.714947662353516
1748972965384,0.3285667419433594,-0.07020401000976563,9.720785522460938
1748972965449,0.3297642517089844,-0.06750961303710938,9.716444549560547
1748972965517,0.33724868774414063,-0.061372375488281256,9.709259490966797
1748972965583,0.3285667419433594,-0.05912704467773438,9.71180419921875
1748972965652,0.3153941345214844,-0.06960525512695313,9.71464828491211
1748972965716,0.2817141723632813,-0.07394622802734375,9.72662338256836
1748972965783,0.3291654968261719,-0.06721023559570313,9.70596633911133
1748972965853,0.3327580261230469,-0.06840774536132813,9.717642059326172
1748972965917,0.3299139404296875,-0.06750961303710938,9.711504821777345
1748972965984,0.33545242309570317,-0.07589218139648438,9.717941436767578
1748972966051,0.32527359008789064,-0.07050338745117188,9.70312225341797
1748972966117,0.3499722290039063,-0.06631210327148437,9.706415405273438
1748972966184,0.32108230590820314,-0.06840774536132813,9.711055755615234
1748972966252,0.3207829284667969,-0.0700543212890625,9.723629608154297
1748972966317,0.3212319946289063,-0.0664617919921875,9.721533966064454
1748972966383,0.32841705322265624,-0.06810836791992188,9.721683654785156
1748972966449,0.3308120727539063,-0.06900650024414062,9.698930969238281
1748972966517,0.3400927734375,-0.06436614990234375,9.71464828491211
1748972966584,0.3357518005371094,-0.06316864013671876,9.71030731201172
1748972966653,0.3243754577636719,-0.06631210327148437,9.712402954101563
1748972966717,0.31674133300781254,-0.07020401000976563,9.720935211181642
1748972966783,0.3212319946289063,-0.0712518310546875,9.710157623291016
1748972966852,0.3308120727539063,-0.0676593017578125,9.703870697021484
1748972966928,0.31644195556640625,-0.06960525512695313,9.710906066894532
1748972966983,0.3224295043945313,-0.05822891235351563,9.721533966064454
1748972967049,0.33410522460937503,-0.07200027465820313,9.715247039794923
1748972967117,0.3183879089355469,-0.06586303710937501,9.712253265380859
1748972967183,0.310155029296875,-0.0688568115234375,9.716893615722658
1748972967252,0.3285667419433594,-0.06346801757812501,9.703571319580078
1748972967317,0.32527359008789064,-0.06960525512695313,9.714049530029298
1748972967383,0.32332763671875003,-0.06301895141601563,9.720635833740236
1748972967453,0.3285667419433594,-0.07095245361328126,9.716893615722658
1748972967517,0.31868728637695315,-0.06750961303710938,9.715247039794923
1748972967584,0.32781829833984377,-0.062420196533203125,9.706565093994142
1748972967652,0.3308120727539063,-0.07065307617187501,9.704469451904297
1748972967717,0.3159928894042969,-0.0664617919921875,9.719737701416015
1748972967783,0.3338058471679688,-0.06915618896484375,9.715546417236329
1748972967852,0.32587234497070316,-0.076640625,9.71030731201172
1748972967917,0.336500244140625,-0.067060546875,9.7189892578125
1748972967984,0.33410522460937503,-0.0724493408203125,9.709259490966797
1748972968056,0.3441343688964844,-0.07379653930664062,9.711953887939453
1748972968117,0.31374755859375003,-0.0652642822265625,9.713301086425782
1748972968184,0.29937744140625,-0.07619155883789062,9.716145172119141
1748972968253,0.33605117797851564,-0.07200027465820313,9.703421630859376
1748972968317,0.3426374816894531,-0.07050338745117188,9.710906066894532
1748972968383,0.34727783203125,-0.0640667724609375,9.70985824584961
1748972968449,0.348475341796875,-0.06825805664062501,9.722132720947267
1748972968517,0.34024246215820314,-0.06676116943359375,9.706116027832032
1748972968584,0.3200344848632813,-0.07095245361328126,9.717941436767578
1748972968653,0.3323089599609375,-0.0676593017578125,9.708211669921875
1748972968717,0.3291654968261719,-0.07229965209960938,9.717192993164064
1748972968783,0.34982254028320314,-0.07095245361328126,9.720935211181642
1748972968851,0.33709899902343754,-0.061671752929687504,9.71464828491211
1748972968917,0.31793884277343754,-0.07170089721679689,9.716444549560547
1748972968984,0.336500244140625,-0.0712518310546875,9.714947662353516
1748972969052,0.3626957702636719,-0.07259902954101563,9.713600463867188
1748972969117,0.3189866638183594,-0.06391708374023437,9.714947662353516
1748972969183,0.3297642517089844,-0.07619155883789062,9.714947662353516
1748972969253,0.36539016723632817,-0.05987548828125,9.709409179687501
1748972969317,0.32721954345703125,-0.07978408813476563,9.71270233154297
1748972969384,0.4278103637695313,-0.04565505981445313,9.71988739013672
1748972969449,0.336500244140625,-0.05523513793945313,9.701775054931641
1748972969517,0.38080810546875005,-0.07155120849609375,9.710606689453126
1748972969584,0.3788621520996094,-0.0700543212890625,9.705666961669923
1748972969652,0.33365615844726565,-0.0688568115234375,9.715396728515625
1748972969717,0.3249742126464844,-0.06511459350585938,9.71135513305664
1748972969784,0.31763946533203125,-0.06855743408203126,9.719588012695313
1748972969850,0.3276686096191406,-0.07619155883789062,9.710457000732422
1748972969917,0.3375480651855469,-0.07439529418945313,9.715845794677735
1748972969984,0.336500244140625,-0.062420196533203125,9.721234588623048
1748972970052,0.34982254028320314,-0.06301895141601563,9.715247039794923
1748972970117,0.34443374633789064,-0.06556365966796876,9.718390502929688
1748972970185,0.3113525390625,-0.0640667724609375,9.718839569091797
1748972970250,0.34398468017578127,-0.06840774536132813,9.712402954101563
1748972970317,0.3438349914550781,-0.06840774536132813,9.71419921875
1748972970383,0.31823822021484377,-0.06631210327148437,9.71464828491211
1748972970449,0.25462051391601564,-0.0868194580078125,9.728120269775392
1748972970517,0.28336074829101565,-0.06691085815429688,9.723479919433593
1748972970584,0.3291654968261719,-0.06541397094726563,9.726922760009765
1748972970652,0.33171020507812504,-0.07454498291015625,9.708361358642579
1748972970717,-7.485932922363282,-7.934999084472657,9.68111801147461
1748972970784,-1.32444580078125,-0.21285736083984377,10.25786865234375
1748972970852,0.39712417602539063,0.24878265380859377,10.515033874511719
1748972970917,-1.2319381713867188,-0.59396484375,9.720935211181642
1748972970984,0.2644999694824219,0.20582199096679688,9.86837860107422
1748972971053,1.5884967041015625,1.3630654907226563,9.673184509277345
1748972971117,0.3740721130371094,0.24938140869140626,9.999805297851562
1748972971184,0.11451187133789063,0.23740631103515628,9.066795501708985
1748972971250,-1.6735198974609375,-0.5617817687988281,10.32343231201172
1748972971317,-0.18471588134765626,-0.19474502563476564,9.8435302734375
1748972971384,2.094294891357422,-3.2055839538574222,8.359516296386719
1748972971449,-1.907483367919922,2.1031265258789062,10.134974212646485
1748972971517,0.22528152465820314,-1.4040802001953125,9.58052719116211
1748972971584,-1.485959930419922,2.3743624877929688,9.951006774902345
1748972971653,-1.9061361694335939,0.34982254028320314,11.066487121582032
1748972971717,0.0544866943359375,0.7026388549804687,9.310638427734375
1748972971784,0.5044509887695313,-0.7617658996582032,9.301507415771486
1748972971852,2.4110362243652346,-4.169878692626954,9.794582061767578
1748972971929,0.197589111328125,-0.036374359130859374,9.716145172119141
1748972971984,0.1676513671875,0.0016465759277343752,9.715845794677735
1748972972050,0.16974700927734376,-0.013771362304687501,9.706265716552736
1748972972117,0.1676513671875,0.003742218017578125,9.725126495361328
1748972972184,0.17992584228515626,-0.022902374267578126,9.725575561523438
1748972972252,0.19699035644531251,-0.017513580322265625,9.729617156982423
1748972972317,0.18157241821289063,-0.00808319091796875,9.706565093994142
1748972972384,0.164058837890625,-0.015867004394531252,9.711205444335938
1748972972454,0.16780105590820313,-0.0089813232421875,9.71030731201172
1748972972517,0.19294876098632813,-0.0089813232421875,9.72138427734375
1748972972584,0.18546432495117188,-0.00868194580078125,9.722581787109375
1748972972653,0.20088226318359376,-0.0016465759277343752,9.72707244873047
1748972972717,0.18920654296875,-0.001047821044921875,9.714947662353516
1748972972784,0.20806732177734377,-0.015567626953125,9.721683654785156
1748972972852,0.214354248046875,-0.019908599853515625,9.726922760009765
1748972972917,0.20372634887695312,-0.0005987548828125,9.71943832397461
1748972972984,0.19983444213867188,-0.010029144287109375,9.71270233154297
1748972973052,0.2041754150390625,-0.013172607421875001,9.736802215576173
1748972973117,0.19115249633789064,0.010927276611328125,9.72662338256836
1748972973184,0.1980381774902344,-0.04775070190429688,9.711953887939453
1748972973250,0.20013381958007814,0.016016693115234376,9.716444549560547
1748972973317,0.19908599853515627,0.004340972900390625,9.72572525024414
1748972973383,0.21031265258789064,-0.0077838134765625,9.735155639648438
1748972973450,0.20148101806640625,-0.0101788330078125,9.737550659179687
1748972973517,0.18696121215820313,-0.0005987548828125,9.720037078857422
1748972973583,0.18082397460937502,-0.008382568359375,9.713301086425782
1748972973650,0.1874102783203125,-0.00269439697265625,9.706265716552736
1748972973717,0.19249969482421875,-0.008831634521484376,9.702074432373047
1748972973783,0.18890716552734377,-0.00508941650390625,9.698332214355469
1748972973851,0.19788848876953127,-0.006286926269531251,9.720785522460938
1748972973927,0.1776805114746094,-0.0173638916015625,9.692943420410156
1748972973984,0.15238311767578125,0.00748443603515625,9.701625366210939
1748972974051,0.1686991882324219,-0.04071533203125,9.681417388916016
1748972974117,0.17753082275390625,-0.000449066162109375,9.702523498535157
1748972974184,0.20746856689453125,-0.00718505859375,9.697284393310547
1748972974250,0.18531463623046876,0.015717315673828124,9.705217895507813
1748972974317,0.19070343017578126,-0.010328521728515625,9.70312225341797
1748972974384,0.18711090087890625,-0.016914825439453125,9.69593719482422
1748972974450,0.18965560913085938,-0.025596771240234375,9.684111785888673
1748972974517,0.18935623168945315,-0.004939727783203125,9.697134704589844
1748972974583,0.188009033203125,-0.007634124755859375,9.696386260986328
1748972974650,0.1770817565917969,-0.0161663818359375,9.68875213623047
1748972974717,0.19893630981445312,-0.009580078125,9.708361358642579
1748972974784,0.19609222412109376,-0.00029937744140625,9.699978790283204
1748972974850,0.19639160156250002,-0.002544708251953125,9.70596633911133
1748972974917,0.1872605895996094,-0.01107696533203125,9.700727233886719
1748972974984,0.2137554931640625,0.0,9.707612915039062
1748972975051,0.18007553100585938,-0.01526824951171875,9.68875213623047
1748972975117,0.16540603637695314,-0.0017962646484375,9.684560852050781
1748972975184,0.18172210693359375,0.001945953369140625,9.685458984375
1748972975254,0.18217117309570313,-0.01916015625,9.695188751220703
1748972975317,0.17633331298828125,0.009580078125,9.679621124267578
1748972975384,0.1945953369140625,-0.031734008789062504,9.701625366210939
1748972975450,0.18097366333007814,-0.016465759277343752,9.67917205810547
1748972975517,0.18067428588867188,-0.013322296142578125,9.691895599365235
1748972975584,0.17812957763671877,-0.021405487060546877,9.68351303100586
1748972975653,0.1478924560546875,-0.024399261474609375,9.676926727294923
1748972975717,0.1826202392578125,-0.00389190673828125,9.697583770751953
1748972975784,0.20402572631835938,0.001197509765625,9.701775054931641
1748972975855,0.19399658203125,-0.015717315673828124,9.690997467041017
1748972975917,0.19190093994140625,0.10163864135742189,9.881102142333985
1748972975984,0.12528945922851564,0.0197589111328125,9.694440307617189
1748972976051,0.18052459716796876,0.013621673583984376,9.74249038696289
1748972976117,0.21510269165039064,-0.0383203125,9.702972564697266
1748972976183,0.1866618347167969,0.009729766845703125,9.687404937744141
1748972976252,0.2022294616699219,-0.02484832763671875,9.713301086425782
1748972976317,0.18546432495117188,-0.010328521728515625,9.709708557128907
1748972976383,0.18576370239257814,-0.015867004394531252,9.707163848876954
1748972976451,0.1974394226074219,-0.015717315673828124,9.707762603759766
1748972976517,0.17977615356445314,-0.0031434631347656253,9.70312225341797
1748972976584,0.18576370239257814,-0.00928070068359375,9.707313537597656
1748972976666,0.20043319702148438,-0.007933502197265626,9.719288635253907
1748972976717,0.19025436401367188,-0.020806732177734377,9.708061981201173
1748972976784,0.17947677612304688,-0.01676513671875,9.68875213623047
1748972976854,0.18351837158203127,-0.007035369873046876,9.706714782714844
1748972976928,0.18336868286132812,-0.010029144287109375,9.706565093994142
1748972976984,0.18276992797851563,-0.0161663818359375,9.718839569091797
1748972977049,0.1884580993652344,-0.01526824951171875,9.704020385742188
1748972977117,0.18920654296875,0.03622467041015625,9.725276184082032
1748972977184,0.22588027954101564,-0.003592529296875,9.730814666748048
1748972977253,0.19654129028320313,-0.01526824951171875,9.715396728515625
1748972977317,0.17049545288085938,-0.00209564208984375,9.706565093994142
1748972977384,0.19429595947265627,-0.00928070068359375,9.72422836303711
1748972977452,0.18950592041015626,-0.011226654052734375,9.711205444335938
1748972977517,0.18112335205078126,-0.01107696533203125,9.70027816772461
1748972977584,0.17408798217773438,-0.011226654052734375,9.702373809814453
1748972977653,0.188009033203125,-0.017513580322265625,9.706864471435548
1748972977717,0.18411712646484377,-0.011376342773437501,9.703870697021484
1748972977784,0.19354751586914062,-0.016016693115234376,9.712552642822265
1748972977853,0.17618362426757814,-0.012424163818359375,9.711055755615234
1748972977917,0.05703140258789063,0.045056304931640624,9.72662338256836
1748972977984,0.1886077880859375,-0.0401165771484375,9.71030731201172
1748972978053,0.17453704833984376,-0.003742218017578125,9.693542175292968
1748972978117,0.17079483032226564,-0.017214202880859376,9.694889373779297
1748972978184,0.16435821533203127,-0.02424957275390625,9.709109802246095
1748972978253,0.21540206909179688,0.006586303710937501,9.734556884765626
1748972978317,0.16615447998046876,-0.012573852539062501,9.712103576660157
1748972978384,0.1728904724121094,-0.010627899169921875,9.69548812866211
1748972978453,0.19429595947265627,-0.0185614013671875,9.727222137451172
1748972978517,0.2070195007324219,-0.011825408935546875,9.708810424804687
1748972978584,0.1838177490234375,-0.017064514160156252,9.699679412841798
1748972978650,0.1926493835449219,0.009580078125,9.713750152587892
1748972978717,0.1933978271484375,-0.016316070556640624,9.709708557128907
1748972978784,0.21555175781250002,-0.0061372375488281256,9.733958129882813
1748972978853,0.21210891723632813,-0.0059875488281250005,9.723479919433593
1748972978917,0.1945953369140625,-0.005239105224609375,9.71030731201172
1748972978984,0.18636245727539064,0.005239105224609375,9.711055755615234
1748972979054,0.18336868286132812,-0.002245330810546875,9.71464828491211
1748972979117,0.18651214599609375,-0.011376342773437501,9.716444549560547
1748972979184,0.1926493835449219,-0.0005987548828125,9.707912292480469
1748972979251,0.1830693054199219,-0.016016693115234376,9.700427856445312
1748972979317,0.192799072265625,-0.015867004394531252,9.697733459472657
1748972979384,0.17977615356445314,-0.007334747314453125,9.694440307617189
1748972979452,0.183218994140625,-0.0089813232421875,9.712103576660157
1748972979517,0.18336868286132812,-0.009131011962890626,9.6998291015625
1748972979584,0.18905685424804688,-0.0056881713867187505,9.701176300048829
1748972979653,0.1754351806640625,-0.006735992431640626,9.695338439941407
1748972979717,0.19025436401367188,-0.006286926269531251,9.707163848876954
1748972979784,0.18486557006835938,0.004640350341796875,9.704619140625
1748972979853,0.18651214599609375,0.0029937744140625003,9.70551727294922
1748972979917,0.1838177490234375,-0.004640350341796875,9.698032836914063
1748972979984,0.20926483154296877,-0.012424163818359375,9.71943832397461
1748972980051,0.1824705505371094,0.003592529296875,9.718091125488282
1748972980117,0.19025436401367188,-0.0031434631347656253,9.708960113525391
1748972980184,0.19235000610351563,-0.0017962646484375,9.707163848876954
1748972980250,0.16615447998046876,-0.0005987548828125,9.692494354248048
1748972980317,0.16720230102539063,0.023950195312500002,9.708511047363281
1748972980383,0.2034269714355469,0.011226654052734375,9.709409179687501
1748972980453,0.19669097900390625,0.0028440856933593752,9.709109802246095
1748972980517,0.17738113403320313,-0.00209564208984375,9.704918518066407
1748972980584,0.1878593444824219,-0.012274475097656251,9.697284393310547
1748972980653,0.1790277099609375,-0.004939727783203125,9.699978790283204
1748972980716,0.1838177490234375,-0.000449066162109375,9.701325988769531
1748972980784,0.17558486938476564,-0.008232879638671876,9.693242797851562
1748972980853,0.18696121215820313,0.004041595458984375,9.705666961669923
1748972980917,0.19594253540039064,-0.006286926269531251,9.703271942138672
1748972980984,0.18576370239257814,0.003742218017578125,9.6902490234375
1748972981053,0.19399658203125,-0.007933502197265626,9.705666961669923
1748972981117,0.19294876098632813,-0.00089813232421875,9.71135513305664
1748972981184,0.18711090087890625,-0.001047821044921875,9.709259490966797
1748972981253,0.18127304077148437,-0.0041912841796875,9.697284393310547
1748972981317,0.18905685424804688,-0.003742218017578125,9.709558868408203
1748972981384,0.1933978271484375,-0.015717315673828124,9.709409179687501
1748972981453,0.18830841064453127,0.003592529296875,9.704768829345703
1748972981517,0.18157241821289063,0.003742218017578125,9.710756378173828
1748972981584,0.1898052978515625,0.0016465759277343752,9.701475677490235
1748972981654,0.17648300170898437,-0.00089813232421875,9.701026611328125
1748972981717,0.18696121215820313,0.001945953369140625,9.702373809814453
1748972981784,0.1830693054199219,0.005239105224609375,9.707313537597656
1748972981853,0.18935623168945315,-0.00209564208984375,9.708511047363281
1748972981929,0.18696121215820313,0.009580078125,9.717192993164064
1748972981984,0.1790277099609375,0.001945953369140625,9.702074432373047
1748972982050,0.1968406677246094,-0.0014968872070312501,9.715247039794923
1748972982117,0.18576370239257814,0.0061372375488281256,9.701475677490235
1748972982184,0.18112335205078126,-0.001945953369140625,9.692344665527344
1748972982253,0.18636245727539064,-0.0032931518554687503,9.704319763183594
1748972982317,0.1986369323730469,-0.012573852539062501,9.713600463867188
1748972982384,0.17513580322265626,-0.0017962646484375,9.698481903076173
1748972982452,0.19115249633789064,-0.010328521728515625,9.700727233886719
1748972982516,0.18336868286132812,-0.006735992431640626,9.696086883544922
1748972982584,0.18396743774414062,-0.00928070068359375,9.706265716552736
1748972982655,0.16914825439453127,-0.013322296142578125,9.686806182861329
1748972982717,0.19549346923828126,-0.002245330810546875,9.694440307617189
1748972982784,0.17199234008789063,-0.001047821044921875,9.68875213623047
1748972982853,0.18591339111328126,-0.0028440856933593752,9.698182525634767
1748972982917,0.1932481384277344,-0.0031434631347656253,9.693691864013672
1748972982984,0.19354751586914062,-0.012873229980468751,9.701475677490235
1748972983052,0.20312759399414063,0.00209564208984375,9.709259490966797
1748972983117,0.18995498657226564,-0.013471984863281251,9.709109802246095
1748972983184,0.19833755493164062,0.012124786376953125,9.711504821777345
1748972983253,0.18770965576171875,-0.0047900390625,9.713450775146486
1748972983317,0.183218994140625,0.004939727783203125,9.704469451904297
1748972983384,0.17318984985351563,-0.013771362304687501,9.696086883544922
1748972983450,0.1778302001953125,-0.00209564208984375,9.71315139770508
1748972983517,0.19878662109375,0.007634124755859375,9.701625366210939
1748972983584,0.19489471435546876,0.000449066162109375,9.702224121093751
1748972983652,0.18651214599609375,-0.006586303710937501,9.68441116333008
1748972983717,0.183218994140625,-0.006436614990234376,9.698631591796875
1748972983784,0.17932708740234377,-0.00449066162109375,9.694889373779297
1748972983853,0.1874102783203125,-0.0053887939453125,9.705666961669923
1748972983917,0.16375946044921877,0.002544708251953125,9.700128479003906
1748972983984,0.20357666015625,-0.029189300537109376,9.712402954101563
1748972984052,0.17603393554687502,0.01945953369140625,9.71315139770508
1748972984117,0.18920654296875,-0.016465759277343752,9.68979995727539
1748972984184,0.18127304077148437,-0.0056881713867187505,9.701026611328125
1748972984253,0.11331436157226563,0.001047821044921875,9.658515014648438
1748972984317,0.18755996704101563,-0.00449066162109375,9.686806182861329
1748972984384,0.19249969482421875,0.000149688720703125,9.70596633911133
1748972984450,0.21824615478515627,0.013322296142578125,9.639803924560548
1748972984517,0.18112335205078126,-0.04655319213867188,9.64998275756836
1748972984584,0.18097366333007814,-0.0089813232421875,9.67827392578125
1748972984651,0.20836669921875,0.008532257080078126,9.694889373779297
1748972984717,0.15208374023437501,0.0016465759277343752,9.677076416015625
1748972984784,0.1149609375,0.00269439697265625,9.66914291381836
1748972984850,0.1574725341796875,0.00508941650390625,9.696535949707032
1748972984917,0.1920506286621094,0.009580078125,9.725425872802735
1748972984984,0.18411712646484377,0.02903961181640625,9.690997467041017
1748972985053,0.19594253540039064,0.023950195312500002,9.70267318725586
1748972985117,0.1932481384277344,0.026345214843750003,9.698631591796875
1748972985184,0.19549346923828126,0.029488677978515627,9.711205444335938
1748972985253,0.1676513671875,0.023351440429687502,9.705217895507813
1748972985317,0.1782792663574219,0.02005828857421875,9.716444549560547
1748972985384,0.19354751586914062,0.0209564208984375,9.715995483398437
1748972985454,0.16630416870117187,0.030237121582031252,9.687854003906251
1748972985517,0.2149530029296875,0.007933502197265626,9.7189892578125
1748972985584,0.18456619262695315,0.01676513671875,9.71030731201172
1748972985654,0.17753082275390625,0.025297393798828127,9.711055755615234
1748972985717,0.18052459716796876,0.008532257080078126,9.710906066894532
1748972985784,0.17019607543945314,0.023501129150390626,9.701475677490235
1748972985852,0.18157241821289063,0.004340972900390625,9.704768829345703
1748972985917,0.17797988891601563,0.01466949462890625,9.708211669921875
1748972985984,0.17139358520507814,0.026345214843750003,9.690847778320313
1748972986053,0.18217117309570313,0.017064514160156252,9.706116027832032
1748972986117,0.19489471435546876,0.00987945556640625,9.713001708984375
1748972986184,0.19639160156250002,0.019609222412109377,9.704619140625
1748972986253,0.18291961669921875,0.018112335205078125,9.707612915039062
1748972986317,0.16929794311523438,0.007634124755859375,9.704918518066407
1748972986384,0.17693206787109375,0.0016465759277343752,9.701176300048829
1748972986450,0.18815872192382813,-0.009430389404296876,9.711953887939453
1748972986517,0.18426681518554688,0.017663269042968752,9.708511047363281
1748972986584,0.17528549194335938,0.012723541259765625,9.70746322631836
1748972986652,0.178428955078125,0.014220428466796876,9.71270233154297
1748972986717,0.18950592041015626,0.0056881713867187505,9.716145172119141
1748972986784,0.18112335205078126,0.016465759277343752,9.710457000732422
1748972986850,0.17378860473632812,0.008831634521484376,9.707762603759766
1748972986927,0.18336868286132812,0.005538482666015625,9.698032836914063
1748972986984,0.18696121215820313,0.0032931518554687503,9.704469451904297
1748972987049,0.192799072265625,0.001347198486328125,9.704619140625
1748972987117,0.18276992797851563,0.010029144287109375,9.705217895507813
1748972987184,0.18202148437500001,0.014070739746093752,9.703421630859376
1748972987253,0.18770965576171875,0.011376342773437501,9.696685638427734
1748972987317,0.20103195190429687,0.00449066162109375,9.706864471435548
1748972987384,0.18651214599609375,0.019908599853515625,9.69548812866211
1748972987451,0.18950592041015626,0.00868194580078125,9.698032836914063
1748972987517,0.19115249633789064,0.00868194580078125,9.696086883544922
1748972987584,0.1878593444824219,0.005239105224609375,9.699978790283204
1748972987653,0.19115249633789064,0.006885681152343751,9.708660736083985
1748972987717,0.18217117309570313,0.00029937744140625,9.703721008300782
1748972987784,0.19160156250000002,0.006436614990234376,9.705666961669923
1748972987853,0.18815872192382813,0.005239105224609375,9.708511047363281
1748972987917,0.18471588134765626,0.0077838134765625,9.713450775146486
1748972987984,0.17812957763671877,0.00808319091796875,9.706415405273438
1748972988052,0.1898052978515625,0.010927276611328125,9.70267318725586
1748972988117,0.18037490844726564,0.01466949462890625,9.708660736083985
1748972988184,0.178428955078125,0.013322296142578125,9.701176300048829
1748972988253,0.17992584228515626,0.0058378601074218755,9.708361358642579
1748972988317,0.1886077880859375,0.006436614990234376,9.712552642822265
1748972988384,0.17438735961914065,0.012573852539062501,9.6998291015625
1748972988450,0.18396743774414062,-0.00239501953125,9.701775054931641
1748972988517,0.17064514160156252,0.006286926269531251,9.702822875976564
1748972988584,0.19040405273437502,0.004041595458984375,9.697733459472657
1748972988653,0.19309844970703127,-0.00029937744140625,9.704619140625
1748972988717,0.17498611450195314,0.0017962646484375,9.705816650390625
1748972988784,0.19429595947265627,0.001047821044921875,9.699978790283204
1748972988853,0.18576370239257814,-0.00389190673828125,9.701625366210939
1748972988917,0.17169296264648437,0.00808319091796875,9.695637817382813
1748972988984,0.18217117309570313,0.010328521728515625,9.699978790283204
1748972989053,0.17618362426757814,0.00987945556640625,9.696086883544922
1748972989117,0.18351837158203127,0.0089813232421875,9.70027816772461
1748972989184,0.18651214599609375,0.0053887939453125,9.703271942138672
1748972989254,0.18920654296875,0.004640350341796875,9.69698501586914
1748972989317,0.18112335205078126,0.0032931518554687503,9.710756378173828
1748972989384,0.19384689331054689,0.004640350341796875,9.707912292480469
1748972989451,0.18291961669921875,0.006286926269531251,9.703271942138672
1748972989517,0.1778302001953125,-0.00389190673828125,9.706265716552736
1748972989584,0.18681152343750002,0.008232879638671876,9.702373809814453
1748972989653,0.18965560913085938,0.006735992431640626,9.700577545166016
1748972989717,0.19010467529296876,0.009580078125,9.703571319580078
1748972989784,0.1922003173828125,0.008382568359375,9.708061981201173
1748972989853,0.19399658203125,0.00808319091796875,9.711654510498047
1748972989917,0.1830693054199219,0.0016465759277343752,9.710157623291016
1748972989984,0.18052459716796876,0.00449066162109375,9.704469451904297
1748972990051,0.18516494750976564,0.014070739746093752,9.70551727294922
1748972990117,0.19444564819335938,0.012573852539062501,9.708211669921875
1748972990184,0.18396743774414062,0.012274475097656251,9.703571319580078
1748972990251,0.1826202392578125,-0.00209564208984375,9.71180419921875
1748972990317,0.19160156250000002,0.008232879638671876,9.706116027832032
1748972990384,0.17992584228515626,0.00808319091796875,9.702373809814453
1748972990450,0.18232086181640625,0.00718505859375,9.704768829345703
1748972990517,0.17932708740234377,0.009131011962890626,9.708361358642579
1748972990584,0.1824705505371094,0.005239105224609375,9.702373809814453
1748972990654,0.18696121215820313,0.013921051025390626,9.701924743652345
1748972990717,0.17917739868164062,0.001197509765625,9.701924743652345
1748972990784,0.19070343017578126,0.0149688720703125,9.704768829345703
1748972990853,0.18516494750976564,0.007933502197265626,9.710756378173828
1748972990917,0.1838177490234375,0.0017962646484375,9.701176300048829
1748972990984,0.19369720458984377,0.005538482666015625,9.706116027832032
1748972991053,0.18965560913085938,0.009729766845703125,9.709708557128907
1748972991117,0.19249969482421875,0.0089813232421875,9.701924743652345
1748972991184,0.18456619262695315,0.009131011962890626,9.709109802246095
1748972991253,0.18621276855468752,0.008831634521484376,9.709708557128907
1748972991317,0.18546432495117188,0.00089813232421875,9.715546417236329
1748972991384,0.1922003173828125,0.001347198486328125,9.71704330444336
1748972991450,0.18142272949218752,0.00209564208984375,9.712552642822265
1748972991517,0.19010467529296876,0.0089813232421875,9.732760620117189
1748972991584,0.18576370239257814,0.011675720214843751,9.724078674316408
1748972991653,0.18830841064453127,0.004640350341796875,9.721234588623048
1748972991717,0.18531463623046876,0.004041595458984375,9.722581787109375
1748972991784,0.18651214599609375,0.001047821044921875,9.7189892578125
1748972991853,0.18651214599609375,-0.0017962646484375,9.72033645629883
1748972991928,0.18561401367187502,0.011376342773437501,9.72138427734375
1748972991984,0.1818717956542969,0.010927276611328125,9.719288635253907
1748972992049,0.1974394226074219,0.004340972900390625,9.725425872802735
1748972992117,0.18770965576171875,0.014220428466796876,9.733359375000001
1748972992184,0.20926483154296877,-0.0041912841796875,9.733958129882813
1748972992251,0.16989669799804688,0.009430389404296876,9.71988739013672
1748972992317,0.19130218505859375,-0.008831634521484376,9.721533966064454
1748972992384,0.17588424682617188,0.028141479492187503,9.720486145019532
1748972992453,0.2130070495605469,0.00808319091796875,9.747280426025391
1748972992517,0.20402572631835938,0.018411712646484377,9.73425750732422
1748972992584,0.17648300170898437,0.011226654052734375,9.723779296875
1748972992652,0.17633331298828125,0.000149688720703125,9.72572525024414
1748972992717,0.16899856567382812,0.004939727783203125,9.73096435546875
1748972992784,0.19429595947265627,0.006735992431640626,9.728269958496094
1748972992854,0.17558486938476564,0.006735992431640626,9.721683654785156
1748972992917,0.19010467529296876,0.0059875488281250005,9.724527740478516
1748972992984,0.18456619262695315,0.014819183349609376,9.736353149414063
1748972993053,0.20088226318359376,0.000449066162109375,9.723330230712891
1748972993117,0.20207977294921875,0.009131011962890626,9.730066223144531
1748972993184,0.17992584228515626,0.0,9.728269958496094
1748972993251,0.19714004516601563,-0.006735992431640626,9.715247039794923
1748972993317,0.1776805114746094,0.0053887939453125,9.716893615722658
1748972993384,0.18995498657226564,0.010328521728515625,9.723779296875
1748972993450,0.17378860473632812,0.0017962646484375,9.723928985595704
1748972993517,0.188009033203125,0.001197509765625,9.72183334350586
1748972993584,0.17738113403320313,0.010328521728515625,9.730365600585937
1748972993653,0.197589111328125,0.008232879638671876,9.733359375000001
1748972993717,0.19190093994140625,0.000149688720703125,9.723629608154297
1748972993784,0.18097366333007814,0.00389190673828125,9.723030853271485
1748972993853,0.18456619262695315,0.003742218017578125,9.726324005126953
1748972993917,0.178428955078125,0.004640350341796875,9.715396728515625
1748972993984,0.18950592041015626,0.0041912841796875,9.728120269775392
1748972994053,0.1884580993652344,0.0077838134765625,9.732610931396485
1748972994117,0.17498611450195314,-0.000149688720703125,9.729617156982423
1748972994183,0.16854949951171877,0.0061372375488281256,9.704319763183594
1748972994250,0.1886077880859375,-0.00239501953125,9.719288635253907
1748972994317,0.18396743774414062,0.010627899169921875,9.731563110351564
1748972994384,0.17438735961914065,-0.00748443603515625,9.723629608154297
1748972994450,0.17513580322265626,0.010777587890625,9.725874938964845
1748972994517,0.192799072265625,0.007933502197265626,9.720486145019532
1748972994584,0.17797988891601563,-0.0016465759277343752,9.718390502929688
1748972994653,0.19953506469726565,-0.009580078125,9.717192993164064
1748972994717,0.19474502563476564,0.000449066162109375,9.72033645629883
1748972994784,0.1932481384277344,-0.0007484436035156251,9.722132720947267
1748972994851,0.19848724365234377,0.0029937744140625003,9.723180541992187
1748972994917,0.19249969482421875,-0.004640350341796875,9.730515289306641
1748972994984,0.19145187377929687,0.004041595458984375,9.727371826171876
1748972995052,0.1872605895996094,-0.006586303710937501,9.726024627685547
1748972995117,0.18097366333007814,0.0047900390625,9.715097351074219
1748972995184,0.19115249633789064,-0.0007484436035156251,9.71943832397461
1748972995252,0.18516494750976564,-0.0017962646484375,9.725874938964845
1748972995317,0.1874102783203125,0.00868194580078125,9.721683654785156
1748972995384,0.18830841064453127,0.008831634521484376,9.725874938964845
1748972995451,0.1824705505371094,-0.002544708251953125,9.72707244873047
1748972995517,0.18546432495117188,0.0032931518554687503,9.723180541992187
1748972995584,0.1790277099609375,-0.0041912841796875,9.71988739013672
1748972995652,0.17453704833984376,-0.000449066162109375,9.725425872802735
1748972995717,0.18935623168945315,0.007334747314453125,9.701176300048829
1748972995784,0.1442999267578125,0.007933502197265626,9.69309310913086
1748972995852,0.19235000610351563,-0.0383203125,9.715097351074219
1748972995917,0.17019607543945314,0.013771362304687501,9.73380844116211
1748972995984,0.18456619262695315,-0.027542724609375003,9.726773071289063
1748972996053,0.18905685424804688,0.006735992431640626,9.722881164550781
1748972996117,0.18276992797851563,-0.00209564208984375,9.722432098388673
1748972996184,0.18606307983398437,0.001197509765625,9.722731475830079
1748972996253,0.19399658203125,-0.0005987548828125,9.732610931396485
1748972996317,0.1772314453125,-0.0029937744140625003,9.723180541992187
1748972996384,0.1920506286621094,0.00449066162109375,9.723928985595704
1748972996452,0.18711090087890625,0.003592529296875,9.729467468261719
1748972996517,0.18965560913085938,-0.0017962646484375,9.722881164550781
1748972996584,0.1945953369140625,-0.0058378601074218755,9.72662338256836
1748972996650,0.19549346923828126,-0.0058378601074218755,9.72467742919922
1748972996717,0.20522323608398438,-0.009580078125,9.738448791503906
1748972996784,0.20791763305664063,0.001047821044921875,9.724827117919922
1748972996853,0.10792556762695313,-0.0032931518554687503,9.696236572265626
1748972996927,0.3249742126464844,-0.03457809448242188,9.767638092041016
1748972996984,0.2197430419921875,0.00209564208984375,9.736652526855469
1748972997050,0.199984130859375,-0.0005987548828125,9.717642059326172
1748972997117,0.19115249633789064,-0.003592529296875,9.723928985595704
1748972997184,0.17333953857421877,-0.007334747314453125,9.719737701416015
1748972997252,0.1926493835449219,-0.00029937744140625,9.728120269775392
1748972997317,0.15956817626953126,-0.0143701171875,9.71704330444336
1748972997384,0.21285736083984377,0.002245330810546875,9.727820892333986
1748972997453,0.1818717956542969,-0.013621673583984376,9.71749237060547
1748972997517,0.183218994140625,-0.012124786376953125,9.732461242675782
1748972997584,0.19309844970703127,-0.0061372375488281256,9.726773071289063
1748972997653,0.1838177490234375,-0.001197509765625,9.724976806640626
1748972997717,0.18007553100585938,-0.00748443603515625,9.723779296875
1748972997784,0.19100280761718752,0.0029937744140625003,9.729617156982423
1748972997853,0.1884580993652344,-0.004640350341796875,9.720785522460938
1748972997917,0.1802252197265625,-0.0032931518554687503,9.723779296875
1748972997984,0.18755996704101563,-0.0005987548828125,9.732760620117189
1748972998053,0.18217117309570313,-0.008232879638671876,9.72901840209961
1748972998117,0.1826202392578125,-0.007334747314453125,9.722282409667969
1748972998184,0.17738113403320313,0.006286926269531251,9.734407196044922
1748972998254,0.17753082275390625,0.0016465759277343752,9.72662338256836
1748972998317,0.18456619262695315,-0.009729766845703125,9.730814666748048
1748972998384,0.19175125122070313,0.0005987548828125,9.723629608154297
1748972998452,0.19040405273437502,0.00089813232421875,9.736652526855469
1748972998517,0.19190093994140625,-0.008831634521484376,9.727521514892578
1748972998584,0.18875747680664062,-0.000149688720703125,9.726773071289063
1748972998651,0.1878593444824219,-0.00718505859375,9.729617156982423
1748972998717,0.18875747680664062,0.001347198486328125,9.731563110351564
1748972998784,0.18516494750976564,0.0005987548828125,9.734107818603515
1748972998852,0.18875747680664062,-0.020207977294921877,9.727371826171876
1748972998917,0.18082397460937502,-0.013921051025390626,9.72467742919922
1748972998984,0.2077679443359375,-0.00389190673828125,9.726324005126953
1748972999052,0.21674926757812502,-0.016615447998046876,9.735455017089844
1748972999117,0.17483642578125,-0.008831634521484376,9.712103576660157
1748972999184,0.1850152587890625,0.0016465759277343752,9.72138427734375
1748972999253,0.20507354736328126,-0.003742218017578125,9.733359375000001
1748972999317,0.17124389648437502,0.012873229980468751,9.72617431640625
1748972999384,0.17872833251953127,-0.02125579833984375,9.706565093994142
1748972999450,0.17962646484375,-0.011975097656250001,9.7189892578125
1748972999517,0.1836680603027344,0.001945953369140625,9.722132720947267
1748972999584,0.1926493835449219,-0.0028440856933593752,9.719737701416015
1748972999651,0.18411712646484377,-0.00389190673828125,9.720785522460938
1748972999717,0.19384689331054689,-0.0056881713867187505,9.718689880371095
1748972999784,0.18291961669921875,-0.005239105224609375,9.72138427734375
1748972999852,0.18621276855468752,-0.009729766845703125,9.72572525024414
1748972999917,0.18606307983398437,0.00269439697265625,9.721533966064454
1748972999984,0.19055374145507814,-0.0059875488281250005,9.71943832397461
1748973000050,0.1872605895996094,-0.0077838134765625,9.715696105957031
1748973000117,0.1878593444824219,-0.015417938232421876,9.712852020263673
1748973000184,0.1722917175292969,-0.0101788330078125,9.714947662353516
1748973000250,0.17049545288085938,0.0041912841796875,9.709708557128907
1748973000317,0.19444564819335938,-0.00209564208984375,9.725874938964845
1748973000384,0.1836680603027344,-0.0034428405761718754,9.720486145019532
1748973000450,0.1830693054199219,-0.0016465759277343752,9.70746322631836
1748973000517,0.17932708740234377,0.003592529296875,9.719588012695313
1748973000584,0.1818717956542969,-0.0032931518554687503,9.715995483398437
1748973000653,0.18007553100585938,-0.003742218017578125,9.713899841308594
1748973000717,0.1878593444824219,-0.008532257080078126,9.717791748046876
1748973000784,0.16795074462890625,-0.005538482666015625,9.71749237060547
1748973000852,0.17274078369140625,-0.012723541259765625,9.713899841308594
1748973000917,0.1878593444824219,0.0028440856933593752,9.7189892578125
1748973000984,0.17393829345703127,-0.011226654052734375,9.728120269775392
1748973001053,0.1866618347167969,0.0032931518554687503,9.719288635253907
1748973001117,0.18711090087890625,-0.00748443603515625,9.72662338256836
1748973001184,0.1920506286621094,-0.010627899169921875,9.721234588623048
1748973001254,0.1898052978515625,0.00868194580078125,9.707163848876954
1748973001317,0.14923965454101562,0.00987945556640625,9.713899841308594
1748973001384,0.20402572631835938,-0.003742218017578125,9.723030853271485
1748973001450,0.17199234008789063,-0.020207977294921877,9.71749237060547
1748973001517,0.1778302001953125,0.0059875488281250005,9.715546417236329
1748973001584,0.17753082275390625,-0.003742218017578125,9.710606689453126
1748973001652,0.18037490844726564,0.004340972900390625,9.715396728515625
1748973001717,0.19175125122070313,0.001347198486328125,9.730664978027344
1748973001784,0.18890716552734377,0.013921051025390626,9.722581787109375
1748973001853,0.19624191284179687,0.00928070068359375,9.722132720947267
1748973001932,0.1920506286621094,0.0017962646484375,9.726324005126953
1748973001984,0.17917739868164062,-0.0005987548828125,9.688452758789063
1748973002050,0.16600479125976564,-0.013771362304687501,9.697733459472657
1748973002117,0.21031265258789064,0.026943969726562503,9.736053771972657
1748973002184,0.17678237915039063,-0.0017962646484375,9.720186767578125
1748973002253,0.15013778686523438,0.003592529296875,9.70985824584961
1748973002317,0.162861328125,-0.00449066162109375,9.710906066894532
1748973002384,0.18082397460937502,-0.00389190673828125,9.707912292480469
1748973002452,0.19190093994140625,0.0031434631347656253,9.714797973632812
1748973002517,0.20507354736328126,0.013771362304687501,9.725126495361328
1748973002584,0.209564208984375,-0.00239501953125,9.726473693847657
1748973002652,0.14474899291992188,-0.013022918701171875,9.720635833740236
1748973002717,0.19579284667968752,0.012873229980468751,9.723030853271485
1748973002784,0.18172210693359375,-0.018711090087890625,9.715097351074219
1748973002854,0.17797988891601563,0.001197509765625,9.709409179687501
1748973002917,0.17947677612304688,-0.009430389404296876,9.704469451904297
1748973002984,0.18755996704101563,-0.0101788330078125,9.701325988769531
1748973003054,0.1920506286621094,0.015717315673828124,9.71315139770508
1748973003117,0.17693206787109375,-0.014519805908203126,9.712852020263673
1748973003184,0.15837066650390627,0.02185455322265625,9.718091125488282
1748973003253,0.18546432495117188,0.011376342773437501,9.725126495361328
1748973003317,0.1981878662109375,-0.0143701171875,9.716294860839843
1748973003384,0.18755996704101563,0.00239501953125,9.721533966064454
1748973003454,0.18067428588867188,-0.014070739746093752,9.707612915039062
1748973003517,0.178428955078125,0.01466949462890625,9.709259490966797
1748973003584,0.18830841064453127,0.0014968872070312501,9.71704330444336
1748973003652,0.16301101684570313,-0.007634124755859375,9.696386260986328
1748973003717,0.162861328125,-0.001347198486328125,9.710007934570314
1748973003784,0.21764739990234377,-0.017812957763671877,9.73859848022461
1748973003854,0.14804214477539063,0.07798782348632813,9.70746322631836
1748973003917,0.22004241943359376,-0.00449066162109375,9.7189892578125
1748973003984,0.19564315795898438,0.0053887939453125,9.722881164550781
1748973004053,0.20836669921875,0.016016693115234376,9.727820892333986
1748973004117,0.229921875,-0.02065704345703125,9.746082916259766
1748973004184,0.149688720703125,0.03263214111328125,9.704319763183594
1748973004253,0.1484912109375,0.00239501953125,9.71854019165039
1748973004316,0.1986369323730469,-0.0032931518554687503,9.728719024658204
1748973004384,0.16645385742187502,-0.00808319091796875,9.69309310913086
1748973004452,0.17124389648437502,0.018860778808593753,9.723779296875
1748973004517,0.2746788024902344,-0.08232879638671875,9.733958129882813
1748973004584,0.12424163818359375,0.019609222412109377,9.694140930175783
1748973004651,0.18067428588867188,-0.0221539306640625,9.726024627685547
1748973004717,0.19953506469726565,0.010627899169921875,9.724078674316408
1748973004784,0.17573455810546876,0.007035369873046876,9.7285693359375
1748973004851,0.1826202392578125,-0.015867004394531252,9.720486145019532
1748973004917,0.19444564819335938,-0.0032931518554687503,9.723629608154297
1748973004984,0.16061599731445314,0.011376342773437501,9.708361358642579
1748973005053,0.1682501220703125,0.0041912841796875,9.71315139770508
1748973005117,0.19908599853515627,-0.008232879638671876,9.709259490966797
1748973005184,0.18935623168945315,0.009430389404296876,9.728419647216798
1748973005252,0.18276992797851563,-0.007334747314453125,9.714348907470704
1748973005317,0.19444564819335938,0.0053887939453125,9.734407196044922
1748973005384,0.17648300170898437,0.0032931518554687503,9.724378051757814
1748973005450,0.18007553100585938,0.01047821044921875,9.716444549560547
1748973005517,0.13906082153320312,-0.0028440856933593752,9.71135513305664
1748973005584,0.16166381835937502,-0.009430389404296876,9.706415405273438
1748973005653,0.16301101684570313,0.027393035888671875,9.723928985595704
1748973005717,0.18067428588867188,0.013621673583984376,9.710457000732422
1748973005784,0.18291961669921875,-0.013471984863281251,9.708361358642579
1748973005853,0.1776805114746094,0.004340972900390625,9.72183334350586
1748973005917,0.209564208984375,0.002544708251953125,9.731263732910156
1748973005984,0.19070343017578126,0.030686187744140628,9.717342681884766
1748973006054,0.1790277099609375,-0.000149688720703125,9.736802215576173
1748973006117,0.19579284667968752,0.007334747314453125,9.722881164550781
1748973006184,0.2549198913574219,-0.04819976806640625,9.706864471435548
1748973006254,0.17558486938476564,0.06975494384765625,9.741741943359376
1748973006317,0.214354248046875,-0.0724493408203125,9.725276184082032
1748973006384,0.20492385864257814,0.012274475097656251,9.727521514892578
1748973006453,0.19489471435546876,0.013322296142578125,9.729617156982423
1748973006517,0.17034576416015626,-0.013921051025390626,9.732610931396485
1748973006584,0.1742376708984375,0.012424163818359375,9.73620346069336
1748973006654,0.17887802124023439,-0.01047821044921875,9.727671203613282
1748973006717,0.20567230224609376,0.00239501953125,9.71854019165039
1748973006784,0.18276992797851563,0.00209564208984375,9.731263732910156
1748973006855,0.18531463623046876,-0.004340972900390625,9.726922760009765
1748973006929,0.17693206787109375,-0.008532257080078126,9.727970581054688
1748973006984,0.17618362426757814,0.00239501953125,9.716444549560547
1748973007050,0.2231858825683594,-0.00508941650390625,9.745633850097656
1748973007117,0.1802252197265625,0.014070739746093752,9.718390502929688
1748973007184,0.20193008422851563,0.0016465759277343752,9.71943832397461
1748973007251,0.14340179443359377,-0.00718505859375,9.713750152587892
1748973007317,0.18950592041015626,-0.01466949462890625,9.728868713378906
1748973007384,0.1742376708984375,-0.002544708251953125,9.715097351074219
1748973007454,0.19504440307617188,-0.0143701171875,9.721084899902344
1748973007517,0.17034576416015626,0.016465759277343752,9.718240814208984
1748973007584,0.19414627075195315,-0.012124786376953125,9.727671203613282
1748973007650,0.18067428588867188,-0.002544708251953125,9.72183334350586
1748973007717,0.1772314453125,-0.011975097656250001,9.717342681884766
1748973007784,0.19294876098632813,-0.01107696533203125,9.724827117919922
1748973007853,0.183218994140625,0.0017962646484375,9.721533966064454
1748973007917,0.1681004333496094,-0.011975097656250001,9.711055755615234
1748973007984,0.19115249633789064,-0.00239501953125,9.723180541992187
1748973008053,0.19549346923828126,-0.012274475097656251,9.733958129882813
1748973008117,0.178428955078125,0.008831634521484376,9.729766845703125
1748973008184,0.18486557006835938,-0.008532257080078126,9.723629608154297
1748973008254,0.18127304077148437,0.00029937744140625,9.72033645629883
1748973008317,0.16705261230468751,-0.00868194580078125,9.726024627685547
1748973008384,0.1728904724121094,-0.00209564208984375,9.716893615722658
1748973008453,0.1681004333496094,-0.013322296142578125,9.735904083251954
1748973008517,0.18815872192382813,0.024698638916015626,9.740843811035157
1748973008584,0.13741424560546875,0.00868194580078125,9.714498596191406
1748973008654,0.18830841064453127,-0.014519805908203126,9.728719024658204
1748973008717,0.20432510375976565,-0.017214202880859376,9.718390502929688
1748973008784,0.19534378051757814,-0.013322296142578125,9.714498596191406
1748973008853,0.11900253295898439,-0.010029144287109375,9.720635833740236
1748973008917,0.2389031982421875,0.0056881713867187505,9.729766845703125
1748973008984,0.15283218383789063,0.008232879638671876,9.713301086425782
1748973009052,0.2842588806152344,0.011675720214843751,9.709259490966797
1748973009117,0.17618362426757814,0.0056881713867187505,9.719737701416015
1748973009184,0.19309844970703127,-0.020207977294921877,9.710756378173828
1748973009253,0.18875747680664062,-0.00029937744140625,9.721683654785156
1748973009317,0.1872605895996094,-0.004640350341796875,9.71749237060547
1748973009384,0.1986369323730469,-0.01047821044921875,9.736502838134767
1748973009450,0.20088226318359376,-0.024998016357421875,9.717791748046876
1748973009517,0.13247451782226563,0.02424957275390625,9.70417007446289
1748973009584,0.17588424682617188,-0.020507354736328125,9.712103576660157
1748973009653,0.15492782592773438,0.0143701171875,9.72422836303711
1748973009717,0.1981878662109375,-0.013172607421875001,9.72422836303711
1748973009784,0.1866618347167969,0.03158432006835938,9.718091125488282
1748973009853,0.22064117431640626,-0.02424957275390625,9.717941436767578
1748973009917,0.12588821411132814,0.01945953369140625,9.708211669921875
1748973009984,0.20073257446289064,-0.013322296142578125,9.73620346069336
1748973010053,0.18995498657226564,0.00868194580078125,9.726324005126953
1748973010117,0.15058685302734376,0.0014968872070312501,9.713899841308594
1748973010184,0.18037490844726564,-0.014519805908203126,9.726324005126953
1748973010253,0.19639160156250002,-0.030686187744140628,9.72183334350586
1748973010317,0.17393829345703127,-0.004041595458984375,9.729766845703125
1748973010384,0.1866618347167969,0.0016465759277343752,9.73186248779297
1748973010452,0.22528152465820314,0.027692413330078127,9.73186248779297
1748973010517,0.08217910766601563,0.06496490478515625,9.728719024658204
1748973010584,0.19444564819335938,-0.037122802734375,9.70746322631836
1748973010654,0.1872605895996094,-0.019010467529296877,9.713301086425782
1748973010717,0.19534378051757814,0.00718505859375,9.729916534423829
1748973010784,0.1778302001953125,0.04924758911132813,9.740544433593751
1748973010854,0.1429527282714844,-0.06421646118164062,9.736353149414063
1748973010917,0.21570144653320314,-0.014220428466796876,9.72422836303711
1748973010984,0.16585510253906252,-0.0031434631347656253,9.727222137451172
1748973011055,0.1898052978515625,0.001347198486328125,9.715696105957031
1748973011117,0.16450790405273438,-0.001197509765625,9.709109802246095
1748973011184,0.17139358520507814,-0.006586303710937501,9.715995483398437
1748973011251,0.25162673950195313,0.013022918701171875,9.731114044189454
1748973011317,0.23561004638671876,-0.019010467529296877,9.729467468261719
1748973011384,0.14055770874023438,0.001945953369140625,9.712552642822265
1748973011454,0.19699035644531251,-0.021405487060546877,9.722581787109375
1748973011517,0.195194091796875,0.0053887939453125,9.726922760009765
1748973011584,0.17169296264648437,0.018262023925781252,9.722581787109375
1748973011654,0.19489471435546876,0.000449066162109375,9.727671203613282
1748973011717,0.19309844970703127,-0.001047821044921875,9.725874938964845
1748973011784,0.1850152587890625,0.002245330810546875,9.730814666748048
1748973011852,0.1686991882324219,-0.016016693115234376,9.708810424804687
1748973011932,0.17603393554687502,-0.00718505859375,9.718839569091797
1748973011984,0.15567626953125,-0.000449066162109375,9.716294860839843
1748973012050,0.1830693054199219,-0.0017962646484375,9.71464828491211
1748973012117,0.18336868286132812,0.0,9.743089141845704
1748973012184,0.18172210693359375,-0.013621673583984376,9.725126495361328
1748973012255,0.1866618347167969,0.002245330810546875,9.72138427734375
1748973012317,0.19848724365234377,0.009430389404296876,9.731712799072266
1748973012384,0.18875747680664062,-0.0007484436035156251,9.725575561523438
1748973012454,0.19384689331054689,0.0,9.723030853271485
1748973012517,0.17184265136718752,-0.015867004394531252,9.720186767578125
1748973012584,0.20357666015625,0.001197509765625,9.722581787109375
1748973012654,0.1872605895996094,0.0056881713867187505,9.716893615722658
1748973012717,0.18411712646484377,-0.00748443603515625,9.726024627685547
1748973012784,0.18681152343750002,-0.015867004394531252,9.724827117919922
1748973012854,0.1830693054199219,-0.0059875488281250005,9.714947662353516
1748973012917,0.1945953369140625,-0.014070739746093752,9.73186248779297
1748973012984,0.1945953369140625,-0.005239105224609375,9.747130737304689
1748973013053,0.16914825439453127,0.009131011962890626,9.722731475830079
1748973013117,0.2273771667480469,-0.0028440856933593752,9.746981048583985
1748973013184,0.19953506469726565,0.001347198486328125,9.726773071289063
1748973013252,0.1598675537109375,0.010328521728515625,9.721084899902344
1748973013317,0.104183349609375,0.00928070068359375,9.699679412841798
1748973013384,0.19953506469726565,-0.012424163818359375,9.714049530029298
1748973013450,0.29294082641601565,-0.029937744140625,9.765093383789063
1748973013518,0.2327659606933594,-0.003742218017578125,9.738897857666016
1748973013584,0.18336868286132812,-0.029488677978515627,9.717642059326172
1748973013654,0.12244537353515626,0.020806732177734377,9.70985824584961
1748973013718,0.23306533813476563,0.0058378601074218755,9.76299774169922
1748973013784,0.22153930664062502,-0.014519805908203126,9.74249038696289
1748973013851,0.19040405273437502,0.027093658447265627,9.743687896728517
1748973013917,0.16570541381835938,0.010328521728515625,9.720785522460938
1748973013984,0.1772314453125,0.011526031494140625,9.727222137451172
1748973014052,0.18411712646484377,0.00269439697265625,9.730814666748048
1748973014117,0.23096969604492187,-0.0161663818359375,9.757608947753907
1748973014184,0.10942245483398438,0.1095721435546875,9.731712799072266
1748973014253,0.26075775146484376,-0.0724493408203125,9.718839569091797
1748973014317,0.1874102783203125,0.025596771240234375,9.725126495361328
1748973014384,0.15657440185546875,-0.026345214843750003,9.715995483398437
1748973014450,0.1742376708984375,-0.000449066162109375,9.715396728515625
1748973014518,0.2125579833984375,-0.0028440856933593752,9.73141342163086
1748973014583,0.16450790405273438,-0.00089813232421875,9.720785522460938
1748973014655,0.17648300170898437,0.0017962646484375,9.716594238281251
1748973014718,0.1980381774902344,0.0032931518554687503,9.737999725341798
1748973014784,0.18920654296875,0.02544708251953125,9.72617431640625
1748973014855,0.1287322998046875,0.05957611083984375,9.71704330444336
1748973014917,0.17738113403320313,-0.013322296142578125,9.726773071289063
1748973014984,0.1782792663574219,-0.003742218017578125,9.718240814208984
1748973015053,0.17947677612304688,0.00209564208984375,9.720785522460938
1748973015117,0.17573455810546876,0.0031434631347656253,9.717791748046876
1748973015184,0.17378860473632812,-0.03203338623046875,9.720186767578125
1748973015252,0.1826202392578125,0.026494903564453127,9.72422836303711
1748973015317,0.20567230224609376,-0.03308120727539063,9.71943832397461
1748973015384,0.14953903198242188,0.0173638916015625,9.722581787109375
1748973015450,0.19145187377929687,-0.001945953369140625,9.716294860839843
1748973015518,0.1772314453125,-0.013921051025390626,9.719588012695313
1748973015584,0.19893630981445312,-0.0143701171875,9.719138946533203
1748973015652,0.1830693054199219,0.024548950195312502,9.717342681884766
1748973015717,0.12020004272460938,-0.016914825439453125,9.703271942138672
1748973015784,0.12409194946289064,-0.0185614013671875,9.720486145019532
1748973015850,0.1435514831542969,0.03158432006835938,9.731563110351564
1748973015917,0.14415023803710938,-0.0718505859375,9.694889373779297
1748973015984,0.1754351806640625,0.005538482666015625,9.716743927001954
1748973016053,0.19444564819335938,-0.0014968872070312501,9.728868713378906
1748973016117,0.27422973632812503,0.006885681152343751,9.73186248779297
1748973016184,0.13965957641601562,0.011526031494140625,9.713750152587892
1748973016251,0.16091537475585938,0.016016693115234376,9.711504821777345
1748973016317,0.2540217590332031,-0.13516891479492188,9.695039062500001
1748973016384,0.14938934326171877,0.0592767333984375,9.744885406494141
1748973016450,0.18336868286132812,-0.015118560791015626,9.710606689453126
1748973016518,0.15208374023437501,-0.0005987548828125,9.719138946533203
1748973016584,0.24878265380859377,0.004041595458984375,9.706864471435548
1748973016653,0.09654922485351564,-0.002544708251953125,9.701325988769531
1748973016717,0.14894027709960939,0.001945953369140625,9.716294860839843
1748973016784,0.2471360778808594,-0.04071533203125,9.716893615722658
1748973016851,0.15058685302734376,-0.061671752929687504,9.7381494140625
1748973016927,0.20881576538085939,0.02185455322265625,9.743837585449219
1748973016984,0.379610595703125,-0.024099884033203126,9.756261749267578
1748973017050,0.33365615844726565,0.08607101440429688,9.724527740478516
1748973017118,0.14145584106445314,-0.094603271484375,9.690398712158204
1748973017184,0.1525328063964844,0.01107696533203125,9.727970581054688
1748973017250,0.3288661193847656,0.007334747314453125,9.81673599243164
1748973017317,0.2213896179199219,0.0143701171875,9.75775863647461
1748973017384,0.1838177490234375,-0.019908599853515625,9.720635833740236
1748973017454,0.17513580322265626,0.0058378601074218755,9.716444549560547
1748973017517,0.20447479248046876,-0.00239501953125,9.713600463867188
1748973017584,0.19714004516601563,0.007634124755859375,9.728269958496094
1748973017650,0.17064514160156252,-0.001945953369140625,9.709259490966797
1748973017718,0.17962646484375,0.01466949462890625,9.720635833740236
1748973017784,0.17872833251953127,-0.004340972900390625,9.72617431640625
1748973017854,0.17678237915039063,-0.001047821044921875,9.720186767578125
1748973017917,0.16645385742187502,-0.008831634521484376,9.720186767578125
1748973017984,0.17259109497070313,-0.011825408935546875,9.712852020263673
1748973018057,0.17169296264648437,-0.00718505859375,9.702822875976564
1748973018118,0.16600479125976564,-0.02604583740234375,9.701325988769531
1748973018184,0.1682501220703125,-0.013471984863281251,9.711504821777345
1748973018254,0.18576370239257814,-0.00389190673828125,9.725276184082032
1748973018317,0.1826202392578125,0.0056881713867187505,9.731712799072266
1748973018384,0.22288650512695313,-0.02125579833984375,9.732311553955078
1748973018450,0.17124389648437502,0.013471984863281251,9.722581787109375
1748973018518,0.17049545288085938,-0.0032931518554687503,9.73141342163086
1748973018584,0.1826202392578125,-0.006286926269531251,9.723330230712891
1748973018654,0.18935623168945315,0.00239501953125,9.726773071289063
1748973018718,0.17977615356445314,-0.004041595458984375,9.712552642822265
1748973018784,0.17917739868164062,-0.007334747314453125,9.725575561523438
1748973018854,0.19384689331054689,-0.004640350341796875,9.72467742919922
1748973018917,0.17513580322265626,0.0061372375488281256,9.729766845703125
1748973018984,0.18007553100585938,-0.008232879638671876,9.719737701416015
1748973019054,0.18636245727539064,-0.00089813232421875,9.734107818603515
1748973019118,0.17558486938476564,-0.0089813232421875,9.718240814208984
1748973019184,0.18711090087890625,-0.006286926269531251,9.729617156982423
1748973019254,0.18920654296875,0.015118560791015626,9.716893615722658
1748973019318,0.18157241821289063,-0.003742218017578125,9.71943832397461
1748973019384,0.18067428588867188,-0.0034428405761718754,9.724827117919922
1748973019450,0.1830693054199219,-0.0016465759277343752,9.714947662353516
1748973019518,0.204774169921875,0.0041912841796875,9.74578353881836
1748973019584,0.17887802124023439,0.0005987548828125,9.733209686279297
1748973019653,0.19294876098632813,-0.004939727783203125,9.730215911865235
1748973019718,0.17932708740234377,-0.00389190673828125,9.727970581054688
1748973019784,0.16780105590820313,0.000449066162109375,9.710906066894532
1748973019854,0.195194091796875,-0.013172607421875001,9.701475677490235
1748973019918,0.1878593444824219,-0.00239501953125,9.737999725341798
1748973019984,0.19235000610351563,-0.001047821044921875,9.726024627685547
1748973020051,0.19235000610351563,0.00029937744140625,9.713450775146486
1748973020118,0.18232086181640625,-0.0029937744140625003,9.722581787109375
1748973020184,0.18232086181640625,-0.0089813232421875,9.721533966064454
1748973020253,0.17992584228515626,-0.0031434631347656253,9.720635833740236
1748973020318,0.18711090087890625,-0.010777587890625,9.720785522460938
1748973020384,0.1824705505371094,0.0034428405761718754,9.732161865234376
1748973020450,0.18681152343750002,-0.006735992431640626,9.729168090820313
1748973020518,0.18606307983398437,-0.00718505859375,9.72617431640625
1748973020584,0.188009033203125,0.00449066162109375,9.730215911865235
1748973020654,0.19070343017578126,0.0029937744140625003,9.724527740478516
1748973020718,0.18621276855468752,0.000449066162109375,9.73096435546875
1748973020784,0.1728904724121094,0.00209564208984375,9.726473693847657
1748973020850,0.18591339111328126,0.0028440856933593752,9.721983032226563
1748973020918,0.17513580322265626,0.00389190673828125,9.720635833740236
1748973020984,0.18336868286132812,-0.0058378601074218755,9.727371826171876
1748973021054,0.18441650390625,0.0029937744140625003,9.729467468261719
1748973021118,0.19055374145507814,0.009430389404296876,9.724827117919922
1748973021184,0.1872605895996094,0.009131011962890626,9.72707244873047
1748973021252,0.18276992797851563,-0.005538482666015625,9.733509063720703
1748973021318,0.18561401367187502,-0.009729766845703125,9.720486145019532
1748973021384,0.18411712646484377,0.0,9.728419647216798
1748973021452,0.18232086181640625,0.002544708251953125,9.729617156982423
1748973021518,0.1898052978515625,-0.010777587890625,9.71180419921875
1748973021584,0.1866618347167969,0.001047821044921875,9.714797973632812
1748973021651,0.18411712646484377,-0.002544708251953125,9.727521514892578
1748973021718,0.2177970886230469,0.012573852539062501,9.737850036621094
1748973021783,0.2775228881835938,0.0017962646484375,9.764794006347657
1748973021853,0.22588027954101564,0.0449066162109375,9.739197235107422
1748973021924,0.3373983764648438,-0.023800506591796878,9.750872955322267
1748973021984,0.22109024047851564,-0.00508941650390625,9.732311553955078
1748973022051,0.10283615112304688,-0.00987945556640625,9.698332214355469
1748973022118,0.17573455810546876,-0.023501129150390626,9.702523498535157
1748973022184,0.19848724365234377,-0.01526824951171875,9.728419647216798
1748973022251,0.17872833251953127,0.017812957763671877,9.742340698242188
1748973022318,0.1926493835449219,-0.001047821044921875,9.730215911865235
1748973022384,0.19294876098632813,-0.00987945556640625,9.72572525024414
1748973022450,0.16241226196289063,-0.004939727783203125,9.710756378173828
1748973022518,0.16181350708007813,0.00987945556640625,9.71270233154297
1748973022584,0.17498611450195314,-0.007035369873046876,9.718689880371095
1748973022654,0.19639160156250002,0.011975097656250001,9.737700347900391
1748973022718,0.18172210693359375,-0.0032931518554687503,9.726473693847657
1748973022784,0.18112335205078126,0.004340972900390625,9.726922760009765
1748973022855,0.1778302001953125,-0.00389190673828125,9.725575561523438
1748973022918,0.18546432495117188,-0.003742218017578125,9.727222137451172
1748973022984,0.18531463623046876,-0.009580078125,9.724976806640626
1748973023054,0.19654129028320313,-0.00029937744140625,9.735455017089844
1748973023118,0.17064514160156252,-0.010029144287109375,9.708660736083985
1748973023184,0.08801696777343751,0.13846206665039062,9.729467468261719
1748973023254,0.21091140747070314,-0.1387614440917969,9.723479919433593
1748973023318,0.10223739624023438,0.030386810302734376,9.732610931396485
1748973023383,0.2076182556152344,-0.03562591552734375,9.726922760009765
1748973023450,0.1478924560546875,0.044756927490234376,9.726473693847657
1748973023518,0.18711090087890625,-0.032931518554687504,9.713001708984375
1748973023584,0.173638916015625,0.011526031494140625,9.713750152587892
1748973023654,0.1932481384277344,-0.0061372375488281256,9.7285693359375
1748973023718,0.16839981079101562,0.0007484436035156251,9.73380844116211
1748973023784,0.188009033203125,-0.0101788330078125,9.73859848022461
1748973023850,0.18007553100585938,-0.0221539306640625,9.729766845703125
1748973023918,0.18890716552734377,-0.008532257080078126,9.723479919433593
1748973023984,0.17498611450195314,-0.0029937744140625003,9.714797973632812
1748973024053,0.16540603637695314,-0.019309844970703125,9.709409179687501
1748973024118,0.15358062744140627,-0.011526031494140625,9.73291030883789
1748973024184,0.18097366333007814,-0.006286926269531251,9.727222137451172
1748973024254,0.19100280761718752,-0.00508941650390625,9.729467468261719
1748973024318,0.18127304077148437,-0.0149688720703125,9.727222137451172
1748973024384,0.17094451904296876,0.003592529296875,9.713600463867188
1748973024450,0.17812957763671877,-0.011975097656250001,9.716444549560547
1748973024518,0.18411712646484377,-0.011226654052734375,9.73620346069336
1748973024584,0.18815872192382813,-0.00808319091796875,9.727970581054688
1748973024653,0.18112335205078126,0.003742218017578125,9.719588012695313
1748973024717,0.1669029235839844,-0.010328521728515625,9.717791748046876
1748973024784,0.199984130859375,0.001945953369140625,9.734556884765626
1748973024853,0.19414627075195315,-0.020207977294921877,9.721234588623048
1748973024918,0.18531463623046876,-0.0077838134765625,9.730664978027344
1748973024984,0.17992584228515626,-0.0014968872070312501,9.723928985595704
1748973025052,0.18441650390625,-0.008532257080078126,9.730365600585937
1748973025118,0.17588424682617188,-0.013471984863281251,9.717941436767578
1748973025184,0.1836680603027344,0.007035369873046876,9.727820892333986
1748973025254,0.18037490844726564,-0.003592529296875,9.731563110351564
1748973025318,0.18965560913085938,-0.0061372375488281256,9.721533966064454
1748973025384,0.1866618347167969,-0.011376342773437501,9.72707244873047
1748973025450,0.18127304077148437,0.0007484436035156251,9.720186767578125
1748973025518,0.18112335205078126,-0.005239105224609375,9.726922760009765
1748973025584,0.19249969482421875,-0.00987945556640625,9.725575561523438
1748973025654,0.18621276855468752,-0.012424163818359375,9.731114044189454
1748973025718,0.18037490844726564,-0.00449066162109375,9.724976806640626
1748973025784,0.19714004516601563,-0.00449066162109375,9.739795989990235
1748973025850,0.18441650390625,-0.0014968872070312501,9.728719024658204
1748973025918,0.183218994140625,-0.00718505859375,9.723629608154297
1748973025984,0.1878593444824219,-0.0053887939453125,9.737251281738281
1748973026052,0.18531463623046876,-0.001197509765625,9.725874938964845
1748973026118,0.18112335205078126,0.001945953369140625,9.723629608154297
1748973026184,0.17812957763671877,0.00089813232421875,9.724078674316408
1748973026254,0.17618362426757814,-0.0032931518554687503,9.722881164550781
1748973026318,0.18426681518554688,-0.012124786376953125,9.71854019165039
1748973026384,0.17513580322265626,-0.00748443603515625,9.723030853271485
1748973026450,0.19130218505859375,-0.0056881713867187505,9.727820892333986
1748973026518,0.18636245727539064,-0.0005987548828125,9.718839569091797
1748973026584,0.18411712646484377,-0.0016465759277343752,9.717941436767578
1748973026654,0.17618362426757814,-0.00209564208984375,9.723779296875
1748973026718,0.19010467529296876,-0.008382568359375,9.722581787109375
1748973026784,0.18471588134765626,-0.00928070068359375,9.729617156982423
1748973026854,0.1866618347167969,-0.0061372375488281256,9.727521514892578
1748973026927,0.19025436401367188,-0.017513580322265625,9.72662338256836
1748973026984,0.178428955078125,-0.0089813232421875,9.715696105957031
1748973027051,0.17603393554687502,-0.00718505859375,9.72662338256836
1748973027118,0.18755996704101563,-0.013022918701171875,9.71943832397461
1748973027184,0.18276992797851563,-0.001047821044921875,9.721983032226563
1748973027252,0.18531463623046876,-0.00868194580078125,9.720935211181642
1748973027318,0.18276992797851563,-0.000449066162109375,9.728120269775392
1748973027384,0.18157241821289063,-0.00209564208984375,9.721533966064454
1748973027454,0.1772314453125,0.014519805908203126,9.727970581054688
1748973027518,0.19294876098632813,-0.004041595458984375,9.728269958496094
1748973027584,0.1866618347167969,-0.009729766845703125,9.72183334350586
1748973027653,0.178428955078125,-0.005538482666015625,9.714348907470704
1748973027718,0.17797988891601563,-0.0005987548828125,9.724078674316408
1748973027784,0.18202148437500001,0.0016465759277343752,9.717642059326172
1748973027854,0.18606307983398437,-0.013621673583984376,9.7189892578125
1748973027918,0.16525634765625,0.008232879638671876,9.710906066894532
1748973027984,0.18561401367187502,-0.0061372375488281256,9.72467742919922
1748973028054,0.1830693054199219,0.0029937744140625003,9.718839569091797
1748973028118,0.17588424682617188,0.0017962646484375,9.724976806640626
1748973028184,0.20971389770507814,-0.006286926269531251,9.736502838134767
1748973028253,0.1838177490234375,-0.006286926269531251,9.713450775146486
1748973028318,0.1734892272949219,-0.00389190673828125,9.713450775146486
1748973028384,0.18276992797851563,-0.0034428405761718754,9.719737701416015
1748973028450,0.19953506469726565,-0.00449066162109375,9.714947662353516
1748973028518,0.1676513671875,-0.00718505859375,9.707762603759766
1748973028584,0.17438735961914065,0.003742218017578125,9.714947662353516
1748973028654,0.18067428588867188,0.0034428405761718754,9.705816650390625
1748973028718,0.19010467529296876,-0.00089813232421875,9.719737701416015
1748973028784,0.16420852661132812,-0.014220428466796876,9.70746322631836
1748973028853,0.17124389648437502,-0.012723541259765625,9.705068206787109
1748973028918,0.17618362426757814,-0.0058378601074218755,9.727820892333986
1748973028984,0.17513580322265626,0.001347198486328125,9.715247039794923
1748973029053,0.15432907104492188,-0.010328521728515625,9.702972564697266
1748973029118,0.17408798217773438,-0.007933502197265626,9.714797973632812
1748973029184,0.16959732055664065,-0.011825408935546875,9.718240814208984
1748973029253,0.19145187377929687,-0.0017962646484375,9.715995483398437
1748973029318,0.16959732055664065,0.00748443603515625,9.70417007446289
1748973029384,0.16151412963867187,-0.006735992431640626,9.704918518066407
1748973029450,0.18202148437500001,-0.001197509765625,9.713001708984375
1748973029518,0.19714004516601563,-0.005239105224609375,9.708511047363281
1748973029584,0.14400054931640627,-0.002544708251953125,9.70551727294922
1748973029653,0.19055374145507814,0.000449066162109375,9.71943832397461
1748973029718,0.2028282165527344,-0.00269439697265625,9.721533966064454
1748973029784,0.2279759216308594,0.006885681152343751,9.708061981201173
1748973029854,0.18276992797851563,0.009729766845703125,9.709259490966797
1748973029918,0.1933978271484375,-0.00449066162109375,9.717342681884766
1748973029984,0.21091140747070314,0.00089813232421875,9.72467742919922
1748973030053,0.19579284667968752,0.008532257080078126,9.725575561523438
1748973030118,0.18681152343750002,-0.00389190673828125,9.716743927001954
1748973030184,0.17274078369140625,-0.00508941650390625,9.715546417236329
1748973030254,0.18965560913085938,0.00029937744140625,9.715546417236329
1748973030317,0.12603790283203126,-0.014220428466796876,9.699679412841798
1748973030384,0.18531463623046876,-0.012124786376953125,9.707612915039062
1748973030450,0.17917739868164062,-0.0032931518554687503,9.709708557128907
1748973030518,0.23740631103515628,0.00718505859375,9.706116027832032
1748973030584,0.15612533569335937,-0.009729766845703125,9.70596633911133
1748973030654,0.19175125122070313,0.0077838134765625,9.71704330444336
1748973030718,0.1898052978515625,-0.0031434631347656253,9.724078674316408
1748973030784,0.19055374145507814,-0.001945953369140625,9.722282409667969
1748973030854,0.12828323364257813,-0.018711090087890625,9.699230346679688
1748973030918,0.16241226196289063,-0.011226654052734375,9.715247039794923
1748973030984,0.18217117309570313,0.001197509765625,9.713301086425782
1748973031051,0.17573455810546876,-0.00808319091796875,9.713600463867188
1748973031118,0.18456619262695315,-0.0029937744140625003,9.717941436767578
1748973031184,0.18426681518554688,-0.001197509765625,9.729916534423829
1748973031250,0.16256195068359375,0.00748443603515625,9.716294860839843
1748973031318,0.17857864379882812,-0.0056881713867187505,9.715247039794923
1748973031384,0.17618362426757814,0.006735992431640626,9.721234588623048
1748973031450,0.18172210693359375,-0.007933502197265626,9.734407196044922
1748973031518,0.18232086181640625,-0.0032931518554687503,9.71749237060547
1748973031584,0.1734892272949219,-0.006436614990234376,9.707912292480469
1748973031654,0.18082397460937502,-0.0029937744140625003,9.725276184082032
1748973031718,0.18037490844726564,0.0032931518554687503,9.709708557128907
1748973031784,0.17932708740234377,-0.007334747314453125,9.711055755615234
1748973031854,0.18770965576171875,-0.003592529296875,9.715845794677735
1748973031928,0.18276992797851563,-0.0007484436035156251,9.71988739013672
1748973031984,0.17678237915039063,-0.0059875488281250005,9.718390502929688
1748973032051,0.18202148437500001,-0.00748443603515625,9.719737701416015
1748973032118,0.19399658203125,-0.004340972900390625,9.716294860839843
1748973032184,0.1920506286621094,-0.0041912841796875,9.720486145019532
1748973032253,0.17633331298828125,-0.003742218017578125,9.722132720947267
1748973032318,0.18576370239257814,-0.0047900390625,9.725425872802735
1748973032384,0.1830693054199219,0.006586303710937501,9.711654510498047
1748973032454,0.17753082275390625,-0.00508941650390625,9.710756378173828
1748973032518,0.1722917175292969,-0.0014968872070312501,9.713001708984375
1748973032584,0.17857864379882812,-0.0089813232421875,9.723030853271485
1748973032653,0.17124389648437502,-0.005239105224609375,9.711055755615234
1748973032718,0.18052459716796876,-0.00029937744140625,9.72138427734375
1748973032784,0.17992584228515626,-0.003742218017578125,9.71464828491211
1748973032854,0.18875747680664062,0.001347198486328125,9.723779296875
1748973032918,0.1782792663574219,-0.0029937744140625003,9.718390502929688
1748973032984,0.1754351806640625,-0.00209564208984375,9.708211669921875
1748973033054,0.17962646484375,0.0,9.715845794677735
1748973033118,0.16660354614257813,-0.000449066162109375,9.70417007446289
1748973033184,0.19594253540039064,-0.02185455322265625,9.719288635253907
1748973033250,0.14175521850585937,-0.000449066162109375,9.704918518066407
1748973033318,0.1167572021484375,-0.032482452392578125,9.654473419189454
1748973033384,0.15657440185546875,-0.018112335205078125,9.712852020263673
1748973033450,0.14534774780273438,-0.010627899169921875,9.697733459472657
1748973033518,0.16301101684570313,-0.011975097656250001,9.719138946533203
1748973033584,0.17259109497070313,-0.011526031494140625,9.711654510498047
1748973033653,0.18112335205078126,-0.01107696533203125,9.714947662353516
1748973033718,0.19534378051757814,-0.007933502197265626,9.734107818603515
1748973033784,0.20372634887695312,-0.001945953369140625,9.727970581054688
1748973033850,0.19414627075195315,-0.009430389404296876,9.72422836303711
1748973033918,0.17663269042968752,-0.015417938232421876,9.72422836303711
1748973033985,0.18456619262695315,0.0014968872070312501,9.722581787109375
1748973034053,0.19923568725585938,0.008532257080078126,9.725874938964845
1748973034118,0.18995498657226564,-0.007334747314453125,9.720486145019532
1748973034184,0.18411712646484377,-0.017962646484375,9.716594238281251
1748973034252,0.197589111328125,0.008232879638671876,9.731114044189454
1748973034318,0.19249969482421875,0.013921051025390626,9.720037078857422
1748973034384,0.2507286071777344,-0.0401165771484375,9.735005950927734
1748973034450,0.19294876098632813,-0.0173638916015625,9.729766845703125
1748973034518,0.18875747680664062,-0.0161663818359375,9.735604705810548
1748973034584,0.18037490844726564,0.005239105224609375,9.729916534423829
1748973034651,0.1818717956542969,-0.007334747314453125,9.735604705810548
1748973034718,0.1790277099609375,-0.015717315673828124,9.738299102783204
1748973034784,0.17992584228515626,-0.012424163818359375,9.7189892578125
1748973034853,0.18067428588867188,0.0034428405761718754,9.72467742919922
1748973034918,0.18711090087890625,-0.009580078125,9.737251281738281
1748973034985,0.178428955078125,-0.00389190673828125,9.715546417236329
1748973035053,0.19055374145507814,0.0,9.725276184082032
1748973035118,0.18157241821289063,0.0041912841796875,9.733509063720703
1748973035184,0.17693206787109375,-0.00239501953125,9.720785522460938
1748973035251,0.18516494750976564,-0.017812957763671877,9.71943832397461
1748973035318,0.18037490844726564,-0.001945953369140625,9.720935211181642
1748973035384,0.188009033203125,-0.006735992431640626,9.719138946533203
1748973035450,0.19294876098632813,-0.008382568359375,9.729317779541017
1748973035518,0.19025436401367188,-0.00508941650390625,9.71854019165039
1748973035585,0.1878593444824219,-0.011825408935546875,9.715995483398437
1748973035655,0.18097366333007814,0.00389190673828125,9.719588012695313
1748973035718,0.18621276855468752,0.0,9.712402954101563
1748973035784,0.17977615356445314,0.0014968872070312501,9.714049530029298
1748973035853,0.2165995788574219,-0.02484832763671875,9.712103576660157
1748973035918,0.18950592041015626,0.005239105224609375,9.703870697021484
1748973035985,0.18202148437500001,-0.011376342773437501,9.694889373779297
1748973036053,0.19983444213867188,-0.025896148681640627,9.69878128051758
1748973036118,0.18576370239257814,-0.0031434631347656253,9.696835327148438
1748973036184,0.19040405273437502,-0.017513580322265625,9.68306396484375
1748973036251,0.17797988891601563,-0.007035369873046876,9.68875213623047
1748973036318,0.19085311889648438,-0.017962646484375,9.695039062500001
1748973036384,0.18486557006835938,-0.004640350341796875,9.694739685058595
1748973036450,0.1866618347167969,-0.009580078125,9.696685638427734
1748973036518,0.1782792663574219,-0.007634124755859375,9.685758361816406
1748973036584,0.18172210693359375,-0.0061372375488281256,9.709409179687501
1748973036653,0.188009033203125,0.0061372375488281256,9.698332214355469
1748973036718,0.18336868286132812,-0.005538482666015625,9.688153381347657
1748973036784,0.17169296264648437,-0.00808319091796875,9.67632797241211
1748973036853,0.17588424682617188,-0.010029144287109375,9.68979995727539
1748973036926,0.18127304077148437,-0.00928070068359375,9.686357116699218
1748973036985,0.16675323486328125,-0.007334747314453125,9.687704315185547
1748973037051,0.18336868286132812,-0.0034428405761718754,9.692793731689454
1748973037118,0.18965560913085938,0.00508941650390625,9.686506805419922
1748973037184,0.17797988891601563,0.004340972900390625,9.70701416015625
1748973037252,0.18172210693359375,-0.003592529296875,9.692943420410156
1748973037318,0.19160156250000002,-0.008232879638671876,9.698332214355469
1748973037384,0.183218994140625,0.001945953369140625,9.702972564697266
1748973037452,0.18830841064453127,-0.00389190673828125,9.703421630859376
1748973037518,0.17573455810546876,-0.013172607421875001,9.705068206787109
1748973037584,0.1926493835449219,0.00928070068359375,9.700727233886719
1748973037654,0.18830841064453127,0.0056881713867187505,9.684560852050781
1748973037718,0.18172210693359375,-0.05059478759765625,9.710157623291016
1748973037784,0.17663269042968752,0.0041912841796875,9.697733459472657
1748973037852,0.21076171875000002,-0.01107696533203125,9.70551727294922
1748973037918,0.16256195068359375,0.02544708251953125,9.699080657958985
1748973037984,0.18696121215820313,-0.008532257080078126,9.700577545166016
1748973038053,0.19609222412109376,-0.00269439697265625,9.715247039794923
1748973038118,0.18770965576171875,0.00748443603515625,9.71135513305664
1748973038184,0.18546432495117188,-0.00239501953125,9.71464828491211
1748973038253,0.18935623168945315,-0.00389190673828125,9.709558868408203
1748973038318,0.18621276855468752,-0.003592529296875,9.709708557128907
1748973038384,0.18217117309570313,0.0005987548828125,9.710906066894532
1748973038450,0.1850152587890625,0.009131011962890626,9.703421630859376
1748973038518,0.18142272949218752,-0.0031434631347656253,9.713750152587892
1748973038584,0.18830841064453127,-0.007933502197265626,9.702972564697266
1748973038652,0.18965560913085938,-0.004340972900390625,9.712852020263673
1748973038718,0.16929794311523438,-0.0016465759277343752,9.715995483398437
1748973038784,0.19040405273437502,0.002544708251953125,9.706864471435548
1748973038854,0.19609222412109376,0.0007484436035156251,9.71419921875
1748973038917,0.17962646484375,-0.002544708251953125,9.717192993164064
1748973038985,0.17393829345703127,0.001945953369140625,9.710457000732422
1748973039053,0.19474502563476564,0.010627899169921875,9.72467742919922
1748973039118,0.16630416870117187,0.004041595458984375,9.71704330444336
1748973039185,0.20567230224609376,-0.00718505859375,9.717791748046876
1748973039254,0.18067428588867188,-0.00808319091796875,9.708211669921875
1748973039318,0.18127304077148437,-0.013471984863281251,9.718091125488282
1748973039385,0.1850152587890625,0.009580078125,9.71464828491211
1748973039450,0.18651214599609375,0.011975097656250001,9.710457000732422
1748973039518,0.1920506286621094,0.0028440856933593752,9.703271942138672
1748973039584,0.18112335205078126,-0.001047821044921875,9.71135513305664
1748973039654,0.18681152343750002,-0.00808319091796875,9.713301086425782
1748973039718,0.2185455322265625,0.00508941650390625,9.704469451904297
1748973039785,0.1826202392578125,-0.01107696533203125,9.702523498535157
1748973039854,0.1920506286621094,0.0041912841796875,9.71030731201172
1748973039917,0.17064514160156252,0.009729766845703125,9.700876922607423
1748973039984,0.19968475341796876,-0.005239105224609375,9.715845794677735
1748973040053,0.18576370239257814,-0.0028440856933593752,9.711205444335938
1748973040118,0.20432510375976565,-0.0005987548828125,9.712552642822265
1748973040185,0.1826202392578125,0.004340972900390625,9.707912292480469
1748973040253,0.17872833251953127,0.0047900390625,9.701325988769531
1748973040318,0.1728904724121094,0.020207977294921877,9.714498596191406
1748973040385,0.16645385742187502,0.0028440856933593752,9.709558868408203
1748973040450,0.18950592041015626,0.006436614990234376,9.703870697021484
1748973040518,0.17977615356445314,-0.006735992431640626,9.70596633911133
1748973040585,0.1945953369140625,-0.004640350341796875,9.711953887939453
1748973040654,0.188009033203125,0.0058378601074218755,9.710906066894532
1748973040718,0.18052459716796876,0.011526031494140625,9.703421630859376
1748973040785,0.19504440307617188,0.0077838134765625,9.702224121093751
1748973040853,0.1826202392578125,0.012424163818359375,9.696685638427734
1748973040918,0.16510665893554688,0.011376342773437501,9.709708557128907
1748973040985,0.18037490844726564,0.00389190673828125,9.714049530029298
1748973041054,0.16720230102539063,-0.0053887939453125,9.701924743652345
1748973041118,0.18935623168945315,0.012124786376953125,9.713750152587892
1748973041185,0.18531463623046876,0.002544708251953125,9.702074432373047
1748973041254,0.178428955078125,0.0005987548828125,9.707762603759766
1748973041318,0.1838177490234375,-0.010627899169921875,9.70746322631836
1748973041385,0.18591339111328126,-0.0034428405761718754,9.709558868408203
1748973041450,0.19384689331054689,0.001197509765625,9.700876922607423
1748973041518,0.17887802124023439,-0.008382568359375,9.700577545166016
1748973041584,0.19190093994140625,-0.0058378601074218755,9.71704330444336
1748973041654,0.18276992797851563,0.0059875488281250005,9.711654510498047
1748973041718,0.20941452026367188,0.001945953369140625,9.716893615722658
1748973041785,0.18127304077148437,0.010927276611328125,9.720037078857422
1748973041851,0.18576370239257814,-0.005538482666015625,9.70701416015625
1748973041926,0.16196319580078125,0.006735992431640626,9.696835327148438
1748973041985,0.1850152587890625,0.006586303710937501,9.70985824584961
1748973042051,0.18486557006835938,0.00718505859375,9.703571319580078
1748973042118,0.18815872192382813,0.0029937744140625003,9.702822875976564
1748973042185,0.19025436401367188,0.0047900390625,9.700876922607423
1748973042250,0.17498611450195314,0.009430389404296876,9.699230346679688
1748973042318,0.18351837158203127,0.00449066162109375,9.697583770751953
1748973042385,0.19190093994140625,0.0017962646484375,9.711654510498047
1748973042454,0.19714004516601563,0.0034428405761718754,9.707313537597656
1748973042518,0.178428955078125,0.011675720214843751,9.716893615722658
1748973042585,0.17528549194335938,0.01107696533203125,9.703571319580078
1748973042654,0.19070343017578126,-0.0041912841796875,9.704768829345703
1748973042718,0.18651214599609375,0.01466949462890625,9.70596633911133
1748973042785,0.1878593444824219,-0.0028440856933593752,9.705367584228517
1748973042854,0.18441650390625,0.0058378601074218755,9.701775054931641
1748973042918,0.19833755493164062,-0.00029937744140625,9.706565093994142
1748973042985,0.18411712646484377,0.007933502197265626,9.698182525634767
1748973043052,0.17872833251953127,0.0032931518554687503,9.691446533203125
1748973043118,0.18471588134765626,0.0056881713867187505,9.70417007446289
1748973043185,0.18755996704101563,0.009131011962890626,9.69698501586914
1748973043253,0.21016296386718752,0.0077838134765625,9.711504821777345
1748973043318,0.19429595947265627,0.003592529296875,9.711953887939453
1748973043385,0.19654129028320313,0.00029937744140625,9.706864471435548
1748973043450,0.18561401367187502,0.0061372375488281256,9.711654510498047
1748973043518,0.18067428588867188,0.0059875488281250005,9.68830307006836
1748973043585,0.18531463623046876,-0.002544708251953125,9.708960113525391
1748973043653,0.18486557006835938,0.0028440856933593752,9.71270233154297
1748973043718,0.16420852661132812,-0.010328521728515625,9.688901824951172
1748973043785,0.17468673706054688,0.022602996826171878,9.683213653564454
1748973043853,0.1770817565917969,0.00269439697265625,9.68351303100586
1748973043918,0.15777191162109375,0.032482452392578125,9.689650268554688
1748973043985,0.17079483032226564,-0.0061372375488281256,9.698481903076173
1748973044054,0.12424163818359375,0.008831634521484376,9.68875213623047
1748973044118,0.2118095397949219,-0.006885681152343751,9.704319763183594
1748973044185,0.1694476318359375,0.003592529296875,9.704319763183594
1748973044254,0.19369720458984377,-0.00269439697265625,9.720037078857422
1748973044318,0.16899856567382812,0.0059875488281250005,9.708960113525391
1748973044385,0.1622625732421875,-0.0053887939453125,9.701325988769531
1748973044451,0.17992584228515626,-0.0101788330078125,9.70267318725586
1748973044518,0.17648300170898437,0.004340972900390625,9.690398712158204
1748973044585,0.17199234008789063,-0.005239105224609375,9.704469451904297
1748973044653,0.17498611450195314,-0.009729766845703125,9.698481903076173
1748973044718,0.13561798095703126,0.023201751708984378,9.702972564697266
1748973044785,0.18606307983398437,-0.012424163818359375,9.698930969238281
1748973044852,0.16914825439453127,0.00449066162109375,9.6998291015625
1748973044918,0.19549346923828126,0.008382568359375,9.704918518066407
1748973044985,0.17887802124023439,0.00389190673828125,9.70267318725586
1748973045053,0.17618362426757814,0.005239105224609375,9.706415405273438
1748973045118,0.18112335205078126,0.005239105224609375,9.702074432373047
1748973045185,0.17753082275390625,0.00089813232421875,9.6998291015625
1748973045253,0.1790277099609375,0.0028440856933593752,9.708660736083985
1748973045318,0.188009033203125,-0.00808319091796875,9.712103576660157
1748973045384,0.17812957763671877,0.0028440856933593752,9.699230346679688
1748973045451,0.1790277099609375,-0.0017962646484375,9.696086883544922
1748973045518,0.1782792663574219,-0.001347198486328125,9.704918518066407
1748973045585,0.19654129028320313,0.009580078125,9.71704330444336
1748973045653,0.18127304077148437,-0.001945953369140625,9.705217895507813
1748973045718,0.18606307983398437,0.001347198486328125,9.702224121093751
1748973045785,0.18217117309570313,-0.006436614990234376,9.706415405273438
1748973045852,0.1824705505371094,0.0005987548828125,9.715696105957031
1748973045918,0.19115249633789064,0.018860778808593753,9.708361358642579
1748973045985,0.18591339111328126,-0.0007484436035156251,9.701325988769531
1748973046051,0.1898052978515625,0.0005987548828125,9.702224121093751
1748973046118,0.17872833251953127,0.009430389404296876,9.708660736083985
1748973046185,0.18591339111328126,0.0031434631347656253,9.705068206787109
1748973046253,0.17064514160156252,0.008232879638671876,9.709259490966797
1748973046318,0.18561401367187502,0.003742218017578125,9.710457000732422
1748973046385,0.19624191284179687,0.007933502197265626,9.702822875976564
1748973046450,0.19145187377929687,0.004041595458984375,9.70985824584961
1748973046518,0.18471588134765626,0.00449066162109375,9.6998291015625
1748973046584,0.18711090087890625,-0.0029937744140625003,9.707912292480469
1748973046654,0.1778302001953125,0.002245330810546875,9.708960113525391
1748973046718,0.20881576538085939,0.0,9.71419921875
1748973046785,0.15193405151367187,-0.001945953369140625,9.690847778320313
1748973046857,0.17049545288085938,-0.00508941650390625,9.703721008300782
1748973046923,0.20941452026367188,0.00269439697265625,9.704768829345703
1748973046985,0.1878593444824219,0.001197509765625,9.705068206787109
1748973047051,0.18396743774414062,0.006586303710937501,9.711953887939453
1748973047118,0.17483642578125,0.013172607421875001,9.714498596191406
1748973047185,0.19294876098632813,0.01047821044921875,9.725575561523438
1748973047252,0.18067428588867188,0.004640350341796875,9.720186767578125
1748973047318,0.17932708740234377,0.009430389404296876,9.712402954101563
1748973047385,0.19564315795898438,0.011825408935546875,9.72138427734375
1748973047451,0.18112335205078126,0.0007484436035156251,9.719737701416015
1748973047518,0.18471588134765626,0.001945953369140625,9.71749237060547
1748973047585,0.17438735961914065,0.00239501953125,9.717642059326172
1748973047654,0.17887802124023439,-0.006586303710937501,9.718390502929688
1748973047718,0.17633331298828125,-0.02005828857421875,9.712253265380859
1748973047785,0.17633331298828125,0.0034428405761718754,9.70701416015625
1748973047854,0.17648300170898437,-0.00209564208984375,9.724378051757814
1748973047918,0.183218994140625,-0.002544708251953125,9.721533966064454
1748973047985,0.18770965576171875,-0.004939727783203125,9.714498596191406
1748973048053,0.18770965576171875,0.022752685546875002,9.71943832397461
1748973048118,0.20537292480468752,-0.0101788330078125,9.72662338256836
1748973048185,0.17169296264648437,0.023351440429687502,9.726324005126953
1748973048254,0.19624191284179687,-0.002544708251953125,9.718240814208984
1748973048318,0.18546432495117188,0.0149688720703125,9.73904754638672
1748973048385,0.19040405273437502,0.017663269042968752,9.728719024658204
1748973048451,0.20267852783203125,0.001047821044921875,9.720935211181642
1748973048518,0.21869522094726562,-0.027692413330078127,9.720486145019532
1748973048585,0.1627116394042969,0.02005828857421875,9.714797973632812
1748973048654,0.17573455810546876,0.001945953369140625,9.718091125488282
1748973048718,0.18456619262695315,-0.00449066162109375,9.722432098388673
1748973048785,0.17094451904296876,0.0017962646484375,9.706565093994142
1748973048853,0.1483415222167969,0.03697311401367188,9.71270233154297
1748973048918,0.17244140625,-0.01676513671875,9.722731475830079
1748973048985,0.1932481384277344,0.011226654052734375,9.722581787109375
1748973049053,0.1884580993652344,0.006436614990234376,9.726773071289063
1748973049118,0.18202148437500001,0.006586303710937501,9.729168090820313
1748973049185,0.17753082275390625,0.00089813232421875,9.723629608154297
1748973049250,0.18920654296875,-0.006286926269531251,9.722132720947267
1748973049318,0.061671752929687504,0.03502716064453125,9.678124237060548
1748973049385,0.1754351806640625,-0.05164260864257813,9.701026611328125
1748973049451,0.17468673706054688,0.00987945556640625,9.715696105957031
1748973049518,0.1471440124511719,0.018860778808593753,9.70746322631836
1748973049585,0.17558486938476564,0.00449066162109375,9.71419921875
1748973049652,0.19190093994140625,0.00389190673828125,9.734556884765626
1748973049718,0.1932481384277344,0.012873229980468751,9.732610931396485
1748973049785,0.18606307983398437,-0.004640350341796875,9.727820892333986
1748973049851,0.1742376708984375,-0.00209564208984375,9.727820892333986
1748973049918,0.18471588134765626,0.005239105224609375,9.731563110351564
1748973049985,0.19010467529296876,0.006286926269531251,9.724827117919922
1748973050054,0.17932708740234377,0.011376342773437501,9.724078674316408
1748973050118,0.16929794311523438,0.017513580322265625,9.727521514892578
1748973050185,0.2177970886230469,-0.012873229980468751,9.683662719726563
1748973050253,0.13262420654296875,0.03861968994140625,9.710906066894532
1748973050318,0.17573455810546876,-0.015867004394531252,9.70746322631836
1748973050384,0.2601589965820313,-0.00808319091796875,9.729467468261719
1748973050451,0.18516494750976564,0.00209564208984375,9.747879180908203
1748973050518,0.1884580993652344,0.029788055419921876,9.732161865234376
1748973050585,0.17468673706054688,-0.0016465759277343752,9.726922760009765
1748973050653,0.23052062988281252,0.06661148071289062,9.71464828491211
1748973050718,0.2016307067871094,-0.017663269042968752,9.730664978027344
1748973050785,0.168848876953125,-0.0161663818359375,9.720785522460938
1748973050854,0.17797988891601563,-0.006735992431640626,9.715396728515625
1748973050918,0.1898052978515625,0.004340972900390625,9.72572525024414
1748973050985,0.188009033203125,0.0056881713867187505,9.731114044189454
1748973051052,0.16959732055664065,-0.006885681152343751,9.718689880371095
1748973051118,0.17603393554687502,-0.003742218017578125,9.733509063720703
1748973051185,0.20327728271484377,0.00718505859375,9.74144256591797
1748973051253,0.17753082275390625,-0.001197509765625,9.724527740478516
1748973051318,0.183218994140625,0.0149688720703125,9.730814666748048
1748973051385,0.17124389648437502,-0.0047900390625,9.719138946533203
1748973051451,0.1676513671875,-0.00449066162109375,9.720935211181642
1748973051518,0.17483642578125,-0.0041912841796875,9.725575561523438
1748973051585,0.1681004333496094,0.03338058471679688,9.728868713378906
1748973051654,0.19534378051757814,-0.0053887939453125,9.741292877197266
1748973051718,0.1922003173828125,-0.0007484436035156251,9.725425872802735
1748973051785,0.18950592041015626,0.004640350341796875,9.722881164550781
1748973051854,0.1790277099609375,-0.0077838134765625,9.726024627685547
1748973051922,0.20582199096679688,-0.01466949462890625,9.733359375000001
1748973051985,0.16795074462890625,0.025147705078125002,9.73291030883789
1748973052051,0.19354751586914062,-0.0209564208984375,9.71030731201172
1748973052118,0.1694476318359375,0.0143701171875,9.707313537597656
1748973052185,0.19908599853515627,-0.012424163818359375,9.717192993164064
1748973052252,0.17947677612304688,0.01107696533203125,9.709109802246095
1748973052318,0.19145187377929687,0.0089813232421875,9.713001708984375
1748973052385,0.16795074462890625,-0.0005987548828125,9.703271942138672
1748973052451,0.18037490844726564,0.006586303710937501,9.704918518066407
1748973052519,0.17064514160156252,-0.0029937744140625003,9.701026611328125
1748973052585,0.17049545288085938,0.00269439697265625,9.69548812866211
1748973052653,0.219144287109375,0.006436614990234376,9.722581787109375
1748973052718,0.19788848876953127,0.01466949462890625,9.704469451904297
1748973052785,0.19115249633789064,0.009131011962890626,9.712253265380859
1748973052854,0.18217117309570313,-0.00718505859375,9.692494354248048
1748973052918,0.17633331298828125,0.001047821044921875,9.689949645996094
1748973052985,0.17977615356445314,-0.0031434631347656253,9.695787506103516
1748973053054,0.2118095397949219,-0.0014968872070312501,9.719288635253907
1748973053118,0.19145187377929687,0.00449066162109375,9.690997467041017
1748973053185,0.20432510375976565,0.037272491455078126,9.712852020263673
1748973053253,0.16001724243164064,0.016016693115234376,9.703271942138672
1748973053317,0.18037490844726564,0.013471984863281251,9.701924743652345
1748973053385,0.178428955078125,0.0,9.704020385742188
1748973053451,0.18531463623046876,0.002544708251953125,9.703870697021484
1748973053518,0.19100280761718752,0.0028440856933593752,9.707912292480469
1748973053585,0.188009033203125,0.001347198486328125,9.678872680664062
1748973053654,0.17648300170898437,-0.006885681152343751,9.695637817382813
1748973053718,0.19040405273437502,0.006885681152343751,9.696535949707032
1748973053785,0.18082397460937502,0.001945953369140625,9.708511047363281
1748973053854,0.17483642578125,-0.005538482666015625,9.701775054931641
1748973053918,0.18890716552734377,0.004640350341796875,9.721084899902344
1748973053985,0.18696121215820313,0.011526031494140625,9.718390502929688
1748973054053,0.19444564819335938,0.028590545654296876,9.727521514892578
1748973054118,0.18291961669921875,-0.00868194580078125,9.73904754638672
1748973054185,0.19175125122070313,0.023501129150390626,9.70985824584961
1748973054252,0.16705261230468751,-0.006586303710937501,9.697733459472657
1748973054318,0.1782792663574219,0.0032931518554687503,9.709259490966797
1748973054385,0.17124389648437502,0.0053887939453125,9.703421630859376
1748973054451,0.178428955078125,-0.0047900390625,9.720935211181642
1748973054518,0.18471588134765626,-0.0005987548828125,9.709409179687501
1748973054585,0.17648300170898437,-0.001197509765625,9.708660736083985
1748973054654,0.1826202392578125,-0.0031434631347656253,9.709409179687501
1748973054718,0.1898052978515625,0.008232879638671876,9.710756378173828
1748973054785,0.18636245727539064,0.012274475097656251,9.721234588623048
1748973054851,0.18052459716796876,-0.0041912841796875,9.712552642822265
1748973054918,0.18621276855468752,-0.0053887939453125,9.716893615722658
1748973054985,0.19788848876953127,0.00089813232421875,9.71943832397461
1748973055052,0.1838177490234375,0.00928070068359375,9.707612915039062
1748973055118,0.18651214599609375,0.001047821044921875,9.715696105957031
1748973055185,0.1838177490234375,-0.0017962646484375,9.710007934570314
1748973055253,0.16899856567382812,-0.0101788330078125,9.706714782714844
1748973055318,0.17812957763671877,0.0005987548828125,9.708061981201173
1748973055385,0.18486557006835938,0.001197509765625,9.716444549560547
1748973055451,0.17663269042968752,0.0007484436035156251,9.706714782714844
1748973055518,0.18336868286132812,0.00808319091796875,9.706864471435548
1748973055585,0.18291961669921875,0.007035369873046876,9.707912292480469
1748973055652,0.17932708740234377,0.0,9.712852020263673
1748973055718,0.18082397460937502,-0.0034428405761718754,9.704768829345703
1748973055785,0.18456619262695315,-0.00209564208984375,9.720635833740236
1748973055854,0.1866618347167969,0.001047821044921875,9.701924743652345
1748973055918,0.18636245727539064,0.0029937744140625003,9.702822875976564
1748973055985,0.18142272949218752,-0.00748443603515625,9.703421630859376
1748973056054,0.17738113403320313,-0.001347198486328125,9.70027816772461
1748973056118,0.18486557006835938,-0.002245330810546875,9.700876922607423
1748973056184,0.17962646484375,0.012274475097656251,9.71135513305664
1748973056254,0.188009033203125,0.00508941650390625,9.697583770751953
1748973056318,0.18935623168945315,0.007035369873046876,9.707313537597656
1748973056385,0.18142272949218752,0.00089813232421875,9.697583770751953
1748973056451,0.18112335205078126,0.00449066162109375,9.697733459472657
1748973056518,0.18172210693359375,-0.010328521728515625,9.707163848876954
1748973056585,0.18172210693359375,-0.00508941650390625,9.70746322631836
1748973056654,0.18621276855468752,0.002245330810546875,9.708211669921875
1748973056718,0.18157241821289063,0.008232879638671876,9.706565093994142
1748973056785,0.1920506286621094,-0.011975097656250001,9.705666961669923
1748973056854,0.19833755493164062,-0.00928070068359375,9.713001708984375
1748973056926,0.18591339111328126,0.00449066162109375,9.707163848876954
1748973056985,0.1866618347167969,-0.006885681152343751,9.713750152587892
1748973057051,0.18561401367187502,-0.0014968872070312501,9.704319763183594
1748973057118,0.18441650390625,0.008232879638671876,9.713600463867188
1748973057185,0.20043319702148438,-0.00868194580078125,9.700427856445312
1748973057254,0.1872605895996094,-0.008532257080078126,9.70701416015625
1748973057318,0.17857864379882812,-0.00089813232421875,9.682914276123048
1748973057385,0.195194091796875,0.013771362304687501,9.683962097167969
1748973057453,0.18276992797851563,-0.019609222412109377,9.69698501586914
1748973057518,0.1675016784667969,-0.0028440856933593752,9.696086883544922
1748973057585,0.18681152343750002,-0.00508941650390625,9.709259490966797
1748973057656,0.1933978271484375,0.006436614990234376,9.711055755615234
1748973057718,0.192799072265625,-0.00808319091796875,9.711205444335938
1748973057785,0.1694476318359375,-0.0005987548828125,9.698182525634767
1748973057854,0.1818717956542969,-0.00449066162109375,9.717342681884766
1748973057918,0.19429595947265627,-0.018262023925781252,9.71030731201172
1748973057985,0.18037490844726564,-0.00718505859375,9.709409179687501
1748973058051,0.20672012329101563,-0.013921051025390626,9.704918518066407
1748973058118,0.17588424682617188,0.004939727783203125,9.699529724121094
1748973058185,0.17214202880859375,-0.006735992431640626,9.70551727294922
1748973058253,0.17603393554687502,-0.006735992431640626,9.705367584228517
1748973058318,0.16854949951171877,-0.015118560791015626,9.70312225341797
1748973058385,0.1730401611328125,-0.0053887939453125,9.704619140625
1748973058451,0.18471588134765626,-0.0058378601074218755,9.71419921875
1748973058518,0.188009033203125,-0.003742218017578125,9.710906066894532
1748973058585,0.18770965576171875,-0.009131011962890626,9.702972564697266
1748973058654,0.1790277099609375,-0.0007484436035156251,9.708810424804687
1748973058718,0.17573455810546876,-0.012723541259765625,9.702074432373047
1748973058785,0.1824705505371094,-0.006286926269531251,9.696535949707032
1748973058854,0.19070343017578126,-0.003742218017578125,9.695637817382813
1748973058918,0.19070343017578126,-0.007334747314453125,9.69878128051758
1748973058985,0.18561401367187502,-0.0056881713867187505,9.695039062500001
1748973059054,0.188009033203125,-0.00449066162109375,9.708361358642579
1748973059118,0.183218994140625,-0.012424163818359375,9.708061981201173
1748973059185,0.19010467529296876,-0.012873229980468751,9.702074432373047
1748973059253,0.18127304077148437,-0.013921051025390626,9.706415405273438
1748973059318,0.17857864379882812,-0.007334747314453125,9.701325988769531
1748973059385,0.18561401367187502,-0.013322296142578125,9.702224121093751
1748973059451,0.18127304077148437,-0.0047900390625,9.697583770751953
1748973059517,0.19010467529296876,0.00089813232421875,9.707762603759766
1748973059585,0.18097366333007814,-0.000449066162109375,9.692494354248048
1748973059652,0.1830693054199219,-0.014070739746093752,9.707912292480469
1748973059718,0.17603393554687502,-0.011825408935546875,9.696835327148438
1748973059785,0.17408798217773438,-0.007634124755859375,9.707612915039062
1748973059854,0.18711090087890625,0.003592529296875,9.701775054931641
1748973059918,0.18875747680664062,-0.006286926269531251,9.708211669921875
1748973059985,0.18681152343750002,0.001197509765625,9.710457000732422
1748973060051,0.18097366333007814,-0.006436614990234376,9.694739685058595
1748973060118,0.18037490844726564,-0.009729766845703125,9.705367584228517
1748973060185,0.18336868286132812,0.0034428405761718754,9.697583770751953
1748973060253,0.17109420776367187,-0.012873229980468751,9.699230346679688
1748973060318,0.147293701171875,-0.015417938232421876,9.706116027832032
1748973060385,0.1850152587890625,-0.0089813232421875,9.693841552734375
1748973060451,0.15657440185546875,-0.008831634521484376,9.693841552734375
1748973060518,0.18411712646484377,0.001945953369140625,9.698930969238281
1748973060584,0.17019607543945314,-0.013172607421875001,9.70551727294922
1748973060654,0.19055374145507814,-0.019309844970703125,9.695637817382813
1748973060718,0.18067428588867188,0.001197509765625,9.703271942138672
1748973060785,0.18636245727539064,0.006436614990234376,9.703421630859376
1748973060854,0.18217117309570313,-0.00808319091796875,9.702523498535157
1748973060918,0.18172210693359375,-0.008232879638671876,9.70267318725586
1748973060985,0.15941848754882812,-0.001945953369140625,9.708061981201173
1748973061053,0.14340179443359377,-0.012124786376953125,9.683363342285157
1748973061118,0.18157241821289063,-0.008232879638671876,9.701176300048829
1748973061185,0.16540603637695314,-0.014070739746093752,9.698481903076173
1748973061253,0.19025436401367188,-0.007933502197265626,9.708810424804687
1748973061318,0.19085311889648438,-0.0017962646484375,9.710906066894532
1748973061385,0.19070343017578126,-0.000449066162109375,9.708960113525391
1748973061451,0.23126907348632814,-0.034877471923828125,9.708061981201173
1748973061518,0.20148101806640625,-0.053887939453125006,9.712402954101563
1748973061585,0.23935226440429688,-0.00987945556640625,9.71943832397461
1748973061653,-0.045205993652343755,-0.031734008789062504,9.61645248413086
1748973061718,0.30895751953125,0.0056881713867187505,9.624835052490235
1748973061785,0.27991790771484376,-0.00987945556640625,9.77976287841797
1748973061854,0.16375946044921877,0.0089813232421875,9.688901824951172
1748973061923,0.3362008666992188,0.013471984863281251,9.774972839355469
1748973061985,0.21989273071289064,0.054935760498046875,9.664053497314454
1748973062051,0.07050338745117188,0.04535568237304688,9.652527465820313
1748973062118,0.36179763793945313,-0.04565505981445313,9.6998291015625
1748973062185,0.12020004272460938,0.04101470947265625,9.71704330444336
1748973062251,0.08966354370117188,0.026494903564453127,9.670041046142579
1748973062318,0.113763427734375,0.001945953369140625,9.704768829345703
1748973062385,0.162861328125,-0.052690429687500005,9.709109802246095
1748973062451,0.16420852661132812,0.009131011962890626,9.71315139770508
1748973062518,-0.010029144287109375,0.09295669555664063,9.677375793457031
1748973062584,0.10792556762695313,0.007634124755859375,9.720635833740236
1748973062654,0.15582595825195314,0.0007484436035156251,9.717642059326172
1748973062718,1.2783416748046876,-0.31180160522460937,10.826685791015626
1748973062785,0.12723541259765625,0.24279510498046877,9.842183074951173
1748973062853,0.1285826110839844,0.15672409057617187,9.654623107910156
1748973062918,0.13037887573242188,-0.07379653930664062,9.679321746826172
1748973062985,0.10867401123046876,0.04879852294921875,9.725276184082032
1748973063052,0.10568023681640626,-0.008532257080078126,9.710606689453126
1748973063118,0.15582595825195314,-0.055085449218750006,9.715546417236329
1748973063185,0.15417938232421877,-0.048648834228515625,9.70417007446289
1748973063254,0.16615447998046876,0.02305206298828125,9.723030853271485
1748973063318,0.1993853759765625,-0.0305364990234375,9.727820892333986
1748973063385,0.1754351806640625,0.001347198486328125,9.731114044189454
1748973063451,0.19549346923828126,0.011376342773437501,9.724078674316408
1748973063518,0.17917739868164062,-0.0034428405761718754,9.722132720947267
1748973063585,0.21600082397460937,-0.023201751708984378,9.751621398925781
1748973063654,0.19429595947265627,-0.00389190673828125,9.723629608154297
1748973063718,0.19833755493164062,-0.028740234375,9.723479919433593
1748973063785,0.15193405151367187,-0.0622705078125,9.71854019165039
1748973063854,0.13322296142578124,0.01047821044921875,9.695188751220703
1748973063918,0.14983840942382814,-0.02305206298828125,9.71854019165039
1748973063985,0.14639556884765625,0.007035369873046876,9.709558868408203
1748973064053,0.154478759765625,-0.02005828857421875,9.720935211181642
1748973064118,0.21480331420898438,-0.049097900390625004,9.748028869628907
1748973064185,0.2871029663085938,-0.03338058471679688,9.776769104003908
1748973064253,0.2640509033203125,0.007035369873046876,9.756411437988282
1748973064318,0.25162673950195313,0.017663269042968752,9.753567352294922
1748973064385,0.24623794555664064,-0.02125579833984375,9.733359375000001
1748973064451,0.229921875,-0.020507354736328125,9.784852294921876
1748973064518,0.1525328063964844,0.009131011962890626,9.726922760009765
1748973064585,0.17513580322265626,-0.003742218017578125,9.710457000732422
1748973064653,0.14175521850585937,-0.037272491455078126,9.694440307617189
1748973064718,0.16929794311523438,-0.02365081787109375,9.715845794677735
1748973064785,0.18995498657226564,-0.001047821044921875,9.715247039794923
1748973064851,0.19055374145507814,-0.014070739746093752,9.732760620117189
1748973064918,0.1974394226074219,-0.014519805908203126,9.720935211181642
1748973064985,0.16795074462890625,-0.013771362304687501,9.72901840209961
1748973065051,0.1574725341796875,-0.017214202880859376,9.726773071289063
1748973065117,0.18007553100585938,-0.012873229980468751,9.720785522460938
1748973065185,0.17034576416015626,0.00029937744140625,9.723180541992187
1748973065252,0.19070343017578126,-0.021106109619140626,9.711205444335938
1748973065318,0.17648300170898437,-0.016615447998046876,9.727970581054688
1748973065385,0.1772314453125,-0.007334747314453125,9.725575561523438
1748973065451,0.19249969482421875,-0.00239501953125,9.721983032226563
1748973065518,0.18336868286132812,-0.02604583740234375,9.730066223144531
1748973065585,0.19100280761718752,-0.0017962646484375,9.721084899902344
1748973065652,0.16914825439453127,-0.0058378601074218755,9.708960113525391
1748973065718,0.17678237915039063,-0.017663269042968752,9.718839569091797
1748973065785,0.16061599731445314,-0.007035369873046876,9.707612915039062
1748973065852,0.2552192687988281,0.025147705078125002,9.738897857666016
1748973065918,0.21644989013671875,-0.03263214111328125,9.717342681884766
1748973065985,0.2016307067871094,-0.015118560791015626,9.72422836303711
1748973066058,0.09729766845703125,0.04655319213867188,9.686057739257812
1748973066118,0.1531315612792969,-0.03382965087890625,9.687554626464845
1748973066185,0.13202545166015625,-0.023800506591796878,9.73380844116211
1748973066254,0.13397140502929689,0.015867004394531252,9.672436065673828
1748973066318,0.20252883911132813,-0.022303619384765626,9.705816650390625
1748973066385,0.173638916015625,0.03323089599609375,9.702074432373047
1748973066451,0.1838177490234375,-0.026794281005859375,9.699679412841798
1748973066520,0.18591339111328126,0.0007484436035156251,9.702822875976564
1748973066585,0.20507354736328126,-0.012274475097656251,9.703421630859376
1748973066651,0.1790277099609375,-0.001047821044921875,9.704319763183594
1748973066718,0.19504440307617188,-0.01676513671875,9.680369567871095
1748973066785,0.17857864379882812,0.0,9.697284393310547
1748973066859,0.18426681518554688,0.02065704345703125,9.638157348632813
1748973066924,0.20357666015625,-0.041613464355468754,9.697583770751953
1748973066985,0.1922003173828125,0.0059875488281250005,9.695338439941407
1748973067051,0.18965560913085938,-0.003742218017578125,9.701325988769531
1748973067118,0.19833755493164062,-0.02544708251953125,9.70417007446289
1748973067185,0.17618362426757814,-0.01047821044921875,9.693841552734375
1748973067251,0.18950592041015626,-0.02125579833984375,9.69698501586914
1748973067318,0.1818717956542969,-0.00718505859375,9.72183334350586
1748973067385,0.17932708740234377,-0.01047821044921875,9.722581787109375
1748973067456,0.15762222290039063,0.000149688720703125,9.6998291015625
1748973067518,0.18157241821289063,-0.023501129150390626,9.696236572265626
1748973067585,0.18426681518554688,-0.0016465759277343752,9.699080657958985
1748973067656,0.2231858825683594,-0.03397933959960937,9.660610656738282
1748973067718,0.20836669921875,-0.006885681152343751,9.705816650390625
1748973067785,0.16301101684570313,0.00389190673828125,9.706714782714844
1748973067854,0.1598675537109375,-0.015717315673828124,9.702972564697266
1748973067918,0.16256195068359375,-0.017513580322265625,9.702972564697266
1748973067985,0.17887802124023439,-0.01916015625,9.704768829345703
1748973068054,0.18531463623046876,-0.008232879638671876,9.713301086425782
1748973068118,0.17259109497070313,-0.00808319091796875,9.708660736083985
1748973068185,0.17274078369140625,-0.0034428405761718754,9.715995483398437
1748973068254,0.18052459716796876,-0.011526031494140625,9.701176300048829
1748973068318,0.17528549194335938,-0.008232879638671876,9.723779296875
1748973068385,0.16316070556640624,-0.01107696533203125,9.690398712158204
1748973068451,0.16525634765625,-0.02604583740234375,9.699679412841798
1748973068518,0.18217117309570313,-0.04026626586914063,9.700427856445312
1748973068585,0.1872605895996094,-0.012873229980468751,9.72662338256836
1748973068654,0.15687377929687502,-0.08352630615234376,9.690099334716797
1748973068718,0.204774169921875,-0.007933502197265626,9.713750152587892
1748973068785,0.1682501220703125,-0.028590545654296876,9.687854003906251
1748973068854,0.1490899658203125,-0.02245330810546875,9.708660736083985
1748973068918,0.13262420654296875,-0.047900390625000004,9.688153381347657
1748973068985,0.18232086181640625,-0.013022918701171875,9.717342681884766
1748973069051,0.19025436401367188,-0.016615447998046876,9.710756378173828
1748973069118,0.19369720458984377,-0.007634124755859375,9.718240814208984
1748973069185,0.16031661987304688,-0.009131011962890626,9.712852020263673
1748973069251,0.18531463623046876,-0.00808319091796875,9.715546417236329
1748973069318,0.183218994140625,-0.002245330810546875,9.707612915039062
1748973069385,0.18681152343750002,-0.017214202880859376,9.728269958496094
1748973069451,0.21016296386718752,-0.011825408935546875,9.749825134277344
1748973069518,0.1898052978515625,-0.0077838134765625,9.72572525024414
1748973069585,0.18202148437500001,-0.011675720214843751,9.718240814208984
1748973069654,0.18202148437500001,-0.0034428405761718754,9.720635833740236
1748973069718,0.18082397460937502,-0.010029144287109375,9.710756378173828
1748973069785,0.18142272949218752,-0.008532257080078126,9.71704330444336
1748973069855,0.18441650390625,-0.017962646484375,9.702224121093751
1748973069918,0.17857864379882812,-0.0007484436035156251,9.708361358642579
1748973069985,0.17812957763671877,-0.016914825439453125,9.715845794677735
1748973070053,0.17513580322265626,-0.006586303710937501,9.71464828491211
1748973070118,0.1872605895996094,-0.002245330810546875,9.714947662353516
1748973070185,0.18232086181640625,-0.001047821044921875,9.704319763183594
1748973070252,0.19444564819335938,-0.012573852539062501,9.702523498535157
1748973070318,0.19115249633789064,-0.012573852539062501,9.716145172119141
1748973070385,0.18037490844726564,0.0028440856933593752,9.722881164550781
1748973070451,0.2149530029296875,-0.0149688720703125,9.699380035400392
1748973070518,0.19369720458984377,-0.012124786376953125,9.703271942138672
1748973070585,0.18456619262695315,-0.02125579833984375,9.712402954101563
1748973070655,0.17887802124023439,0.003742218017578125,9.70746322631836
1748973070718,0.18112335205078126,-0.0221539306640625,9.704469451904297
1748973070785,0.1872605895996094,-0.002544708251953125,9.702822875976564
1748973070854,0.183218994140625,-0.006436614990234376,9.713001708984375
1748973070918,0.18456619262695315,0.0032931518554687503,9.704768829345703
1748973070985,0.20402572631835938,-0.03143463134765625,9.690099334716797
1748973071052,0.1728904724121094,0.011526031494140625,9.700876922607423
1748973071118,0.18965560913085938,-0.00449066162109375,9.708361358642579
1748973071185,0.18441650390625,-0.0077838134765625,9.705068206787109
1748973071252,0.18232086181640625,-0.013022918701171875,9.710906066894532
1748973071318,0.17932708740234377,0.00269439697265625,9.711205444335938
1748973071385,0.18696121215820313,-0.01107696533203125,9.70701416015625
1748973071451,0.1826202392578125,-0.0061372375488281256,9.71315139770508
1748973071518,0.17663269042968752,-0.0053887939453125,9.704469451904297
1748973071585,0.1980381774902344,-0.013771362304687501,9.714797973632812
1748973071654,0.18202148437500001,-0.0101788330078125,9.696535949707032
1748973071718,0.17663269042968752,-0.0031434631347656253,9.702822875976564
1748973071785,0.18920654296875,-0.008831634521484376,9.70596633911133
1748973071854,0.18606307983398437,-0.012723541259765625,9.706714782714844
1748973071919,0.18336868286132812,-0.020507354736328125,9.713450775146486
1748973071985,0.18681152343750002,-0.010777587890625,9.71419921875
1748973072051,0.18486557006835938,-0.018112335205078125,9.71030731201172
1748973072118,0.1886077880859375,-0.000149688720703125,9.694589996337891
1748973072185,0.18546432495117188,-0.006885681152343751,9.708660736083985
1748973072254,0.1838177490234375,-0.012424163818359375,9.718689880371095
1748973072318,0.18965560913085938,-0.008232879638671876,9.704918518066407
1748973072385,0.14684463500976563,0.04101470947265625,9.735455017089844
1748973072451,0.18426681518554688,-0.033679962158203125,9.721533966064454
1748973072518,0.1776805114746094,-0.018411712646484377,9.706116027832032
1748973072585,0.1872605895996094,-0.012573852539062501,9.698182525634767
1748973072654,0.18755996704101563,-0.007334747314453125,9.69788314819336
1748973072718,0.14130615234375002,-0.014070739746093752,9.700577545166016
1748973072785,0.17034576416015626,0.032332763671875,9.695039062500001
1748973072853,0.22558090209960938,-0.037272491455078126,9.71270233154297
1748973072918,0.17513580322265626,-0.011675720214843751,9.719288635253907
1748973072985,0.17932708740234377,-0.04326004028320313,9.685309295654298
1748973073054,0.28874954223632815,-0.024099884033203126,9.722282409667969
1748973073118,0.24010070800781252,-0.03143463134765625,9.742789764404298
1748973073185,0.22752685546875,0.0,9.707762603759766
1748973073253,0.1770817565917969,-0.03861968994140625,9.708211669921875
1748973073318,0.15597564697265626,0.039966888427734375,9.722432098388673
1748973073385,0.19908599853515627,-0.024399261474609375,9.745484161376954
1748973073451,0.15462844848632815,-0.04266128540039063,9.695338439941407
1748973073518,0.18471588134765626,0.00508941650390625,9.722581787109375
1748973073585,0.06556365966796876,0.06676116943359375,9.648785247802735
1748973073653,0.06750961303710938,-0.037272491455078126,9.631271667480469
1748973073718,0.25656646728515625,0.06002517700195313,9.704469451904297
1748973073785,0.23246658325195313,0.0568817138671875,9.730066223144531
1748973073853,0.24159759521484375,0.04071533203125,9.747130737304689
1748973073918,0.12020004272460938,-0.03338058471679688,9.712852020263673
1748973073985,0.15103591918945314,0.002245330810546875,9.725425872802735
1748973074054,-0.016914825439453125,0.09445358276367188,9.65911376953125
1748973074118,0.06062393188476563,-0.11002120971679688,9.662107543945313
1748973074185,0.08666976928710939,-0.05358856201171875,9.672436065673828
1748973074254,0.21869522094726562,0.029937744140625,9.722581787109375
1748973074318,0.21540206909179688,0.02185455322265625,9.748777313232422
1748973074385,0.2028282165527344,0.02484832763671875,9.729467468261719
1748973074451,0.20013381958007814,-0.03817062377929688,9.718390502929688
1748973074518,0.15298187255859375,0.023351440429687502,9.714797973632812
1748973074585,0.15358062744140627,-0.014519805908203126,9.718091125488282
1748973074653,0.17648300170898437,-0.001047821044921875,9.719288635253907
1748973074718,0.19070343017578126,-0.0007484436035156251,9.704768829345703
1748973074785,0.12259506225585938,0.026494903564453127,9.707313537597656
1748973074852,0.22782623291015627,-0.00748443603515625,9.631271667480469
1748973074918,0.20672012329101563,-0.0335302734375,9.747879180908203
1748973074985,-0.13442047119140627,0.06361770629882812,9.951455841064453
1748973075054,-0.051492919921875005,-0.14879058837890627,9.596992950439454
1748973075118,0.027991790771484375,-0.060474243164062504,9.681716766357422
1748973075185,0.12184661865234375,0.018711090087890625,9.71419921875
1748973075256,0.22408401489257815,-0.0389190673828125,9.735455017089844
1748973075318,0.18142272949218752,0.006586303710937501,9.68441116333008
1748973075385,0.15148498535156252,-0.037122802734375,9.687854003906251
1748973075451,0.1585203552246094,-0.001197509765625,9.6902490234375
1748973075518,0.18950592041015626,-0.047601013183593756,9.716893615722658
1748973075585,0.20881576538085939,-0.02065704345703125,9.707762603759766
1748973075655,0.15777191162109375,0.054187316894531254,9.692344665527344
1748973075718,0.20881576538085939,0.022902374267578126,9.74533447265625
1748973075785,0.2561174011230469,-0.010777587890625,9.750723266601563
1748973075853,0.14564712524414064,-0.012573852539062501,9.711953887939453
1748973075918,0.17992584228515626,-0.001945953369140625,9.717941436767578
1748973075985,0.1980381774902344,-0.017513580322265625,9.720486145019532
1748973076054,0.17887802124023439,-0.033679962158203125,9.730515289306641
1748973076118,0.1824705505371094,0.026195526123046875,9.707762603759766
1748973076185,0.19489471435546876,-0.022752685546875002,9.732012176513672
1748973076251,0.20088226318359376,-0.025297393798828127,9.710007934570314
1748973076318,0.19294876098632813,0.03158432006835938,9.72467742919922
1748973076385,0.20911514282226565,-0.011675720214843751,9.736353149414063
1748973076451,0.18202148437500001,-0.010029144287109375,9.710606689453126
1748973076518,0.20028350830078126,0.005538482666015625,9.690398712158204
1748973076585,0.20447479248046876,0.013022918701171875,9.712103576660157
1748973076654,0.19444564819335938,-0.0032931518554687503,9.6998291015625
1748973076718,0.18112335205078126,-0.0053887939453125,9.706565093994142
1748973076785,0.20911514282226565,-0.0032931518554687503,9.723180541992187
1748973076854,0.18037490844726564,0.0014968872070312501,9.70746322631836
1748973076924,0.19399658203125,0.010029144287109375,9.704918518066407
1748973076985,0.20372634887695312,-0.007933502197265626,9.700427856445312
1748973077051,0.19160156250000002,-0.001047821044921875,9.701924743652345
1748973077118,0.18441650390625,0.00808319091796875,9.701176300048829
1748973077185,0.19669097900390625,0.009729766845703125,9.725126495361328
1748973077254,0.20133132934570314,-0.00239501953125,9.723629608154297
1748973077318,0.18456619262695315,-0.007634124755859375,9.705666961669923
1748973077385,0.162861328125,0.0059875488281250005,9.705666961669923
1748973077453,0.18651214599609375,-0.011526031494140625,9.698032836914063
1748973077518,0.1933978271484375,0.014220428466796876,9.714049530029298
1748973077585,0.19444564819335938,0.006735992431640626,9.721234588623048
1748973077654,0.18636245727539064,0.017812957763671877,9.699230346679688
1748973077718,0.17962646484375,-0.01107696533203125,9.708361358642579
1748973077785,0.19953506469726565,0.000149688720703125,9.728120269775392
1748973077856,0.19474502563476564,-0.00269439697265625,9.716294860839843
1748973077918,0.18681152343750002,-0.006286926269531251,9.71943832397461
1748973077985,0.17513580322265626,0.005239105224609375,9.698481903076173
1748973078057,0.1922003173828125,0.0034428405761718754,9.715396728515625
1748973078118,0.20746856689453125,0.009131011962890626,9.723779296875
1748973078185,0.19130218505859375,0.01047821044921875,9.701176300048829
1748973078251,0.18112335205078126,0.013322296142578125,9.710007934570314
1748973078318,0.17872833251953127,-0.0041912841796875,9.716294860839843
1748973078385,0.19474502563476564,0.0034428405761718754,9.710007934570314
1748973078451,0.18950592041015626,0.01107696533203125,9.712253265380859
1748973078518,0.18516494750976564,0.006735992431640626,9.708511047363281
1748973078585,0.18606307983398437,0.013621673583984376,9.71464828491211
1748973078655,0.19190093994140625,0.00808319091796875,9.713301086425782
1748973078718,0.1826202392578125,0.002245330810546875,9.708361358642579
1748973078785,0.1627116394042969,0.006286926269531251,9.68441116333008
1748973078853,0.19953506469726565,0.008232879638671876,9.718390502929688
1748973078918,0.1922003173828125,0.011226654052734375,9.719737701416015
1748973078985,0.17244140625,0.01107696533203125,9.71943832397461
1748973079054,0.18905685424804688,0.004939727783203125,9.721983032226563
1748973079118,0.16929794311523438,0.013921051025390626,9.700876922607423
1748973079185,0.19669097900390625,0.0061372375488281256,9.719737701416015
1748973079254,0.2022294616699219,0.009430389404296876,9.721983032226563
1748973079318,0.20178039550781252,0.018860778808593753,9.723030853271485
1748973079385,0.18276992797851563,0.0053887939453125,9.717642059326172
1748973079451,0.16420852661132812,0.0047900390625,9.698182525634767
1748973079518,0.1818717956542969,0.012124786376953125,9.716594238281251
1748973079585,0.19429595947265627,0.01945953369140625,9.725126495361328
1748973079654,0.18561401367187502,0.025147705078125002,9.723479919433593
1748973079718,0.1782792663574219,0.012573852539062501,9.70701416015625
1748973079785,0.17917739868164062,0.02245330810546875,9.709708557128907
1748973079856,0.19773880004882813,0.0197589111328125,9.722581787109375
1748973079918,0.18830841064453127,0.00987945556640625,9.714049530029298
1748973079985,0.16705261230468751,0.015717315673828124,9.714348907470704
1748973080052,0.19489471435546876,0.014819183349609376,9.710157623291016
1748973080118,0.19294876098632813,0.007035369873046876,9.733209686279297
1748973080185,0.17019607543945314,0.01107696533203125,9.706714782714844
1748973080251,0.19444564819335938,0.017214202880859376,9.737850036621094
1748973080318,0.15178436279296875,0.00449066162109375,9.692045288085938
1748973080385,0.17094451904296876,0.015417938232421876,9.704020385742188
1748973080451,0.19504440307617188,0.014220428466796876,9.71464828491211
1748973080518,0.14280303955078125,0.039966888427734375,9.703721008300782
1748973080584,0.14115646362304687,0.014220428466796876,9.708660736083985
1748973080652,0.1598675537109375,0.032482452392578125,9.733958129882813
1748973080719,0.16121475219726564,0.023950195312500002,9.712552642822265
1748973080785,0.17049545288085938,0.0041912841796875,9.720186767578125
1748973080855,0.1633103942871094,0.012873229980468751,9.719288635253907
1748973080918,0.18636245727539064,0.0101788330078125,9.722881164550781
1748973080985,0.17034576416015626,0.007334747314453125,9.70417007446289
1748973081052,0.2077679443359375,0.005239105224609375,9.724827117919922
1748973081118,0.17094451904296876,0.009580078125,9.709558868408203
1748973081185,0.16136444091796875,0.00089813232421875,9.705068206787109
1748973081253,0.21704864501953125,0.0032931518554687503,9.728419647216798
1748973081318,0.16615447998046876,0.015717315673828124,9.709558868408203
1748973081385,0.173638916015625,-0.00089813232421875,9.703721008300782
1748973081451,0.1836680603027344,-0.003592529296875,9.708211669921875
1748973081519,0.19070343017578126,0.0056881713867187505,9.714498596191406
1748973081585,0.14055770874023438,0.008232879638671876,9.692194976806642
1748973081656,0.15896942138671877,-0.000149688720703125,9.704619140625
1748973081718,0.18965560913085938,0.003742218017578125,9.712852020263673
1748973081785,0.18546432495117188,-0.00209564208984375,9.714797973632812
1748973081853,0.1770817565917969,-0.0041912841796875,9.710606689453126
1748973081923,0.16360977172851562,0.0173638916015625,9.701026611328125
1748973081985,0.1898052978515625,0.0061372375488281256,9.711205444335938
1748973082051,0.1866618347167969,0.008831634521484376,9.71854019165039
1748973082118,0.18441650390625,0.002245330810546875,9.711504821777345
1748973082185,0.1824705505371094,-0.0029937744140625003,9.72138427734375
1748973082252,0.18546432495117188,0.010627899169921875,9.709109802246095
1748973082318,0.17274078369140625,-0.000449066162109375,9.717192993164064
1748973082385,0.19474502563476564,0.010029144287109375,9.72901840209961
1748973082453,0.19534378051757814,0.001945953369140625,9.719138946533203
1748973082518,0.1778302001953125,0.00269439697265625,9.716594238281251
1748973082585,0.19130218505859375,-0.0047900390625,9.720785522460938
1748973082653,0.18950592041015626,-0.000449066162109375,9.72901840209961
1748973082719,0.1826202392578125,0.017064514160156252,9.71464828491211
1748973082785,0.15148498535156252,-0.00508941650390625,9.714348907470704
1748973082853,0.16166381835937502,-0.00209564208984375,9.71270233154297
1748973082919,0.14938934326171877,-0.01107696533203125,9.702373809814453
1748973082985,0.188009033203125,0.000149688720703125,9.717791748046876
1748973083053,0.19115249633789064,0.0059875488281250005,9.728120269775392
1748973083118,0.17693206787109375,0.013921051025390626,9.712402954101563
1748973083185,0.17932708740234377,0.0053887939453125,9.718839569091797
1748973083254,0.1826202392578125,0.00209564208984375,9.720935211181642
1748973083318,0.1968406677246094,0.0061372375488281256,9.727371826171876
1748973083385,0.1802252197265625,0.008232879638671876,9.720486145019532
1748973083451,0.17528549194335938,0.011675720214843751,9.699679412841798
1748973083519,0.16121475219726564,-0.0047900390625,9.692943420410156
1748973083585,0.15896942138671877,0.00508941650390625,9.71180419921875
1748973083654,0.1836680603027344,0.00987945556640625,9.718390502929688
1748973083719,0.19130218505859375,0.017513580322265625,9.714049530029298
1748973083785,0.16780105590820313,0.0047900390625,9.720785522460938
1748973083854,0.18905685424804688,-0.002245330810546875,9.718390502929688
1748973083918,0.1778302001953125,-0.004340972900390625,9.700876922607423
1748973083985,0.17738113403320313,0.011825408935546875,9.717941436767578
1748973084054,0.20552261352539064,0.00269439697265625,9.732461242675782
1748973084118,0.18516494750976564,-0.006436614990234376,9.72467742919922
1748973084185,0.18905685424804688,0.0061372375488281256,9.735455017089844
1748973084254,0.13172607421875002,-0.02963836669921875,9.707762603759766
1748973084318,0.19010467529296876,-0.019309844970703125,9.701026611328125
1748973084385,0.22543121337890626,-0.007634124755859375,9.720037078857422
1748973084451,0.15941848754882812,0.00928070068359375,9.708660736083985
1748973084519,0.1838177490234375,0.022303619384765626,9.714049530029298
1748973084585,0.18426681518554688,0.00269439697265625,9.726324005126953
1748973084651,0.19788848876953127,0.001945953369140625,9.726922760009765
1748973084719,0.18606307983398437,0.0016465759277343752,9.72422836303711
1748973084785,0.18411712646484377,-0.0056881713867187505,9.711953887939453
1748973084851,0.16570541381835938,-0.00449066162109375,9.707762603759766
1748973084918,0.202379150390625,-0.001197509765625,9.719737701416015
1748973084985,0.1802252197265625,0.0149688720703125,9.718091125488282
1748973085054,0.18456619262695315,0.0161663818359375,9.716294860839843
1748973085118,0.18112335205078126,0.009131011962890626,9.72617431640625
1748973085185,0.18591339111328126,-0.000149688720703125,9.718240814208984
1748973085254,0.1734892272949219,0.0017962646484375,9.712852020263673
1748973085319,0.159268798828125,-0.002245330810546875,9.70027816772461
1748973085385,0.1790277099609375,-0.008532257080078126,9.711055755615234
1748973085451,0.18591339111328126,-0.0041912841796875,9.70596633911133
1748973085519,0.1722917175292969,0.011226654052734375,9.706415405273438
1748973085585,0.18097366333007814,-0.007035369873046876,9.71135513305664
1748973085653,0.16914825439453127,-0.0005987548828125,9.70551727294922
1748973085719,0.18426681518554688,0.0061372375488281256,9.70312225341797
1748973085785,0.18276992797851563,0.007334747314453125,9.701475677490235
1748973085855,0.1676513671875,0.007634124755859375,9.707313537597656
1748973085918,0.18067428588867188,-0.00209564208984375,9.716444549560547
1748973085985,0.19190093994140625,0.006735992431640626,9.709558868408203
1748973086053,0.17857864379882812,0.02065704345703125,9.705068206787109
1748973086119,0.1484912109375,0.01107696533203125,9.697134704589844
1748973086185,0.17558486938476564,-0.0053887939453125,9.699080657958985
1748973086254,0.18037490844726564,0.004640350341796875,9.716444549560547
1748973086318,0.1686991882324219,0.002544708251953125,9.696535949707032
1748973086384,0.2082170104980469,0.011526031494140625,9.726024627685547
1748973086451,0.17812957763671877,0.012124786376953125,9.707313537597656
1748973086518,0.17154327392578125,0.013621673583984376,9.699529724121094
1748973086585,0.16600479125976564,0.004041595458984375,9.70551727294922
1748973086654,0.17004638671875,-0.0077838134765625,9.701475677490235
1748973086718,0.15462844848632815,-0.00089813232421875,9.696386260986328
1748973086785,0.16660354614257813,0.0014968872070312501,9.6998291015625
1748973086857,0.17109420776367187,0.0056881713867187505,9.71854019165039
1748973086924,0.17558486938476564,0.012573852539062501,9.703421630859376
1748973086985,0.1824705505371094,0.004041595458984375,9.712253265380859
1748973087051,0.1898052978515625,-0.004041595458984375,9.714498596191406
1748973087119,0.19773880004882813,0.0,9.714498596191406
1748973087185,0.16780105590820313,0.00808319091796875,9.705816650390625
1748973087254,0.2028282165527344,0.0,9.720486145019532
1748973087318,0.16615447998046876,0.0016465759277343752,9.693691864013672
1748973087385,0.16241226196289063,-0.007634124755859375,9.690847778320313
1748973087454,0.21195922851562501,-0.0058378601074218755,9.734706573486328
1748973087519,0.18950592041015626,-0.01916015625,9.695188751220703
1748973087585,0.168848876953125,0.002544708251953125,9.701026611328125
1748973087653,0.1836680603027344,-0.017663269042968752,9.707912292480469
1748973087719,0.1886077880859375,0.026195526123046875,9.720935211181642
1748973087785,0.18007553100585938,-0.012873229980468751,9.714797973632812
1748973087852,0.18217117309570313,-0.011825408935546875,9.715995483398437
1748973087919,0.23845413208007812,-0.0058378601074218755,9.735155639648438
1748973087985,0.1676513671875,-0.008831634521484376,9.701176300048829
1748973088052,0.18067428588867188,-0.01526824951171875,9.701924743652345
1748973088119,0.18755996704101563,0.003742218017578125,9.71419921875
1748973088185,0.16510665893554688,0.0047900390625,9.694589996337891
1748973088254,0.14983840942382814,0.000449066162109375,9.69788314819336
1748973088319,0.17064514160156252,0.002544708251953125,9.71419921875
1748973088385,0.19010467529296876,-0.012274475097656251,9.711654510498047
1748973088451,0.1824705505371094,0.02365081787109375,9.713301086425782
1748973088519,0.16570541381835938,-0.0014968872070312501,9.704768829345703
1748973088584,0.15971786499023438,-0.006885681152343751,9.708361358642579
1748973088651,0.17468673706054688,0.0077838134765625,9.701775054931641
1748973088719,0.19175125122070313,0.008532257080078126,9.70417007446289
1748973088785,0.17498611450195314,0.008532257080078126,9.715995483398437
1748973088852,0.1734892272949219,0.01047821044921875,9.705666961669923
1748973088919,0.19399658203125,-0.016615447998046876,9.702972564697266
1748973088985,0.18995498657226564,0.001197509765625,9.714348907470704
1748973089055,0.20851638793945312,0.013322296142578125,9.713301086425782
1748973089119,0.17184265136718752,-0.00508941650390625,9.695039062500001
1748973089185,0.1686991882324219,0.00718505859375,9.70985824584961
1748973089254,0.1872605895996094,-0.0017962646484375,9.70551727294922
1748973089318,0.16974700927734376,-0.0028440856933593752,9.707762603759766
1748973089385,0.1790277099609375,-0.009729766845703125,9.707163848876954
1748973089451,0.18067428588867188,-0.0041912841796875,9.709558868408203
1748973089519,0.1993853759765625,0.0032931518554687503,9.723180541992187
1748973089585,0.1826202392578125,-0.0101788330078125,9.709109802246095
1748973089652,0.18770965576171875,0.0058378601074218755,9.71180419921875
1748973089719,0.17917739868164062,0.004640350341796875,9.716145172119141
1748973089785,0.1770817565917969,-0.0007484436035156251,9.714947662353516
1748973089854,0.17408798217773438,-0.00808319091796875,9.71419921875
1748973089919,0.17214202880859375,-0.016914825439453125,9.706415405273438
1748973089985,0.17333953857421877,0.0029937744140625003,9.697733459472657
1748973090053,0.16675323486328125,0.007334747314453125,9.709259490966797
1748973090119,0.18157241821289063,0.01466949462890625,9.701325988769531
1748973090185,0.18606307983398437,0.023501129150390626,9.707163848876954
1748973090253,0.18097366333007814,0.004340972900390625,9.716743927001954
1748973090319,0.1986369323730469,0.015417938232421876,9.718091125488282
1748973090385,0.20207977294921875,-0.006436614990234376,9.720785522460938
1748973090451,0.19190093994140625,-0.009729766845703125,9.702373809814453
1748973090519,0.1333726501464844,-0.0143701171875,9.687704315185547
1748973090585,0.17244140625,0.015567626953125,9.714348907470704
1748973090654,0.20866607666015627,-0.004640350341796875,9.732461242675782
1748973090719,0.18067428588867188,-0.01107696533203125,9.704469451904297
1748973090785,0.19040405273437502,0.007933502197265626,9.711504821777345
1748973090854,0.18770965576171875,-0.00029937744140625,9.71464828491211
1748973090919,0.19444564819335938,0.001047821044921875,9.723779296875
1748973090985,0.2077679443359375,0.005239105224609375,9.715696105957031
1748973091053,0.16854949951171877,0.00239501953125,9.706714782714844
1748973091119,0.18815872192382813,-0.00508941650390625,9.711205444335938
1748973091185,0.17498611450195314,-0.0007484436035156251,9.717342681884766
1748973091252,0.1782792663574219,0.0005987548828125,9.705068206787109
1748973091319,0.17678237915039063,-0.003742218017578125,9.70746322631836
1748973091385,0.18202148437500001,-0.001945953369140625,9.706714782714844
1748973091451,0.17917739868164062,0.006735992431640626,9.713899841308594
1748973091519,0.18830841064453127,-0.00269439697265625,9.706714782714844
1748973091585,0.18815872192382813,-0.0053887939453125,9.713001708984375
1748973091658,0.1734892272949219,-0.006436614990234376,9.702373809814453
1748973091719,0.17528549194335938,-0.0041912841796875,9.708511047363281
1748973091785,0.18770965576171875,0.0017962646484375,9.701026611328125
1748973091854,0.18157241821289063,0.0028440856933593752,9.704768829345703
1748973091920,0.18681152343750002,-0.004939727783203125,9.698481903076173
1748973091985,0.1830693054199219,-0.011376342773437501,9.705068206787109
1748973092051,0.1818717956542969,-0.007933502197265626,9.690997467041017
1748973092119,0.18007553100585938,-0.006885681152343751,9.696835327148438
1748973092185,0.18067428588867188,-0.0053887939453125,9.698930969238281
1748973092254,0.1898052978515625,-0.024399261474609375,9.702224121093751
1748973092319,0.15837066650390627,0.000149688720703125,9.685309295654298
1748973092385,0.17797988891601563,0.0017962646484375,9.701325988769531
1748973092451,0.19040405273437502,-0.012424163818359375,9.701176300048829
1748973092519,0.1790277099609375,-0.007933502197265626,9.694739685058595
1748973092585,0.1686991882324219,-0.008232879638671876,9.698182525634767
1748973092655,0.20881576538085939,-0.0031434631347656253,9.715995483398437
1748973092719,0.199984130859375,0.00269439697265625,9.710157623291016
1748973092785,0.17408798217773438,-0.012274475097656251,9.700727233886719
1748973092853,0.20582199096679688,-0.0101788330078125,9.707313537597656
1748973092919,0.16585510253906252,-0.0041912841796875,9.695637817382813
1748973092985,0.19055374145507814,-0.017064514160156252,9.704768829345703
1748973093055,0.19893630981445312,-0.00508941650390625,9.71135513305664
1748973093119,0.18576370239257814,-0.0101788330078125,9.704768829345703
1748973093185,0.18815872192382813,-0.010927276611328125,9.717642059326172
1748973093253,0.1872605895996094,-0.0077838134765625,9.708211669921875
1748973093319,0.19160156250000002,-0.009430389404296876,9.705068206787109
1748973093385,0.17872833251953127,-0.014070739746093752,9.723180541992187
1748973093451,0.19130218505859375,-0.00808319091796875,9.698332214355469
1748973093519,0.18007553100585938,-0.0047900390625,9.70267318725586
1748973093585,0.17872833251953127,-0.00928070068359375,9.71315139770508
1748973093655,0.20073257446289064,-0.000149688720703125,9.725276184082032
1748973093719,0.18770965576171875,-0.00928070068359375,9.720186767578125
1748973093784,0.15911911010742188,-0.012873229980468751,9.712103576660157
1748973093855,0.17932708740234377,-0.006436614990234376,9.714348907470704
1748973093919,0.18591339111328126,-0.012723541259765625,9.708061981201173
1748973093985,0.16705261230468751,-0.000149688720703125,9.710157623291016
1748973094055,0.17633331298828125,-0.014070739746093752,9.706714782714844
1748973094119,0.18770965576171875,-0.013471984863281251,9.707313537597656
1748973094185,0.18217117309570313,-0.0056881713867187505,9.715396728515625
1748973094253,0.18142272949218752,-0.0028440856933593752,9.708361358642579
1748973094319,0.1824705505371094,-0.004640350341796875,9.717791748046876
1748973094385,0.18276992797851563,-0.00928070068359375,9.700577545166016
1748973094451,0.18157241821289063,-0.0056881713867187505,9.712552642822265
1748973094519,0.19309844970703127,-0.011675720214843751,9.707612915039062
1748973094585,0.17678237915039063,-0.017812957763671877,9.692943420410156
1748973094653,0.16375946044921877,-0.00928070068359375,9.718839569091797
1748973094719,0.20058288574218752,-0.009430389404296876,9.717642059326172
1748973094785,0.1675016784667969,-0.00089813232421875,9.69698501586914
1748973094854,0.18142272949218752,-0.000449066162109375,9.712852020263673
1748973094919,0.17633331298828125,0.000449066162109375,9.71270233154297
1748973094985,0.17633331298828125,-0.016316070556640624,9.70701416015625
1748973095053,0.18291961669921875,0.00239501953125,9.708361358642579
1748973095119,0.17977615356445314,-0.007035369873046876,9.710457000732422
1748973095185,0.18576370239257814,0.0005987548828125,9.711205444335938
1748973095253,0.1872605895996094,-0.0047900390625,9.720935211181642
1748973095319,0.1850152587890625,-0.020507354736328125,9.72033645629883
1748973095385,0.20088226318359376,-0.006286926269531251,9.71270233154297
1748973095451,0.16989669799804688,-0.006735992431640626,9.707912292480469
1748973095519,0.17588424682617188,-0.00449066162109375,9.70551727294922
1748973095585,0.17603393554687502,-0.004041595458984375,9.707163848876954
1748973095653,0.17184265136718752,0.0017962646484375,9.705816650390625
1748973095719,0.17528549194335938,0.0058378601074218755,9.693542175292968
1748973095785,0.17812957763671877,0.008232879638671876,9.704918518066407
1748973095854,0.18351837158203127,0.006586303710937501,9.704319763183594
1748973095919,0.1974394226074219,-0.005239105224609375,9.702972564697266
1748973095985,0.1974394226074219,-0.0101788330078125,9.706565093994142
1748973096051,0.18037490844726564,-0.00868194580078125,9.708660736083985
1748973096119,0.17992584228515626,-0.001197509765625,9.712552642822265
1748973096185,0.17528549194335938,-0.02065704345703125,9.705816650390625
1748973096254,0.18920654296875,-0.007035369873046876,9.712253265380859
1748973096319,0.183218994140625,0.010029144287109375,9.710606689453126
1748973096385,0.18920654296875,-0.02305206298828125,9.701924743652345
1748973096451,0.17962646484375,-0.008532257080078126,9.723479919433593
1748973096519,0.18696121215820313,-0.0061372375488281256,9.702224121093751
1748973096585,0.19354751586914062,0.00209564208984375,9.705217895507813
1748973096652,0.1818717956542969,-0.008532257080078126,9.708960113525391
1748973096719,0.1770817565917969,-0.023351440429687502,9.701325988769531
1748973096785,0.17872833251953127,-0.0016465759277343752,9.713001708984375
1748973096855,0.20178039550781252,-0.013172607421875001,9.705217895507813
1748973096923,0.18636245727539064,-0.006286926269531251,9.703721008300782
1748973096985,0.1734892272949219,0.000449066162109375,9.711055755615234
1748973097052,0.17693206787109375,-0.0016465759277343752,9.698930969238281
1748973097119,0.188009033203125,-0.010029144287109375,9.702822875976564
1748973097185,0.18112335205078126,0.003742218017578125,9.712253265380859
1748973097253,0.19085311889648438,-0.0017962646484375,9.703721008300782
1748973097319,0.18471588134765626,-0.006735992431640626,9.715097351074219
1748973097385,0.1866618347167969,-0.014220428466796876,9.716893615722658
1748973097455,0.16301101684570313,-0.008831634521484376,9.69788314819336
1748973097519,0.19788848876953127,0.05313949584960938,9.70312225341797
1748973097585,0.18711090087890625,0.012723541259765625,9.717342681884766
1748973097655,0.16480728149414064,0.0041912841796875,9.710906066894532
1748973097719,0.18172210693359375,-0.006735992431640626,9.705068206787109
1748973097785,0.19788848876953127,-0.0077838134765625,9.720486145019532
1748973097854,0.1830693054199219,0.004340972900390625,9.723180541992187
1748973097919,0.16929794311523438,-0.006286926269531251,9.702224121093751
1748973097985,0.17753082275390625,-0.015118560791015626,9.712253265380859
1748973098053,0.18486557006835938,-0.010029144287109375,9.732161865234376
1748973098119,0.17618362426757814,-0.011675720214843751,9.704768829345703
1748973098185,0.1586700439453125,0.010328521728515625,9.710157623291016
1748973098255,0.1850152587890625,-0.014819183349609376,9.702074432373047
1748973098319,0.15597564697265626,0.0058378601074218755,9.715396728515625
1748973098385,0.20252883911132813,-0.007933502197265626,9.73291030883789
1748973098451,0.1802252197265625,-0.005239105224609375,9.706714782714844
1748973098519,0.18202148437500001,-0.010328521728515625,9.710007934570314
1748973098585,0.14519805908203126,-0.0056881713867187505,9.68979995727539
1748973098655,0.18441650390625,-0.0209564208984375,9.714049530029298
1748973098719,0.20043319702148438,0.00389190673828125,9.709558868408203
1748973098785,0.18890716552734377,0.0061372375488281256,9.707912292480469
1748973098853,0.1754351806640625,0.01466949462890625,9.715845794677735
1748973098919,0.18037490844726564,0.022303619384765626,9.735904083251954
1748973098985,0.1932481384277344,0.01047821044921875,9.717342681884766
1748973099054,0.17079483032226564,-0.001197509765625,9.706714782714844
1748973099119,0.147293701171875,0.018711090087890625,9.710906066894532
1748973099185,0.17004638671875,0.01526824951171875,9.723030853271485
1748973099255,0.19025436401367188,0.0029937744140625003,9.721983032226563
1748973099319,0.17603393554687502,-0.003742218017578125,9.71180419921875
1748973099385,0.21869522094726562,-0.18411712646484377,9.692943420410156
1748973099451,0.16450790405273438,0.004640350341796875,9.702972564697266
1748973099519,0.19414627075195315,-0.014819183349609376,9.726024627685547
1748973099585,0.17154327392578125,-0.010777587890625,9.7189892578125
1748973099654,0.18920654296875,-0.022602996826171878,9.721683654785156
1748973099719,0.17408798217773438,-0.00508941650390625,9.710157623291016
1748973099785,0.1874102783203125,-0.0058378601074218755,9.716294860839843
1748973099851,0.20387603759765627,-0.017812957763671877,9.72138427734375
1748973099919,0.1818717956542969,-0.012573852539062501,9.72707244873047
1748973099985,0.1790277099609375,-0.0089813232421875,9.72033645629883
1748973100054,0.18591339111328126,-0.021704864501953126,9.708960113525391
1748973100119,0.19040405273437502,-0.02963836669921875,9.713450775146486
1748973100185,0.1884580993652344,-0.011376342773437501,9.720186767578125
1748973100253,0.18396743774414062,-0.00808319091796875,9.716294860839843
1748973100319,0.18636245727539064,-0.0007484436035156251,9.732311553955078
1748973100385,0.19414627075195315,-0.009430389404296876,9.72467742919922
1748973100451,0.17857864379882812,-0.0058378601074218755,9.702972564697266
1748973100519,0.17214202880859375,0.011376342773437501,9.714797973632812
1748973100585,0.18336868286132812,-0.028141479492187503,9.726324005126953
1748973100654,0.18172210693359375,-0.013172607421875001,9.699230346679688
1748973100719,0.18935623168945315,-0.011226654052734375,9.711504821777345
1748973100785,0.18291961669921875,-0.011376342773437501,9.718390502929688
1748973100854,0.18456619262695315,-0.011526031494140625,9.707762603759766
1748973100919,0.19369720458984377,-0.0007484436035156251,9.712552642822265
1748973100989,0.18396743774414062,-0.00928070068359375,9.709558868408203
1748973101054,0.1850152587890625,-0.008532257080078126,9.713450775146486
1748973101119,0.19369720458984377,-0.02245330810546875,9.70551727294922
1748973101190,0.18441650390625,-0.0149688720703125,9.698631591796875
1748973101252,0.1826202392578125,-0.012573852539062501,9.715546417236329
1748973101319,0.17004638671875,-0.015118560791015626,9.707163848876954
1748973101390,0.19130218505859375,0.00928070068359375,9.721683654785156
1748973101451,0.17887802124023439,-0.0089813232421875,9.701176300048829
1748973101519,0.19294876098632813,-0.015717315673828124,9.711953887939453
1748973101589,0.18636245727539064,-0.009729766845703125,9.711055755615234
1748973101654,0.18606307983398437,-0.007035369873046876,9.72033645629883
1748973101719,0.18995498657226564,-0.01916015625,9.70551727294922
1748973101788,0.173638916015625,-0.026794281005859375,9.701775054931641
1748973101853,0.18681152343750002,-0.019908599853515625,9.710606689453126
1748973101922,0.1878593444824219,0.0053887939453125,9.731114044189454
1748973101986,0.19624191284179687,0.001047821044921875,9.714797973632812
1748973102052,0.21195922851562501,-0.01526824951171875,9.710157623291016
1748973102118,0.17393829345703127,-0.004041595458984375,9.711504821777345
1748973102188,0.18890716552734377,-0.013771362304687501,9.708810424804687
1748973102255,0.18441650390625,-0.010328521728515625,9.711953887939453
1748973102319,0.18471588134765626,-0.000449066162109375,9.704768829345703
1748973102388,0.18965560913085938,-0.00209564208984375,9.712253265380859
1748973102455,0.17663269042968752,-0.001347198486328125,9.708211669921875
1748973102519,0.18112335205078126,-0.00029937744140625,9.704768829345703
1748973102588,0.17977615356445314,-0.011526031494140625,9.715097351074219
1748973102654,0.17887802124023439,-0.0031434631347656253,9.703421630859376
1748973102719,0.18456619262695315,-0.00449066162109375,9.704768829345703
1748973102788,0.1722917175292969,0.000149688720703125,9.704319763183594
1748973102853,0.17094451904296876,-0.008532257080078126,9.693991241455079
1748973102919,0.15971786499023438,0.004340972900390625,9.721533966064454
1748973102989,0.18112335205078126,0.00508941650390625,9.714348907470704
1748973103055,0.18486557006835938,-0.008232879638671876,9.70417007446289
1748973103119,0.17693206787109375,-0.00718505859375,9.707163848876954
1748973103189,0.17004638671875,-0.007334747314453125,9.71135513305664
1748973103254,0.18232086181640625,-0.01047821044921875,9.694889373779297
1748973103319,0.18426681518554688,-0.012573852539062501,9.694589996337891
1748973103389,0.173638916015625,-0.0061372375488281256,9.704918518066407
1748973103451,0.1818717956542969,0.002544708251953125,9.70701416015625
1748973103519,0.17483642578125,0.008232879638671876,9.707163848876954
1748973103590,0.1622625732421875,0.015417938232421876,9.709558868408203
1748973103652,0.18291961669921875,-0.007933502197265626,9.721084899902344
1748973103719,0.16914825439453127,0.006436614990234376,9.70746322631836
1748973103789,0.17064514160156252,-0.006286926269531251,9.713450775146486
1748973103854,0.18905685424804688,-0.008532257080078126,9.718689880371095
1748973103919,0.15148498535156252,-0.0143701171875,9.71419921875
1748973103989,0.192799072265625,-0.00808319091796875,9.719588012695313
1748973104054,0.16151412963867187,-0.003742218017578125,9.72422836303711
1748973104119,0.16914825439453127,-0.006885681152343751,9.721683654785156
1748973104190,0.19294876098632813,-0.008232879638671876,9.74009536743164
1748973104253,0.17573455810546876,-0.0034428405761718754,9.743687896728517
1748973104319,0.18232086181640625,-0.017663269042968752,9.722881164550781
1748973104390,0.17498611450195314,0.00928070068359375,9.724378051757814
1748973104451,0.18755996704101563,-0.0031434631347656253,9.725276184082032
1748973104519,0.17184265136718752,0.0029937744140625003,9.732461242675782
1748973104589,0.1830693054199219,-0.00209564208984375,9.710906066894532
1748973104655,0.1772314453125,-0.012723541259765625,9.73141342163086
1748973104719,0.17648300170898437,-0.0061372375488281256,9.73859848022461
1748973104789,0.1836680603027344,0.00269439697265625,9.725425872802735
1748973104853,0.17274078369140625,-0.00029937744140625,9.727671203613282
1748973104919,0.19609222412109376,-0.015717315673828124,9.726922760009765
1748973104989,0.18471588134765626,0.0056881713867187505,9.719737701416015
1748973105054,0.17274078369140625,0.0007484436035156251,9.732461242675782
1748973105119,0.16780105590820313,0.0,9.713301086425782
1748973105189,0.17528549194335938,-0.004041595458984375,9.737850036621094
1748973105254,0.17184265136718752,0.001197509765625,9.726024627685547
1748973105319,0.17498611450195314,-0.0032931518554687503,9.709109802246095
1748973105390,0.13082794189453126,0.0077838134765625,9.711205444335938
1748973105451,0.1778302001953125,0.00718505859375,9.722881164550781
1748973105519,0.16914825439453127,-0.011675720214843751,9.724827117919922
1748973105590,0.15417938232421877,0.016016693115234376,9.713899841308594
1748973105652,0.18411712646484377,0.000149688720703125,9.729467468261719
1748973105719,0.18142272949218752,0.014819183349609376,9.726773071289063
1748973105790,0.17498611450195314,-0.015417938232421876,9.719588012695313
1748973105853,0.17513580322265626,-0.02005828857421875,9.721084899902344
1748973105919,0.1878593444824219,0.001945953369140625,9.713750152587892
1748973105989,0.19115249633789064,-0.02185455322265625,9.723479919433593
1748973106054,0.20686981201171875,-0.03562591552734375,9.742640075683594
1748973106119,0.1686991882324219,-0.006735992431640626,9.708810424804687
1748973106189,0.18007553100585938,0.009430389404296876,9.723779296875
1748973106253,0.15567626953125,-0.006885681152343751,9.715995483398437
1748973106318,0.164058837890625,-0.01047821044921875,9.717192993164064
1748973106389,0.2029779052734375,-0.0143701171875,9.72572525024414
1748973106451,0.20582199096679688,-0.01916015625,9.742939453125
1748973106519,0.1778302001953125,-0.007634124755859375,9.739197235107422
1748973106590,0.17648300170898437,0.017663269042968752,9.718839569091797
1748973106652,0.20627105712890625,-0.020806732177734377,9.748328247070313
1748973106719,0.14819183349609374,-0.009430389404296876,9.709558868408203
1748973106789,0.16615447998046876,-0.019309844970703125,9.724078674316408
1748973106853,0.1986369323730469,-0.007035369873046876,9.726922760009765
1748973106923,0.18755996704101563,-0.005239105224609375,9.72572525024414
1748973106986,0.18576370239257814,-0.0197589111328125,9.71704330444336
1748973107052,0.17034576416015626,-0.02065704345703125,9.724827117919922
1748973107119,0.17184265136718752,-0.0017962646484375,9.718240814208984
1748973107189,0.1826202392578125,-0.029189300537109376,9.727970581054688
1748973107253,0.1722917175292969,-0.02155517578125,9.729168090820313
1748973107319,0.17797988891601563,-0.0197589111328125,9.728868713378906
1748973107389,0.17333953857421877,-0.01047821044921875,9.725425872802735
1748973107454,0.18082397460937502,-0.027093658447265627,9.722282409667969
1748973107519,0.17962646484375,-0.01466949462890625,9.730215911865235
1748973107589,0.1920506286621094,-0.02065704345703125,9.730515289306641
1748973107654,0.18336868286132812,-0.02125579833984375,9.715396728515625
1748973107719,0.18007553100585938,-0.027393035888671875,9.721084899902344
1748973107789,0.19040405273437502,-0.019908599853515625,9.73575439453125
1748973107856,0.18815872192382813,-0.022004241943359377,9.732461242675782
1748973107919,0.1778302001953125,-0.01107696533203125,9.717192993164064
1748973107989,0.1694476318359375,-0.023201751708984378,9.729916534423829
1748973108055,0.17139358520507814,-0.025746459960937502,9.720635833740236
1748973108118,0.1790277099609375,-0.0149688720703125,9.715845794677735
1748973108189,0.17932708740234377,-0.024998016357421875,9.709109802246095
1748973108254,0.17573455810546876,-0.0173638916015625,9.720186767578125
1748973108319,0.19145187377929687,-0.028590545654296876,9.731114044189454
1748973108388,0.16435821533203127,-0.017064514160156252,9.710756378173828
1748973108452,0.18097366333007814,-0.044008483886718755,9.720635833740236
1748973108519,0.164058837890625,-0.014819183349609376,9.696236572265626
1748973108590,0.1573228454589844,-0.00269439697265625,9.692494354248048
1748973108655,0.1778302001953125,0.022902374267578126,9.709708557128907
1748973108719,0.1974394226074219,-0.024998016357421875,9.715995483398437
1748973108789,0.17513580322265626,-0.006436614990234376,9.722132720947267
1748973108855,0.19369720458984377,-0.03382965087890625,9.713750152587892
1748973108919,0.15702346801757813,-0.02065704345703125,9.72138427734375
1748973108990,0.17663269042968752,-0.031284942626953124,9.730664978027344
1748973109052,0.19444564819335938,-0.016316070556640624,9.726324005126953
1748973109119,0.19055374145507814,-0.035176849365234374,9.721983032226563
1748973109188,0.1754351806640625,-0.012124786376953125,9.727970581054688
1748973109255,0.1251397705078125,0.030835876464843752,9.740394744873047
1748973109319,0.13651611328125002,0.005538482666015625,9.718839569091797
1748973109389,0.188009033203125,-0.03906875610351563,9.726773071289063
1748973109451,0.17468673706054688,0.0,9.732311553955078
1748973109519,0.16301101684570313,-0.0401165771484375,9.722581787109375
1748973109589,0.1387614440917969,-0.03188369750976563,9.72138427734375
1748973109652,0.18142272949218752,-0.0209564208984375,9.725874938964845
1748973109719,0.17992584228515626,-0.024998016357421875,9.726473693847657
1748973109789,0.1770817565917969,-0.025147705078125002,9.717642059326172
1748973109854,0.20537292480468752,-0.03622467041015625,9.746232604980468
1748973109919,0.19504440307617188,-0.026494903564453127,9.723479919433593
1748973109988,0.17513580322265626,-0.02724334716796875,9.729617156982423
1748973110055,0.20357666015625,-0.046403503417968756,9.735904083251954
1748973110119,0.18351837158203127,-0.02365081787109375,9.743837585449219
1748973110189,0.19639160156250002,-0.042810974121093755,9.743238830566407
1748973110255,0.17992584228515626,-0.022752685546875002,9.723779296875
1748973110319,0.17648300170898437,-0.0101788330078125,9.727671203613282
1748973110389,0.16630416870117187,-0.040415954589843754,9.731263732910156
1748973110451,0.16705261230468751,-0.034877471923828125,9.724976806640626
1748973110519,0.18456619262695315,-0.011226654052734375,9.71943832397461
1748973110589,0.16914825439453127,-0.026494903564453127,9.723479919433593
1748973110654,0.17857864379882812,-0.027093658447265627,9.728719024658204
1748973110719,0.17887802124023439,-0.02844085693359375,9.720186767578125
1748973110789,0.1728904724121094,-0.03278182983398438,9.729168090820313
1748973110853,0.21510269165039064,-0.02784210205078125,9.75775863647461
1748973110919,0.16795074462890625,-0.037571868896484374,9.742789764404298
1748973110990,0.16076568603515626,-0.00987945556640625,9.712852020263673
1748973111054,0.16555572509765626,-0.0032931518554687503,9.740245056152345
1748973111119,0.19235000610351563,-0.01107696533203125,9.723479919433593
1748973111190,0.2636018371582031,-0.0496966552734375,9.73575439453125
1748973111252,0.19175125122070313,-0.01107696533203125,9.746681671142579
1748973111319,0.1742376708984375,-0.026494903564453127,9.729317779541017
1748973111388,0.17603393554687502,-0.02185455322265625,9.71464828491211
1748973111451,0.183218994140625,-0.041613464355468754,9.722731475830079
1748973111519,0.1776805114746094,-0.031284942626953124,9.721084899902344
1748973111588,0.18291961669921875,-0.02424957275390625,9.730215911865235
1748973111655,0.19010467529296876,-0.021405487060546877,9.736802215576173
1748973111719,0.23920257568359377,-0.025596771240234375,9.721234588623048
1748973111789,0.16076568603515626,-0.036374359130859374,9.6902490234375
1748973111853,0.17693206787109375,-0.025746459960937502,9.72138427734375
1748973111923,0.1728904724121094,-0.028740234375,9.722282409667969
1748973111986,0.1830693054199219,-0.025896148681640627,9.723330230712891
1748973112052,0.1586700439453125,-0.02245330810546875,9.715845794677735
1748973112118,0.18097366333007814,-0.02365081787109375,9.717342681884766
1748973112189,0.1728904724121094,-0.022602996826171878,9.721533966064454
1748973112254,0.18651214599609375,-0.021106109619140626,9.72662338256836
1748973112319,0.20073257446289064,-0.035326538085937505,9.736353149414063
1748973112388,0.17378860473632812,-0.021405487060546877,9.722132720947267
1748973112452,0.16435821533203127,-0.03158432006835938,9.72662338256836
1748973112519,0.16091537475585938,-0.024399261474609375,9.722581787109375
1748973112590,0.16974700927734376,-0.029488677978515627,9.715546417236329
1748973112654,0.18546432495117188,-0.028740234375,9.71464828491211
1748973112719,0.18052459716796876,-0.03308120727539063,9.719288635253907
1748973112789,0.18112335205078126,-0.031284942626953124,9.727970581054688
1748973112856,0.19968475341796876,-0.0532891845703125,9.736502838134767
1748973112919,0.16735198974609375,-0.03502716064453125,9.729317779541017
1748973112989,0.17214202880859375,-0.01526824951171875,9.729467468261719
1748973113053,0.18965560913085938,-0.030087432861328128,9.728269958496094
1748973113119,0.19399658203125,-0.032332763671875,9.716294860839843
1748973113189,0.1922003173828125,-0.015567626953125,9.734856262207032
1748973113252,0.17588424682617188,-0.0089813232421875,9.717192993164064
1748973113319,0.19399658203125,-0.03323089599609375,9.713750152587892
1748973113390,0.15582595825195314,-0.03278182983398438,9.720935211181642
1748973113452,0.18546432495117188,-0.02484832763671875,9.721983032226563
1748973113519,0.18396743774414062,-0.025297393798828127,9.719588012695313
1748973113590,0.17184265136718752,-0.023351440429687502,9.712103576660157
1748973113655,0.17169296264648437,-0.025596771240234375,9.719288635253907
1748973113719,0.17648300170898437,-0.033679962158203125,9.715097351074219
1748973113789,0.17259109497070313,-0.02784210205078125,9.722731475830079
1748973113852,0.16720230102539063,-0.026494903564453127,9.72138427734375
1748973113919,0.19384689331054689,-0.023351440429687502,9.717791748046876
1748973113990,0.17663269042968752,-0.0335302734375,9.720037078857422
1748973114055,0.159268798828125,-0.01945953369140625,9.720785522460938
1748973114119,0.1770817565917969,-0.02365081787109375,9.715995483398437
1748973114189,0.17274078369140625,-0.022902374267578126,9.720486145019532
1748973114255,0.18890716552734377,-0.037272491455078126,9.710606689453126
1748973114319,0.20447479248046876,-0.060923309326171876,9.728419647216798
1748973114389,0.17947677612304688,-0.025746459960937502,9.718390502929688
1748973114452,0.18606307983398437,-0.03203338623046875,9.729467468261719
1748973114519,0.17528549194335938,-0.032931518554687504,9.708511047363281
1748973114588,0.16630416870117187,-0.01916015625,9.715396728515625
1748973114655,0.17857864379882812,-0.024698638916015626,9.725276184082032
1748973114719,0.18606307983398437,-0.02963836669921875,9.718839569091797
1748973114789,0.17693206787109375,-0.02005828857421875,9.714947662353516
1748973114855,0.16420852661132812,-0.026943969726562503,9.715247039794923
1748973114919,0.1622625732421875,-0.031284942626953124,9.703271942138672
1748973114989,0.17408798217773438,-0.030686187744140628,9.713301086425782
1748973115053,0.19609222412109376,-0.030087432861328128,9.718839569091797
1748973115119,0.17199234008789063,-0.01916015625,9.719737701416015
1748973115189,0.1627116394042969,-0.02844085693359375,9.71180419921875
1748973115254,0.18770965576171875,-0.020806732177734377,9.718839569091797
1748973115319,0.17094451904296876,-0.026794281005859375,9.728719024658204
1748973115388,0.16615447998046876,-0.020207977294921877,9.71464828491211
1748973115452,0.17797988891601563,-0.02245330810546875,9.707612915039062
1748973115519,0.18965560913085938,-0.03188369750976563,9.718390502929688
1748973115588,0.18651214599609375,-0.03113525390625,9.717342681884766
1748973115653,0.17169296264648437,-0.01526824951171875,9.704768829345703
1748973115719,0.19429595947265627,-0.014819183349609376,9.717342681884766
1748973115788,0.178428955078125,-0.04445755004882813,9.695188751220703
1748973115855,0.1634600830078125,-0.03861968994140625,9.69309310913086
1748973115919,0.17169296264648437,-0.033679962158203125,9.692943420410156
1748973115989,0.17408798217773438,-0.028291168212890627,9.707163848876954
1748973116055,0.1646575927734375,-0.0305364990234375,9.70027816772461
1748973116119,0.1778302001953125,-0.026794281005859375,9.700876922607423
1748973116190,0.18276992797851563,-0.04415817260742188,9.699230346679688
1748973116255,0.17124389648437502,-0.03382965087890625,9.695787506103516
1748973116319,0.1974394226074219,-0.037122802734375,9.702972564697266
1748973116388,0.17872833251953127,-0.02724334716796875,9.692793731689454
1748973116452,0.17453704833984376,-0.02903961181640625,9.685159606933594
1748973116519,0.16570541381835938,-0.0305364990234375,9.693991241455079
1748973116590,0.16705261230468751,-0.034727783203125,9.690847778320313
1748973116655,0.1818717956542969,-0.026494903564453127,9.69309310913086
1748973116719,0.16899856567382812,-0.036074981689453126,9.689500579833984
1748973116788,0.1742376708984375,-0.03817062377929688,9.695787506103516
1748973116853,0.17498611450195314,-0.03203338623046875,9.681267700195313
1748973116923,0.17693206787109375,-0.042361907958984375,9.693841552734375
1748973116986,0.17857864379882812,-0.03502716064453125,9.693691864013672
1748973117052,0.1772314453125,-0.030985565185546876,9.6902490234375
1748973117119,0.17154327392578125,-0.04071533203125,9.686506805419922
1748973117189,0.17917739868164062,-0.03577560424804688,9.697284393310547
1748973117254,0.1586700439453125,-0.045505371093750004,9.693542175292968
1748973117319,0.17872833251953127,-0.030835876464843752,9.686357116699218
1748973117388,0.2034269714355469,-0.031734008789062504,9.690099334716797
1748973117452,0.15567626953125,-0.02544708251953125,9.698332214355469
1748973117519,0.1980381774902344,-0.0413140869140625,9.705816650390625
1748973117588,0.17648300170898437,-0.021106109619140626,9.70267318725586
1748973117652,0.17408798217773438,-0.0484991455078125,9.71749237060547
1748973117720,0.18950592041015626,-0.04415817260742188,9.71135513305664
1748973117788,0.1722917175292969,-0.034727783203125,9.69159622192383
1748973117856,0.18830841064453127,-0.027991790771484375,9.704319763183594
1748973117919,0.17094451904296876,-0.04775070190429688,9.701775054931641
1748973117988,0.1790277099609375,-0.032482452392578125,9.698182525634767
1748973118055,0.21689895629882813,-0.017663269042968752,9.698332214355469
1748973118119,0.19249969482421875,-0.0335302734375,9.713450775146486
1748973118189,0.17857864379882812,-0.017513580322265625,9.692494354248048
1748973118255,0.1770817565917969,-0.035326538085937505,9.706714782714844
1748973118319,0.16390914916992189,-0.01916015625,9.686506805419922
1748973118389,0.1627116394042969,-0.026943969726562503,9.695039062500001
1748973118452,0.16151412963867187,-0.040415954589843754,9.707313537597656
1748973118519,0.18711090087890625,-0.022303619384765626,9.71988739013672
1748973118589,0.13127700805664064,-0.007334747314453125,9.679321746826172
1748973118655,0.17244140625,-0.06376739501953126,9.682465209960938
1748973118719,0.1676513671875,-0.04655319213867188,9.68590805053711
1748973118789,0.18696121215820313,-0.037272491455078126,9.696236572265626
1748973118854,0.15657440185546875,-0.030386810302734376,9.703571319580078
1748973118919,0.17333953857421877,-0.049846343994140625,9.691895599365235
1748973118989,0.16046630859375,-0.017513580322265625,9.698182525634767
1748973119052,0.1836680603027344,-0.032931518554687504,9.687404937744141
1748973119119,0.16256195068359375,-0.07110214233398438,9.680968322753907
1748973119190,0.16929794311523438,-0.047451324462890625,9.698930969238281
1748973119252,0.15687377929687502,-0.014070739746093752,9.674232330322265
1748973119319,0.15822097778320313,-0.06271957397460938,9.704319763183594
1748973119389,0.10553054809570313,-0.004340972900390625,9.701625366210939
1748973119452,0.2022294616699219,0.000449066162109375,9.690997467041017
1748973119519,0.20028350830078126,-0.039218444824218754,9.71180419921875
1748973119588,0.09310638427734376,-0.143701171875,9.732161865234376
1748973119654,0.18441650390625,0.00449066162109375,9.70985824584961
1748973119719,0.17513580322265626,-0.02724334716796875,9.70027816772461
1748973119789,0.15971786499023438,-0.04834945678710938,9.706265716552736
1748973119854,0.1772314453125,-0.0335302734375,9.701625366210939
1748973119919,0.17483642578125,-0.033679962158203125,9.711953887939453
1748973119988,0.16106506347656252,0.006436614990234376,9.658814392089845
1748973120052,0.19160156250000002,-0.03502716064453125,9.722132720947267
1748973120119,0.18486557006835938,-0.02963836669921875,9.703870697021484
1748973120189,0.18711090087890625,-0.023950195312500002,9.70267318725586
1748973120255,0.15343093872070312,-0.03188369750976563,9.716594238281251
1748973120319,0.17977615356445314,-0.03442840576171875,9.710606689453126
1748973120389,0.18935623168945315,-0.04924758911132813,9.711205444335938
1748973120452,0.15133529663085937,-0.017064514160156252,9.709409179687501
1748973120519,0.18441650390625,-0.042361907958984375,9.707163848876954
1748973120590,0.17738113403320313,-0.03188369750976563,9.712552642822265
1748973120655,0.1830693054199219,-0.01466949462890625,9.706265716552736
1748973120719,0.15881973266601562,-0.03697311401367188,9.730664978027344
1748973120790,0.18636245727539064,-0.05598358154296875,9.698631591796875
1748973120855,0.18007553100585938,-0.030985565185546876,9.71315139770508
1748973120919,0.1878593444824219,-0.009430389404296876,9.730664978027344
1748973120990,0.1770817565917969,-0.04146377563476563,9.709409179687501
1748973121055,0.1782792663574219,-0.04834945678710938,9.722581787109375
1748973121119,0.1722917175292969,-0.016316070556640624,9.695188751220703
1748973121189,0.17558486938476564,-0.04071533203125,9.723180541992187
1748973121252,0.17603393554687502,-0.037122802734375,9.706415405273438
1748973121319,0.1454974365234375,-0.037272491455078126,9.696086883544922
1748973121388,0.17513580322265626,-0.030985565185546876,9.71854019165039
1748973121452,0.1850152587890625,-0.016465759277343752,9.69743408203125
1748973121519,0.17947677612304688,-0.028590545654296876,9.712402954101563
1748973121590,0.18142272949218752,-0.032931518554687504,9.717791748046876
1748973121655,0.17169296264648437,-0.039966888427734375,9.719588012695313
1748973121719,0.17498611450195314,-0.037571868896484374,9.711654510498047
1748973121790,0.18651214599609375,-0.04326004028320313,9.713450775146486
1748973121854,0.17139358520507814,-0.037122802734375,9.70985824584961
1748973121924,0.17917739868164062,-0.04340972900390625,9.714947662353516
1748973121986,0.1824705505371094,-0.033679962158203125,9.70985824584961
1748973122052,0.17603393554687502,-0.03427871704101563,9.703870697021484
1748973122119,0.18291961669921875,-0.03981719970703125,9.698930969238281
1748973122188,0.16360977172851562,-0.03323089599609375,9.704918518066407
1748973122254,0.18546432495117188,-0.06361770629882812,9.701176300048829
1748973122319,0.178428955078125,-0.04939727783203125,9.718240814208984
1748973122389,0.17004638671875,-0.025147705078125002,9.701176300048829
1748973122452,0.19923568725585938,-0.06062393188476563,9.7189892578125
1748973122519,0.18561401367187502,-0.03577560424804688,9.695637817382813
1748973122589,0.16450790405273438,-0.02784210205078125,9.702373809814453
1748973122653,0.17378860473632812,-0.00748443603515625,9.709558868408203
1748973122719,0.18815872192382813,-0.023950195312500002,9.705666961669923
1748973122790,0.18411712646484377,-0.037571868896484374,9.696535949707032
1748973122852,0.16989669799804688,-0.060923309326171876,9.685309295654298
1748973122919,0.18291961669921875,-0.03323089599609375,9.687554626464845
1748973122989,0.19309844970703127,-0.027542724609375003,9.711205444335938
1748973123053,0.17678237915039063,-0.044307861328125,9.699380035400392
1748973123119,0.17019607543945314,-0.039667510986328126,9.695338439941407
1748973123188,0.17573455810546876,-0.038769378662109374,9.722432098388673
1748973123252,0.1790277099609375,-0.04685256958007813,9.716444549560547
1748973123319,0.18217117309570313,-0.038020935058593754,9.70417007446289
1748973123389,0.17528549194335938,-0.041164398193359375,9.702822875976564
1748973123452,0.17857864379882812,-0.042810974121093755,9.709708557128907
1748973123519,0.18606307983398437,-0.034129028320312504,9.721234588623048
1748973123590,0.1770817565917969,-0.03981719970703125,9.714947662353516
1748973123654,0.18157241821289063,-0.04655319213867188,9.70746322631836
1748973123719,0.1772314453125,-0.04266128540039063,9.716145172119141
1748973123790,0.17109420776367187,-0.04056564331054688,9.702972564697266
1748973123854,0.17603393554687502,-0.039517822265625,9.710906066894532
1748973123919,0.18456619262695315,-0.034877471923828125,9.70746322631836
1748973123988,0.18007553100585938,-0.03787124633789063,9.715696105957031
1748973124055,0.17573455810546876,-0.04266128540039063,9.716145172119141
1748973124119,0.17603393554687502,-0.037571868896484374,9.705367584228517
1748973124188,0.18486557006835938,-0.036524047851562505,9.706864471435548
1748973124254,0.19414627075195315,-0.03323089599609375,9.730365600585937
1748973124319,0.18007553100585938,-0.04819976806640625,9.708211669921875
1748973124389,0.18351837158203127,-0.03158432006835938,9.704020385742188
1748973124452,0.18441650390625,-0.03861968994140625,9.703870697021484
1748973124519,0.18157241821289063,-0.037272491455078126,9.709259490966797
1748973124589,0.1782792663574219,-0.04206253051757813,9.701625366210939
1748973124654,0.16645385742187502,-0.043559417724609376,9.708660736083985
1748973124719,0.18486557006835938,-0.05748046875,9.705217895507813
1748973124788,0.1634600830078125,-0.047601013183593756,9.698930969238281
1748973124855,0.1734892272949219,-0.04071533203125,9.696236572265626
1748973124919,0.18755996704101563,-0.03906875610351563,9.708810424804687
1748973124990,0.1898052978515625,-0.036524047851562505,9.706116027832032
1748973125055,0.19010467529296876,-0.04894821166992188,9.717791748046876
1748973125119,0.16839981079101562,-0.029189300537109376,9.704768829345703
1748973125189,0.17962646484375,-0.04146377563476563,9.708211669921875
1748973125253,0.17573455810546876,-0.036374359130859374,9.697134704589844
1748973125319,0.16735198974609375,-0.039517822265625,9.698631591796875
1748973125390,0.17663269042968752,-0.040415954589843754,9.715396728515625
1748973125452,0.18112335205078126,-0.0383203125,9.708810424804687
1748973125519,0.1728904724121094,-0.039218444824218754,9.711055755615234
1748973125590,0.17513580322265626,-0.036524047851562505,9.697284393310547
1748973125655,0.17738113403320313,-0.03338058471679688,9.701026611328125
1748973125719,0.18755996704101563,-0.03547622680664063,9.714797973632812
1748973125787,0.17633331298828125,-0.031734008789062504,9.706116027832032
1748973125854,0.17259109497070313,-0.032183074951171876,9.700427856445312
1748973125919,0.18112335205078126,-0.03308120727539063,9.708660736083985
1748973125989,0.17887802124023439,-0.036074981689453126,9.705666961669923
1748973126052,0.18052459716796876,-0.039966888427734375,9.705217895507813
1748973126119,0.17199234008789063,-0.039517822265625,9.6998291015625
1748973126190,0.17573455810546876,-0.043559417724609376,9.705666961669923
1748973126253,0.18411712646484377,-0.032482452392578125,9.713301086425782
1748973126319,0.18172210693359375,-0.04340972900390625,9.711654510498047
1748973126390,0.18336868286132812,-0.04266128540039063,9.70746322631836
1748973126452,0.18112335205078126,-0.042810974121093755,9.704020385742188
1748973126519,0.18456619262695315,-0.0401165771484375,9.704619140625
1748973126590,0.18052459716796876,-0.04071533203125,9.704619140625
1748973126655,0.16435821533203127,-0.04445755004882813,9.698481903076173
1748973126719,0.1818717956542969,-0.04026626586914063,9.7189892578125
1748973126789,0.18082397460937502,-0.038020935058593754,9.714049530029298
1748973126853,0.17887802124023439,-0.04415817260742188,9.70312225341797
1748973126924,0.17184265136718752,-0.04221221923828125,9.702972564697266
1748973126986,0.1920506286621094,-0.038769378662109374,9.70551727294922
1748973127052,0.17663269042968752,-0.03547622680664063,9.707313537597656
1748973127119,0.1836680603027344,-0.03308120727539063,9.71030731201172
1748973127189,0.17333953857421877,-0.041613464355468754,9.70701416015625
1748973127254,0.17962646484375,-0.034877471923828125,9.708061981201173
1748973127319,0.1742376708984375,-0.046403503417968756,9.711953887939453
1748973127388,0.17603393554687502,-0.030237121582031252,9.705816650390625
1748973127452,0.18336868286132812,-0.0473016357421875,9.703721008300782
1748973127519,0.17468673706054688,-0.037571868896484374,9.706565093994142
1748973127588,0.1818717956542969,-0.04086502075195313,9.697733459472657
1748973127655,0.18232086181640625,-0.03906875610351563,9.70985824584961
1748973127719,0.18052459716796876,-0.03787124633789063,9.700577545166016
1748973127789,0.1686991882324219,-0.03787124633789063,9.703271942138672
1748973127855,0.18755996704101563,-0.037571868896484374,9.710157623291016
1748973127919,0.17648300170898437,-0.034877471923828125,9.704319763183594
1748973127988,0.16660354614257813,-0.044756927490234376,9.699529724121094
1748973128054,0.1627116394042969,-0.034129028320312504,9.69878128051758
1748973128119,0.18516494750976564,-0.032931518554687504,9.711654510498047
1748973128189,0.18067428588867188,-0.037122802734375,9.700727233886719
1748973128254,0.17872833251953127,-0.038020935058593754,9.704020385742188
1748973128319,0.17139358520507814,-0.04445755004882813,9.71030731201172
1748973128390,0.16720230102539063,-0.047451324462890625,9.708810424804687
1748973128452,0.18112335205078126,-0.03502716064453125,9.700727233886719
1748973128519,0.18052459716796876,-0.034129028320312504,9.703421630859376
1748973128589,0.18561401367187502,-0.03263214111328125,9.710457000732422
1748973128655,0.17214202880859375,-0.03742218017578125,9.707612915039062
1748973128719,0.17962646484375,-0.038020935058593754,9.709259490966797
1748973128789,0.18516494750976564,-0.04685256958007813,9.706565093994142
1748973128855,0.16645385742187502,-0.04415817260742188,9.711055755615234
1748973128919,0.17528549194335938,-0.036074981689453126,9.708660736083985
1748973128990,0.17962646484375,-0.04924758911132813,9.71270233154297
1748973129053,0.17603393554687502,-0.030985565185546876,9.71315139770508
1748973129119,0.15223342895507813,-0.017214202880859376,9.708211669921875
1748973129189,0.20267852783203125,-0.037571868896484374,9.725575561523438
1748973129254,0.17573455810546876,-0.0401165771484375,9.704020385742188
1748973129319,0.17214202880859375,-0.03861968994140625,9.703870697021484
1748973129389,0.17558486938476564,-0.039218444824218754,9.700427856445312
1748973129452,0.19025436401367188,-0.03697311401367188,9.70985824584961
1748973129519,0.16570541381835938,-0.03787124633789063,9.700727233886719
1748973129590,0.1778302001953125,-0.03981719970703125,9.708361358642579
1748973129655,0.17004638671875,-0.032931518554687504,9.701625366210939
1748973129719,0.17977615356445314,-0.04460723876953125,9.71315139770508
1748973129789,0.18396743774414062,-0.031734008789062504,9.710606689453126
1748973129855,0.1675016784667969,-0.04834945678710938,9.695637817382813
1748973129919,0.19130218505859375,-0.03742218017578125,9.709409179687501
1748973129990,0.17992584228515626,-0.037571868896484374,9.717791748046876
1748973130055,0.19115249633789064,-0.037272491455078126,9.715546417236329
1748973130119,0.18711090087890625,-0.036074981689453126,9.715097351074219
1748973130191,0.1772314453125,-0.0431103515625,9.724378051757814
1748973130254,0.16181350708007813,-0.04340972900390625,9.713001708984375
1748973130319,0.178428955078125,-0.0389190673828125,9.715247039794923
1748973130389,0.18411712646484377,-0.0335302734375,9.728719024658204
1748973130452,0.19160156250000002,-0.030835876464843752,9.72662338256836
1748973130519,0.17947677612304688,-0.03457809448242188,9.726773071289063
1748973130590,0.17199234008789063,-0.043559417724609376,9.723779296875
1748973130653,0.17947677612304688,-0.03742218017578125,9.71988739013672
1748973130719,0.17184265136718752,-0.044756927490234376,9.720037078857422
1748973130790,0.18112335205078126,-0.015118560791015626,9.730365600585937
1748973130854,0.21615051269531252,-0.037122802734375,9.76254867553711
1748973130919,0.20746856689453125,-0.024099884033203126,9.723928985595704
1748973130988,0.16929794311523438,-0.03981719970703125,9.700876922607423
1748973131053,0.16540603637695314,-0.033679962158203125,9.708511047363281
1748973131119,0.1686991882324219,-0.0437091064453125,9.703721008300782
1748973131188,0.18561401367187502,-0.03622467041015625,9.702074432373047
1748973131252,0.18037490844726564,-0.04056564331054688,9.704020385742188
1748973131319,0.1826202392578125,-0.04775070190429688,9.704469451904297
1748973131388,0.16540603637695314,-0.0335302734375,9.6998291015625
1748973131452,0.16929794311523438,-0.044756927490234376,9.695637817382813
1748973131519,0.16899856567382812,-0.03442840576171875,9.694889373779297
1748973131588,0.17588424682617188,-0.044008483886718755,9.696236572265626
1748973131653,0.16929794311523438,-0.040415954589843754,9.691296844482423
1748973131719,0.16914825439453127,-0.047151947021484376,9.689201202392578
1748973131788,0.1675016784667969,-0.043858795166015624,9.683662719726563
1748973131856,0.16420852661132812,-0.03338058471679688,9.690099334716797
1748973131923,0.18067428588867188,-0.03158432006835938,9.696685638427734
1748973131986,0.18471588134765626,-0.06466552734375,9.708061981201173
1748973132052,0.16585510253906252,-0.034877471923828125,9.682016143798828
1748973132119,0.173638916015625,-0.0425115966796875,9.695039062500001
1748973132190,0.16181350708007813,-0.04535568237304688,9.69159622192383
1748973132254,0.18411712646484377,-0.0383203125,9.685458984375
1748973132319,0.16390914916992189,-0.049097900390625004,9.693392486572266
1748973132388,0.1772314453125,-0.04834945678710938,9.697284393310547
1748973132456,0.1681004333496094,-0.03742218017578125,9.689350891113282
1748973132519,0.1872605895996094,-0.02963836669921875,9.696236572265626
1748973132589,0.18681152343750002,-0.039667510986328126,9.704918518066407
1748973132656,0.18531463623046876,-0.03787124633789063,9.688602447509766
1748973132719,0.14160552978515625,-0.039517822265625,9.680818634033203
1748973132789,0.16705261230468751,-0.0508941650390625,9.686057739257812
1748973132854,0.17154327392578125,-0.04086502075195313,9.687704315185547
1748973132918,0.1730401611328125,-0.03562591552734375,9.694290618896485
1748973132988,0.17633331298828125,-0.04026626586914063,9.687255249023439
1748973133055,0.14669494628906252,-0.03457809448242188,9.688003692626953
1748973133119,0.17498611450195314,-0.045505371093750004,9.693242797851562
1748973133189,0.18142272949218752,-0.05119354248046875,9.699380035400392
1748973133254,0.17004638671875,-0.042361907958984375,9.69788314819336
1748973133319,0.19175125122070313,-0.0383203125,9.704020385742188
1748973133388,0.17259109497070313,-0.03936813354492188,9.693691864013672
1748973133452,0.17498611450195314,-0.03981719970703125,9.706415405273438
1748973133519,0.18516494750976564,-0.05044509887695313,9.708810424804687
1748973133589,0.17618362426757814,-0.03697311401367188,9.70596633911133
1748973133654,0.17109420776367187,-0.03547622680664063,9.706565093994142
1748973133718,0.19100280761718752,-0.046253814697265624,9.712402954101563
1748973133789,0.18291961669921875,-0.0401165771484375,9.715247039794923
1748973133855,0.17468673706054688,-0.03577560424804688,9.704619140625
1748973133919,0.1770817565917969,-0.044307861328125,9.700876922607423
1748973133988,0.18351837158203127,-0.039218444824218754,9.708960113525391
1748973134053,0.18037490844726564,-0.03936813354492188,9.68830307006836
1748973134119,0.1676513671875,-0.029937744140625,9.694290618896485
1748973134188,0.17094451904296876,-0.03562591552734375,9.686506805419922
1748973134254,0.18516494750976564,-0.046403503417968756,9.722581787109375
1748973134319,0.19190093994140625,-0.048648834228515625,9.68590805053711
1748973134388,0.17199234008789063,-0.0532891845703125,9.711205444335938
1748973134452,0.15642471313476564,-0.036074981689453126,9.677226104736329
1748973134519,0.1573228454589844,-0.03592529296875,9.698182525634767
1748973134590,0.18232086181640625,-0.044008483886718755,9.701026611328125
1748973134654,0.18471588134765626,-0.03113525390625,9.70701416015625
1748973134719,0.1770817565917969,-0.037122802734375,9.698032836914063
1748973134789,0.18157241821289063,-0.03667373657226563,9.707612915039062
1748973134853,0.16181350708007813,-0.030686187744140628,9.698332214355469
1748973134919,0.17573455810546876,-0.046403503417968756,9.711504821777345
1748973134989,0.17019607543945314,-0.03263214111328125,9.686057739257812
1748973135052,0.18127304077148437,-0.0628692626953125,9.716743927001954
1748973135119,0.154478759765625,-0.03817062377929688,9.69788314819336
1748973135189,0.17408798217773438,-0.051492919921875005,9.698032836914063
1748973135254,0.1886077880859375,-0.02963836669921875,9.704918518066407
1748973135319,0.1981878662109375,-0.045505371093750004,9.708211669921875
1748973135388,0.17977615356445314,-0.03397933959960937,9.67438201904297
1748973135452,0.18920654296875,-0.037122802734375,9.719588012695313
1748973135519,0.15582595825195314,-0.07409591674804687,9.714049530029298
1748973135589,0.1802252197265625,-0.03817062377929688,9.697284393310547
1748973135655,0.19504440307617188,-0.044756927490234376,9.702822875976564
1748973135719,0.17887802124023439,-0.03278182983398438,9.70312225341797
1748973135790,0.16360977172851562,-0.036074981689453126,9.70701416015625
1748973135855,0.195194091796875,-0.03278182983398438,9.71704330444336
1748973135919,0.18755996704101563,-0.03577560424804688,9.711504821777345
1748973135989,0.1675016784667969,-0.04445755004882813,9.705367584228517
1748973136053,0.1826202392578125,-0.03742218017578125,9.713450775146486
1748973136119,0.16136444091796875,-0.038769378662109374,9.709259490966797
1748973136188,0.18486557006835938,-0.034877471923828125,9.713600463867188
1748973136254,0.17558486938476564,-0.03562591552734375,9.706265716552736
1748973136319,0.17259109497070313,-0.04655319213867188,9.710457000732422
1748973136390,0.18456619262695315,-0.04326004028320313,9.703721008300782
1748973136452,0.18157241821289063,-0.039667510986328126,9.712552642822265
1748973136519,0.16929794311523438,-0.03817062377929688,9.701176300048829
1748973136588,0.17034576416015626,-0.036374359130859374,9.692045288085938
1748973136655,0.18875747680664062,-0.03442840576171875,9.724827117919922
1748973136719,0.17753082275390625,-0.0401165771484375,9.704469451904297
1748973136790,0.17333953857421877,-0.05014572143554688,9.709109802246095
1748973136855,0.17917739868164062,-0.03323089599609375,9.71315139770508
1748973136923,0.18576370239257814,-0.03502716064453125,9.715247039794923
1748973136987,0.17872833251953127,-0.03577560424804688,9.708511047363281
1748973137052,0.18531463623046876,-0.045205993652343755,9.719737701416015
1748973137119,0.17513580322265626,-0.04580474853515625,9.721084899902344
1748973137188,0.18636245727539064,-0.0335302734375,9.717941436767578
1748973137253,0.18172210693359375,-0.034877471923828125,9.714797973632812
1748973137319,0.19908599853515627,-0.0383203125,9.724527740478516
1748973137390,0.17588424682617188,-0.046253814697265624,9.710756378173828
1748973137453,0.1770817565917969,-0.04535568237304688,9.722432098388673
1748973137519,0.18546432495117188,-0.025596771240234375,9.724527740478516
1748973137589,0.17977615356445314,-0.04894821166992188,9.71988739013672
1748973137655,0.1742376708984375,-0.03457809448242188,9.706116027832032
1748973137719,0.1886077880859375,-0.045954437255859376,9.71749237060547
1748973137788,0.162861328125,-0.03442840576171875,9.718240814208984
1748973137853,0.18621276855468752,-0.041164398193359375,9.707912292480469
1748973137919,0.1826202392578125,-0.04146377563476563,9.716145172119141
1748973137988,0.19654129028320313,-0.0431103515625,9.721084899902344
1748973138053,0.19010467529296876,-0.03278182983398438,9.708061981201173
1748973138119,0.1634600830078125,-0.04894821166992188,9.696086883544922
1748973138188,0.17094451904296876,-0.04834945678710938,9.69788314819336
1748973138252,0.18157241821289063,-0.04071533203125,9.708810424804687
1748973138319,0.17603393554687502,-0.029788055419921876,9.705367584228517
1748973138388,0.16615447998046876,-0.040415954589843754,9.705217895507813
1748973138452,0.19070343017578126,-0.0496966552734375,9.702373809814453
1748973138519,0.1722917175292969,-0.03936813354492188,9.694589996337891
1748973138590,0.16660354614257813,-0.03547622680664063,9.693242797851562
1748973138655,0.15762222290039063,-0.041164398193359375,9.69593719482422
1748973138719,0.17573455810546876,-0.055085449218750006,9.702822875976564
1748973138788,0.17318984985351563,-0.039667510986328126,9.69159622192383
1748973138852,0.16929794311523438,-0.03308120727539063,9.695188751220703
1748973138919,0.17259109497070313,-0.04266128540039063,9.692045288085938
1748973138988,0.17603393554687502,-0.04939727783203125,9.683962097167969
1748973139055,0.21794677734375,-0.06122268676757813,9.699230346679688
1748973139119,0.18276992797851563,-0.027093658447265627,9.706116027832032
1748973139189,0.1836680603027344,-0.05134323120117188,9.703870697021484
1748973139254,0.17857864379882812,-0.03577560424804688,9.709708557128907
1748973139319,0.16196319580078125,-0.041912841796875,9.694589996337891
1748973139389,0.16390914916992189,-0.045205993652343755,9.675729217529298
1748973139452,0.17588424682617188,-0.036074981689453126,9.711953887939453
1748973139520,0.1634600830078125,-0.03861968994140625,9.693242797851562
1748973139589,0.1734892272949219,-0.030386810302734376,9.693841552734375
1748973139654,0.18351837158203127,-0.052690429687500005,9.690398712158204
1748973139719,0.16241226196289063,-0.03188369750976563,9.698332214355469
1748973139790,0.18770965576171875,-0.044008483886718755,9.706116027832032
1748973139855,0.16914825439453127,-0.032183074951171876,9.706565093994142
1748973139919,0.18127304077148437,-0.03817062377929688,9.70312225341797
1748973139988,0.1730401611328125,-0.04894821166992188,9.710157623291016
1748973140052,0.17483642578125,-0.045056304931640624,9.708061981201173
1748973140119,0.1782792663574219,-0.04056564331054688,9.70746322631836
1748973140189,0.19025436401367188,-0.032931518554687504,9.711205444335938
1748973140254,0.19100280761718752,-0.043559417724609376,9.709708557128907
1748973140319,0.1770817565917969,-0.027692413330078127,9.719138946533203
1748973140389,0.18007553100585938,-0.04445755004882813,9.713450775146486
1748973140452,0.18127304077148437,-0.03682342529296875,9.700577545166016
1748973140519,0.17214202880859375,-0.03203338623046875,9.715396728515625
1748973140589,0.17977615356445314,-0.03562591552734375,9.701176300048829
1748973140655,0.17139358520507814,-0.028141479492187503,9.714049530029298
1748973140719,0.17558486938476564,-0.0520916748046875,9.711654510498047
1748973140789,0.17663269042968752,-0.03382965087890625,9.70267318725586
1748973140854,0.2029779052734375,-0.047151947021484376,9.712402954101563
1748973140919,0.1722917175292969,-0.030087432861328128,9.702972564697266
1748973140989,0.16046630859375,-0.03622467041015625,9.700876922607423
1748973141053,0.1728904724121094,-0.026943969726562503,9.706415405273438
1748973141126,0.19983444213867188,-0.03577560424804688,9.721683654785156
1748973141189,0.19235000610351563,-0.049097900390625004,9.71419921875
1748973141254,0.18276992797851563,-0.039517822265625,9.719288635253907
1748973141319,0.18576370239257814,-0.03338058471679688,9.708361358642579
1748973141389,0.16525634765625,-0.020806732177734377,9.71854019165039
1748973141452,0.18875747680664062,-0.04326004028320313,9.712852020263673
1748973141519,0.16256195068359375,-0.0401165771484375,9.692194976806642
1748973141590,0.1824705505371094,-0.03113525390625,9.719737701416015
1748973141655,0.18007553100585938,-0.03188369750976563,9.710157623291016
1748973141719,0.1790277099609375,-0.051492919921875005,9.6998291015625
1748973141788,0.15687377929687502,-0.032931518554687504,9.71464828491211
1748973141853,0.17498611450195314,-0.029937744140625,9.70596633911133
1748973141922,0.17154327392578125,-0.03906875610351563,9.698481903076173
1748973141986,0.1754351806640625,-0.05763015747070313,9.696236572265626
1748973142052,0.17872833251953127,-0.03622467041015625,9.711654510498047
1748973142119,0.1824705505371094,-0.035176849365234374,9.707912292480469
1748973142188,0.17887802124023439,-0.04685256958007813,9.698332214355469
1748973142255,0.18995498657226564,-0.06421646118164062,9.713600463867188
1748973142319,0.1772314453125,-0.04296066284179688,9.708061981201173
1748973142388,0.21106109619140626,-0.0431103515625,9.726324005126953
1748973142455,0.16899856567382812,-0.04326004028320313,9.704768829345703
1748973142519,0.17738113403320313,-0.024998016357421875,9.713450775146486
1748973142589,0.17468673706054688,-0.035176849365234374,9.71180419921875
1748973142652,0.17333953857421877,-0.04924758911132813,9.707313537597656
1748973142719,0.17618362426757814,-0.04176315307617188,9.705367584228517
1748973142788,0.17468673706054688,-0.049097900390625004,9.707912292480469
1748973142855,0.17259109497070313,-0.045205993652343755,9.708211669921875
1748973142919,0.1830693054199219,-0.03577560424804688,9.720785522460938
1748973142989,0.10433303833007813,0.02125579833984375,9.700427856445312
1748973143055,0.17753082275390625,-0.05074447631835938,9.727970581054688
1748973143119,0.19444564819335938,-0.04819976806640625,9.712852020263673
1748973143190,0.20013381958007814,-0.05044509887695313,9.676028594970704
1748973143255,0.1945953369140625,-0.02724334716796875,9.718839569091797
1748973143319,0.18276992797851563,-0.025297393798828127,9.723479919433593
1748973143390,0.1836680603027344,-0.037122802734375,9.720785522460938
1748973143452,0.19085311889648438,-0.0335302734375,9.721533966064454
1748973143519,0.1686991882324219,-0.031734008789062504,9.70417007446289
1748973143590,0.16675323486328125,-0.028590545654296876,9.70312225341797
1748973143653,0.1886077880859375,-0.03981719970703125,9.708061981201173
1748973143719,0.15283218383789063,-0.055085449218750006,9.708361358642579
1748973143789,0.17139358520507814,-0.037272491455078126,9.700427856445312
1748973143855,0.16091537475585938,-0.03547622680664063,9.710007934570314
1748973143919,0.2022294616699219,-0.04101470947265625,9.720635833740236
1748973143988,0.16914825439453127,-0.02604583740234375,9.713001708984375
1748973144054,0.21091140747070314,-0.05014572143554688,9.74533447265625
1748973144119,0.17753082275390625,0.006436614990234376,9.718091125488282
1748973144188,0.19878662109375,-0.034727783203125,9.720785522460938
1748973144254,0.2171983337402344,-0.0383203125,9.716893615722658
1748973144319,0.22034179687500002,-0.03787124633789063,9.722132720947267
1748973144389,0.19309844970703127,-0.04924758911132813,9.724976806640626
1748973144452,0.20522323608398438,-0.025596771240234375,9.7285693359375
1748973144526,0.18486557006835938,-0.035176849365234374,9.70985824584961
1748973144588,0.18142272949218752,-0.0652642822265625,9.71854019165039
1748973144652,0.16316070556640624,-0.012723541259765625,9.694589996337891
1748973144719,0.18291961669921875,-0.01466949462890625,9.722731475830079
1748973144789,0.18202148437500001,-0.04176315307617188,9.708361358642579
1748973144852,0.18561401367187502,-0.058528289794921876,9.724078674316408
1748973144919,0.19848724365234377,-0.042810974121093755,9.72572525024414
1748973144989,0.18920654296875,-0.035176849365234374,9.729766845703125
1748973145054,0.16510665893554688,-0.03382965087890625,9.712552642822265
1748973145125,0.16046630859375,-0.027991790771484375,9.705367584228517
1748973145189,0.23725662231445313,-0.04879852294921875,9.717791748046876
1748973145257,0.14504837036132814,-0.027393035888671875,9.705217895507813
1748973145319,0.18007553100585938,-0.03143463134765625,9.713450775146486
1748973145388,0.16031661987304688,-0.027692413330078127,9.709259490966797
1748973145459,0.1824705505371094,-0.022004241943359377,9.687854003906251
1748973145519,0.16630416870117187,-0.03562591552734375,9.713600463867188
1748973145589,0.19908599853515627,-0.03382965087890625,9.711953887939453
1748973145658,0.16720230102539063,-0.03861968994140625,9.700577545166016
1748973145719,0.17558486938476564,-0.021704864501953126,9.702523498535157
1748973145790,0.16914825439453127,-0.012424163818359375,9.691745910644531
1748973145855,0.17214202880859375,-0.0449066162109375,9.716444549560547
1748973145919,0.18396743774414062,-0.039966888427734375,9.713301086425782
1748973145989,0.16001724243164064,-0.06945556640625,9.725425872802735
1748973146054,0.17603393554687502,-0.04819976806640625,9.71135513305664
1748973146119,0.17797988891601563,-0.03338058471679688,9.698481903076173
1748973146189,0.15597564697265626,-0.042810974121093755,9.700128479003906
1748973146254,0.10912307739257814,-0.026195526123046875,9.717642059326172
1748973146319,0.11825408935546876,-0.04176315307617188,9.678573303222656
1748973146389,0.17648300170898437,-0.04565505981445313,9.715995483398437
1748973146457,0.16435821533203127,-0.03338058471679688,9.714498596191406
1748973146519,0.1898052978515625,-0.042361907958984375,9.723779296875
1748973146588,0.17558486938476564,-0.03592529296875,9.731114044189454
1748973146657,0.1550775146484375,-0.03427871704101563,9.695787506103516
1748973146719,0.13801300048828125,-0.002245330810546875,9.708960113525391
1748973146788,0.18875747680664062,-0.022602996826171878,9.68351303100586
1748973146853,0.14459930419921876,-0.00868194580078125,9.69309310913086
1748973146930,0.18396743774414062,-0.043858795166015624,9.718390502929688
1748973146986,0.14519805908203126,-0.03188369750976563,9.708810424804687
1748973147052,0.16181350708007813,-0.0293389892578125,9.693691864013672
1748973147119,0.1884580993652344,-0.047601013183593756,9.708960113525391
1748973147189,0.16795074462890625,-0.056582336425781254,9.725575561523438
1748973147253,0.1681004333496094,-0.04924758911132813,9.706415405273438
1748973147327,0.17812957763671877,-0.04266128540039063,9.716444549560547
1748973147389,0.16570541381835938,-0.05643264770507813,9.715396728515625
1748973147455,0.18396743774414062,-0.03667373657226563,9.715247039794923
1748973147519,0.1681004333496094,-0.0383203125,9.689051513671876
1748973147588,0.19489471435546876,-0.04460723876953125,9.708361358642579
1748973147655,0.18696121215820313,-0.034877471923828125,9.6998291015625
1748973147719,0.20088226318359376,-0.05598358154296875,9.721683654785156
1748973147788,0.16974700927734376,-0.03308120727539063,9.698631591796875
1748973147853,0.19489471435546876,-0.037721557617187505,9.72183334350586
1748973147919,0.19594253540039064,-0.05014572143554688,9.724527740478516
1748973147988,0.16151412963867187,-0.04805007934570313,9.698481903076173
1748973148055,0.15971786499023438,-0.045954437255859376,9.70417007446289
1748973148119,0.1538800048828125,-0.023501129150390626,9.716145172119141
1748973148189,0.17244140625,-0.055384826660156254,9.708061981201173
1748973148255,0.14684463500976563,-0.044307861328125,9.686207427978516
1748973148319,0.1826202392578125,-0.03936813354492188,9.710906066894532
1748973148390,0.18351837158203127,-0.03697311401367188,9.711953887939453
1748973148458,0.18830841064453127,-0.05059478759765625,9.716594238281251
1748973148519,0.18711090087890625,-0.045056304931640624,9.71030731201172
1748973148589,0.1836680603027344,-0.050295410156250005,9.730066223144531
1748973148657,0.18471588134765626,-0.0449066162109375,9.71315139770508
1748973148719,0.17259109497070313,-0.042361907958984375,9.695787506103516
1748973148790,0.18007553100585938,-0.0508941650390625,9.699679412841798
1748973148855,0.17333953857421877,-0.03323089599609375,9.71135513305664
1748973148919,0.1884580993652344,-0.03502716064453125,9.710606689453126
1748973148989,0.18681152343750002,-0.03861968994140625,9.70701416015625
1748973149055,0.1986369323730469,-0.06616241455078126,9.698182525634767
1748973149119,0.18291961669921875,-0.039218444824218754,9.699529724121094
1748973149188,0.1922003173828125,-0.03906875610351563,9.724378051757814
1748973149255,0.15837066650390627,-0.053738250732421874,9.710457000732422
1748973149319,0.08472381591796875,0.06346801757812501,9.644593963623047
1748973149388,0.21046234130859376,-0.056133270263671875,9.709259490966797
1748973149457,0.17154327392578125,-0.019010467529296877,9.71419921875
1748973149519,0.18291961669921875,-0.06301895141601563,9.716893615722658
1748973149588,0.19160156250000002,-0.037721557617187505,9.696236572265626
1748973149655,0.1490899658203125,-0.023501129150390626,9.712253265380859
1748973149726,0.17588424682617188,-0.026345214843750003,9.707762603759766
1748973149788,0.24339385986328127,-0.06331832885742188,9.719737701416015
1748973149854,0.16600479125976564,0.002245330810546875,9.690099334716797
1748973149919,0.2171983337402344,-0.03442840576171875,9.722282409667969
1748973149988,0.2797682189941406,-0.11391311645507814,9.751022644042969
1748973150054,0.17753082275390625,-0.08053253173828126,9.703421630859376
1748973150119,0.17498611450195314,-0.02844085693359375,9.724378051757814
1748973150188,0.16795074462890625,-0.0484991455078125,9.721084899902344
1748973150259,0.16615447998046876,-0.043858795166015624,9.72572525024414
1748973150319,0.1932481384277344,-0.03442840576171875,9.720037078857422
1748973150388,0.18681152343750002,-0.039218444824218754,9.696535949707032
1748973150458,0.15717315673828125,-0.0449066162109375,9.706116027832032
1748973150519,0.16181350708007813,-0.04954696655273438,9.707163848876954
1748973150592,0.1686991882324219,-0.030386810302734376,9.70267318725586
1748973150652,0.18082397460937502,-0.05134323120117188,9.686357116699218
1748973150719,0.16166381835937502,-0.02963836669921875,9.698481903076173
1748973150788,0.1754351806640625,-0.041912841796875,9.712552642822265
1748973150854,0.1477427673339844,-0.02784210205078125,9.694290618896485
1748973150919,0.1742376708984375,-0.044008483886718755,9.694589996337891
1748973150989,0.16375946044921877,-0.03981719970703125,9.70746322631836
1748973151060,0.19354751586914062,-0.04805007934570313,9.715097351074219
1748973151119,0.1754351806640625,-0.035176849365234374,9.704619140625
1748973151188,0.18830841064453127,-0.028740234375,9.70551727294922
1748973151259,0.16540603637695314,-0.038769378662109374,9.705217895507813
1748973151319,0.17648300170898437,-0.04685256958007813,9.70267318725586
1748973151389,0.18276992797851563,-0.030087432861328128,9.706864471435548
1748973151457,0.17034576416015626,-0.038470001220703126,9.710906066894532
1748973151519,0.16854949951171877,-0.04296066284179688,9.715995483398437
1748973151589,0.18546432495117188,-0.0508941650390625,9.710007934570314
1748973151655,0.13142669677734375,-0.05673202514648438,9.679621124267578
1748973151719,0.16375946044921877,-0.047451324462890625,9.70417007446289
1748973151789,0.15597564697265626,-0.035326538085937505,9.721084899902344
1748973151854,0.21001327514648438,-0.06122268676757813,9.729467468261719
1748973151923,0.16420852661132812,-0.03936813354492188,9.704918518066407
1748973151986,0.17693206787109375,-0.045056304931640624,9.720785522460938
1748973152054,0.1776805114746094,-0.03382965087890625,9.717642059326172
1748973152119,0.17034576416015626,-0.04026626586914063,9.717941436767578
1748973152188,0.18037490844726564,-0.031734008789062504,9.71419921875
1748973152257,0.17648300170898437,-0.036374359130859374,9.725425872802735
1748973152319,0.1682501220703125,-0.04326004028320313,9.710007934570314
1748973152388,0.17603393554687502,-0.05792953491210938,9.71270233154297
1748973152456,0.17034576416015626,-0.03323089599609375,9.715097351074219
1748973152519,0.17408798217773438,-0.037122802734375,9.708511047363281
1748973152588,0.17558486938476564,-0.04775070190429688,9.706864471435548
1748973152654,0.17678237915039063,-0.044008483886718755,9.720785522460938
1748973152719,0.17977615356445314,-0.04026626586914063,9.703421630859376
1748973152789,0.17857864379882812,-0.03562591552734375,9.701325988769531
1748973152854,0.17693206787109375,-0.039667510986328126,9.715247039794923
1748973152919,0.18142272949218752,-0.045056304931640624,9.709109802246095
1748973152988,0.18681152343750002,-0.03981719970703125,9.721084899902344
1748973153055,0.18082397460937502,-0.04266128540039063,9.709708557128907
1748973153119,0.19714004516601563,-0.06271957397460938,9.71854019165039
1748973153188,0.13172607421875002,-0.04415817260742188,9.705367584228517
1748973153254,0.14130615234375002,-0.051043853759765626,9.69548812866211
1748973153319,0.2130070495605469,-0.07529342651367188,9.712253265380859
1748973153388,0.1926493835449219,-0.046253814697265624,9.71704330444336
1748973153457,0.16091537475585938,-0.06571334838867188,9.710157623291016
1748973153519,0.19504440307617188,-0.052690429687500005,9.716594238281251
1748973153588,0.17693206787109375,-0.05942642211914063,9.714947662353516
1748973153655,0.17932708740234377,-0.045505371093750004,9.718390502929688
1748973153719,0.18351837158203127,-0.0437091064453125,9.714049530029298
1748973153789,0.16959732055664065,-0.0556842041015625,9.712852020263673
1748973153855,0.18591339111328126,-0.0401165771484375,9.71419921875
1748973153919,0.18157241821289063,-0.049846343994140625,9.729467468261719
1748973153989,0.19564315795898438,-0.049097900390625004,9.720037078857422
1748973154053,0.1802252197265625,-0.0449066162109375,9.717342681884766
1748973154124,0.18217117309570313,-0.0496966552734375,9.700727233886719
1748973154188,0.18127304077148437,-0.031284942626953124,9.724378051757814
1748973154254,0.17917739868164062,-0.060474243164062504,9.713001708984375
1748973154320,0.14983840942382814,-0.051043853759765626,9.722581787109375
1748973154388,0.18172210693359375,-0.02903961181640625,9.707612915039062
1748973154457,0.0844244384765625,-0.043559417724609376,9.72467742919922
1748973154519,0.118553466796875,-0.060923309326171876,9.681716766357422
1748973154588,0.2016307067871094,-0.07394622802734375,9.718839569091797
1748973154655,0.16675323486328125,-0.08532257080078126,9.711055755615234
1748973154719,0.16615447998046876,-0.020207977294921877,9.705816650390625
1748973154788,0.19309844970703127,-0.06316864013671876,9.72422836303711
1748973154857,0.16510665893554688,-0.03263214111328125,9.707762603759766
1748973154919,0.18172210693359375,-0.04834945678710938,9.699529724121094
1748973154988,0.19100280761718752,-0.03936813354492188,9.722731475830079
1748973155054,0.16705261230468751,-0.039218444824218754,9.72138427734375
1748973155119,0.17214202880859375,-0.03562591552734375,9.717642059326172
1748973155188,0.17408798217773438,-0.02125579833984375,9.727671203613282
1748973155253,0.23007156372070314,-0.009729766845703125,9.743987274169923
1748973155319,0.13995895385742188,-0.03981719970703125,9.709109802246095
1748973155388,0.20642074584960937,-0.017812957763671877,9.7189892578125
1748973155458,0.16795074462890625,-0.03547622680664063,9.707163848876954
1748973155519,0.17109420776367187,-0.046702880859375004,9.730664978027344
1748973155589,0.18920654296875,-0.030686187744140628,9.719138946533203
1748973155654,0.1776805114746094,-0.05358856201171875,9.700577545166016
1748973155725,0.19384689331054689,-0.04340972900390625,9.71943832397461
1748973155789,0.1872605895996094,-0.030686187744140628,9.711205444335938
1748973155854,0.15492782592773438,-0.016016693115234376,9.698631591796875
1748973155919,0.18441650390625,-0.0508941650390625,9.715097351074219
1748973155988,0.18950592041015626,-0.053738250732421874,9.72901840209961
1748973156054,0.17812957763671877,0.0016465759277343752,9.757908325195313
1748973156119,0.16016693115234376,-0.06182144165039063,9.691446533203125
1748973156189,0.16974700927734376,-0.022303619384765626,9.704918518066407
1748973156258,0.1633103942871094,-0.0520916748046875,9.702074432373047
1748973156319,0.19714004516601563,-0.04700225830078125,9.711654510498047
1748973156388,0.17603393554687502,-0.03203338623046875,9.720935211181642
1748973156457,0.17588424682617188,-0.047151947021484376,9.710906066894532
1748973156519,0.18516494750976564,-0.023351440429687502,9.71315139770508
1748973156588,0.2125579833984375,-0.039517822265625,9.725425872802735
1748973156658,0.1974394226074219,-0.04101470947265625,9.727371826171876
1748973156719,0.18591339111328126,-0.0389190673828125,9.709259490966797
1748973156788,0.159268798828125,-0.026943969726562503,9.710457000732422
1748973156855,0.20432510375976565,-0.02903961181640625,9.72707244873047
1748973156926,0.16360977172851562,-0.037721557617187505,9.709259490966797
1748973156986,0.1627116394042969,-0.016615447998046876,9.69743408203125
1748973157052,0.20941452026367188,-0.017214202880859376,9.717941436767578
1748973157119,0.2076182556152344,-0.037571868896484374,9.725425872802735
1748973157188,0.16705261230468751,-0.04535568237304688,9.700876922607423
1748973157255,0.16480728149414064,-0.05194198608398438,9.708660736083985
1748973157319,0.17588424682617188,-0.04266128540039063,9.706116027832032
1748973157388,0.18291961669921875,-0.027692413330078127,9.715097351074219
1748973157458,0.19399658203125,-0.03188369750976563,9.738299102783204
1748973157519,0.19773880004882813,-0.04685256958007813,9.711953887939453
1748973157588,0.17947677612304688,-0.052989807128906254,9.70985824584961
1748973157655,0.1550775146484375,-0.031734008789062504,9.697284393310547
1748973157719,0.1633103942871094,-0.032931518554687504,9.700577545166016
1748973157788,0.14459930419921876,-0.03936813354492188,9.698930969238281
1748973157856,0.19908599853515627,-0.04460723876953125,9.704768829345703
1748973157919,0.13067825317382814,-0.035176849365234374,9.706565093994142
1748973157988,0.18965560913085938,-0.04206253051757813,9.72467742919922
1748973158055,0.1874102783203125,-0.061372375488281256,9.698631591796875
1748973158119,0.16570541381835938,-0.046403503417968756,9.705666961669923
1748973158188,0.1694476318359375,-0.038769378662109374,9.704319763183594
1748973158255,0.17947677612304688,-0.053738250732421874,9.71270233154297
1748973158325,0.20552261352539064,-0.0484991455078125,9.720635833740236
1748973158388,0.18995498657226564,-0.052241363525390626,9.702972564697266
1748973158458,0.17274078369140625,-0.04894821166992188,9.735155639648438
1748973158520,0.1898052978515625,-0.045954437255859376,9.71749237060547
1748973158589,0.1922003173828125,-0.07708969116210938,9.72467742919922
1748973158655,0.18561401367187502,-0.04685256958007813,9.704918518066407
1748973158720,0.18037490844726564,-0.06002517700195313,9.716594238281251
1748973158789,0.16839981079101562,-0.0580792236328125,9.700876922607423
1748973158855,0.10672805786132813,-0.05014572143554688,9.66584976196289
1748973158920,0.12708572387695313,-0.07813751220703126,9.687404937744141
1748973158988,0.16555572509765626,-0.0520916748046875,9.715247039794923
1748973159057,0.23575973510742188,-0.06825805664062501,9.73904754638672
1748973159120,0.19384689331054689,-0.0508941650390625,9.709259490966797
1748973159189,0.20267852783203125,-0.08247848510742188,9.710606689453126
1748973159257,0.16510665893554688,-0.047451324462890625,9.695787506103516
1748973159320,0.24084915161132814,-0.07574249267578126,9.70701416015625
1748973159388,0.14864089965820312,-0.05703140258789063,9.675729217529298
1748973159458,0.16780105590820313,-0.04445755004882813,9.693991241455079
1748973159520,0.1574725341796875,-0.044756927490234376,9.720935211181642
1748973159588,0.19444564819335938,-0.03861968994140625,9.734556884765626
1748973159654,0.16645385742187502,-0.04805007934570313,9.68979995727539
1748973159724,0.19474502563476564,-0.048648834228515625,9.723030853271485
1748973159788,0.20642074584960937,-0.06990463256835938,9.727521514892578
1748973159858,0.19549346923828126,-0.03382965087890625,9.696086883544922
1748973159920,0.164058837890625,-0.04834945678710938,9.707313537597656
1748973159989,0.17738113403320313,-0.04805007934570313,9.70985824584961
1748973160055,0.19983444213867188,-0.05523513793945313,9.722132720947267
1748973160120,0.21390518188476565,-0.059725799560546876,9.729317779541017
1748973160188,0.18905685424804688,-0.053887939453125006,9.701325988769531
1748973160257,0.1886077880859375,-0.03787124633789063,9.707912292480469
1748973160320,0.21794677734375,-0.03817062377929688,9.75251953125
1748973160388,0.2231858825683594,-0.06750961303710938,9.718091125488282
1748973160457,0.19055374145507814,-0.037272491455078126,9.716893615722658
1748973160520,0.1872605895996094,-0.04266128540039063,9.69878128051758
1748973160589,0.1734892272949219,-0.0473016357421875,9.71135513305664
1748973160653,0.17483642578125,-0.049846343994140625,9.697134704589844
1748973160725,0.1872605895996094,-0.05239105224609375,9.690847778320313
1748973160788,0.18097366333007814,-0.0383203125,9.70746322631836
1748973160854,0.17139358520507814,-0.045954437255859376,9.701325988769531
1748973160920,0.17274078369140625,-0.03427871704101563,9.706864471435548
1748973160988,0.25297393798828127,-0.05403762817382813,9.720635833740236
1748973161055,0.16166381835937502,-0.0508941650390625,9.71704330444336
1748973161120,0.13936019897460938,-0.06077362060546875,9.68306396484375
1748973161188,0.16360977172851562,-0.05822891235351563,9.715995483398437
1748973161253,0.16375946044921877,-0.016465759277343752,9.739346923828126
1748973161320,0.2183958435058594,-0.06466552734375,9.726922760009765
1748973161388,0.18935623168945315,-0.03502716064453125,9.714498596191406
1748973161458,0.14325210571289063,-0.04326004028320313,9.701924743652345
1748973161520,0.15462844848632815,-0.058977355957031255,9.75865676879883
1748973161594,0.19714004516601563,-0.0700543212890625,9.721234588623048
1748973161658,0.17274078369140625,-0.05164260864257813,9.71943832397461
1748973161720,0.143701171875,-0.047151947021484376,9.707762603759766
1748973161788,0.1778302001953125,-0.054187316894531254,9.709708557128907
1748973161855,0.19444564819335938,-0.054187316894531254,9.72033645629883
1748973161923,0.18606307983398437,-0.04685256958007813,9.72183334350586
1748973161987,0.19040405273437502,-0.06900650024414062,9.760752410888673
1748973162054,0.19444564819335938,-0.05673202514648438,9.721683654785156
1748973162124,0.16046630859375,-0.046253814697265624,9.718839569091797
1748973162192,0.17393829345703127,-0.07394622802734375,9.725126495361328
1748973162258,0.17049545288085938,-0.05044509887695313,9.71704330444336
1748973162320,0.1550775146484375,-0.04924758911132813,9.726473693847657
1748973162392,0.16899856567382812,-0.05792953491210938,9.7285693359375
1748973162457,0.17513580322265626,-0.060174865722656255,9.709558868408203
1748973162520,0.1478924560546875,-0.037272491455078126,9.711504821777345
1748973162593,0.17094451904296876,-0.04775070190429688,9.7285693359375
1748973162659,0.19294876098632813,-0.05478607177734375,9.747130737304689
1748973162719,0.19444564819335938,-0.07095245361328126,9.737400970458985
1748973162788,0.1742376708984375,-0.031284942626953124,9.72707244873047
1748973162854,0.1694476318359375,-0.04775070190429688,9.720935211181642
1748973162924,0.16420852661132812,-0.0425115966796875,9.71180419921875
1748973162993,0.17064514160156252,-0.060474243164062504,9.717941436767578
1748973163059,0.16705261230468751,-0.058977355957031255,9.752070465087892
1748973163120,0.17438735961914065,-0.06451583862304688,9.723629608154297
1748973163194,0.17169296264648437,-0.05119354248046875,9.707912292480469
1748973163257,0.1580712890625,-0.041164398193359375,9.738748168945312
1748973163319,0.17318984985351563,-0.04415817260742188,9.731114044189454
1748973163394,0.17169296264648437,-0.047601013183593756,9.717791748046876
1748973163458,0.17498611450195314,-0.05014572143554688,9.725575561523438
1748973163520,0.16660354614257813,-0.05882766723632813,9.698182525634767
1748973163592,0.1333726501464844,-0.06810836791992188,9.700727233886719
1748973163656,0.12903167724609377,-0.06346801757812501,9.710457000732422
1748973163720,0.18711090087890625,-0.04101470947265625,9.690548400878907
1748973163791,0.18696121215820313,-0.05134323120117188,9.70551727294922
1748973163856,0.17004638671875,-0.07110214233398438,9.711953887939453
1748973163920,0.17573455810546876,-0.0844244384765625,9.715247039794923
1748973163994,0.19654129028320313,-0.05822891235351563,9.70596633911133
1748973164056,0.1920506286621094,-0.05523513793945313,9.695039062500001
1748973164124,0.19175125122070313,-0.06496490478515625,9.708361358642579
1748973164193,0.18082397460937502,-0.05403762817382813,9.695039062500001
1748973164257,0.18067428588867188,-0.052241363525390626,9.701924743652345
1748973164320,0.1681004333496094,-0.06152206420898438,9.707612915039062
1748973164394,0.17498611450195314,-0.056282958984375006,9.705816650390625
1748973164456,0.20447479248046876,-0.045205993652343755,9.709708557128907
1748973164520,0.11930191040039063,-0.05179229736328125,9.683812408447267
1748973164588,0.15822097778320313,-0.03981719970703125,9.697733459472657
1748973164654,0.18995498657226564,-0.0532891845703125,9.681267700195313
1748973164720,0.1525328063964844,-0.0449066162109375,9.69698501586914
1748973164789,0.04954696655273438,-0.0401165771484375,9.710906066894532
1748973164852,0.1383123779296875,-0.10493179321289063,9.685758361816406
1748973164920,0.143701171875,-0.038470001220703126,9.708511047363281
1748973164987,0.17154327392578125,-0.08277786254882813,9.703271942138672
1748973165056,0.18007553100585938,-0.025746459960937502,9.705666961669923
1748973165120,0.13786331176757813,-0.03562591552734375,9.670639801025391
1748973165189,0.16555572509765626,-0.053438873291015626,9.694440307617189
1748973165255,0.16839981079101562,-0.04879852294921875,9.719737701416015
1748973165320,0.16839981079101562,-0.0520916748046875,9.725874938964845
1748973165388,0.18516494750976564,-0.04460723876953125,9.701775054931641
1748973165458,0.16675323486328125,-0.0425115966796875,9.6998291015625
1748973165523,0.16780105590820313,-0.047601013183593756,9.717941436767578
1748973165588,0.142503662109375,-0.043559417724609376,9.701325988769531
1748973165654,0.16256195068359375,-0.011675720214843751,9.696685638427734
1748973165724,0.20148101806640625,-0.05358856201171875,9.733359375000001
1748973165789,0.15971786499023438,-0.030835876464843752,9.69878128051758
1748973165855,0.18172210693359375,-0.051043853759765626,9.706116027832032
1748973165920,0.17857864379882812,-0.045056304931640624,9.73575439453125
1748973165989,0.18007553100585938,-0.0496966552734375,9.712402954101563
1748973166055,0.16540603637695314,-0.0473016357421875,9.691296844482423
1748973166120,0.17648300170898437,-0.0580792236328125,9.707313537597656
1748973166189,0.19384689331054689,-0.0556842041015625,9.72901840209961
1748973166254,0.20103195190429687,-0.0580792236328125,9.717342681884766
1748973166325,0.20193008422851563,-0.061372375488281256,9.723779296875
1748973166389,0.1483415222167969,-0.05792953491210938,9.701026611328125
1748973166458,0.18516494750976564,-0.06122268676757813,9.716743927001954
1748973166520,0.22588027954101564,-0.05164260864257813,9.753866729736329
1748973166589,0.1681004333496094,-0.04939727783203125,9.687854003906251
1748973166654,0.1728904724121094,-0.052241363525390626,9.69069808959961
1748973166720,0.18516494750976564,-0.045056304931640624,9.771829376220703
1748973166789,0.14983840942382814,-0.062420196533203125,9.686057739257812
1748973166854,0.1395098876953125,-0.035176849365234374,9.710007934570314
1748973166923,0.17483642578125,-0.052989807128906254,9.695637817382813
1748973166987,0.19504440307617188,-0.03936813354492188,9.738748168945312
1748973167053,0.18291961669921875,-0.04445755004882813,9.697134704589844
1748973167124,0.16510665893554688,-0.04326004028320313,9.712103576660157
1748973167193,0.18965560913085938,-0.045954437255859376,9.729168090820313
1748973167256,0.21420455932617188,-0.04101470947265625,9.75057357788086
1748973167324,0.18546432495117188,-0.03906875610351563,9.706265716552736
1748973167389,0.17438735961914065,-0.046403503417968756,9.704469451904297
1748973167454,0.19190093994140625,-0.03113525390625,9.730515289306641
1748973167519,0.1669029235839844,-0.06152206420898438,9.721983032226563
1748973167589,0.17004638671875,-0.04999603271484375,9.707313537597656
1748973167657,0.18950592041015626,-0.039966888427734375,9.726922760009765
1748973167720,0.18905685424804688,-0.044307861328125,9.721683654785156
1748973167789,0.15178436279296875,-0.040415954589843754,9.692194976806642
1748973167855,0.1694476318359375,-0.055085449218750006,9.716594238281251
1748973167919,0.22842498779296877,-0.051492919921875005,9.736802215576173
1748973167989,0.18202148437500001,-0.05643264770507813,9.701325988769531
1748973168054,0.162861328125,-0.0520916748046875,9.714797973632812
1748973168120,0.20312759399414063,-0.04580474853515625,9.738299102783204
1748973168189,0.1730401611328125,-0.041164398193359375,9.705666961669923
1748973168258,0.17154327392578125,-0.07065307617187501,9.701924743652345
1748973168320,0.17438735961914065,-0.053738250732421874,9.715995483398437
1748973168389,0.2034269714355469,-0.06691085815429688,9.733958129882813
1748973168457,0.17169296264648437,-0.04805007934570313,9.710756378173828
1748973168520,0.19953506469726565,-0.055384826660156254,9.722432098388673
1748973168590,0.19504440307617188,-0.045954437255859376,9.712852020263673
1748973168654,0.1531315612792969,-0.0449066162109375,9.715097351074219
1748973168720,0.1836680603027344,-0.0461041259765625,9.708361358642579
1748973168789,0.16959732055664065,-0.04819976806640625,9.707612915039062
1748973168858,0.18037490844726564,-0.051492919921875005,9.711953887939453
1748973168920,0.18172210693359375,-0.05074447631835938,9.70551727294922
1748973168989,0.18351837158203127,-0.05014572143554688,9.712402954101563
1748973169055,0.18486557006835938,-0.050295410156250005,9.714947662353516
1748973169120,0.18202148437500001,-0.04954696655273438,9.718240814208984
1748973169189,0.1886077880859375,-0.050295410156250005,9.701325988769531
1748973169254,0.178428955078125,-0.057330780029296875,9.70551727294922
1748973169320,0.18202148437500001,-0.057330780029296875,9.709259490966797
1748973169389,0.20986358642578126,-0.05059478759765625,9.732012176513672
1748973169457,0.1790277099609375,-0.04879852294921875,9.679321746826172
1748973169520,0.17169296264648437,-0.054636383056640626,9.707163848876954
1748973169589,0.17663269042968752,-0.043858795166015624,9.704319763183594
1748973169654,0.15118560791015626,-0.012424163818359375,9.693991241455079
1748973169720,0.2377056884765625,-0.1347198486328125,9.777816925048828
1748973169789,0.1734892272949219,-0.06122268676757813,9.719588012695313
1748973169855,0.15552658081054688,-0.016016693115234376,9.69698501586914
1748973169920,0.19190093994140625,-0.06601272583007813,9.721683654785156
1748973169988,0.19579284667968752,-0.04805007934570313,9.712552642822265
1748973170053,0.17588424682617188,-0.06361770629882812,9.709409179687501
1748973170124,0.16181350708007813,-0.0940045166015625,9.708960113525391
1748973170189,0.164058837890625,-0.03397933959960937,9.71180419921875
1748973170255,0.19040405273437502,-0.0484991455078125,9.729766845703125
1748973170320,0.17019607543945314,-0.07933502197265625,9.704020385742188
1748973170388,0.24908203125,-0.019010467529296877,9.768386535644531
1748973170456,0.19504440307617188,-0.060923309326171876,9.699230346679688
1748973170520,0.1878593444824219,-0.08083190917968751,9.708061981201173
1748973170590,0.14190490722656252,-0.08861572265625,9.715845794677735
1748973170654,0.04086502075195313,-0.22348526000976562,9.72467742919922
1748973170720,0.2537223815917969,-0.02005828857421875,9.754166107177735
1748973170789,0.23725662231445313,-0.0197589111328125,9.689051513671876
1748973170854,0.3499722290039063,0.09849517822265626,9.675429840087892
1748973170920,0.085023193359375,-0.06346801757812501,9.697284393310547
1748973170989,0.26345214843750003,0.0016465759277343752,9.713301086425782
1748973171054,0.21270767211914063,-0.031284942626953124,9.691895599365235
1748973171123,0.18606307983398437,-0.0718505859375,9.702224121093751
1748973171189,0.27812164306640624,-0.04999603271484375,9.746531982421876
1748973171258,0.0628692626953125,0.011975097656250001,9.657317504882814
1748973171320,0.3106040954589844,-0.03936813354492188,9.741143188476563
1748973171389,0.20462448120117188,-0.18456619262695315,9.746232604980468
1748973171456,0.1770817565917969,-0.010927276611328125,9.662257232666017
1748973171523,0.1818717956542969,-0.052989807128906254,9.704319763183594
1748973171588,0.17872833251953127,-0.06271957397460938,9.712552642822265
1748973171654,0.2285746765136719,0.00449066162109375,9.692045288085938
1748973171723,0.13427078247070312,-0.12109817504882812,9.685159606933594
1748973171788,0.13262420654296875,-0.061072998046875,9.683363342285157
1748973171854,0.2130070495605469,0.0580792236328125,9.708960113525391
1748973171930,0.21151016235351563,-0.0532891845703125,9.713750152587892
1748973171987,0.22168899536132813,-0.0622705078125,9.71704330444336
1748973172053,0.19115249633789064,-0.05074447631835938,9.711504821777345
1748973172126,0.1824705505371094,-0.09909393310546875,9.731563110351564
1748973172188,0.23785537719726563,0.058528289794921876,9.694739685058595
1748973172255,0.11271560668945313,-0.12469070434570313,9.708361358642579
1748973172320,0.28036697387695314,0.027991790771484375,9.692344665527344
1748973172388,0.20058288574218752,-0.08292755126953126,9.703721008300782
1748973172452,0.204774169921875,-0.009430389404296876,9.704020385742188
1748973172520,0.20207977294921875,-0.052241363525390626,9.705068206787109
1748973172589,0.21480331420898438,-0.05239105224609375,9.689051513671876
1748973172653,0.209564208984375,-0.027093658447265627,9.686207427978516
1748973172722,0.14205459594726563,-0.130528564453125,9.729617156982423
1748973172789,0.26300308227539065,0.018711090087890625,9.714498596191406
1748973172856,0.15058685302734376,-0.03936813354492188,9.723479919433593
1748973172920,0.204774169921875,-0.037721557617187505,9.712402954101563
1748973172989,0.23082000732421876,-0.0688568115234375,9.704768829345703
1748973173054,0.16839981079101562,-0.09445358276367188,9.705068206787109
1748973173120,0.21450393676757815,-0.001197509765625,9.71988739013672
1748973173188,0.21749771118164063,-0.011226654052734375,9.700427856445312
1748973173253,0.15328125,-0.08562194824218751,9.71030731201172
1748973173320,0.2559677124023438,0.007035369873046876,9.712402954101563
1748973173390,0.2321672058105469,-0.04655319213867188,9.730365600585937
1748973173458,0.17992584228515626,-0.07918533325195314,9.717192993164064
1748973173520,0.3062631225585938,0.05284011840820313,9.696386260986328
1748973173589,0.086220703125,-0.8391549682617188,9.837991790771484
1748973173655,0.4535568237304688,-0.04685256958007813,9.313482513427735
1748973173720,0.11256591796875001,-0.30326934814453127,9.771829376220703
1748973173789,0.09909393310546875,0.007634124755859375,9.737101593017579
1748973173854,0.5882766723632813,0.28455825805664064,9.660161590576172
1748973173920,0.22348526000976562,-0.3143463134765625,9.930499420166017
1748973173989,0.32721954345703125,0.18905685424804688,9.798623657226562
1748973174054,0.21794677734375,0.12289443969726563,9.66046096801758
1748973174120,0.10508148193359376,0.024399261474609375,9.640851745605469
1748973174189,0.40625518798828125,-0.0059875488281250005,9.765692138671875
1748973174255,-0.10882369995117189,-0.437091064453125,9.818681945800781
1748973174320,0.4424798583984375,0.13681549072265625,9.736353149414063
1748973174389,-0.41314086914062503,-0.3297642517089844,9.686806182861329
1748973174456,0.8699908447265625,0.4667294311523438,9.618997192382812
1748973174520,0.8988807678222657,-0.058977355957031255,9.761051788330079
1748973174589,-5.930816802978516,-5.256169738769532,7.833210754394532
1748973174654,0.16914825439453127,-4.307143249511719,12.275073852539062
1748973174720,-5.91854232788086,-5.299280090332031,16.102913818359376
1748973174789,-3.4446368408203125,-1.1380833435058595,11.82750457763672
1748973174853,-7.048093414306641,-2.574496307373047,13.200898590087892
1748973174920,-4.578528900146485,-3.656596069335938,12.500654754638672
1748973174988,-3.606300659179688,-0.8900491333007813,8.397686920166016
1748973175054,-2.7006838989257815,-1.3918057250976563,8.524473266601563
1748973175120,4.843328247070313,-3.5712734985351564,4.338577880859376
1748973175188,1.6976197814941407,-1.5477813720703126,8.57506805419922
1748973175253,0.5303471374511719,-0.3396437072753906,7.213050384521485
1748973175320,1.6197816467285158,2.9362939453125003,7.345225524902344
1748973175389,1.5081138610839844,2.6764343261718753,7.692653045654297
1748973175456,1.1503578186035157,4.025129699707032,8.30727493286133
1748973175520,0.7021897888183594,3.5515145874023437,7.980055389404297
1748973175589,0.6444099426269532,4.365372161865235,8.014483795166017
1748973175653,0.37018020629882814,4.4915597534179685,8.02810546875
1748973175719,0.7009922790527344,4.177213439941406,9.438921661376954
1748973175789,0.8589138793945313,3.945345611572266,8.607400817871094
1748973175853,1.1217672729492187,3.986510009765625,7.896529083251954
1748973175919,0.8764274597167969,4.276457061767578,8.427774353027344
1748973175988,0.8144563293457031,4.184398498535156,8.759185180664064
1748973176056,0.566422119140625,4.16972900390625,8.993747406005859
1748973176120,0.5770500183105469,4.115691375732422,9.076974334716798
1748973176188,0.750838623046875,4.1183857727050786,8.842262420654297
1748973176255,0.9104067993164063,4.097579040527344,8.27479248046875
1748973176320,0.7194039916992188,4.394262084960937,8.986562347412109
1748973176389,0.7340734863281251,4.298461303710938,8.364605712890626
1748973176456,0.7276368713378907,4.0442898559570315,8.523275756835938
1748973176520,0.7119195556640625,4.111799468994141,8.650660858154298
1748973176588,0.6816824340820313,4.299209747314453,7.974666595458984
1748973176655,0.8791218566894532,4.021836547851563,8.031099243164062
1748973176720,0.5539979553222657,3.3892520141601565,8.930429077148437
1748973176788,0.8342152404785157,3.613934783935547,9.10436737060547
1748973176854,0.8455915832519532,3.691772918701172,8.904532928466796
1748973176923,1.3211526489257812,3.749552764892578,8.813971252441407
1748973176987,1.4429992675781251,3.6824922180175785,8.791068878173828
1748973177053,1.5013778686523438,4.014052734375,8.862620086669923
1748973177120,1.9471508789062502,3.5651362609863284,8.196954345703125
1748973177190,1.7372872924804688,4.005221099853516,8.611592102050782
1748973177254,1.5530204772949219,3.7917649841308596,9.294921112060548
1748973177320,1.6051121520996094,3.8206549072265625,9.109756164550781
1748973177388,1.8522482299804688,3.600762176513672,8.387657775878907
1748973177454,1.7425263977050782,3.4145494079589844,8.585246887207031
1748973177520,1.427281951904297,3.2780332946777344,9.706565093994142
1748973177589,1.948348388671875,3.2891102600097657,8.610095214843751
1748973177654,2.1463865661621093,3.706292724609375,9.059760131835938
1748973177720,0.4279600524902344,3.507057037353516,7.426057434082032
1748973177789,-0.08562194824218751,2.3981629943847658,8.851692810058594
1748973177856,0.23531066894531252,1.5548167419433594,10.379864959716798
1748973177920,0.5279521179199219,1.3621673583984375,8.892857208251954
1748973177988,0.9196875,1.683549041748047,9.562414855957032
1748973178056,0.8208929443359375,1.7723144531250001,9.645492095947267
1748973178120,0.9063652038574219,1.9104771423339846,9.483229522705079
1748973178188,0.8286767578125,1.8372793579101563,9.34491714477539
1748973178255,0.7509883117675782,1.7193246459960938,9.267827453613283
1748973178320,0.9800120544433594,2.039059753417969,8.89360565185547
1748973178388,1.4218931579589844,2.228865051269531,8.590635681152344
1748973178455,1.8851797485351562,2.87162841796875,9.219627685546875
1748973178520,1.872755584716797,2.62254638671875,8.897198181152344
1748973178587,0.9134005737304688,2.435884552001953,8.309669952392579
1748973178653,1.4302757263183594,2.252665557861328,9.69069808959961
1748973178720,1.753303985595703,2.6147625732421877,9.556277618408204
1748973178787,1.4504837036132814,2.2468276977539063,9.312434692382814
1748973178855,1.1659254455566408,2.11959228515625,9.559121704101562
1748973178920,1.0383906555175781,2.2567071533203125,9.842183074951173
1748973178988,0.8379574584960938,1.9728973388671875,9.982591094970704
1748973179053,0.6096821594238282,1.4446458435058593,9.857601013183594
1748973179120,0.5842350769042969,0.6608757019042969,9.2112451171875
1748973179188,0.5947132873535157,0.7767347717285157,9.416468353271485
1748973179255,0.5966592407226563,0.8408015441894532,9.66195785522461
1748973179320,0.650247802734375,0.45684997558593754,9.546697540283203
1748973179388,0.5535488891601563,0.4454736328125,9.470505981445314
1748973179456,0.5918692016601563,0.6703060913085938,9.462871856689453
1748973179520,0.42691223144531254,0.8388555908203126,9.65716781616211
1748973179588,0.48259643554687504,0.38814285278320315,9.382339324951172
1748973179653,0.5980064392089844,0.43619293212890625,9.722132720947267
1748973179720,0.3656895446777344,0.3043171691894531,9.596693572998047
1748973179788,0.4996609497070313,0.536484375,9.612261199951172
1748973179856,0.19983444213867188,0.5324427795410156,9.934541015625001
1748973179920,0.41284149169921874,0.6667135620117188,9.679920501708985
1748973179988,0.6649172973632813,0.4439767456054688,9.545949096679688
1748973180053,0.43544448852539064,0.59635986328125,9.864187316894531
1748973180120,0.4245172119140625,0.4782554626464844,9.787846069335938
1748973180189,0.5146298217773437,0.3555107116699219,9.558672637939454
1748973180255,0.5075944519042969,0.44262954711914065,9.490414581298829
1748973180320,0.6158193969726563,0.3622467041015625,9.71270233154297
1748973180388,0.45565246582031255,0.40236328125000004,9.87122268676758
1748973180456,0.4590953063964844,0.4635859680175782,9.754016418457033
1748973180520,0.5661227416992187,0.532891845703125,9.761650543212891
1748973180589,0.5349874877929688,0.5899232482910156,9.61166244506836
1748973180657,0.6947053527832031,0.5114863586425782,9.32096694946289
1748973180720,0.7574249267578126,0.8855584716796876,9.903705139160158
1748973180789,0.7155120849609375,0.8595126342773438,9.606573028564453
1748973180856,0.5780978393554688,0.8687933349609376,9.754914550781251
1748973180920,0.6876699829101562,0.940045166015625,9.490863647460937
1748973180990,0.5987548828125,0.9029223632812501,9.577533416748047
1748973181055,0.5822891235351563,0.81191162109375,9.72467742919922
1748973181120,0.6012995910644532,0.9229806518554688,9.616751861572267
1748973181189,0.5605842590332032,0.945883026123047,9.870174865722657
1748973181256,0.5745053100585937,0.8768765258789063,9.648934936523437
1748973181322,0.5164260864257812,0.978215789794922,9.679321746826172
1748973181388,0.6248007202148438,0.9202862548828126,9.7189892578125
1748973181456,0.613125,1.0294093322753908,9.674831085205078
1748973181520,0.5941145324707031,1.0711724853515625,9.764644317626953
1748973181589,0.6715036010742188,0.9464817810058594,9.563612365722657
1748973181655,0.5966592407226563,1.116228790283203,9.65761688232422
1748973181720,0.7291337585449219,1.095721435546875,9.512418823242188
1748973181789,0.7397616577148438,1.2287947082519532,9.66390380859375
1748973181854,0.7231462097167969,1.4006373596191406,9.695188751220703
1748973181923,0.7982899475097657,1.32205078125,9.405840454101563
1748973181987,0.7300318908691407,1.4950909423828125,9.684560852050781
1748973182053,0.9488768005371094,1.5816110229492188,9.330247650146484
1748973182120,1.1521540832519532,1.8083894348144531,9.551188201904298
1748973182189,1.2916639709472657,1.891915740966797,9.383387145996094
1748973182256,1.2976515197753906,1.9399658203125,9.294322357177736
1748973182320,1.3347743225097657,1.8175204467773438,9.233997802734375
1748973182391,1.4747332763671877,1.9788848876953127,9.26438461303711
1748973182457,1.4398558044433594,2.1082159423828126,9.105265502929688
1748973182520,1.3865666198730469,2.195035400390625,9.271869049072267
1748973182589,1.1921209716796877,2.11001220703125,9.114546203613282
1748973182657,1.4359638977050782,2.2347029113769534,9.378896484375
1748973182720,0.8164022827148438,1.8817369079589845,9.040450286865235
1748973182790,0.73527099609375,1.6052618408203125,9.561516723632813
1748973182856,0.4926255798339844,1.7006135559082032,10.06521926879883
1748973182920,0.7822732543945313,2.096240844726563,8.01613037109375
1748973182989,0.23007156372070314,1.8309924316406252,4.241429901123047
1748973183056,-1.9377204895019533,2.1966819763183594,7.660320281982422
1748973183120,-4.571942596435547,4.0585102844238286,11.502680053710938
1748973183189,-6.288123779296876,4.667144622802734,9.65282684326172
1748973183256,-4.581971740722657,5.7432568359375,8.522677001953125
1748973183320,-4.2785527038574225,5.6767950439453125,9.357490997314454
1748973183389,-3.4709820556640625,4.293970642089844,7.61855712890625
1748973183456,-2.3969654846191406,4.761448516845704,7.332501983642579
1748973183520,-2.1882994079589846,4.042194213867187,6.496340789794922
1748973183589,-3.0204190063476566,2.7961853027343753,6.938221893310547
1748973183655,-4.256548461914063,4.3577380371093755,7.440726928710938
1748973183720,-3.988605651855469,4.310885467529297,8.496182098388672
1748973183790,-4.549189910888672,4.956343231201172,8.530610504150392
1748973183856,-3.266656951904297,3.3687446594238284,8.541986846923828
1748973183920,-3.1617251586914064,4.254602508544922,7.709268493652345
1748973183989,-3.193309478759766,5.178181915283203,8.78538070678711
1748973184055,-4.256548461914063,4.529281311035157,9.548194427490236
1748973184120,-5.768254852294922,5.212909698486328,9.782457275390625
1748973184188,-8.05729476928711,4.619094543457032,7.785310363769532
1748973184255,-7.543263702392578,1.0051597595214845,4.888833618164063
1748973184320,-7.64729736328125,0.5216651916503906,4.959187316894531
1748973184388,-8.531209259033204,-2.39262451171875,1.1331436157226562
1748973184455,-9.716893615722658,1.1526031494140625,1.8935623168945312
1748973184520,-10.672057342529298,1.4049783325195313,4.59649154663086
1748973184588,-8.116421813964845,3.7507502746582033,7.809559936523438
1748973184655,-2.557581481933594,-2.482437744140625,7.601043548583985
1748973184719,-9.447154541015626,2.401905212402344,12.395872650146485
1748973184790,-2.020049285888672,0.8924441528320313,10.48434768676758
1748973184855,-0.178428955078125,1.878743133544922,7.702382812500001
1748973184920,0.8720864868164063,3.263812866210938,6.602021026611329
1748973184988,0.1874102783203125,4.352947998046875,7.441026306152344
1748973185055,0.9598040771484375,4.522994384765625,6.823410644531251
1748973185120,0.7192543029785157,4.994962921142578,7.746241607666016
1748973185188,0.4291575622558594,5.262157287597656,7.619904327392579
1748973185266,1.3900094604492188,5.26185791015625,8.872499542236328
1748973185323,1.1347901916503906,5.064568176269532,8.317902832031251
1748973185388,0.8807684326171875,5.116959228515626,8.6220703125
1748973185458,1.4497352600097657,4.8966174316406255,8.321195983886719
1748973185520,1.1538006591796877,4.915178833007813,8.19381088256836
1748973185588,1.0891351318359375,4.9141310119628905,7.935747528076172
1748973185655,1.0636880493164063,4.870421905517579,8.42283462524414
1748973185722,1.1048524475097656,4.99406478881836,8.728349304199218
1748973185788,1.212927703857422,5.08462646484375,8.497678985595703
1748973185853,1.1088940429687502,5.1379156494140625,8.315058746337892
1748973185919,1.3293855285644531,5.299878845214844,8.204738159179687
1748973185988,1.4485377502441408,5.545817413330078,7.738457794189453
1748973186055,1.1546987915039064,5.605842590332031,8.101153564453126
1748973186120,1.1120375061035157,5.658083953857422,7.903863830566407
1748973186188,0.9689350891113282,5.41513916015625,7.7179504394531255
1748973186255,0.8738827514648438,5.479505310058594,7.798333282470703
1748973186342,0.542471923828125,5.300776977539063,8.008645935058594
1748973186387,0.5920188903808594,4.971012725830079,7.868986358642578
1748973186455,0.45535308837890626,5.0022976684570315,7.9978683471679695
1748973186520,0.45939468383789067,5.049748992919922,8.204887847900391
1748973186588,0.32257919311523436,4.997807006835938,8.199349365234376
1748973186655,0.03861968994140625,4.772525482177735,8.108638000488282
1748973186719,0.04056564331054688,4.556225280761719,8.050409088134765
1748973186789,0.2559677124023438,4.400549011230469,8.360863494873048
1748973186855,-0.038769378662109374,4.600233764648438,9.12741943359375
1748973186932,0.31748977661132816,4.287983093261719,8.956175537109376
1748973186987,0.13127700805664064,4.366419982910156,8.477321319580078
1748973187053,0.3576063537597656,4.417912902832032,8.414901123046876
1748973187120,0.3848497009277344,4.2980122375488286,8.536448364257813
1748973187189,0.36718643188476563,4.082759857177734,8.467441864013672
1748973187256,-0.04326004028320313,3.939657440185547,8.98416732788086
1748973187319,1.043031005859375,2.6003924560546876,9.101672973632812
1748973187388,-0.5192701721191406,2.923869781494141,10.875484313964844
1748973187456,0.44262954711914065,2.2123992919921878,10.06671615600586
1748973187519,0.6010002136230469,2.3571482849121095,9.331894226074219
1748973187588,0.04819976806640625,3.118165740966797,9.883347473144532
1748973187655,-0.899329833984375,3.181633758544922,8.860374755859375
1748973187719,-0.29264144897460936,2.8062144470214845,9.267228698730468
1748973187789,-1.1032058715820312,2.279759216308594,9.741292877197266
1748973187855,-1.7347425842285158,2.2228775024414062,9.097930755615234
1748973187919,-2.9499156188964846,2.9256660461425783,8.461005249023438
1748973187988,-3.3852104187011722,3.1259495544433595,10.253228302001954
1748973188057,0.2429447937011719,2.438429260253906,8.758885803222658
1748973188119,-0.024998016357421875,3.2480955505371094,8.618777160644532
1748973188188,0.229921875,3.8675074768066406,9.39655975341797
1748973188254,0.4974156188964844,3.7426670837402347,8.874295806884765
1748973188319,-0.06271957397460938,3.459755401611328,8.565338287353516
1748973188388,-0.8211923217773438,3.9368133544921875,8.227939910888672
1748973188456,-0.7473957824707032,4.293072509765625,8.217012634277344
1748973188519,-1.3051359558105469,4.481829986572266,8.881780242919922
1748973188588,-1.1373348999023438,3.8648130798339846,9.948312377929687
1748973188655,-1.6185841369628906,3.526217193603516,8.689879302978516
1748973188719,-3.2985406494140626,4.392166442871094,8.16072967529297
1748973188789,-3.207829284667969,3.6931201171875,6.603667602539063
1748973188855,-4.413871307373047,4.132007446289062,7.75267822265625
1748973188919,-4.942571868896485,3.620970153808594,8.050409088134765
1748973188988,-4.127367095947266,3.2627650451660157,8.171207885742188
1748973189055,-4.203558654785157,3.2636631774902347,8.026458892822266
1748973189119,-4.335284729003907,4.028123474121094,8.80738494873047
1748973189188,-2.322570190429688,3.650758209228516,8.178243255615234
1748973189255,-2.1570144653320313,3.4618510437011722,8.531957702636719
1748973189319,-1.28373046875,3.5628909301757816,8.689729614257812
1748973189388,-1.8824853515625002,3.7522471618652347,8.648714904785157
1748973189455,-1.9898121643066407,3.637735290527344,8.916508026123047
1748973189519,-1.4666500854492188,3.2108230590820312,9.145382080078125
1748973189588,-0.9774673461914063,3.352727966308594,9.59878921508789
1748973189655,-0.2417472839355469,3.2636631774902347,8.137527923583985
1748973189719,-0.29713211059570316,2.839145965576172,9.639055480957031
1748973189788,-0.27452911376953126,3.2455508422851564,8.5454296875
1748973189853,-0.7433541870117187,2.834655303955078,10.594518585205078
1748973189919,-0.31180160522460937,2.9632379150390626,9.244476013183593
1748973189988,-0.3585044860839844,3.36979248046875,9.02488265991211
1748973190053,-0.18291961669921875,3.048560485839844,9.264234924316407
1748973190119,-0.18561401367187502,2.6406587219238284,9.126221923828126
1748973190188,-0.32213012695312504,2.9596453857421876,9.076525268554688
1748973190255,-0.7033872985839844,2.392774200439453,10.066865844726562
1748973190319,-0.57240966796875,2.7008335876464846,9.29402297973633
1748973190389,-0.7685018920898438,2.1880000305175784,9.870025177001954
1748973190454,-0.7511380004882813,2.3102957153320314,9.30659683227539
1748973190519,-0.5544470214843751,2.376757507324219,9.267378387451172
1748973190588,-0.6053411865234375,2.33514404296875,9.302854614257813
1748973190653,-0.4773573303222656,2.3998095703125,8.952283630371094
1748973190719,-0.6873706054687501,2.5054898071289062,9.1585546875
1748973190788,-0.6057902526855469,2.5300387573242187,9.609566802978517
1748973190853,-0.5691165161132813,2.442321166992188,9.321266326904297
1748973190919,-0.5288502502441407,2.598446502685547,9.557774505615235
1748973190988,-0.4046086120605469,2.7943890380859377,9.127718811035157
1748973191054,-0.4620890808105469,2.31837890625,9.251062316894531
1748973191119,-0.3718267822265625,2.224823455810547,9.685159606933594
1748973191188,-0.28216323852539066,2.297871551513672,9.389823760986328
1748973191255,-0.36284545898437504,2.362237701416016,9.655670928955079
1748973191319,-0.4824467468261719,2.372416534423828,9.396410064697266
1748973191388,-0.5327421569824219,2.2122496032714847,9.375154266357422
1748973191456,-0.5369334411621094,2.515968017578125,9.288484497070312
1748973191519,-0.6060896301269532,2.4704626464843753,9.604178009033204
1748973191588,-0.5920188903808594,2.265838165283203,9.386680297851562
1748973191653,-0.6036946105957032,2.3035597229003906,9.414672088623048
1748973191722,-0.21749771118164063,2.8818072509765624,8.797206115722657
1748973191788,-0.8915460205078125,2.5547373962402347,10.777887268066406
1748973191853,-0.2992277526855469,2.4971072387695314,9.46317123413086
1748973191935,-0.09580078125000001,2.794688415527344,9.107810211181642
1748973191987,-0.4528083801269531,2.7355613708496094,9.275162200927735
1748973192053,-0.4076023864746094,2.7222390747070313,9.220675506591798
1748973192119,-0.6234535217285156,2.434537353515625,9.640851745605469
1748973192188,-0.7171586608886719,2.3867866516113283,9.320667572021485
1748973192255,-0.38574783325195316,2.4899221801757814,9.259744262695312
1748973192319,-0.1974394226074219,2.476300506591797,9.708061981201173
1748973192388,-0.355660400390625,2.302960968017578,9.678423614501954
1748973192453,-0.12618759155273437,2.263143768310547,9.298962707519532
1748973192519,-0.239501953125,2.4312442016601565,9.219627685546875
1748973192588,-0.2582130432128906,2.6625132751464844,8.295150146484376
1748973192655,0.04834945678710938,2.5893154907226563,9.215735778808595
1748973192719,-0.0736468505859375,2.437830505371094,9.076824645996094
1748973192788,0.10523117065429688,2.320624237060547,9.120833129882813
1748973192855,0.29114456176757814,2.574346618652344,9.351653137207032
1748973192919,0.3890409851074219,2.508782958984375,9.295370178222656
1748973192988,0.11331436157226563,2.3700215148925783,9.636361083984376
1748973193059,0.07828720092773438,2.5036935424804687,9.396709442138672
1748973193119,-0.14938934326171877,2.530188446044922,9.597891082763672
1748973193188,-0.11256591796875001,2.5979974365234377,9.358688507080078
1748973193256,-0.24189697265625001,2.57464599609375,9.898316345214845
1748973193319,0.20552261352539064,2.555186462402344,8.98850830078125
1748973193388,-0.1381626892089844,2.495161285400391,9.620943145751953
1748973193458,-0.03457809448242188,2.4043002319335938,9.668244781494142
1748973193527,0.17738113403320313,2.112257537841797,9.497449951171875
1748973193588,0.15627502441406252,2.4072940063476564,9.37695053100586
1748973193654,0.05313949584960938,2.386487274169922,9.220226440429688
1748973193719,0.058677978515625,2.552042999267578,9.094038848876954
1748973193788,0.18112335205078126,2.509830780029297,9.302255859375
1748973193854,0.24668701171875002,2.5460554504394532,9.508377227783203
1748973193919,0.3254232788085938,2.3932232666015625,9.603130187988281
1748973193988,0.36479141235351564,2.3143373107910157,9.623038787841798
1748973194072,0.38993911743164067,2.338736572265625,9.435927886962892
1748973194121,0.36553985595703126,2.42136474609375,9.36063446044922
1748973194188,0.3945794677734375,2.415377197265625,9.370513916015625
1748973194253,0.49052993774414066,2.399659881591797,9.251810760498048
1748973194319,0.5143304443359376,2.3619383239746097,9.331145782470704
1748973194388,0.5441184997558594,2.352208557128906,9.289682006835937
1748973194455,0.5188211059570312,2.3671774291992187,9.409732360839845
1748973194519,0.6197113037109375,2.4538471984863284,9.348809051513673
1748973194588,0.7072792053222656,2.363734588623047,9.566606140136718
1748973194655,0.683778076171875,2.574945373535156,9.408983917236329
1748973194719,0.8164022827148438,2.664608917236328,9.094637603759766
1748973194788,0.7961943054199219,2.7656488037109375,9.135951690673828
1748973194854,0.81670166015625,2.774330749511719,9.335786132812501
1748973194919,0.7806266784667969,2.9171337890625,9.048683166503906
1748973194988,0.7800279235839844,2.9283604431152344,9.243128814697267
1748973195054,0.8150550842285157,2.8862979125976564,9.245074768066408
1748973195119,0.8152047729492188,2.910846862792969,9.33668426513672
1748973195188,0.8283773803710938,2.8023225402832033,9.200467529296876
1748973195255,0.6665638732910156,2.7906468200683596,9.280251617431642
1748973195321,0.7060816955566407,2.7855574035644532,9.160051574707031
1748973195389,0.7502398681640625,2.7265800476074222,9.315877532958984
1748973195455,0.7884104919433594,2.830613708496094,9.275162200927735
1748973195520,0.8768765258789063,2.724035339355469,9.259295196533204
1748973195589,0.6735992431640625,2.749183044433594,9.134903869628907
1748973195654,0.8137078857421876,2.8225305175781252,9.146280212402344
1748973195720,0.7463479614257813,2.9475205993652347,8.766819305419922
1748973195788,0.4390370178222657,3.2552806091308595,9.493558044433595
1748973195855,0.7617658996582032,3.1033465576171877,8.85154312133789
1748973195920,0.4968168640136719,3.1160700988769534,9.222621459960939
1748973195988,0.053738250732421874,3.2840208435058593,9.825417938232423
1748973196055,0.229921875,3.2540830993652343,8.766070861816406
1748973196120,-0.3251239013671875,3.5411860656738283,9.304201812744141
1748973196188,-0.17453704833984376,3.524121551513672,9.073681182861328
1748973196255,0.013921051025390626,3.5473233032226563,8.730594635009766
1748973196320,-0.42032592773437505,3.582500152587891,8.017477569580079
1748973196388,-0.47840515136718753,3.443738708496094,9.199120330810548
1748973196455,-0.355660400390625,3.4828074645996097,9.166937255859375
1748973196520,-0.3824546813964844,3.5916311645507815,8.984766082763672
1748973196588,-0.3926335144042969,3.5286122131347657,9.386829986572266
1748973196655,-0.3706292724609375,3.540437622070313,8.814120941162109
1748973196720,-0.5099894714355468,3.2811767578125,9.215436401367189
1748973196793,-0.2652484130859375,3.4084121704101564,8.876840515136719
1748973196855,-0.35940261840820314,3.4212854003906252,9.000782775878907
1748973196929,-0.27722351074218754,3.414100341796875,9.237141265869141
1748973196986,-0.5442681884765626,3.4452355957031253,8.885672149658204
1748973197053,-0.43200164794921875,3.071612548828125,9.374705200195313
1748973197120,-0.37197647094726566,3.0264065551757815,9.163195037841797
1748973197186,-0.7593708801269532,2.741698608398438,9.838440856933595
1748973197259,-0.2604583740234375,2.6217979431152343,9.231752471923828
1748973197320,-0.24414230346679688,2.691852264404297,9.142388305664063
1748973197388,-0.5054988098144532,2.063159637451172,9.705666961669923
1748973197457,-0.907562713623047,2.090552673339844,9.378447418212891
1748973197520,-0.4812492370605469,2.3749612426757816,9.674232330322265
1748973197593,-0.2273771667480469,2.1944366455078126,9.41916275024414
1748973197655,0.6324348449707031,1.085991668701172,10.492730255126954
1748973197720,-0.11032058715820313,1.6378939819335938,9.378148040771485
1748973197793,-0.08098159790039063,1.9380198669433595,9.116192779541016
1748973197855,0.49831375122070315,2.0326231384277347,8.799152069091797
1748973197920,-0.2915936279296875,2.4348367309570316,8.585246887207031
1748973197988,-0.9502239990234376,2.784958648681641,10.311157836914063
1748973198056,-0.47915359497070314,1.9660116577148439,10.031838684082032
1748973198120,0.2674937438964844,2.370919647216797,8.986412658691407
1748973198193,0.13681549072265625,2.1345611572265626,9.207502899169922
1748973198255,-0.4891827392578125,1.7284556579589845,9.441915435791016
1748973198320,-0.5144801330566406,2.295476531982422,10.184820556640625
1748973198395,-0.290994873046875,1.9932550048828126,8.814270629882813
1748973198455,-0.9354048156738282,2.4376808166503907,10.44468017578125
1748973198520,-0.3926335144042969,1.9443067932128908,9.138646087646485
1748973198593,0.05912704467773438,1.827250213623047,9.4603271484375
1748973198655,-0.024698638916015626,2.1905447387695314,9.44311294555664
1748973198720,0.07409591674804687,2.053429870605469,8.944200439453125
1748973198788,0.12528945922851564,2.0745359802246095,9.351503448486328
1748973198856,-0.125738525390625,1.8976039123535158,9.653874664306642
1748973198920,-0.028291168212890627,2.0384609985351565,9.542955322265625
1748973198988,-0.33215927124023437,1.923050994873047,10.156379699707031
1748973199056,-0.21106109619140626,1.8604811096191407,9.603130187988281
1748973199120,-0.5108876037597656,1.5869998168945314,9.427395629882813
1748973199192,-0.039517822265625,1.8772462463378907,9.533375244140625
1748973199255,-0.4177812194824219,2.053429870605469,8.770411834716798
1748973199320,-0.30985565185546876,1.8203645324707032,10.006541290283204
1748973199392,-0.35640884399414063,1.6591497802734376,8.600814514160156
1748973199455,-0.4781057739257813,2.151775360107422,9.621990966796876
1748973199520,-0.14654525756835937,2.0210971069335937,9.798324279785156
1748973199592,-0.05912704467773438,2.0357666015625,9.395511932373047
1748973199655,0.25387207031250003,2.0601658630371094,8.966653747558594
1748973199720,0.43843826293945315,2.492017822265625,9.138795776367187
1748973199792,0.6715036010742188,2.041754150390625,9.214388580322266
1748973199855,0.22438339233398438,2.1392015075683597,9.496851196289063
1748973199920,0.2537223815917969,2.4411236572265627,9.843081207275391
1748973199992,-0.08083190917968751,1.6646882629394533,9.693841552734375
1748973200055,-0.08053253173828126,2.2326072692871093,10.07779312133789
1748973200120,0.10777587890625001,2.5836273193359376,9.390572204589844
1748973200192,-0.04326004028320313,1.9645147705078125,10.247989196777345
1748973200255,0.11541000366210938,2.2097048950195313,9.419761505126953
1748973200320,0.30566436767578126,1.8012043762207033,10.057435455322267
1748973200393,0.18456619262695315,2.4803421020507814,9.63561264038086
1748973200458,-0.13112731933593752,1.9737954711914063,10.782527618408203
1748973200520,0.07274871826171875,1.4004876708984375,8.739276580810547
1748973200596,-0.1770817565917969,2.3700215148925783,9.284143524169922
1748973200655,-0.523311767578125,2.039508819580078,9.48951644897461
1748973200720,-0.6089337158203125,1.5356565856933595,9.32381103515625
1748973200794,-1.751956787109375,2.468367004394531,8.341553649902345
1748973200855,-1.921703796386719,2.3896307373046874,8.916058959960939
1748973200920,-1.9561322021484375,2.2373973083496095,9.68306396484375
1748973200994,-1.8718574523925782,2.743345184326172,8.947044525146485
1748973201056,-1.7094451904296877,3.1519953918457033,9.000184020996095
1748973201119,-1.4979350280761718,3.0021569824218752,9.203760681152344
1748973201209,-1.4555731201171875,3.0061985778808595,9.450148315429688
1748973201256,-1.50167724609375,3.1892678833007815,9.109456787109375
1748973201320,-0.9430389404296875,3.107388153076172,8.714577941894532
1748973201392,-0.6283932495117188,2.594704284667969,8.138426055908203
1748973201455,-0.7887098693847656,3.1756462097167972,8.259374542236328
1748973201520,-1.253792724609375,3.470233612060547,7.7284286499023445
1748973201594,-3.05843994140625,2.3619383239746097,6.062243499755859
1748973201654,-4.642445983886719,5.3123030090332035,8.120762786865235
1748973201720,-5.92048828125,5.532794494628907,6.104156341552735
1748973201792,-5.646258544921875,4.987029418945313,7.608228607177735
1748973201856,-5.48743881225586,4.91981918334961,4.808301086425781
1748973201924,-4.8103967285156255,5.6028488159179695,4.789889373779297
1748973201986,-6.0342517089843755,4.939877471923828,3.4684373474121095
1748973202053,-4.043840789794922,4.979844360351563,4.800816650390625
1748973202120,-4.525239715576172,3.879781951904297,6.834337921142579
1748973202192,-6.622079315185547,6.394253082275391,9.319619750976562
1748973202255,-5.760021972656251,6.371949462890625,9.798623657226562
1748973202320,-4.472998352050782,6.915020141601563,10.044412536621094
1748973202394,-4.177213439941406,7.140900421142579,9.873318328857422
1748973202455,-3.2864158630371096,6.013744354248047,8.631201324462891
1748973202520,-2.990032196044922,5.277126159667969,8.363557891845703
1748973202592,-3.184028778076172,4.394711151123047,8.892108764648437
1748973202655,-4.592599639892579,3.1163694763183596,9.379495239257812
1748973202720,2.1700373840332032,5.492528228759766,6.881190490722656
1748973202792,-1.8329383850097658,1.4495855712890626,9.455088043212891
1748973202854,-3.193309478759766,1.422342224121094,10.50410659790039
1748973202920,0.2381547546386719,0.7619155883789063,9.099727020263673
1748973202992,2.694097595214844,2.1707858276367187,5.375471649169922
1748973203058,-6.360573120117188,-0.9644444274902344,12.991633758544923
1748973203120,-1.011895751953125,1.2229568481445312,9.179361419677734
1748973203193,-2.156565399169922,1.230890350341797,9.686057739257812
1748973203255,-1.6962725830078127,1.3748908996582032,9.179361419677734
1748973203320,-0.8806187438964844,-0.2591111755371094,9.727222137451172
1748973203393,-0.08382568359375,1.9678079223632814,9.949659576416016
1748973203454,-0.07050338745117188,1.4917977905273438,10.074649658203125
1748973203521,0.40386016845703127,2.1174966430664064,9.162296905517579
1748973203592,0.4785548400878907,1.9719992065429688,9.968370666503906
1748973203655,0.6294410705566407,2.065854034423828,9.185648345947266
1748973203720,0.746048583984375,2.299368438720703,8.78777572631836
1748973203789,0.29937744140625,2.003134460449219,9.581724700927735
1748973203855,0.41089553833007814,2.088606719970703,9.640702056884766
1748973203920,0.6174659729003906,2.305505676269531,9.159602508544923
1748973203988,1.0756631469726563,2.0136126708984374,8.767418060302735
1748973204071,0.8066725158691407,2.268233184814453,9.071585540771485
1748973204120,0.7075785827636719,2.119292907714844,9.74144256591797
1748973204187,0.6637197875976563,2.4495062255859374,9.090895385742188
1748973204253,0.5641767883300781,2.4209156799316407,8.770112457275392
1748973204320,0.549656982421875,2.036814422607422,9.676926727294923
1748973204389,0.5800437927246094,1.9121237182617188,9.06559799194336
1748973204456,0.08337661743164063,1.8279986572265625,9.200317840576172
1748973204520,-0.0664617919921875,1.9041902160644533,8.397088165283204
1748973204588,-0.7949967956542969,2.1354592895507816,8.36715042114258
1748973204658,-2.2483245849609377,1.964963836669922,10.40291702270508
1748973204720,-2.5502467346191406,2.0146604919433595,10.740914154052735
1748973204788,-1.74357421875,2.223625946044922,10.389744415283204
1748973204855,-0.6747967529296875,2.5099804687500002,9.426647186279297
1748973204920,0.19893630981445312,1.8399737548828126,10.880873107910157
1748973204988,-0.17154327392578125,2.57943603515625,10.180778961181641
1748973205055,1.0832972717285156,2.8792625427246095,10.623258819580078
1748973205120,0.15163467407226563,0.9756710815429688,11.135643310546875
1748973205188,0.24339385986328127,0.9894424438476563,8.834628295898439
1748973205255,0.6810836791992188,0.7206015014648438,9.353000335693359
1748973205320,0.8198451232910157,0.8087681579589844,9.47514633178711
1748973205388,1.0594967651367189,0.7497908020019531,8.814420318603515
1748973205455,0.6732998657226563,1.1304492187500002,9.497599639892579
1748973205520,-0.00928070068359375,1.4052777099609375,9.121731262207032
1748973205589,0.3104544067382813,1.6073574829101562,9.062005462646486
1748973205655,0.4273612976074219,1.6766633605957033,9.134454803466797
1748973205720,-0.8041278076171875,1.7010626220703127,9.578880615234375
1748973205788,-2.3417303466796877,1.503922576904297,9.84547622680664
1748973205875,-1.0578501892089844,1.9437080383300782,9.729467468261719
1748973205920,-0.8211923217773438,1.979333953857422,9.591454467773438
1748973205987,-0.1933978271484375,1.9408639526367188,9.45029800415039
1748973206053,-0.4432283020019531,1.9935543823242188,9.24522445678711
1748973206120,-0.38664596557617187,1.9428099060058595,9.207353210449218
1748973206189,-0.5755531311035157,2.308649139404297,9.353748779296875
1748973206254,-1.069226531982422,2.39501953125,9.637708282470703
1748973206320,-1.0536589050292968,2.118544464111328,9.892179107666015
1748973206389,-0.9490264892578125,2.3894810485839844,10.25203079223633
1748973206463,-0.5321434020996094,2.3638842773437503,7.741900634765625
1748973206522,-0.46912445068359376,2.089654541015625,9.206455078125
1748973206589,-0.6984475708007812,1.9574794006347658,9.208101654052735
1748973206655,-0.8078700256347656,1.9106268310546877,9.764644317626953
1748973206721,-0.5248086547851563,2.156715087890625,9.283395080566407
1748973206789,-0.5767506408691406,1.8341358947753907,9.459728393554688
1748973206855,-0.7116201782226563,2.1450393676757815,9.293873291015625
1748973206923,-0.6587800598144532,2.1739292907714844,9.39221878051758
1748973206989,-0.5715115356445313,2.1550685119628907,9.373208312988282
1748973207055,-0.9433383178710938,2.3272105407714845,9.103169860839845
1748973207123,-0.6195616149902344,2.412084045410156,8.597221984863282
1748973207189,-0.6414161682128906,2.4837849426269534,5.922134857177735
1748973207254,0.17962646484375,3.391048278808594,9.991722106933594
1748973207321,1.055006103515625,3.6338433837890625,8.872349853515626
1748973207408,1.3561798095703126,2.796035614013672,7.246131591796876
1748973207453,0.6968009948730469,1.0229727172851564,8.696166229248048
1748973207520,0.46253814697265627,2.0538789367675783,10.345885620117189
1748973207590,1.8182688903808595,2.404599609375,12.337344360351564
1748973207654,2.4107368469238284,2.9175828552246097,9.273066558837892
1748973207721,2.122286682128906,1.5379019165039063,9.823771362304688
1748973207789,2.8219317626953124,2.549348602294922,9.838740234375
1748973207855,2.7099645996093753,2.2204824829101564,10.596614227294923
1748973207921,4.331841888427735,0.6400689697265626,10.746602325439454
1748973207988,2.9359945678710937,0.16166381835937502,10.095755767822267
1748973208054,5.569019165039062,0.8021818542480469,11.239527282714844
1748973208121,1.6450790405273439,1.2503498840332032,8.653355255126954
1748973208188,1.8377284240722658,-0.29458740234375,9.170380096435547
1748973208255,-1.2615765380859376,1.457369384765625,9.494905242919922
1748973208321,-3.0100904846191407,-1.0505154418945313,10.359357604980469
1748973208390,-2.5430616760253906,0.6273454284667969,8.255782012939454
1748973208456,-1.0241702270507813,1.3094769287109376,8.105344848632813
1748973208520,-2.994522857666016,1.1464659118652345,8.25892547607422
1748973208589,-0.7906558227539063,-2.977757720947266,10.450817413330078
1748973208654,-2.0981867980957034,-1.3693524169921876,9.07562713623047
1748973208721,-1.6337026977539064,-2.1643492126464845,11.26811782836914
1748973208788,-2.2011726379394534,-0.6387217712402344,10.952124938964845
1748973208854,-3.946692810058594,-1.663341064453125,9.603878631591797
1748973208921,-4.196822662353516,-1.4271322631835939,9.153016204833985
1748973208988,-4.282594299316407,-0.9021739196777344,8.9142626953125
1748973209055,-4.638404388427735,-0.8562194824218751,9.36018539428711
1748973209121,-4.643344116210938,-0.5894741821289062,9.276509399414063
1748973209188,-3.5067576599121097,-0.6583309936523438,9.06035888671875
1748973209254,-3.596421203613281,-1.206042022705078,9.011560363769531
1748973209321,-2.4372317504882814,-1.428479461669922,10.190059661865234
1748973209388,-2.8753706359863282,-1.4922468566894531,8.773704986572266
1748973209454,-4.911586303710938,-1.4254856872558594,7.551047515869141
1748973209521,-4.334386596679687,-0.18651214599609375,7.788004760742188
1748973209588,-4.5619134521484375,0.006286926269531251,8.343050537109375
1748973209655,-4.972808990478516,0.3047662353515625,8.024213562011719
1748973209721,-5.292843475341797,0.5426216125488281,8.800199890136719
1748973209788,-5.058430938720703,-1.4581178283691407,8.70784194946289
1748973209854,-4.595593414306641,-0.076640625,8.729397125244141
1748973209921,-4.274960174560547,-0.03442840576171875,8.50950439453125
1748973209989,-3.134781188964844,-0.6747967529296875,8.480614471435548
1748973210054,-2.944377136230469,-1.2687615966796875,8.86441635131836
1748973210122,-2.9092002868652345,-1.864522705078125,9.541159057617188
1748973210189,-2.502346343994141,-2.3990611267089843,9.66390380859375
1748973210254,-2.0182530212402345,-2.475252685546875,9.887239379882812
1748973210321,-1.8503022766113282,-0.5893244934082031,8.557554473876953
1748973210388,-2.027084655761719,-0.9110055541992188,8.22165298461914
1748973210454,-2.350561981201172,-1.5438894653320314,9.4124267578125
1748973210520,-2.19144287109375,-1.9917581176757813,9.18295394897461
1748973210589,-2.1850062561035157,-2.5833279418945314,8.718918914794923
1748973210654,-1.3377680969238281,-0.3646417236328125,9.349407806396485
1748973210721,-2.1670436096191406,-2.2372476196289064,8.360863494873048
1748973210789,-1.9034417724609376,-1.3671070861816408,8.991651763916016
1748973210854,-1.4412030029296876,-0.00029937744140625,10.114017791748047
1748973210921,-1.423689422607422,-1.1193722534179689,11.887829132080078
1748973210990,-0.8604107666015626,0.2788700866699219,12.69974075317383
1748973211055,-2.4959097290039063,0.26839187622070315,11.91327621459961
1748973211121,-4.139641571044922,0.3285667419433594,12.97471893310547
1748973211189,-2.947670288085938,-1.9946022033691406,8.850195922851563
1748973211256,-1.7958155822753907,-0.26599685668945316,7.454348602294922
1748973211321,-2.3513104248046877,0.4225712585449219,7.321125640869141
1748973211389,-2.034419403076172,1.9339782714843752,7.149282989501954
1748973211454,-2.1917422485351565,2.7009832763671877,8.750503234863281
1748973211521,-3.3127610778808596,3.2587234497070314,7.6261912536621095
1748973211589,-2.0811222839355468,5.445675659179688,8.567733306884765
1748973211654,-1.249152374267578,1.5893948364257813,5.616171112060547
1748973211720,-1.648970947265625,1.4665003967285157,3.1942076110839843
1748973211790,-0.41284149169921874,-0.4448748779296875,5.412893829345704
1748973211854,-4.064946899414062,-2.4673191833496095,9.205856323242188
1748973211930,-6.388714599609376,1.1271560668945313,13.437107391357422
1748973211987,-5.007237396240234,2.3444247436523438,13.579311676025391
1748973212053,-5.376968536376953,-0.6828799438476563,9.430090026855469
1748973212121,-5.060825958251954,-0.7372169494628906,8.318052520751953
1748973212189,-6.609804840087891,-0.5887257385253907,8.963510284423828
1748973212254,-7.172484741210938,-0.5081932067871094,7.96343994140625
1748973212320,-6.884333953857422,0.29847930908203124,8.285570068359375
1748973212389,-6.303990783691407,-1.810485076904297,9.821675720214845
1748973212454,-5.583988037109375,-1.76512939453125,9.526489562988282
1748973212522,-5.084027709960938,-1.3799803161621094,3.373983764648438
1748973212589,-2.262994079589844,-2.481988677978516,10.228829040527344
1748973212654,-2.9353958129882813,0.6459068298339844,7.731721801757813
1748973212721,-5.987099761962891,-0.6477030944824219,6.8005082702636726
1748973212788,-5.952371978759766,-0.06301895141601563,8.015232238769531
1748973212854,-5.757626953125,-2.065704345703125,11.45582748413086
1748973212922,-5.0075367736816405,1.3892610168457031,9.236243133544923
1748973212990,-6.2155247497558594,-1.1693682861328125,9.470056915283203
1748973213054,-5.229674835205079,-2.067949676513672,6.990313568115234
1748973213122,-4.681514739990234,-0.7318281555175782,7.085066528320313
1748973213189,-4.536316680908203,-0.04266128540039063,7.732170867919923
1748973213254,-5.648204498291016,-1.6341517639160157,9.33863021850586
1748973213321,-5.552852783203125,-0.36598892211914064,8.283324737548828
1748973213389,-4.195176086425781,-1.184337158203125,8.660690002441406
1748973213455,-3.569626922607422,-2.1911434936523437,8.8855224609375
1748973213522,-3.4578094482421875,-4.358187103271485,9.312584381103516
1748973213589,-2.4107368469238284,-2.895428924560547,7.744445343017579
1748973213654,-0.9117539978027345,-4.063749389648438,9.455686798095703
1748973213721,-2.424807586669922,-8.093968505859376,8.604556732177734
1748973213789,-0.2585124206542969,-7.466473388671876,7.358547821044922
1748973213853,-1.0126441955566408,-5.828579406738282,6.801705780029297
1748973213921,-1.7429754638671875,-5.290149078369141,8.506360931396484
1748973213989,-2.0336709594726563,-3.926035766601563,7.999365234375
1748973214054,-2.010319519042969,-2.3031106567382813,7.88964340209961
1748973214120,-1.589095458984375,-3.6070491027832032,9.012159118652344
1748973214188,-1.099463653564453,-2.276166687011719,10.713670806884766
1748973214254,-2.6680517578125,-1.1087443542480468,10.620714111328125
1748973214322,-2.4604335021972656,-1.256038055419922,9.690548400878907
1748973214390,-5.1220486450195315,-1.6329542541503907,8.568781127929688
1748973214457,-4.5725413513183595,-3.659140777587891,6.653214569091797
1748973214520,2.1549188232421876,-1.9576290893554689,10.622660064697266
1748973214590,-0.31255004882812504,-2.0215461730957034,9.921518096923828
1748973214657,-2.2237756347656252,-2.3212229919433596,9.682315521240234
1748973214722,-3.310515747070313,-2.046394500732422,9.406738586425782
1748973214789,-3.5690281677246096,-2.882256317138672,8.305029602050782
1748973214854,-5.269342346191406,-2.9844937133789062,7.611222381591797
1748973214921,-4.994364166259766,-2.772085418701172,7.555238800048828
1748973214989,5.559888153076172,-2.355352020263672,15.19729705810547
1748973215054,0.25641677856445316,-2.5694068908691405,9.990524597167969
1748973215122,-0.8866062927246094,-3.8309834289550784,9.119485931396484
1748973215188,-2.7044261169433597,-2.7617568969726562,8.89270751953125
1748973215255,-3.484603729248047,-2.3364912414550782,8.594826965332032
1748973215320,-4.523892517089844,-2.9523106384277344,8.136180725097656
1748973215388,-4.329147491455078,-2.392175445556641,8.264763336181641
1748973215454,-4.918921051025391,-2.7369085693359376,7.336543579101563
1748973215521,-3.870052185058594,-2.8395950317382814,8.661139068603516
1748973215589,5.667514343261719,-3.028502197265625,13.749657440185548
1748973215654,-1.1380833435058595,-3.319197692871094,8.255782012939454
1748973215721,-2.166145477294922,-2.8243267822265627,9.002279663085938
1748973215789,-3.7013529968261722,-2.3635848999023437,8.701704711914063
1748973215854,-3.8974452209472656,-2.266586608886719,8.252937927246094
1748973215920,-4.291126556396485,-2.245480499267578,7.837851104736329
1748973215991,-4.178560638427735,-2.5475523376464846,8.011040954589845
1748973216058,-3.994742889404297,-2.591111755371094,8.218359832763673
1748973216120,3.2346235656738282,-2.0338206481933594,14.281501464843751
1748973216189,0.49367340087890627,-2.74708740234375,11.355386352539064
1748973216255,-3.071313171386719,-2.5319847106933593,8.37343734741211
1748973216320,-3.393592987060547,-2.5767416381835937,9.014703826904297
1748973216389,-3.663032684326172,-2.312541046142578,8.79166763305664
1748973216455,-4.266577606201172,-2.359992370605469,8.059091033935548
1748973216521,-4.049379272460937,-2.276316375732422,8.332422637939453
1748973216593,-3.0371841430664066,-0.21315673828125,11.659254455566407
1748973216658,-0.41029678344726567,0.13217514038085937,14.670093383789062
1748973216720,-2.7354116821289063,1.0594967651367189,13.682596893310548
1748973216789,-4.543501739501953,1.2744497680664064,10.78522201538086
1748973216854,-4.720433807373047,1.1770024108886719,9.198371887207031
1748973216931,-5.073399810791016,-0.5526507568359376,7.867788848876954
1748973216987,-3.2804283142089847,1.6428337097167969,5.368286590576172
1748973217053,-2.980302429199219,-0.3758683776855469,8.734785919189454
1748973217120,-1.9224522399902344,2.389031982421875,8.405620422363281
1748973217188,0.48753616333007815,1.3962963867187501,6.066734161376954
1748973217254,-0.8568182373046875,2.9846434020996093,7.316934356689454
1748973217320,-2.2242247009277345,2.594704284667969,7.152426452636719
1748973217389,-3.8375697326660156,6.306834869384766,9.500294036865235
1748973217454,-3.269051971435547,3.732787628173828,9.051976318359376
1748973217537,-2.14354248046875,5.816454620361329,9.458979949951173
1748973217587,-1.8125807189941407,3.294199676513672,9.268276519775391
1748973217654,-1.180594940185547,3.2898587036132816,9.4794873046875
1748973217722,-0.6981481933593751,4.7470783996582036,7.823031921386719
1748973217789,-0.45460464477539064,3.0599368286132815,7.729925537109375
1748973217854,-2.2071601867675783,3.047362976074219,9.621541900634766
1748973217920,-0.09580078125000001,3.6458184814453127,8.68089797973633
1748973217989,-0.7204518127441406,3.4416430664062503,8.93192596435547
1748973218055,-0.9650431823730469,3.2350726318359375,8.923992462158203
1748973218120,-1.2121792602539063,3.350482635498047,8.950786743164063
1748973218189,-1.2522958374023438,3.0427226257324222,8.935518493652344
1748973218255,-1.3994398498535157,2.856958923339844,9.054371337890625
1748973218321,-1.3500425720214844,2.8024722290039064,8.08603500366211
1748973218389,-1.2184661865234376,3.174149322509766,9.410780181884766
1748973218454,-1.3527369689941406,3.503464508056641,9.568252716064453
1748973218520,-0.8430468750000001,3.4154475402832034,9.413923645019532
1748973218587,-0.9282197570800782,2.884801025390625,9.469907226562501
1748973218653,-0.8896000671386719,2.9327014160156253,9.761949920654297
1748973218720,-0.5426216125488281,2.7604096984863284,8.713230743408204
1748973218789,-0.6231541442871094,2.7152037048339843,9.003926239013673
1748973218855,-0.4689747619628907,2.654879150390625,9.001531219482422
1748973218920,-0.8707392883300782,2.6496400451660156,8.906329193115235
1748973218990,-0.30177246093750004,2.50758544921875,9.555080108642578
1748973219054,-0.09744735717773438,2.442021789550781,9.739496612548828
1748973219121,0.18441650390625,2.6693989562988283,9.42485092163086
1748973219189,0.30072463989257814,2.977608032226563,9.163644104003907
1748973219254,0.15612533569335937,2.6015899658203128,8.536897430419922
1748973219322,1.0015672302246095,1.8375787353515627,7.64774642944336
1748973219389,-0.12049942016601563,2.779120788574219,9.561965789794922
1748973219454,1.4052777099609375,3.6546501159667972,8.783883819580078
1748973219521,-1.4385086059570313,4.24636962890625,8.739575958251953
1748973219589,-0.8150550842285157,4.326453094482422,7.210056610107422
1748973219654,0.1537303161621094,4.331243133544922,7.660020904541016
1748973219721,0.2908451843261719,5.105582885742188,8.56264389038086
1748973219789,1.6793577575683594,4.227957916259766,10.057285766601563
1748973219854,0.1633103942871094,3.765868835449219,8.923992462158203
1748973219922,-0.26105712890625,3.819607086181641,8.52911361694336
1748973219989,-0.7589218139648438,3.009042663574219,8.405021667480469
1748973220054,-0.18935623168945315,3.660637664794922,7.310647430419922
1748973220121,-1.693129119873047,2.2135968017578125,12.410691833496095
1748973220189,-3.1561866760253907,2.0784278869628907,9.547745361328126
1748973220253,-4.859344940185547,6.331084442138672,7.227121124267579
1748973220321,-5.964347076416016,5.218298492431641,5.343587951660156
1748973220389,-4.305646362304688,5.87498291015625,4.536316680908203
1748973220453,-4.670587463378906,6.0887384033203125,5.792055358886719
1748973220520,-3.5579512023925783,2.537373504638672,4.202510833740234
1748973220590,-3.377875671386719,-0.5662724304199219,6.132148132324219
1748973220655,-5.880521392822266,2.15312255859375,8.47163314819336
1748973220720,-5.63353500366211,-1.4530284118652343,9.433832244873047
1748973220791,-5.580994262695313,-2.621947631835938,10.151739349365235
1748973220854,-6.063441009521485,-2.8598030090332034,10.447673950195313
1748973220920,-6.648723907470703,-2.871329040527344,10.831326141357422
1748973220989,-7.188202056884766,-1.159339141845703,9.692045288085938
1748973221054,-6.898853759765625,-1.0746153259277345,10.195448455810547
1748973221120,-5.038372650146485,0.12020004272460938,8.032296752929687
1748973221189,-4.5496389770507815,-2.6467959594726564,8.164920959472656
1748973221254,-3.6260595703125,-3.0647268676757813,9.71943832397461
1748973221320,0.9560618591308594,-2.9800030517578127,8.416398010253907
1748973221389,-2.3797512817382813,-4.616250457763672,12.211007080078126
1748973221454,-4.136797485351563,-2.2540127563476564,8.366551666259767
1748973221520,-4.457879791259765,-1.300345916748047,9.267378387451172
1748973221589,-4.80201416015625,-2.7955865478515625,11.354338531494141
1748973221655,-3.866309967041016,-0.8092172241210938,8.63404541015625
1748973221720,-6.139482879638672,-2.9870384216308596,8.95782211303711
1748973221789,-7.9802050781250005,-6.304739227294922,8.866212615966797
1748973221855,-7.415130157470704,-1.4082714843750002,4.7364505004882815
1748973221923,-4.79288314819336,-1.5347584533691407,5.7314314270019535
1748973221987,-3.2316297912597656,-3.6711158752441406,7.194488983154297
1748973222053,-3.7577856445312503,-1.0071057128906251,6.7527575683593755
1748973222120,-6.058052215576172,-3.0252090454101563,10.093660125732422
1748973222190,-5.730084228515626,-4.040098571777344,9.45359115600586
1748973222255,-6.442303161621094,-5.786965942382813,9.403146057128907
1748973222321,-2.664758605957031,-0.3442840576171875,7.554490356445313
1748973222389,-1.3430072021484376,-1.57352783203125,8.791817321777344
1748973222454,-3.143612823486328,-4.458029479980469,10.452014923095703
1748973222520,-3.876189422607422,-2.963537292480469,7.240293731689453
1748973222589,-3.3177008056640624,-2.491718444824219,6.839876403808594
1748973222655,-3.5051110839843753,-3.5726206970214847,7.649692382812501
1748973222720,-3.694167938232422,-1.6184344482421875,6.726562042236329
1748973222789,-3.8011953735351565,-2.5942552185058596,9.137897644042969
1748973222854,-4.870571594238282,-1.0627899169921875,11.40553207397461
1748973222920,-6.5660957336425785,-1.4468911743164063,12.433145141601564
1748973222989,-5.973927154541016,1.5780184936523438,8.285420379638673
1748973223055,-7.467072143554688,-2.480940856933594,8.572972412109376
1748973223120,-6.713988189697266,-2.0348684692382815,7.368576965332031
1748973223189,-4.776567077636719,-1.9603234863281251,6.6877926635742195
1748973223255,-4.193828887939453,-3.064577178955078,7.392527160644532
1748973223320,-4.3050476074218755,-2.391127624511719,7.020850067138673
1748973223389,-5.210963745117188,-2.216590576171875,7.189249877929688
1748973223454,-4.951553192138672,-3.074007568359375,8.07750274658203
1748973223522,-3.372935943603516,-3.1317874145507814,11.966715087890625
1748973223589,-2.4638763427734376,-0.8023315429687501,11.671678619384766
1748973223654,-1.3262420654296876,3.246149597167969,7.6773847961425785
1748973223720,-3.6682717895507815,-3.1825318908691407,9.54220687866211
1748973223789,-3.758983154296875,-1.6338523864746095,7.8710820007324225
1748973223854,-3.8583764648437504,-1.3534854125976563,8.31835189819336
1748973223920,-3.4611026000976564,-2.564916229248047,8.322393493652344
1748973223989,-6.131549377441407,-1.0948233032226562,9.090146942138672
1748973224056,-1.8263520812988283,-3.411555633544922,8.230334930419922
1748973224122,-0.33724868774414063,-5.582042083740235,8.727600860595704
1748973224189,-1.1066487121582032,-3.3920960998535157,17.173637237548828
1748973224254,-1.4473402404785156,0.19369720458984377,11.57602752685547
1748973224321,-2.078577575683594,-0.7581733703613281,6.909331970214844
1748973224389,-4.85994369506836,-3.6681221008300784,7.398365020751953
1748973224453,-4.344715118408203,-4.143234100341797,8.166118469238281
1748973224520,-3.2985406494140626,-1.0809022521972658,10.43554916381836
1748973224589,-4.1128472900390625,-1.92320068359375,8.740923156738281
1748973224654,-2.8744725036621097,-3.996988220214844,7.906857604980469
1748973224720,-2.7595115661621095,-3.861819305419922,7.626490631103516
1748973224789,-2.7096652221679687,-5.530399475097656,8.370144195556641
1748973224854,-2.988684997558594,-5.924978942871094,10.26265869140625
1748973224920,-4.217779083251953,-7.889194335937501,11.62871795654297
1748973224989,-1.2277468872070314,0.29593460083007816,6.867568817138673
1748973225054,-1.4685960388183594,-4.879403228759766,9.0675439453125
1748973225120,-2.647394714355469,-5.052144012451172,7.466323699951173
1748973225189,-2.3035597229003906,-2.7846592712402347,6.907984771728516
1748973225255,-1.6649876403808594,-4.091142425537109,8.247549133300781
1748973225320,-2.2194346618652343,-3.207829284667969,7.5028477478027344
1748973225389,-2.4337889099121095,-4.1164398193359375,8.444090423583985
1748973225454,-2.6409580993652346,-3.8176611328125003,8.791967010498047
1748973225520,-3.137026519775391,-4.790488128662109,9.718240814208984
1748973225589,-4.453538818359375,-6.411616973876954,10.519973602294922
1748973225654,-3.1475047302246097,-0.3496728515625,7.588170318603516
1748973225721,-3.713477783203125,-2.920576629638672,6.859785003662109
1748973225789,-4.611610107421876,-4.114044799804688,8.10759017944336
1748973225854,-4.750072174072266,-1.8268011474609376,8.59377914428711
1748973225920,-4.524491271972656,-2.1207897949218752,8.609197082519533
1748973225989,-4.788542175292969,-2.6566754150390626,8.27329559326172
1748973226054,-4.631219329833985,-2.337389373779297,7.746690673828126
1748973226121,-4.673431549072266,-3.416645050048828,7.9097016906738284
1748973226189,-5.096751251220703,-4.1975711059570315,9.038204956054688
1748973226254,-6.163582763671875,-5.640121307373047,10.509196014404298
1748973226320,-5.412893829345704,-3.7582347106933596,7.8797639465332034
1748973226389,-3.467389526367188,-0.5676196289062501,6.232140197753907
1748973226455,-4.849764862060547,-5.417384490966797,8.592731323242187
1748973226520,-5.693111114501954,-3.8386175537109377,6.298601989746094
1748973226589,-4.4015968322753904,-3.8968464660644533,6.273454284667969
1748973226655,-4.72103256225586,-2.596051483154297,7.062164154052735
1748973226721,-5.045408020019532,-2.6866131591796876,7.420369262695313
1748973226791,-2.829565887451172,-2.8084597778320313,7.990084533691407
1748973226854,-2.416125640869141,-1.8986517333984376,9.24133255004883
1748973226923,-4.0724313354492185,-2.7357110595703125,10.863209838867188
1748973226987,-5.688321075439453,-3.116818542480469,10.24200164794922
1748973227053,-3.707041168212891,1.535057830810547,8.856482849121095
1748973227120,-4.824467468261719,-1.2964540100097657,7.526199188232423
1748973227189,-5.634283447265625,-2.4481590270996096,8.63209945678711
1748973227255,-5.450316009521485,-0.04879852294921875,7.373516693115235
1748973227320,-5.578599243164063,-1.247655487060547,7.281458129882813
1748973227390,-5.207371215820313,-0.711171112060547,7.52320541381836
1748973227454,-5.5025573730468755,-1.4772779846191406,8.391100616455079
1748973227521,-5.4230726623535155,-1.7967137145996095,8.575666809082032
1748973227589,-5.913003845214844,-3.1596295166015627,11.187285919189454
1748973227654,-4.99840576171875,-2.8024722290039064,12.508588256835939
1748973227720,-5.0165180969238286,-4.387077026367188,12.930111694335938
1748973227789,-3.5307078552246094,-1.176104278564453,9.165889434814453
1748973227853,-1.507365417480469,-4.191882934570312,9.767189025878906
1748973227921,1.0324031066894532,-3.320844268798828,7.024592285156251
1748973227989,1.854792938232422,-0.3249742126464844,7.981402587890625
1748973228054,0.20327728271484377,-3.0038035583496097,6.163433074951172
1748973228121,0.5936654663085937,-2.342478790283203,5.015021209716797
1748973228189,-0.3050656127929688,-1.4244378662109376,7.990982666015626
1748973228254,-1.0873388671875,0.0484991455078125,10.54377410888672
1748973228320,-3.140918426513672,5.119803314208984,10.381062469482423
1748973228389,-1.8758990478515627,3.4861006164550785,11.305090942382813
1748973228453,-1.6226257324218751,1.5084132385253908,10.343640289306641
1748973228521,-2.1716839599609377,0.7203021240234375,12.558584289550781
1748973228589,-2.3294558715820313,2.199226684570313,14.213093719482423
1748973228654,-2.6861640930175783,2.9309051513671878,9.992320861816406
1748973228722,-2.6035359191894534,1.4305751037597656,8.150999908447266
1748973228789,-2.570754089355469,2.2579046630859376,7.346572723388673
1748973228854,-2.9150381469726563,2.6497897338867187,7.8254269409179695
1748973228920,-3.2494427490234377,2.1118084716796877,8.56503890991211
1748973228988,-3.7648210144042973,2.010169830322266,10.51653076171875
1748973229056,-3.9679486083984377,1.3816268920898438,9.830806732177734
1748973229121,-3.346740417480469,0.7453001403808595,8.612789611816407
1748973229194,-2.6433531188964845,0.14474899291992188,8.259524230957032
1748973229255,-2.1668939208984375,0.2279759216308594,8.817713470458985
1748973229321,-2.5035438537597656,0.3740721130371094,11.724818115234376
1748973229389,-2.9702732849121096,1.3284873962402344,11.091485137939454
1748973229454,-1.8711090087890625,2.575693817138672,11.113788757324219
1748973229520,-2.2466780090332032,2.426005096435547,9.825867004394532
1748973229595,-2.3610401916503907,0.9897418212890625,8.182584228515626
1748973229655,-3.1030471801757815,1.4127621459960937,7.0238438415527344
1748973229721,-3.1316377258300783,1.5214361572265627,6.354136505126953
1748973229789,-3.290906524658203,1.7696200561523439,7.79818359375
1748973229854,-3.3428485107421877,0.9644444274902344,8.884774017333985
1748973229921,-2.9662316894531253,0.8032296752929687,8.968899078369141
1748973229989,-3.77694580078125,0.2070195007324219,9.603429565429687
1748973230055,-4.080364837646485,1.3509407043457031,9.961185607910156
1748973230121,-5.788911895751953,0.7571255493164063,12.46023880004883
1748973230194,-4.441114654541016,2.7150540161132812,11.30299530029297
1748973230257,-6.206543426513672,-0.16495697021484376,10.189161529541016
1748973230321,-5.548362121582032,-0.5159770202636719,8.514593811035157
1748973230394,-3.5750157165527345,0.599802703857422,5.595963134765626
1748973230454,-3.248694305419922,-0.5489085388183594,5.361700286865235
1748973230521,-3.296594696044922,-2.0353175354003907,6.092630310058594
1748973230589,-3.93980712890625,-1.7408798217773438,5.74086181640625
1748973230653,-4.562661895751954,-0.8913963317871094,6.831643524169922
1748973230720,-5.344486083984375,-0.44382705688476565,10.97921859741211
1748973230794,-6.806346130371094,-0.5608836364746094,12.98669403076172
1748973230856,-8.122708740234376,-1.349593505859375,9.926457824707033
1748973230921,-7.905211029052735,-4.091741180419922,11.032956848144531
1748973230989,-4.786895599365234,-1.5678396606445313,8.008196868896485
1748973231055,-4.5831692504882815,-2.6890081787109374,8.04008056640625
1748973231122,-5.251828765869141,-3.0180239868164063,7.345824279785156
1748973231194,-4.599635009765625,-3.9841149902343753,5.486690368652344
1748973231256,-4.032763824462891,-3.454366607666016,4.527784423828125
1748973231321,-3.928580474853516,-3.0919702148437502,5.177433471679688
1748973231394,-4.226610717773438,-3.7218603515625004,6.396199035644532
1748973231455,-4.6623545837402345,-2.8530670166015626,7.3533087158203125
1748973231521,-4.17736312866211,-2.3200254821777344,8.205636291503907
1748973231594,-3.4980757141113283,-2.6970913696289065,8.652307434082031
1748973231655,-4.404889984130859,-2.750530242919922,9.754016418457033
1748973231721,-5.212909698486328,-3.061882781982422,12.817096710205078
1748973231794,-5.551206207275391,-1.8755996704101563,13.431868286132813
1748973231856,-5.391787719726563,0.23111938476562502,9.035660247802735
1748973231926,-5.320685577392578,-2.1585113525390627,7.903115386962891
1748973231987,-4.908143463134766,-1.6347505187988283,5.6761962890625
1748973232054,-4.3806404113769535,-1.6396902465820313,5.555696868896485
1748973232121,-4.553530883789063,-1.1042536926269533,5.300926666259766
1748973232194,-5.73412582397461,-1.811682586669922,6.123615875244141
1748973232257,-6.253096618652344,-1.8682649230957031,7.270231475830078
1748973232321,-5.972729644775391,-1.0406359863281252,7.418872375488282
1748973232390,-6.19396957397461,-2.149380340576172,7.867788848876954
1748973232455,-5.6282958984375,-1.4850617980957033,8.725954284667969
1748973232521,-5.476361846923829,-1.7359400939941407,7.978109436035156
1748973232589,-4.369862823486328,-2.4668701171875003,8.728498992919922
1748973232654,-5.165009307861328,-3.733685760498047,10.073751525878906
1748973232722,-6.091582489013672,-4.524042205810547,10.605894927978516
1748973232789,-4.698728942871094,-2.2879920959472657,8.930728454589843
1748973232853,-4.394711151123047,-3.364703063964844,9.094936981201172
1748973232921,-3.403921508789063,-3.6452197265625004,8.329279174804688
1748973232990,-3.1834300231933597,-2.7327172851562502,5.839207305908204
1748973233055,-3.4524206542968754,-2.290686492919922,6.841073913574219
1748973233122,-3.1042446899414062,-0.9940827941894532,7.012467498779297
1748973233189,-3.8191580200195316,-1.8934126281738282,7.408394165039063
1748973233255,-4.7328579711914065,-1.8905685424804688,8.271798706054687
1748973233321,-5.392386474609375,-1.8265017700195314,9.136550445556642
1748973233389,-6.6524661254882815,-2.8166926574707034,11.242521057128906
1748973233454,-6.871909790039063,-2.5471032714843753,11.021281127929688
1748973233521,-4.723128204345703,0.1676513671875,9.105265502929688
1748973233590,-5.191653900146485,-2.2071601867675783,8.081095275878907
1748973233654,-4.621489562988281,-1.4726376342773437,6.757846984863281
1748973233721,-4.1763153076171875,-0.7767347717285157,5.986201629638672
1748973233790,-4.970114593505859,-2.0670515441894532,6.474037170410156
1748973233854,-5.392536163330078,-1.3180091857910157,6.1382853698730475
1748973233921,-5.1799781799316404,-1.8456619262695313,7.503596191406251
1748973233990,-5.5727613830566405,-2.489173736572266,8.061336364746094
1748973234055,-5.068160705566407,-2.7005342102050784,7.249275054931641
1748973234121,-5.117857360839844,-2.8789631652832033,7.059619445800782
1748973234191,-4.966671752929687,-3.4229319763183597,8.014034729003907
1748973234255,-5.32218246459961,-3.036884765625,8.46923812866211
1748973234321,-6.183191986083985,-3.742966461181641,10.086175689697265
1748973234390,-6.3354254150390625,-3.7778439331054687,11.174562377929687
1748973234453,-5.1662068176269536,-1.9143690490722658,9.06080795288086
1748973234521,-4.225113830566406,-2.8366012573242188,9.64279769897461
1748973234589,-3.1404693603515628,-3.293900299072266,7.795788574218751
1748973234654,-2.9223728942871094,-2.763702850341797,6.332281951904297
1748973234721,-1.9719992065429688,-2.5370741271972657,5.208119659423828
1748973234789,-3.606300659179688,-3.4483790588378906,6.372697906494141
1748973234853,-5.238057403564453,-4.540807342529297,8.552764434814453
1748973234921,-4.578528900146485,-2.1939875793457033,7.452851715087891
1748973234990,-4.14577880859375,-2.9942234802246097,8.410260772705078
1748973235053,-4.450545043945313,-2.8624974060058594,8.9717431640625
1748973235121,-4.217030639648438,-1.4721885681152345,7.931855621337891
1748973235189,-4.559219055175782,-2.3499632263183594,8.195307769775392
1748973235254,-5.1009425354003906,-1.9770886230468752,7.934999084472657
1748973235321,-5.023852844238282,-1.6066090393066408,7.997119903564453
1748973235389,-5.354365539550781,-1.3683045959472657,7.733218688964844
1748973235453,-5.3579580688476565,-1.5214361572265627,8.323291625976562
1748973235522,-6.184988250732422,-2.2216799926757815,8.543783111572266
1748973235589,-5.710025939941406,-0.9599537658691407,7.661966857910157
1748973235654,-4.9440687561035155,-1.3684542846679688,7.835306396484375
1748973235721,-5.332211608886719,-1.8604811096191407,7.943980407714844
1748973235790,-5.75089096069336,-1.9814295959472656,7.674391021728516
1748973235853,-5.442232818603516,-1.42024658203125,7.822433166503907
1748973235921,-5.076992340087891,-1.520538024902344,7.663014678955078
1748973235990,-5.312452697753907,-1.8384768676757814,8.076604614257812
1748973236055,-5.841003570556641,-1.5666421508789063,8.324489135742187
1748973236121,-5.606141967773437,-0.8930429077148438,8.164322204589844
1748973236190,-5.293591918945313,-1.3486953735351563,8.320148162841797
1748973236255,-5.632487182617187,-1.9687060546875002,8.375083923339844
1748973236322,-5.2135084533691405,-1.6926800537109377,7.998766479492188
1748973236390,-4.774022369384766,-2.1534219360351563,8.251141662597657
1748973236455,-4.2680744934082036,-2.049687652587891,8.284671936035156
1748973236521,-3.9010377502441407,-2.1905447387695314,8.47881820678711
1748973236590,-4.154760131835937,-2.6902056884765626,9.004974060058593
1748973236654,-4.041445770263672,-2.1969813537597656,7.96343994140625
1748973236721,-3.985462188720703,-2.240391082763672,7.659871215820313
1748973236790,-4.139192504882812,-2.263143768310547,8.06642578125
1748973236854,-4.84991455078125,-2.2722747802734378,8.363707580566407
1748973236922,-4.5249403381347655,-1.3322296142578125,9.003477172851563
1748973236987,-4.7116021728515625,-0.9262738037109376,8.8088818359375
1748973237056,-5.450016632080079,-1.3931529235839843,8.436456298828125
1748973237121,-5.08747055053711,-1.0193801879882813,7.994874572753907
1748973237190,-5.389692077636719,-1.4847624206542969,7.669002227783204
1748973237256,-5.3352053833007815,-1.2584330749511718,7.325017547607422
1748973237321,-6.225703582763672,-2.404599609375,8.735534362792968
1748973237390,-6.187383270263672,-0.8957373046875,7.354057159423829
1748973237454,-5.574857025146485,-0.9915380859375,7.298522644042969
1748973237521,-5.743855590820313,-1.4295272827148438,8.2244970703125
1748973237590,-5.612428894042969,-1.0600955200195312,7.893834686279297
1748973237654,-5.616021423339844,-1.5404466247558595,7.454947357177735
1748973237721,-5.375920715332032,-1.4660513305664062,7.66930160522461
1748973237789,-5.835165710449219,-1.4929953002929688,7.9468244934082035
1748973237854,-6.158493347167969,-1.5471826171875,9.135652313232422
1748973237921,-5.412444763183594,-1.1228150939941406,7.660769348144532
1748973237989,-5.099295959472657,-2.0863613891601562,8.195457458496094
1748973238055,-4.372856597900391,-2.537373504638672,8.744066619873047
1748973238121,-3.63324462890625,-2.4194187927246094,8.943601684570313
1748973238190,-3.7594322204589847,-1.2012519836425781,8.907227325439454
1748973238255,-4.216132507324219,-3.1579829406738282,7.9010197448730475
1748973238321,-4.0423439025878904,-0.7632627868652344,7.14479232788086
1748973238389,-3.011437683105469,-1.5654446411132814,9.095835113525391
1748973238455,-3.5953733825683596,-3.0696665954589846,9.03730682373047
1748973238521,-3.8420603942871097,-2.5334815979003906,9.847422180175782
1748973238590,-3.5423835754394535,-3.3290771484375004,8.786877593994141
1748973238655,-3.449726257324219,-3.4347573852539064,7.521558837890625
1748973238721,-3.501219177246094,-3.9610629272460938,7.852370910644532
1748973238790,-3.950435028076172,-2.9030630493164065,8.148155822753907
1748973238854,-4.200115814208985,-2.621049499511719,8.128546600341798
1748973238921,-4.648583221435547,-2.6840684509277346,8.480464782714844
1748973238990,-4.919669494628907,-1.8688636779785157,8.782536621093751
1748973239054,-5.111869812011719,-1.1256591796875,8.540939025878906
1748973239120,-5.147795104980469,-1.0838960266113282,8.792715454101563
1748973239190,-5.798042907714844,-1.4036311340332033,8.01657943725586
1748973239255,-5.624254302978516,-1.1552975463867188,8.173004150390625
1748973239322,-5.593418426513672,-1.0918295288085937,8.244255981445313
1748973239390,-5.658682708740234,-1.2027488708496095,8.042774963378907
1748973239453,-5.494773559570313,-2.0216958618164065,8.27045150756836
1748973239522,-5.05394027709961,-2.5104295349121095,8.243507537841797
1748973239591,-5.184019775390626,-2.5268952941894534,8.147557067871094
1748973239654,-4.865332489013672,-2.844834136962891,8.318950653076172
1748973239721,-4.904700622558594,-2.3427781677246093,7.45853988647461
1748973239789,-5.177583160400391,-1.5822097778320314,7.268584899902344
1748973239855,-5.15647705078125,-0.29413833618164065,8.157735900878906
1748973239921,-5.382507019042969,1.0186317443847657,8.47163314819336
1748973239990,-5.94683349609375,0.040415954589843754,8.300389251708985
1748973240054,-5.504054260253906,-0.06930587768554688,8.472381591796875
1748973240122,-6.204747161865234,-0.681383056640625,7.719447326660156
1748973240190,-6.546636199951172,-1.312321014404297,8.537047119140626
1748973240254,-6.271658020019531,-0.6981481933593751,8.336164855957032
1748973240321,-6.093977508544922,-1.5480807495117188,7.588619384765625
1748973240390,-5.64985107421875,-2.202819213867188,7.128326568603516
1748973240455,-5.151387634277344,-2.1281245422363284,6.993007965087891
1748973240522,-5.115911407470703,-0.6971003723144532,7.5311389160156255
1748973240590,-5.096451873779297,-1.8473085021972657,8.073311462402344
1748973240654,-5.333109741210937,-1.1295510864257814,7.972870330810547
1748973240721,-5.325325927734375,-0.9883946228027344,7.289241943359375
1748973240790,-4.90784408569336,0.37676651000976563,7.061116333007813
1748973240854,-6.674320678710938,-0.09984237670898438,8.163274383544922
1748973240921,-5.984405364990235,0.8813671875000001,8.38975341796875
1748973240990,-6.291267242431641,0.7369175720214844,8.178093566894532
1748973241055,-5.679788818359375,0.9340576171875,8.377928009033203
1748973241121,-5.588179321289063,0.4071533203125,8.432115325927734
1748973241190,-5.618117065429688,-0.19728973388671875,8.313861236572267
1748973241255,-5.145250396728516,-0.7265890502929688,8.357570343017578
1748973241321,-4.764292602539062,0.03577560424804688,9.020990753173828
1748973241390,-5.448819122314453,-1.0240205383300782,7.677085418701172
1748973241454,-5.693709869384766,-0.6038442993164063,7.498656463623047
1748973241521,-5.751489715576172,-0.686173095703125,7.252717895507812
1748973241590,-5.85148178100586,-0.31913635253906253,7.299271087646485
1748973241654,-5.3175421142578125,-0.3249742126464844,7.933352508544922
1748973241721,-5.349126434326172,-0.20088226318359376,8.565787353515626
1748973241790,-5.368136901855469,-0.22109024047851564,8.343948669433594
1748973241855,-5.375920715332032,-0.36060012817382814,8.152496795654297
1748973241929,-5.506898345947266,0.4493655395507813,8.266709289550782
1748973241987,-5.9445881652832036,-0.6285429382324219,7.386838989257813
1748973242054,-5.562283172607422,-0.4201762390136719,7.655380554199219
1748973242121,-5.3967274475097655,-0.6611750793457032,7.90640853881836
1748973242191,-5.3173924255371094,-0.6209088134765626,7.952961730957032
1748973242254,-5.600453796386719,-0.40745269775390625,8.184829559326172
1748973242321,-5.450016632080079,-0.20552261352539064,8.27284652709961
1748973242389,-5.8353153991699225,-0.09205856323242188,7.917186126708985
1748973242453,-5.94488754272461,-0.19699035644531251,7.760911102294922
1748973242521,-5.941444702148438,-0.28186386108398437,7.688162384033204
1748973242591,-5.426216125488281,-0.5487588500976562,7.983947296142579
1748973242654,-5.412145385742188,-0.6303392028808594,7.949069824218751
1748973242721,-5.712870025634766,-0.6494993591308594,7.780670013427735
1748973242791,-5.717809753417969,-0.44502456665039064,7.8147990417480475
1748973242854,-5.794300689697266,-0.5322930908203125,7.806266784667969
1748973242921,-5.607638854980469,-0.4149371337890625,7.888146514892578
1748973242991,-5.6944583129882815,-0.4602928161621094,7.861950988769531
1748973243054,-5.698799285888672,-0.40356079101562503,7.865543518066406
1748973243121,-5.664071502685547,-0.38050872802734376,7.959248657226563
1748973243191,-5.781277770996094,-0.4267625427246094,8.035440216064453
1748973243254,-5.680387573242188,-0.5987548828125,7.886200561523438
1748973243321,-5.642216949462891,-0.6420149230957032,7.752528533935547
1748973243391,-5.903423767089844,-0.6815327453613281,7.644752655029297
1748973243454,-5.71691162109375,-0.6689588928222656,7.736062774658204
1748973243521,-5.668562164306641,-0.6283932495117188,7.8939843750000005
1748973243591,-5.732179870605469,-0.4860392761230469,7.811505889892579
1748973243654,-5.7050862121582036,-0.5498066711425782,7.960595855712891
1748973243721,-5.6785913085937505,-0.35820510864257815,8.15025146484375
1748973243791,-5.7526872253417976,-0.6783892822265626,7.690707092285157
1748973243853,-5.930068359375,-0.6393205261230469,7.748786315917969
1748973243921,-5.811215515136719,-0.7734416198730469,7.644004211425782
1748973243988,-5.5940171813964845,-0.7958949279785157,7.902217254638672
1748973244054,-5.622907104492188,-0.6735992431640625,7.981552276611328
1748973244121,-5.754633178710938,-0.7583230590820312,7.7899507141113284
1748973244189,-5.945186920166016,-0.5777984619140625,7.219037933349609
1748973244254,-5.878575439453125,-0.5622308349609375,7.574099578857422
1748973244321,-5.644312591552735,-0.7970924377441406,8.21057601928711
1748973244391,-5.430856475830079,-0.38514907836914064,8.25368637084961
1748973244454,-5.678291931152344,-0.590372314453125,7.955057373046875
1748973244521,-5.92288330078125,-0.5944139099121094,7.624993743896485
1748973244591,-6.042933654785156,-0.5004093933105469,7.401358795166016
1748973244653,-5.914201354980469,-0.6300398254394531,7.574099578857422
1748973244721,-5.755082244873047,-0.8027806091308595,7.654332733154297
1748973244791,-5.645659790039063,-0.7212002563476563,7.739355926513673
1748973244853,-5.8969871520996096,-0.6764433288574219,7.714507598876954
1748973244921,-5.960604858398438,-0.7903564453125,7.809859313964844
1748973244991,-5.930667114257813,-0.7661068725585938,7.752378845214844
1748973245053,-5.935906219482423,-0.7381150817871094,7.689210205078125
1748973245121,-6.0254200744628905,-0.8919950866699219,7.674241333007813
1748973245191,-5.9516235351562505,-0.8708889770507813,7.664361877441407
1748973245253,-5.961802368164062,-0.67300048828125,7.628436584472657
1748973245321,-6.172713775634766,-0.7762857055664063,7.44416976928711
1748973245391,-6.237978057861328,-0.741108856201172,7.395071868896485
1748973245454,-6.200855255126953,-0.7837701416015626,7.36992416381836
1748973245521,-6.4412553405761726,-1.0421328735351563,7.440726928710938
1748973245592,-5.979016571044922,-0.8137078857421876,7.577991485595703
1748973245654,-5.677842864990235,-0.8406518554687501,7.987689514160157
1748973245721,-6.077062683105469,-0.5905220031738282,7.740553436279297
1748973245791,-6.083948364257813,-0.7917036437988282,7.543263702392578
1748973245854,-6.219566345214844,-0.6888674926757813,7.426805877685547
1748973245921,-5.991740112304687,-0.8267308044433594,7.597301330566407
1748973245992,-6.0306591796875,-0.7661068725585938,7.591762847900391
1748973246054,-6.02826416015625,-0.6391708374023438,7.597151641845704
1748973246121,-6.055956573486329,-0.6857240295410156,7.5488021850585945
1748973246191,-6.069129180908203,-0.7295828247070313,7.549700317382813
1748973246254,-5.973927154541016,-0.8060737609863282,7.6158627319335945
1748973246321,-6.021528167724609,-0.8425978088378907,7.629634094238281
1748973246391,-6.042035522460938,-0.6486012268066407,7.553442535400391
1748973246455,-6.00476303100586,-0.7923023986816407,7.603588256835938
1748973246521,-6.061345367431641,-0.7466473388671876,7.536976776123047
1748973246591,-6.025120697021484,-0.7511380004882813,7.575746154785157
1748973246654,-6.0114990234375005,-0.7583230590820312,7.598049774169922
1748973246721,-6.0466758728027346,-0.8129594421386719,7.61421615600586
1748973246791,-6.043981475830078,-0.8180488586425781,7.539222106933594
1748973246854,-6.005062408447266,-0.8216413879394532,7.609575805664063
1748973246941,-6.025869140625001,-0.8168513488769532,7.598947906494141
1748973246987,-6.027665405273438,-0.7747888183593751,7.597600708007813
1748973247054,-6.041137390136719,-0.7515870666503907,7.617060241699219
1748973247121,-6.098318481445313,-0.8249345397949219,7.5257501220703125
1748973247191,-6.05266342163086,-0.6915618896484376,7.447612609863282
1748973247254,-6.017486572265625,-0.8720864868164063,7.662266235351563
1748973247321,-6.055208129882812,-0.7542814636230469,7.592511291503906
1748973247391,-5.989345092773438,-0.7295828247070313,7.656278686523438
1748973247454,-6.112688598632813,-0.7999365234375,7.532037048339844
1748973247521,-6.042185211181641,-0.7996371459960938,7.561825103759766
1748973247591,-6.048921203613282,-0.7816744995117187,7.591912536621094
1748973247654,-6.083349609375,-0.7577243041992188,7.54236557006836
1748973247721,-6.0818527221679695,-0.708776092529297,7.525899810791016
1748973247792,-6.053860931396485,-0.7815248107910157,7.548502807617188
1748973247854,-6.0818527221679695,-0.8357121276855469,7.5892181396484375
1748973247921,-6.011049957275391,-0.8443940734863282,7.563321990966798
1748973247992,-6.105503540039063,-0.8042774963378907,7.611671447753906
1748973248054,-6.0658360290527344,-0.7212002563476563,7.557783508300782
1748973248121,-5.917943572998047,-0.8141569519042969,7.677235107421875
1748973248192,-6.022276611328126,-0.8592132568359375,7.539820861816406
1748973248254,-5.9972785949707035,-0.7402107238769532,7.690258026123047
1748973248321,-6.082301788330079,-0.7562274169921875,7.453899536132813
1748973248392,-6.028713226318359,-0.7746391296386719,7.552095336914063
1748973248454,-5.704786834716797,-0.945883026123047,8.010142822265625
1748973248521,-5.74610092163086,-0.8732839965820313,8.07645492553711
1748973248591,-5.3685859680175785,-0.6414161682128906,8.235424346923828
1748973248654,-5.401667175292969,-1.0612930297851564,8.024512939453125
1748973248721,-5.697003021240235,-1.1000624084472657,7.426057434082032
1748973248792,-5.382207641601563,-1.1202703857421876,7.4724609375
1748973248854,-5.211412811279297,-0.9618997192382813,7.990084533691407
1748973248921,-5.145100708007813,-0.9213340759277344,8.328081665039063
1748973248992,-5.018613739013672,-0.9163943481445312,8.53150863647461
1748973249054,-5.337301025390626,-0.6451583862304687,8.311017150878907
1748973249121,-5.536387023925782,-0.959205322265625,7.9924795532226565
1748973249191,-5.5869818115234375,-1.0422825622558594,7.809709625244141
1748973249254,-5.464985504150391,-1.1300001525878907,7.952961730957032
1748973249321,-5.442981262207032,-1.1984078979492188,7.971373443603516
1748973249392,-5.5464161682128905,-1.217717742919922,7.977959747314453
1748973249454,-5.623056793212891,-1.099164276123047,7.917036437988282
1748973249521,-5.580994262695313,-1.0289602661132813,7.847131805419922
1748973249591,-5.685926055908204,-0.9092092895507813,7.840844879150391
1748973249654,-5.7065830993652344,-0.7232958984375001,7.73830810546875
1748973249721,-5.917793884277344,-0.7478448486328125,7.689808959960938
1748973249791,-5.826184387207031,-0.580642547607422,7.727081451416016
1748973249854,-5.755381622314453,-0.689615936279297,7.892487487792969
1748973249921,-5.7260426330566405,-0.8090675354003907,7.884104919433594
1748973249991,-5.7754399108886725,-0.8165519714355469,7.775580596923828
1748973250054,-5.847140808105469,-0.8749305725097657,7.699838104248047
1748973250121,-5.894442443847656,-0.79275146484375,7.637567596435547
1748973250191,-5.878874816894531,-0.7074288940429688,7.763006744384766
1748973250253,-5.842949523925782,-0.73048095703125,7.7812687683105475
1748973250321,-5.841302947998047,-0.7002438354492188,7.743397521972657
1748973250391,-5.875282287597656,-0.8116122436523437,7.726482696533203
1748973250453,-5.81316146850586,-0.760418701171875,7.75791732788086
1748973250521,-5.903274078369141,-0.8384065246582032,7.7722874450683594
1748973250591,-5.801336059570313,-0.6918612670898437,7.698341217041016
1748973250654,-5.920188903808594,-0.8484356689453125,7.6687028503417976
1748973250721,-5.856571197509766,-0.7958949279785157,7.686216430664063
1748973250789,-5.890550537109375,-0.6743476867675782,7.66930160522461
1748973250854,-5.8652531433105475,-0.7503895568847657,7.734565887451172
1748973250921,-5.815556488037109,-0.7716453552246094,7.73830810546875
1748973250991,-5.795498199462891,-0.8276289367675782,7.737859039306641
1748973251054,-5.67380126953125,-0.6653663635253907,7.571854248046876
1748973251121,-6.0358982849121094,-0.44158172607421875,7.807464294433594
1748973251191,-5.958359527587891,-0.8529263305664063,7.665260009765626
1748973251254,-5.7145166015625,-0.8208929443359375,7.66930160522461
1748973251321,-5.850284271240235,-0.7509883117675782,7.678731994628906
1748973251391,-5.812113647460937,-0.7547305297851563,7.812404022216797
1748973251455,-5.94488754272461,-0.6533912658691406,7.756869506835938
1748973251521,-5.924679565429688,-0.6764433288574219,7.735014953613281
1748973251591,-5.893843688964844,-0.7146139526367188,7.671397247314453
1748973251655,-5.997428283691407,-0.8102650451660157,7.633975067138672
1748973251721,-5.951473846435547,-0.9578581237792969,7.5962535095214845
1748973251791,-5.7895106506347656,-0.8493338012695313,7.701484680175781
1748973251855,-6.011349334716797,-0.8547225952148438,7.696095886230469
1748973251934,-6.006259918212891,-0.8267308044433594,7.643704833984375
1748973251987,-5.871989135742187,-0.8665480041503907,7.737709350585938
1748973252054,-5.959706726074219,-0.7256909179687501,7.666307830810547
1748973252121,-5.893993377685547,-0.6891668701171876,7.703430633544922
1748973252191,-5.836512908935547,-0.6807843017578126,7.711663513183594
1748973252255,-5.628445587158203,-0.6165678405761719,8.04816375732422
1748973252321,-5.783074035644532,-0.6369255065917969,8.012986907958984
1748973252391,-6.420298919677735,-0.8081694030761719,9.108408966064454
1748973252455,-4.091741180419922,-3.030597839355469,7.765850830078126
1748973252521,-6.0114990234375005,-1.2287947082519532,6.768025817871094
1748973252592,-5.361400909423828,-1.6822018432617187,7.798033905029297
1748973252654,-6.110293579101563,-1.28133544921875,7.629334716796875
1748973252721,-6.3159658813476565,-0.9669891357421876,7.387886810302735
1748973252794,-6.364914093017578,-0.3189866638183594,7.589816894531251
1748973252854,-6.724915466308594,-0.07050338745117188,7.864495697021485
1748973252921,-6.484665069580078,0.05553451538085938,7.696544952392578
1748973252991,-6.185137939453125,-0.0034428405761718754,7.878416748046876
1748973253054,-6.042185211181641,0.09894424438476564,7.722740478515625
1748973253121,-5.533393249511719,-0.3519181823730469,7.995772705078125
1748973253192,-5.015320587158203,-0.32841705322265624,8.109236755371095
1748973253254,-5.505551147460938,-0.6280938720703125,8.304131469726563
1748973253321,-5.554649047851563,-1.0921289062500001,8.307723999023438
1748973253392,-5.212760009765625,-0.88855224609375,8.098908233642579
1748973253453,-5.168003082275391,-1.0439291381835938,7.605833587646485
1748973253521,-5.003046112060547,-0.6442602539062501,7.665409698486329
1748973253591,-5.243296508789062,-0.63947021484375,8.175249481201172
1748973253654,-5.139113159179688,-0.26839187622070315,8.223748626708986
1748973253721,-5.360652465820313,-0.7015910339355469,8.68763397216797
1748973253792,-5.390290832519532,-0.35102005004882814,7.982600097656251
1748973253854,-5.643414459228516,-0.4776567077636719,7.7424993896484375
1748973253921,-6.045927429199219,-0.6140231323242188,7.619754638671876
1748973253991,-6.302044830322266,-0.8698411560058594,7.454947357177735
1748973254054,-6.176605682373047,-0.5608836364746094,7.284002838134766
1748973254121,-6.563251647949219,-1.1641291809082033,7.498357086181641
1748973254191,-6.812333679199219,-0.8045768737792969,7.030430145263672
1748973254254,-6.638844451904297,-0.6550378417968751,7.148534545898438
1748973254321,-6.4426025390625,-0.35221755981445313,7.100185089111329
1748973254391,-6.744973754882813,-0.5504054260253907,6.9924092102050786
1748973254453,-6.606062622070313,-0.396375732421875,7.122488708496094
1748973254521,-6.542295227050782,-0.32811767578125,7.125931549072266
1748973254591,-6.642436981201172,-0.5742059326171876,7.219936065673829
1748973254654,-6.639592895507813,-0.4477189636230469,7.31004867553711
1748973254721,-6.477330322265625,-0.1375639343261719,7.107220458984376
1748973254791,-6.445147247314454,-0.34278717041015627,7.4197705078125
1748973254854,-6.733597412109376,-0.2377056884765625,7.336842956542969
1748973254921,-6.713389434814453,-0.1395098876953125,7.260202331542969
1748973254991,-6.868466949462891,-0.5770500183105469,7.512278137207032
1748973255054,-6.525380401611328,-0.34099090576171875,7.156018981933594
1748973255121,-6.0800564575195315,-0.32811767578125,7.475754089355469
1748973255189,-6.1552001953125,-0.7357200622558594,7.542515258789063
1748973255253,-5.942791900634766,-0.8779243469238281,7.737709350585938
1748973255320,-5.41513916015625,-0.7349716186523438,7.721093902587891
1748973255391,-5.040318603515625,-1.5325131225585937,9.011560363769531
1748973255453,-5.4079541015625,-1.1322454833984374,8.709488525390626
1748973255520,-5.2681448364257815,-1.1346405029296875,7.329657897949219
1748973255591,-4.901706848144531,-1.9294876098632814,7.353608093261719
1748973255654,-4.604275360107422,-1.406924285888672,7.807613983154297
1748973255720,-4.491110687255859,-1.3786331176757813,8.979227600097657
1748973255791,-4.31343017578125,-1.1678713989257814,8.74795852661133
1748973255853,-4.691094818115235,-0.5056484985351563,7.797285461425782
1748973255920,-5.266647949218751,-1.5967295837402344,8.673263854980469
1748973255992,-5.450016632080079,-0.8702902221679688,8.30727493286133
1748973256053,-5.292843475341797,-1.1861334228515625,7.692952423095703
1748973256120,-5.498665466308594,-1.8348843383789064,8.196654968261718
1748973256192,-5.841602325439453,-1.6363970947265625,7.607629852294922
1748973256254,-6.322701873779297,-1.3504916381835939,7.239096221923829
1748973256320,-6.411766662597657,-1.38192626953125,7.181316375732422
1748973256392,-5.980962524414063,-1.6359480285644532,7.699389038085938
1748973256454,-5.5077964782714846,-1.2719050598144532,7.851921844482423
1748973256520,-5.723348236083985,-1.555415496826172,7.487429809570313
1748973256591,-5.713169403076172,-1.2599299621582032,7.407645721435547
1748973256654,-6.079607391357422,-1.0915301513671876,7.601043548583985
1748973256720,-6.0167381286621096,-0.5995033264160157,7.812254333496094
1748973256792,-6.351142730712891,-0.7608677673339844,7.57110580444336
1748973256853,-6.028413848876953,-0.1646575927734375,6.7828450012207036
1748973256936,-5.170547790527344,0.12259506225585938,6.340963897705079
1748973256987,-8.181985473632812,-2.7925927734375002,8.7035009765625
1748973257053,-7.844287719726563,-0.8894503784179688,8.264164581298829
1748973257120,-5.391787719726563,0.4710704040527344,7.566764831542969
1748973257192,-5.880072326660157,-2.336042175292969,7.878716125488282
1748973257254,-5.820196838378907,-1.8306930541992188,7.869734802246094
1748973257320,-5.4390893554687505,-2.828069000244141,8.04292465209961
1748973257391,-5.3703822326660156,-2.9841943359375,7.95864990234375
1748973257454,-5.52575912475586,-2.9189300537109375,9.443262634277344
1748973257520,-5.278323669433594,-2.9997619628906254,9.275611267089845
1748973257591,-4.111051025390625,-1.5982264709472658,7.43698471069336
1748973257654,-3.856131134033203,-3.2108230590820312,8.343798980712892
1748973257720,-2.4999513244628906,-3.9877075195312504,10.130633239746095
1748973257792,-2.1968316650390625,-3.0602362060546877,8.681047668457031
1748973257854,-1.5235317993164064,-2.194885711669922,8.73269027709961
1748973257920,-0.18127304077148437,-1.9790345764160158,9.200617218017578
1748973257991,0.63947021484375,-1.6685801696777345,9.185648345947266
1748973258054,0.6911128234863282,-1.9308348083496094,7.84368896484375
1748973258120,0.800984344482422,-1.7043557739257813,7.413333892822266
1748973258192,-1.465751953125,-2.641407165527344,7.169940032958984
1748973258254,-3.2337254333496097,-0.33545242309570317,10.468929748535157
1748973258320,-6.503076782226563,-0.7845185852050781,9.016200714111328
1748973258392,-7.356302490234375,0.3864962768554688,10.281669158935548
1748973258454,-5.008883972167969,1.4287788391113283,7.715854797363281
1748973258520,-7.860005035400391,-2.379002838134766,7.5610766601562505
1748973258591,-7.3815998840332036,-0.32841705322265624,6.383325805664063
1748973258654,-6.795568542480469,1.1138337707519532,7.197183380126954
1748973258721,-6.862629089355469,1.1323951721191408,8.469986572265626
1748973258793,-6.476731567382813,-0.10208770751953125,8.297395477294922
1748973258854,-7.100933532714844,-1.0062075805664064,9.228159942626954
1748973258921,-8.965306549072267,0.26884094238281253,12.285402374267578
1748973258992,-7.894732818603516,-0.42541534423828126,10.836265869140625
1748973259054,-6.1541523742675786,-3.134481811523438,9.99247055053711
1748973259121,-2.8366012573242188,-2.687062225341797,8.467591552734376
1748973259192,-3.1490016174316406,-1.9588265991210938,7.482190704345704
1748973259254,-2.1835093688964844,0.8613088989257813,6.551575927734375
1748973259321,-3.5772610473632813,1.4248869323730469,7.336992645263672
1748973259391,-2.602188720703125,1.5281721496582032,8.483009490966797
1748973259454,-1.9832258605957032,2.314936065673828,7.953261108398438
1748973259521,-0.8511300659179688,2.3150857543945316,10.85662353515625
1748973259592,0.26719436645507816,3.677253112792969,9.211095428466797
1748973259654,-0.44622207641601563,2.582579498291016,10.875484313964844
1748973259721,1.0205776977539063,3.573069763183594,8.930578765869141
1748973259789,0.21959335327148438,1.2199630737304688,8.851393432617188
1748973259854,-0.043559417724609376,2.1953347778320316,10.082433471679687
1748973259921,1.3135185241699219,1.1693682861328125,9.981842651367188
1748973259991,2.3261627197265624,1.3615686035156251,6.9006500244140625
1748973260054,2.365979919433594,0.8439450073242188,-1.5977774047851563
1748973260121,2.5438101196289065,7.165599060058594,7.128326568603516
1748973260191,0.17109420776367187,2.55548583984375,12.230167236328125
1748973260254,1.8654208374023438,1.1431727600097656,10.071506195068359
1748973260321,0.8921447753906251,3.96854736328125,11.016491088867188
1748973260391,2.4532484436035156,3.148103485107422,8.268655242919923
1748973260454,6.5168481445312505,4.325105895996094,6.539900207519532
1748973260547,9.031918029785157,4.965174865722656,3.2397129821777346
1748973260587,9.059460754394532,2.4240591430664065,4.4722499084472656
1748973260654,9.47903823852539,-0.4029620361328125,0.11555969238281251
1748973260721,8.700058135986328,-1.038091278076172,1.0791059875488282
1748973260789,8.416697387695313,-2.7264303588867187,-4.584965515136719
1748973260854,10.089319152832031,-3.043920135498047,-5.1588720703125
1748973260921,10.956765289306642,-1.9606228637695313,-2.4315435791015627
1748973260991,10.8494384765625,-3.4549653625488284,-2.3766078186035156
1748973261054,9.289382629394531,-4.1200323486328125,-0.5742059326171876
1748973261121,10.58883041381836,-4.14143783569336,-0.5900729370117188
1748973261191,11.837234344482422,-4.705315246582032,0.15837066650390627
1748973261254,12.017609252929688,-5.541326751708985,-1.3253439331054688
1748973261321,9.332193603515625,-3.632945251464844,-0.37077896118164066
1748973261391,7.436086578369141,-5.096152496337891,1.0686277770996093
1748973261454,8.509055328369142,-6.161038055419922,1.4482383728027344
1748973261521,7.332352294921876,-4.123026123046875,0.19773880004882813
1748973261591,7.880512390136719,-5.017116851806641,-0.029788055419921876
1748973261654,8.576864318847656,-4.425846405029297,-0.010328521728515625
1748973261721,8.947942657470703,-4.120481414794922,-1.091081085205078
1748973261791,8.973389739990235,-4.74977279663086,-0.9707313537597657
1748973261854,9.404193878173828,-4.9388296508789065,-0.02155517578125
1748973261943,8.745862884521484,-2.647694091796875,-1.0788066101074218
1748973261988,8.180338897705079,-1.4325210571289064,-2.4138803100585937
1748973262054,7.742948455810548,-3.6320471191406254,-2.575843505859375
1748973262121,8.170908508300782,-4.033212890625,-0.7839198303222656
1748973262192,7.884254608154297,-3.1624736022949222,-0.7701484680175782
1748973262254,8.218060455322266,-3.8368212890625,-0.9752220153808594
1748973262321,8.173004150390625,-2.9165350341796876,-1.3054353332519533
1748973262392,8.353528747558594,-2.7572662353515627,-2.226320343017578
1748973262454,9.435329132080078,-3.434308319091797,-2.092947692871094
1748973262521,12.110865325927735,-4.893773345947266,-2.886896667480469
1748973262589,11.946956176757814,-4.203109588623047,-3.447630615234375
1748973262654,7.5118290710449225,-0.21944366455078126,-1.2283456420898438
1748973262721,10.02076171875,-5.143603820800782,-1.4519805908203125
1748973262790,8.635691986083986,-1.6479231262207032,-1.2097842407226562
1748973262854,9.218280487060547,-3.0927186584472657,-2.715353393554688
1748973262921,9.100325775146485,-2.8190876770019533,-2.1707858276367187
1748973262989,9.207652587890626,-3.789968719482422,-2.7870542907714846
1748973263054,7.833210754394532,-3.994892578125,-2.7864555358886722
1748973263121,8.104297027587892,-4.478387145996094,-2.1671932983398436
1748973263189,11.172915802001954,-6.541696472167969,-2.0878582763671876
1748973263254,8.511001281738281,-1.2132270812988282,-2.9693751525878906
1748973263321,8.292306060791017,-4.2219703674316404,-2.024989013671875
1748973263392,8.588689727783203,-3.0241612243652347,-0.9481283569335938
1748973263454,8.40741668701172,-3.3196467590332035,-1.2458592224121094
1748973263521,8.43810287475586,-3.0002110290527346,-2.987637176513672
1748973263590,8.426726531982423,-4.0571630859375,-2.4605831909179687
1748973263654,8.307125244140625,-3.586691436767578,-3.011437683105469
1748973263721,9.146878967285156,-4.741390228271484,-2.7357110595703125
1748973263791,10.638676757812501,-5.166655883789063,-2.2662872314453124
1748973263854,10.503208465576172,-3.6169285583496094,-4.433031463623047
1748973263921,6.697223052978516,-1.1898756408691407,0.09415420532226564
1748973263989,9.757159881591797,-5.652545471191407,-2.236648864746094
1748973264054,8.710536346435548,-2.777025146484375,-0.7903564453125
1748973264121,7.784412231445313,-2.50758544921875,-0.9749226379394532
1748973264189,8.852890319824219,-2.8334577941894534,-1.5916401672363283
1748973264254,9.733209686279297,-3.414100341796875,-1.5359559631347657
1748973264321,9.747579803466797,-3.562741241455078,-2.7237359619140626
1748973264391,9.904902648925782,-4.166136474609376,-2.6297314453125002
1748973264454,9.669591979980469,-5.4266651916503905,-2.327809295654297
1748973264521,10.244097290039063,-5.698499908447266,-2.8243267822265627
1748973264591,6.582561492919922,-0.7520361328125,-1.8365309143066406
1748973264654,8.161029052734376,-3.327580261230469,-2.5417144775390628
1748973264720,10.423574066162109,-3.5419345092773438,-2.232307891845703
1748973264791,8.718769226074219,-3.4443374633789063,-1.9854711914062502
1748973264854,7.832462310791016,-2.8216323852539062,-0.3908372497558594
1748973264921,7.371720428466797,-3.227438507080078,-1.9041902160644533
1748973264991,7.93514877319336,-4.205953674316406,-3.0204190063476566
1748973265054,9.27156967163086,-5.00319580078125,-2.3679258728027346
1748973265121,9.65432373046875,-3.309617614746094,-4.3701622009277346
1748973265191,10.306068420410156,-3.2636631774902347,-3.600313110351563
1748973265254,10.352471923828125,-2.6291326904296874,-1.8089881896972657
1748973265321,10.358609161376954,-3.4694851684570316,0.3429368591308594
1748973265391,8.488248596191406,-1.462009735107422,-2.049088897705078
1748973265453,7.702233123779298,-2.326761474609375,-0.8479866027832031
1748973265521,8.935368804931642,-2.813998260498047,-1.706451416015625
1748973265591,9.950707397460938,-3.569327545166016,-2.3249652099609377
1748973265662,9.734856262207032,-4.196822662353516,-2.5032444763183594
1748973265721,9.244775390625,-4.899611206054688,-2.416275329589844
1748973265792,11.11094467163086,-6.5925906372070315,-3.7820352172851566
1748973265854,8.357869720458984,-1.6078065490722657,-2.498304748535156
1748973265921,7.536827087402344,-2.8294161987304687,-3.6070491027832032
1748973265991,7.729476470947266,-2.799628143310547,-2.02858154296875
1748973266054,9.292526092529297,-1.7893789672851563,-1.423689422607422
1748973266121,7.366930389404297,-4.186194763183594,-2.412084045410156
1748973266194,8.3969384765625,-2.545756072998047,-2.2493724060058593
1748973266254,8.817863159179687,-3.5747163391113284,-3.0900242614746096
1748973266321,11.246412963867188,-5.044060821533203,-4.5815226745605475
1748973266394,10.547216949462891,-5.270839233398438,-4.345762939453126
1748973266455,7.994275817871094,-1.6730708312988283,-3.1225067138671876
1748973266521,9.07517807006836,-4.683011627197266,-0.8533753967285157
1748973266592,9.147926788330079,-2.237996063232422,-1.8110838317871094
1748973266654,7.869136047363281,-2.0838166809082033,-1.9975959777832033
1748973266721,7.486681365966797,-2.921923828125,-2.0447479248046876
1748973266789,8.19904998779297,-3.2386651611328126,-1.919608154296875
1748973266854,8.413553924560548,-3.3488360595703126,-2.5354275512695312
1748973266938,10.217901763916016,-5.043761444091797,-2.7167005920410157
1748973266988,12.252021789550781,-6.824159088134766,-2.9430299377441407
1748973267054,9.307644653320313,-1.5450869750976564,-2.355052642822266
1748973267121,8.020770721435547,-3.9351667785644535,-3.1319371032714844
1748973267192,8.931177520751953,-3.5639387512207032,-2.385439453125
1748973267254,7.404202880859375,-3.006797332763672,-0.678988037109375
1748973267321,7.852071533203126,-3.5308575439453125,-1.6813037109375002
1748973267392,7.162006530761719,-2.85725830078125,-2.129322052001953
1748973267454,7.371121673583985,-2.9065058898925784,-2.7400520324707034
1748973267521,9.685009918212891,-4.680616607666016,-2.449805603027344
1748973267589,11.592044219970704,-4.829556884765625,-3.314108276367188
1748973267654,11.511062622070312,-3.4693354797363285,-2.7234365844726565
1748973267721,7.2281689453125,-1.5079641723632813,-0.5617817687988281
1748973267792,9.34626434326172,-4.94855941772461,-0.46119094848632813
1748973267854,9.321715393066407,-3.037932586669922,-0.5842350769042969
1748973267921,9.274114379882812,-2.623594207763672,-1.390159149169922
1748973267989,8.972042541503907,-2.7595115661621095,-1.6479231262207032
1748973268054,8.754095764160157,-2.7035279846191407,-1.3732443237304688
1748973268121,9.105714569091797,-3.1620245361328125,-1.6817527770996095
1748973268189,9.588460693359375,-3.429518280029297,-1.751807098388672
1748973268254,10.219847717285157,-4.475842437744141,-2.0005897521972655
1748973268321,12.322375488281251,-6.928043060302735,-3.4109568786621094
1748973268392,6.287525024414063,-0.5213658142089844,-1.2325369262695314
1748973268454,6.911577301025391,-3.4393977355957035,-1.410516815185547
1748973268521,10.104437713623048,-4.510420532226563,-2.625091094970703
1748973268590,8.653355255126954,-2.7358607482910156,-0.8629554748535156
1748973268654,8.624016265869141,-3.3883538818359376,-2.3739134216308595
1748973268721,7.798482971191406,-3.7176690673828126,-1.9622694396972657
1748973268791,7.375762023925781,-3.845203857421875,-2.668351135253906
1748973268854,7.683971099853516,-3.291654968261719,-3.3620086669921876
1748973268921,11.951746215820313,-6.031257934570313,-3.0335916137695316
1748973268991,12.358151092529297,-5.059179382324219,-1.6498690795898439
1748973269054,8.417146453857422,-2.967728576660156,0.040415954589843754
1748973269121,7.924820251464844,-2.5818310546875,0.17109420776367187
1748973269191,9.592502288818359,-4.03605697631836,0.35640884399414063
1748973269254,9.092991027832031,-3.509751434326172,0.8734336853027345
1748973269321,9.09433822631836,-3.2910562133789063,0.12783416748046875
1748973269391,10.446925506591798,-2.294279022216797,1.2611274719238281
1748973269454,11.310330047607422,-1.517095184326172,0.8836125183105469
1748973269521,10.773995361328126,-1.2317884826660157,-1.3874647521972656
1748973269589,10.532697143554689,-4.399501190185547,-2.346969451904297
1748973269654,10.048753509521484,-2.6833200073242187,-1.6822018432617187
1748973269721,10.022408294677735,-4.922513580322266,-0.44083328247070314
1748973269791,8.197702789306641,-2.6577232360839846,-0.8848100280761719
1748973269854,5.019362182617188,-4.431983642578126,-1.1825408935546875
1748973269921,10.305170288085938,-1.2808863830566406,-1.1767030334472657
1748973269989,4.490811309814453,-5.926026763916016,-0.737666015625
1748973270054,9.106612701416015,2.4315435791015627,1.2558883666992189
1748973270121,8.01613037109375,-1.676363983154297,-0.23995101928710938
1748973270189,9.688003692626953,0.5435197448730469,0.836909637451172
1748973270254,10.347681884765626,1.943408660888672,0.43918670654296876
1748973270321,11.257190551757812,-0.2832110595703125,1.1898756408691407
1748973270390,13.14192123413086,2.158810729980469,-0.5522016906738282
1748973270454,12.50724105834961,2.269131317138672,-0.5264552307128907
1748973270521,9.89906478881836,-0.00089813232421875,-0.6038442993164063
1748973270589,10.180629272460939,0.7226971435546875,0.5158273315429688
1748973270654,10.22044647216797,2.1550685119628907,0.6908134460449219
1748973270721,7.905360717773438,1.4054273986816408,0.48334487915039065
1748973270791,9.153016204833985,2.792143707275391,0.28291168212890627
1748973270854,8.138276367187501,2.196382598876953,-0.3975732421875
1748973270921,7.078031158447266,1.6708255004882813,-0.37736526489257816
1748973270989,9.510472869873047,2.868185577392578,-0.41089553833007814
1748973271054,11.568243713378907,3.0109886169433597,-0.2436932373046875
1748973271121,12.953313446044923,2.181563415527344,-1.817670135498047
1748973271189,9.98049545288086,0.40011795043945314,-1.1651770019531251
1748973271254,11.076665954589844,5.060376892089844,-0.6890171813964844
1748973271321,7.440277862548829,1.727856903076172,-0.05523513793945313
1748973271390,8.393645324707032,4.4834765625,-0.604742431640625
1748973271454,6.042035522460938,2.4876768493652346,0.09310638427734376
1748973271521,6.656657409667969,2.524200897216797,0.24084915161132814
1748973271592,8.555608520507812,4.2801992797851565,0.4915777587890625
1748973271654,8.06777297973633,9.759405212402344,-0.21929397583007815
1748973271721,8.258775787353516,9.659413146972657,-0.7107220458984376
1748973271789,8.233029327392579,11.209290161132813,-2.318229217529297
1748973271854,7.293582916259766,5.438490600585938,-0.7378157043457032
1748973271941,8.508157196044923,5.856870574951172,-0.1381626892089844
1748973271988,7.557484130859375,4.5602668762207035,0.5569917297363282
1748973272054,6.39275619506836,5.339845733642578,1.9950512695312501
1748973272121,6.079906768798828,7.654781799316407,-0.547261962890625
1748973272192,3.3702415466308597,8.030650177001954,-1.2954061889648438
1748973272254,4.883893890380859,9.131311340332031,-4.2397833251953125
1748973272321,8.613088989257813,9.508377227783203,-3.087030487060547
1748973272392,10.29663803100586,8.232580261230469,-2.6098228454589845
1748973272454,9.122779083251954,5.605094146728516,-1.3060340881347656
1748973272521,8.574169921875,5.6396722412109375,1.4977853393554688
1748973272592,11.380384368896484,9.574539642333985,1.555565185546875
1748973272654,7.620054016113282,7.795040130615234,1.5088623046875
1748973272721,6.411018218994141,5.230872344970703,0.3658392333984375
1748973272795,5.731880493164063,5.056784362792969,0.6559359741210938
1748973272854,6.2420196533203125,6.299649810791016,-0.2851570129394531
1748973272921,4.995561676025391,5.37202880859375,0.6081852722167969
1748973272991,7.364235992431641,7.895331573486328,-1.5455360412597656
1748973273054,10.099497985839845,9.898466033935547,-2.7342141723632816
1748973273121,11.067534942626954,6.21986572265625,-4.630919952392579
1748973273194,10.248438262939453,5.012027435302735,-4.0249800109863285
1748973273254,9.148525543212891,5.013973388671875,-0.6111790466308594
1748973273321,6.639592895507813,6.230643310546875,1.0050100708007812
1748973273390,4.134851531982422,5.661975860595703,1.772164764404297
1748973273454,7.408094787597657,6.502178649902344,0.17528549194335938
1748973273521,9.993668060302735,3.952680358886719,-0.19055374145507814
1748973273591,10.909613342285157,4.281247100830078,0.7009922790527344
1748973273654,11.117830352783203,4.631818084716797,1.9383192443847657
1748973273721,10.966045989990235,5.144202575683594,1.7431251525878908
1748973273792,10.423274688720703,7.3444770812988285,1.640438690185547
1748973273854,8.735833740234375,6.614744567871094,1.003363494873047
1748973273921,7.0539312744140625,6.749015350341797,0.9136999511718751
1748973273990,6.477030944824219,7.737110595703125,1.1726614379882814
1748973274054,5.242847442626953,5.29538818359375,1.077908477783203
1748973274121,5.951324157714844,6.017187194824219,0.22707778930664063
1748973274191,9.289083251953125,9.216184844970703,0.04176315307617188
1748973274254,9.098978576660157,6.806495819091797,-2.0987855529785158
1748973274321,9.845625915527345,6.046077117919922,-3.9368133544921875
1748973274391,9.492061157226564,5.268444213867188,-2.252665557861328
1748973274454,7.676636352539063,3.9541772460937503,-0.053438873291015626
1748973274521,8.381670227050781,4.943170623779297,0.4317022705078125
1748973274591,7.496261444091798,4.259242858886719,0.17124389648437502
1748973274654,8.06687484741211,4.767436065673828,-1.102756805419922
1748973274721,8.89794662475586,3.324287109375,-1.0023156738281251
1748973274790,13.648916931152344,10.10892837524414,-1.2460089111328125
1748973274854,9.340875549316406,4.931195526123047,0.21704864501953125
1748973274921,8.984466705322266,7.720794525146485,0.15088623046875002
1748973274991,7.943082275390625,5.623056793212891,0.2606080627441406
1748973275054,8.656199340820313,6.829098815917969,0.3791615295410156
1748973275121,6.885232086181641,6.184838562011719,0.36658767700195316
1748973275191,7.8483293151855476,5.849685516357422,-0.6029461669921875
1748973275254,8.19141586303711,6.024671630859375,-2.561623077392578
1748973275321,8.411907348632813,4.786296844482422,-3.2036380004882816
1748973275389,8.999435577392578,3.4182916259765626,-3.919000396728516
1748973275454,9.206604766845704,5.351820831298828,-3.2599209594726566
1748973275521,11.213481445312501,5.013075256347657,-4.8315028381347656
1748973275590,5.71975570678711,-4.633614349365234,-4.755460968017578
1748973275654,6.732250213623047,-1.1069480895996093,-0.3405418395996094
1748973275721,8.283175048828125,-3.9091209411621097,-0.17124389648437502
1748973275792,8.181087341308594,-2.039508819580078,0.10208770751953125
1748973275854,9.811646575927735,-4.051624603271485,-0.34084121704101566
1748973275921,11.51809799194336,-4.918621673583985,-0.9518705749511719
1748973275992,15.80039291381836,-8.434809722900392,1.167572021484375
1748973276054,10.047106933593751,0.34368530273437503,1.0556048583984377
1748973276121,9.10436737060547,-2.7795698547363283,-0.10987152099609375
1748973276189,9.615554351806642,-4.1218286132812505,-0.7343728637695313
1748973276254,9.104517059326172,-3.6283049011230473,-0.07708969116210938
1748973276321,9.324709167480469,-4.672533416748047,0.10193801879882813
1748973276390,8.487649841308594,-3.240012359619141,-1.8279986572265625
1748973276454,6.692732391357422,-3.5438804626464844,-0.8255332946777344
1748973276521,8.215066680908203,-5.079237670898438,-1.3198054504394532
1748973276590,8.29874267578125,-3.9580691528320315,-1.8706599426269532
1748973276654,10.699749755859376,-5.689817962646485,-1.7970130920410157
1748973276721,7.600744171142579,-0.8458909606933595,-0.8267308044433594
1748973276792,10.960357818603516,-6.071075134277344,-1.1952644348144532
1748973276854,8.772357788085937,-2.2228775024414062,-0.06301895141601563
1748973276949,8.146958312988282,-3.126548309326172,0.8390052795410157
1748973276988,8.547675018310548,-3.8011953735351565,0.012873229980468751
1748973277054,9.028924255371095,-2.0435504150390624,-0.5432203674316407
1748973277121,9.24282943725586,-1.2981005859375,0.3350033569335938
1748973277191,10.878927154541016,-2.7129583740234375,-0.5957611083984375
1748973277254,11.429182891845704,-2.408042449951172,-0.9988728332519532
1748973277321,12.444820861816407,-2.4242088317871096,-2.7189459228515624
1748973277391,10.716365203857423,-3.2277378845214844,-4.256698150634766
1748973277454,7.539371795654297,-1.4114149475097657,0.9241781616210938
1748973277521,10.032587127685547,-5.171146545410156,-2.6464965820312503
1748973277591,8.287366333007814,-3.0479617309570313,-1.0127938842773438
1748973277654,7.883805541992188,-3.1154713439941406,0.3980223083496094
1748973277721,8.039930877685547,-3.7293447875976566,-1.3394146728515626
1748973277792,7.1365594482421875,-3.7507502746582033,-0.9134005737304688
1748973277854,7.651788024902344,-4.2062530517578125,-2.0261865234375
1748973277921,9.053323516845703,-5.01322494506836,-1.6777111816406252
1748973277990,11.648626556396485,-6.606212310791016,-5.254523162841797
1748973278054,9.035809936523439,-3.2826736450195315,-3.3495845031738285
1748973278121,7.845185852050782,-4.19652328491211,1.18074462890625
1748973278193,7.874075775146485,-5.123844909667969,-1.003213806152344
1748973278254,8.663534088134766,-3.359763336181641,0.6158193969726563
1748973278321,9.373807067871095,-3.609144744873047,-1.0072554016113282
1748973278391,9.676926727294923,-3.2718960571289064,-0.028291168212890627
1748973278454,9.858199768066406,-3.306174774169922,-0.8530760192871094
1748973278521,9.68441116333008,-3.356919250488281,-1.1692185974121094
1748973278591,10.248587951660157,-3.6407290649414064,-0.4305047607421875
1748973278654,11.959080963134767,-6.079457702636719,-0.6878196716308594
1748973278721,9.383087768554688,-2.5029450988769533,0.32826736450195315
1748973278791,8.403824157714844,-3.9857615661621097,-0.7213499450683594
1748973278854,8.225245513916017,-4.387077026367188,-0.45026367187500005
1748973278922,8.657845916748048,-3.023562469482422,0.32572265625
1748973278990,9.20974822998047,-3.5302587890625,-0.8430468750000001
1748973279054,8.300838317871094,-3.4010774230957033,-1.4385086059570313
1748973279121,7.829917602539063,-3.3509317016601563,-2.2838008117675783
1748973279191,8.330626373291016,-4.018992462158203,-2.606829071044922
1748973279254,9.210047607421876,-4.133354644775391,-2.3429278564453124
1748973279321,10.085277557373047,-3.610192565917969,-2.3843916320800784
1748973279392,11.65700912475586,-3.869303741455078,-3.31710205078125
1748973279454,8.40217758178711,-3.4825080871582035,0.49606842041015625
1748973279521,9.83245330810547,-3.7567378234863282,-0.7679031372070313
1748973279591,8.773106231689454,-3.484304351806641,0.6617738342285157
1748973279654,8.980425109863281,-3.407663726806641,0.29219238281250004
1748973279721,9.200317840576172,-3.587290191650391,-0.23800506591796877
1748973279791,9.269024963378907,-3.208128662109375,0.6583309936523438
1748973279854,9.385931854248048,-3.3235386657714847,-0.7915539550781251
1748973279921,8.89315658569336,-2.7319688415527343,-0.37631744384765625
1748973279991,8.824449462890625,-3.0795460510253907,-0.9168434143066406
1748973280054,9.475296020507812,-3.0135333251953127,-1.0336006164550782
1748973280121,10.767109680175782,-4.557123413085938,-0.4571493530273438
1748973280191,9.042545928955079,-2.5369244384765626,0.1932481384277344
1748973280254,9.316925354003907,-4.180955657958984,-0.4704716491699219
1748973280321,8.419691162109375,-3.8809794616699222,-0.20088226318359376
1748973280391,7.867190093994141,-3.1677127075195313,0.564027099609375
1748973280454,8.7130810546875,-3.6443215942382814,-0.8190966796875
1748973280521,9.506580963134766,-4.809498596191406,-0.9767189025878906
1748973280591,9.73904754638672,-4.317022705078125,-3.160827026367188
1748973280654,9.76299774169922,-4.794978790283204,-2.452200622558594
1748973280721,8.747060394287109,-4.3637255859375,-0.5442681884765626
1748973280792,8.282576293945313,-5.470224609375,1.2889695739746094
1748973280854,9.035660247802735,-4.1411384582519535,-0.06750961303710938
1748973280921,8.47552505493164,-4.568499755859375,-0.06780899047851563
1748973280992,8.892258453369141,-5.413492584228516,-0.9192384338378907
1748973281054,7.617209930419922,-4.271816711425782,-0.7247927856445313
1748973281121,7.809859313964844,-4.9564929199218755,-1.4305751037597656
1748973281192,9.1154443359375,-4.279151458740235,-1.739832000732422
1748973281254,8.609197082519533,-3.310066680908203,-1.3289364624023439
1748973281322,9.109456787109375,-3.068918151855469,-0.820294189453125
1748973281392,9.869276733398438,-4.200714569091797,-1.1972103881835938
1748973281454,9.591903533935547,-3.442690887451172,-0.8473878479003907
1748973281521,8.79735580444336,-4.312831420898438,-0.13936019897460938
1748973281592,9.053772583007813,-4.448898468017578,-0.7358697509765625
1748973281654,9.586065673828125,-4.8235693359375,-0.7280859375000001
1748973281721,9.85595443725586,-4.647535400390625,-0.9351054382324219
1748973281791,8.414901123046876,-2.953807525634766,1.121018829345703
1748973281854,7.831264801025391,-4.920118560791016,0.012124786376953125
1748973281944,11.036100311279297,-4.515959014892578,-4.335883483886719
1748973281988,8.225395202636719,-4.869673461914063,-3.433110809326172
1748973282055,6.321654052734376,-5.809269561767579,-1.4861096191406251
1748973282121,6.4834675598144536,-5.4001702880859375,0.7472460937500001
1748973282190,7.948620758056641,-8.729846191406251,0.5095404052734376
1748973282254,7.682324523925781,-5.7296351623535156,-0.9824070739746095
1748973282321,6.506070556640625,-6.290668487548828,-0.24683670043945313
1748973282391,7.012467498779297,-5.796695709228516,-0.5692662048339844
1748973282454,8.393345947265626,-7.520061950683594,-2.030826873779297
1748973282521,7.325466613769532,-6.101611633300782,-2.1418959045410157
1748973282592,8.478219451904298,-7.845036163330079,-1.8491047668457032
1748973282654,7.018904113769532,-3.0972093200683597,0.7020401000976563
1748973282721,8.935069427490236,-5.633834381103516,-0.42706192016601563
1748973282791,8.414302368164062,-3.9125637817382812,-2.016307067871094
1748973282854,7.832611999511719,-3.5878889465332033,-1.2820838928222658
1748973282921,8.707692260742188,-3.9917491149902347,-1.4587165832519533
1748973282993,9.343120880126953,-4.090992736816406,-0.8520281982421876
1748973283054,9.422156524658204,-4.876858520507812,-1.2175680541992189
1748973283121,9.370064849853517,-5.494025115966797,-1.1256591796875
1748973283191,9.365873565673828,-6.140979766845703,-1.919608154296875
1748973283254,8.722810821533203,-5.711672515869141,-1.4769786071777344
1748973283321,7.309150543212891,-4.5619134521484375,-1.0963201904296875
1748973283391,7.391329650878907,-6.330635375976563,-2.9057574462890625
1748973283454,7.442223815917969,-5.335804138183594,-3.17819091796875
1748973283521,6.582860870361328,-5.217999114990235,-1.6482225036621094
1748973283591,6.943311309814454,-5.748495941162109,-1.7835411071777345
1748973283654,6.24426498413086,-5.143154754638672,-1.8785934448242188
1748973283721,6.643335113525391,-6.220763854980469,-2.459385681152344
1748973283791,9.15810562133789,-7.482939147949219,-2.933599548339844
1748973283854,10.90452392578125,-6.031407623291016,-2.3906785583496095
1748973283921,9.830207977294922,-3.915557556152344,-1.7265097045898439
1748973283991,8.253836059570313,-1.9591259765625002,-0.8617579650878907
1748973284054,9.262139282226563,-3.8405635070800783,-0.5167254638671875
1748973284121,9.66914291381836,0.4834945678710938,1.7239649963378907
1748973284191,8.502469024658204,-1.4849121093750002,2.708467712402344
1748973284254,8.706045684814454,-1.3344749450683595,2.588417358398438
1748973284321,8.15025146484375,-2.46926513671875,4.116739196777344
1748973284391,8.893755340576172,-3.0157786560058595,3.464246063232422
1748973284454,9.554032287597657,-3.562292175292969,4.92939926147461
1748973284521,9.793534240722657,-3.81526611328125,5.255421295166016
1748973284590,9.102271728515625,-2.0110679626464845,4.92221420288086
1748973284654,10.471923522949218,-3.124302978515625,4.194577331542969
1748973284721,6.862778778076172,-2.1674926757812503,2.6226960754394533
1748973284791,4.910089416503906,-2.8723768615722656,0.6662644958496095
1748973284854,6.628066864013673,-2.6397605895996095,-0.24668701171875002
1748973284921,9.646539916992188,-2.765050048828125,-0.7065307617187501
1748973284991,12.405901794433595,-2.4566912841796875,-0.5743556213378906
1748973285054,15.152839508056642,-3.1533425903320316,-1.6328045654296877
1748973285122,11.61150375366211,-0.9246272277832032,-0.81191162109375
1748973285191,10.242750091552734,-2.837948455810547,-0.06750961303710938
1748973285254,7.445666656494141,-0.32482452392578126,0.7545808410644531
1748973285321,6.87894515991211,-0.9854008483886719,-0.24474105834960938
1748973285391,8.502169647216798,-2.378404083251953,-1.1491603088378908
1748973285454,8.987759857177736,-2.654879150390625,-1.0797047424316406
1748973285521,9.84547622680664,-3.7211119079589845,-1.0684780883789062
1748973285589,10.173444213867189,-4.467459869384766,-1.5678396606445313
1748973285654,10.28136978149414,-4.4475512695312505,-1.785187683105469
1748973285721,9.608818359375,-2.467917938232422,-1.9805314636230469
1748973285791,10.106084289550783,-4.079616394042969,-2.9569509887695316
1748973285854,7.543862457275391,-3.0289512634277345,-0.6337820434570313
1748973285922,6.445895690917969,-3.486849060058594,-1.2237052917480469
1748973285990,6.3547352600097655,-4.285588073730469,-0.045505371093750004
1748973286054,7.297774200439454,-5.015470275878907,-1.7245637512207033
1748973286121,9.724378051757814,-5.442382507324219,-1.8523979187011719
1748973286190,11.076815643310548,-6.3318328857421875,-1.823657684326172
1748973286254,10.865754547119142,-5.774242401123047,-3.7812867736816407
1748973286321,8.87489456176758,-6.769223327636719,0.10328521728515626
1748973286391,8.109236755371095,-3.2257919311523438,-0.8804690551757813
1748973286454,6.794820098876953,-2.9247679138183593,-0.8108638000488282
1748973286521,6.913672943115235,-3.403023376464844,-0.9268725585937501
1748973286591,8.257877655029297,-3.937112731933594,-1.2864248657226562
1748973286654,8.424331512451172,-4.136797485351563,-0.9922865295410157
1748973286721,9.435179443359376,-6.2950094604492195,-1.8217117309570314
1748973286791,10.336305541992187,-6.242917785644532,-1.8964064025878906
1748973286854,9.936037902832032,-3.763623504638672,-3.0383816528320313
1748973286944,8.917406158447266,-5.598507843017578,-3.959715728759766
1748973286988,6.125412139892578,-3.3388069152832034,-1.9944525146484375
1748973287054,4.872218170166016,-3.7541931152343753,-1.0768606567382812
1748973287121,5.989644470214844,-4.980143737792969,-1.084794158935547
1748973287191,7.912246398925782,-4.688101043701172,-3.3543745422363282
1748973287254,8.290509796142578,-3.859424285888672,-3.2876133728027344
1748973287321,12.108320617675782,-5.324278106689453,-5.487738189697266
1748973287391,11.658805389404298,-5.267695770263672,-3.2425570678710938
1748973287454,10.75169174194336,-3.7049455261230473,-2.421065368652344
1748973287521,10.156679077148437,-4.824766845703126,-0.9723779296875
1748973287591,7.014563140869141,-3.737278289794922,-0.03547622680664063
1748973287654,5.0286428833007815,-2.158960418701172,0.012723541259765625
1748973287721,5.721402282714844,-2.136058044433594,-1.145867156982422
1748973287791,9.386231231689454,-5.625900878906251,-0.5501060485839844
1748973287854,8.979676666259767,-6.1065513610839846,-1.4570700073242189
1748973287921,7.484735412597657,-5.745951232910157,-1.9836749267578127
1748973287990,9.05167694091797,-5.581593017578125,-4.1357496643066405
1748973288054,10.57969940185547,-4.650678863525391,-3.6022590637207035
1748973288121,11.129805450439454,-3.9806721496582034,-3.7785923767089846
1748973288191,8.780740356445312,-3.702849884033203,-2.1438418579101564
1748973288254,5.606441345214844,-3.3057257080078126,-0.811761932373047
1748973288321,5.806575164794922,-4.208648071289063,-0.6848258972167969
1748973288391,7.620652770996094,-4.72103256225586,-1.2317884826660157
1748973288454,8.969946899414063,-4.517455902099609,-1.7995578002929689
1748973288521,11.03580093383789,-4.897066497802735,-3.2349229431152344
1748973288591,11.423644409179689,-4.6994773864746096,-3.277434539794922
1748973288654,9.997559967041017,-3.0692175292968753,-2.9488677978515625
1748973288721,9.9776513671875,-4.647236022949219,-0.899180145263672
1748973288791,9.03161865234375,-2.238295440673828,-2.0977377319335937
1748973288854,7.402107238769531,-1.4642550659179687,-1.606908416748047
1748973288921,8.06777297973633,-3.1879206848144532,-1.6389418029785157
1748973288990,8.093070373535157,-3.89669677734375,-1.2612771606445312
1748973289054,8.092172241210937,-4.223616943359375,-1.28612548828125
1748973289122,8.69526809692383,-5.268743591308594,-1.7642312622070313
1748973289191,10.309211883544922,-6.714287567138673,-2.5909620666503907
1748973289254,8.397088165283204,-3.8481976318359377,-3.3177008056640624
1748973289322,10.679541778564454,-5.461692352294922,-4.23678955078125
1748973289391,7.3533087158203125,-4.750970306396485,-3.7514987182617188
1748973289454,4.462669830322266,-3.7480558776855473,-1.6290623474121095
1748973289522,5.763614501953125,-4.634662170410157,-1.6449293518066408
1748973289589,7.565567321777344,-5.428760833740235,-2.016756134033203
1748973289654,9.117689666748047,-4.957840118408203,-2.994971923828125
1748973289721,9.825417938232423,-3.573518829345703,-3.234024810791016
1748973289789,11.47977767944336,-4.116739196777344,-4.335284729003907
1748973289854,10.47821044921875,-3.2262409973144535,-2.6479934692382816
1748973289922,10.334808654785157,-2.8669880676269535,-2.33514404296875
1748973289991,10.946287078857422,-4.358037414550782,-1.6398399353027344
1748973290054,9.142837371826172,-2.974314880371094,-0.9201365661621094
1748973290121,8.542136535644532,-3.9426512145996098,-1.1253598022460938
1748973290191,8.158184967041016,-4.063000946044922,-0.6096821594238282
1748973290254,7.893834686279297,-3.455863494873047,-0.6448590087890625
1748973290322,8.291707305908204,-3.4441877746582032,-0.7503895568847657
1748973290392,8.912167053222657,-4.2625360107421875,-1.9031423950195314
1748973290454,10.58448944091797,-5.599705352783204,-2.9021649169921875
1748973290522,9.429940338134767,-2.382745056152344,-2.6277854919433596
1748973290590,11.340567169189454,-3.556304626464844,-5.600154418945313
1748973290654,7.789501647949219,-0.9800120544433594,-0.279019775390625
1748973290722,7.654033355712891,-2.6756858825683594,-1.2401710510253907
1748973290789,7.897127838134766,-3.2159124755859376,-1.7283059692382814
1748973290854,8.250093841552735,-2.6228457641601564,-1.8181192016601564
1748973290921,9.543853454589843,-3.197201385498047,-3.0596374511718754
1748973290989,11.179651794433594,-4.442611541748047,-4.255350952148437
1748973291054,11.703262939453126,-5.945935363769531,-4.179159393310547
1748973291121,9.014105072021485,-3.7514987182617188,-1.0850935363769532
1748973291189,8.909622344970703,-3.9974372863769534,-1.4527290344238282
1748973291254,8.080646209716797,-3.127296752929688,-1.3704002380371094
1748973291321,8.223299560546875,-3.38416259765625,-1.6637901306152345
1748973291389,8.535101165771485,-3.1870225524902347,-1.8407221984863282
1748973291454,7.22577392578125,-2.373164978027344,-1.287322998046875
1748973291521,7.248676300048828,-3.4313145446777344,-2.4815396118164066
1748973291592,10.146799621582032,-5.561385040283203,-3.4289195251464846
1748973291654,10.679242401123048,-5.836812286376953,-2.171983337402344
1748973291722,9.009464721679688,-1.817670135498047,-1.9440074157714844
1748973291792,11.657158813476563,-4.133354644775391,-3.6217185974121096
1748973291854,7.772137756347656,-2.5716522216796878,-0.6051914978027344
1748973291949,7.597900085449219,-3.2335757446289066,-1.7054035949707032
1748973291989,8.283474426269532,-3.0156289672851564,-1.2653187561035157
1748973292055,8.491691436767578,-1.281036071777344,-0.8247848510742188
1748973292122,11.360326080322267,-3.7212615966796876,-1.8016534423828126
1748973292191,9.56046890258789,-1.7295034790039063,-2.178270263671875
1748973292254,10.458750915527345,-6.055208129882812,-0.9327104187011719
1748973292322,9.819430389404298,-3.5453773498535157,-0.9439370727539063
1748973292389,8.506211242675782,-3.2383657836914064,-1.1701167297363282
1748973292455,7.669600982666016,-3.0048513793945313,-1.2232562255859376
1748973292521,7.897427215576172,-2.9023146057128906,-0.4818479919433594
1748973292590,8.400081939697266,-2.842738494873047,-0.7729925537109376
1748973292654,9.153465270996094,-3.1055918884277345,-0.7289840698242188
1748973292722,9.120234375,-2.6699977111816406,-0.8999285888671875
1748973292789,9.993069305419922,-2.808310089111328,-2.2408401489257814
1748973292854,10.375973052978516,-4.077371063232422,-1.8191670227050782
1748973292921,8.822802886962892,-1.708846435546875,-1.743424530029297
1748973292989,11.38068374633789,-6.000721435546875,-3.4682876586914064
1748973293054,6.997199249267578,-4.8612908935546875,-1.7925224304199219
1748973293121,6.139183502197266,-4.6165498352050784,-2.1621038818359377
1748973293191,6.985373840332032,-5.338348846435547,-2.398462371826172
1748973293254,6.855294342041016,-5.292693786621094,-2.811902618408203
1748973293322,6.534062347412109,-5.158722381591797,-3.352727966308594
1748973293392,9.679022369384766,-7.743696899414063,-3.962110748291016
1748973293454,9.291328582763672,-6.509513397216797,-1.3910572814941407
1748973293522,11.157946929931642,-7.551646270751953,-3.147355041503906
1748973293592,7.181166687011719,-4.456532592773438,-1.8440153503417969
1748973293654,6.3936543273925786,-3.96615234375,-2.545307006835938
1748973293722,7.275620269775391,-4.188140716552734,-2.2315594482421877
1748973293792,8.22494613647461,-3.377576293945313,-1.85614013671875
1748973293854,7.8939843750000005,-3.174299011230469,-2.1224363708496097
1748973293922,8.704099731445313,-3.6751574707031254,-2.991080017089844
1748973293992,9.19013900756836,-3.8037400817871094,-2.647544403076172
1748973294054,9.7573095703125,-4.796625366210938,-3.0277537536621097
1748973294122,9.634415130615235,-6.479575653076172,-2.7557693481445313
1748973294191,9.22845932006836,-5.888604583740235,-2.641856231689453
1748973294254,6.176605682373047,-4.07392822265625,-0.9773176574707032
1748973294322,6.820267181396485,-5.818999328613281,-3.1225067138671876
1748973294391,6.417604522705078,-5.316793670654297,-1.7642312622070313
1748973294454,7.098837890625,-5.023403778076172,-2.23934326171875
1748973294522,6.834786987304688,-4.813091125488281,-2.8219317626953124
1748973294591,8.88597152709961,-4.530628509521485,-3.24046142578125
1748973294654,10.475216674804688,-4.286186828613282,-3.437601470947266
1748973294722,14.385984191894533,-6.394851837158203,-4.269272003173828
1748973294791,11.470946044921876,-2.7973828125,-3.934717712402344
1748973294854,9.759854278564454,-5.022056579589844,-1.8157241821289063
1748973294922,8.184829559326172,-3.6881803894042973,-1.0017169189453126
1748973294991,7.453899536132813,-2.6719436645507812,-0.9521699523925782
1748973295055,6.542594604492188,-2.129920806884766,-0.5659730529785156
1748973295122,8.1478564453125,-3.7609291076660156,-0.173638916015625
1748973295190,9.289682006835937,-5.159919891357422,-0.39667510986328125
1748973295254,10.842852172851563,-5.914800109863282,-2.0776794433593753
1748973295322,10.963501281738282,-6.706204376220703,-1.7239649963378907
1748973295391,9.35779037475586,-5.098248138427735,-2.591710510253906
1748973295454,8.022866363525392,-4.26552978515625,-3.2751892089843753
1748973295522,7.753726043701172,-4.022584991455078,-2.5101301574707033
1748973295591,6.308331756591797,-3.4154475402832034,-2.132465515136719
1748973295654,6.5943869018554695,-3.4215847778320314,-1.691781921386719
1748973295721,7.877368927001953,-4.118086395263672,-1.265917510986328
1748973295790,5.61197982788086,-7.215146026611328,0.9607022094726563
1748973295854,8.061186676025391,-5.053191833496094,-1.5922389221191406
1748973295922,8.077802124023439,-4.781207427978516,-1.6709751892089844
1748973295989,10.986253967285156,-6.888824615478516,-3.0207183837890628
1748973296054,11.070678405761718,-6.29216537475586,-3.3284783935546876
1748973296122,11.103310546875,-6.411766662597657,-4.142186279296875
1748973296189,8.257428588867189,-4.7840515136718755,-2.3643333435058596
1748973296254,7.960745544433594,-4.265230407714844,-2.2014720153808596
1748973296322,6.889722747802734,-3.1494506835937504,-0.8768765258789063
1748973296389,6.412215728759766,-2.238894195556641,-0.9843530273437501
1748973296454,6.702611846923828,-2.8110044860839847,-0.6236032104492187
1748973296522,9.92391311645508,-6.597380676269531,-2.431992645263672
1748973296592,9.876012725830078,-6.639293518066407,-1.9549346923828126
1748973296654,10.13811767578125,-8.503217468261719,-1.8390756225585938
1748973296722,8.9525830078125,-6.300997009277344,-1.5624508666992187
1748973296792,7.7549235534667975,-5.655239868164063,-2.0591180419921877
1748973296855,8.036038970947265,-5.888454895019532,-2.668201446533203
1748973296945,4.6271777343750005,-3.7184175109863284,-2.247576141357422
1748973296988,3.005599822998047,-3.105142822265625,-0.5713618469238282
1748973297055,5.313201141357422,-4.618944854736329,-0.9743238830566406
1748973297122,8.687783660888673,-6.964866485595704,-1.1940669250488283
1748973297190,8.165968780517579,-6.122717742919922,-2.739752655029297
1748973297255,7.9451779174804695,-5.97078369140625,-2.109413452148438
1748973297321,10.02644989013672,-9.119934997558595,-2.744842071533203
1748973297390,10.698252868652345,-8.638386383056641,-2.365830230712891
1748973297454,10.58688446044922,-6.5538212585449225,-2.3417303466796877
1748973297521,8.147557067871094,-6.121520233154297,-1.505269775390625
1748973297589,8.135581970214844,-5.200784912109375,-0.24084915161132814
1748973297654,6.916966094970704,-3.4022749328613284,-0.09370513916015626
1748973297721,5.922583923339844,-2.9657826232910156,0.5269042968750001
1748973297789,6.320755920410156,-4.090843048095703,0.9707313537597657
1748973297854,7.068600769042969,-4.5515849304199225,1.4028826904296876
1748973297922,8.910969543457032,-5.820645904541016,1.5295193481445313
1748973297989,9.988728332519532,-6.342311096191406,1.5732284545898438
1748973298055,9.589508514404297,-6.584657135009766,2.3379881286621096
1748973298122,8.681796112060548,-8.281827850341797,-0.8910969543457031
1748973298192,9.02488265991211,-6.1981608581542975,-1.5361056518554688
1748973298254,8.661737823486328,-5.943690032958985,-2.521506500244141
1748973298322,7.4730596923828125,-4.629722442626953,-2.6984385681152343
1748973298391,6.579418029785157,-3.2518377685546875,-2.678230590820313
1748973298455,6.186934204101563,-3.393443298339844,-2.0811222839355468
1748973298522,5.982160034179688,-4.824018402099609,0.26659561157226563
1748973298590,7.939040679931641,-5.551206207275391,-0.5237608337402344
1748973298654,7.907007293701172,-4.637955322265626,-0.23486160278320314
1748973298722,8.192463684082032,-4.1483235168457036,-0.8128097534179688
1748973298789,9.093440093994142,-4.580175476074219,-1.6817527770996095
1748973298854,11.137140197753906,-7.048093414306641,-0.9979747009277344
1748973298921,13.052407379150392,-8.051905975341798,-0.49606842041015625
1748973298989,9.732461242675782,-3.3856594848632815,-1.1261082458496094
1748973299055,8.228239288330078,-3.5340010070800782,-0.8511300659179688
1748973299122,8.741072845458985,-3.0996043395996096,-0.42945693969726567
1748973299191,7.405849456787109,-1.9630178833007814,0.0796343994140625
1748973299254,7.376510467529298,-2.493065643310547,0.09610015869140626
1748973299322,7.842192077636719,-3.176694030761719,0.5671705627441407
1748973299389,9.11394744873047,-3.7648210144042973,0.12618759155273437
1748973299454,9.02443359375,-3.5051110839843753,0.599952392578125
1748973299522,10.260413360595704,-4.169130249023437,-1.3361215209960937
1748973299589,9.912836151123047,-4.048630828857422,-0.346080322265625
1748973299654,11.390712890625,-5.902675323486329,-2.1574635314941406
1748973299722,10.732681274414062,-6.095025329589844,-2.45489501953125
1748973299789,8.510701904296875,-3.2394136047363284,-2.618654479980469
1748973299855,9.51017349243164,-4.5267366027832034,-3.030897216796875
1748973299922,7.716154174804688,-4.297263793945313,-2.276316375732422
1748973299989,6.5520249938964845,-3.4314642333984375,-2.336042175292969
1748973300055,5.675597534179688,-3.4723292541503907,-2.1597088623046874
1748973300122,6.9325337219238286,-4.013903045654297,-1.2774435424804689
1748973300189,7.300169219970703,-4.144281921386719,1.3922547912597656
1748973300255,9.74533447265625,-3.970643005371094,-1.707499237060547
1748973300322,9.536369018554687,-3.5381922912597656,-0.9764195251464844
1748973300389,10.182724914550782,-4.220174102783203,-2.0194505310058597
1748973300454,10.870394897460939,-2.782713317871094,-3.0563442993164065
1748973300521,16.746275939941405,-2.667752380371094,-3.2239956665039062
1748973300589,17.19998245239258,-1.2424163818359375,-0.9322613525390625
1748973300654,18.708246002197267,-2.049987030029297,1.7714163208007814
1748973300722,11.789783020019533,-4.029171295166016,5.0551377868652345
1748973300789,6.162235565185547,-5.0145721435546875,2.0899539184570313
1748973300855,2.9431796264648438,-2.6194029235839844,2.897524566650391
1748973300921,1.4000386047363282,0.1299298095703125,2.8162435913085937
1748973300989,-0.34742752075195316,2.8328590393066406,4.0056701660156255
1748973301055,-0.0868194580078125,4.020489349365235,6.172863464355469
1748973301122,0.44307861328125003,4.151167602539063,7.714956665039063
1748973301189,0.3212319946289063,5.051245880126953,8.518186340332031
1748973301255,-0.290994873046875,5.224435729980469,9.687554626464845
1748973301322,-0.5803431701660157,5.825735321044922,9.74009536743164
1748973301389,-0.7080276489257813,5.641318817138672,9.725276184082032
1748973301454,1.1624826049804688,3.8070332336425783,9.042396240234375
1748973301522,0.6791377258300781,3.913162536621094,9.00138153076172
1748973301589,0.19160156250000002,4.3295965576171875,7.802823944091798
1748973301654,0.1836680603027344,3.965703277587891,6.5361579895019535
1748973301722,-0.21989273071289064,3.8252952575683596,6.377637634277344
1748973301792,-0.46882507324218753,4.358187103271485,6.393804016113282
1748973301854,-0.496966552734375,4.719685363769531,7.507787475585938
1748973301938,-0.47496231079101564,5.424120483398438,7.73830810546875
1748973301988,-0.7206015014648438,5.085674285888672,8.356971588134765
1748973302055,-1.081201629638672,5.276826782226562,8.598419494628907
1748973302122,-2.039508819580078,5.699248352050781,8.324339447021485
1748973302192,-0.7587721252441406,4.442012786865234,8.699459381103516
1748973302254,-1.1858340454101564,4.261637878417969,7.49686019897461
1748973302322,-1.7928218078613283,4.5514352416992185,7.805518341064453
1748973302392,-1.628463592529297,5.070106658935547,8.552015991210938
1748973302455,-1.357826385498047,4.7309120178222654,8.527616729736328
1748973302522,-0.8747808837890625,4.5638594055175785,8.61922622680664
1748973302591,-0.7996371459960938,5.506149902343751,7.680378570556641
1748973302654,-0.154478759765625,5.3281700134277346,8.34754119873047
1748973302722,0.29488677978515626,4.91263412475586,8.051007843017578
1748973302792,0.22617965698242187,5.81795150756836,8.041727142333984
1748973302854,0.6004014587402344,5.831722869873047,8.221503295898438
1748973302922,0.8170010375976563,7.28804443359375,7.959997100830079
1748973302992,1.0809022521972658,4.931943969726563,8.444539489746095
1748973303054,0.8342152404785157,5.4266651916503905,7.119494934082032
1748973303122,1.1777508544921875,6.160738677978516,7.488028564453125
1748973303192,1.4470408630371094,5.524112548828125,7.813451843261719
1748973303254,1.1792477416992189,6.047873382568359,7.236701202392578
1748973303322,1.172362060546875,5.9216857910156255,7.197782135009766
1748973303392,1.2187655639648438,6.41625732421875,6.910379791259766
1748973303454,1.0234217834472656,6.320905609130859,7.259753265380859
1748973303522,1.074166259765625,6.427783355712891,7.2018237304687505
1748973303592,1.033151550292969,6.379134521484375,7.035369873046875
1748973303654,0.7234455871582032,6.65860336303711,7.340435485839844
1748973303722,0.9544152832031251,6.913672943115235,7.388186187744141
1748973303792,0.5219645690917969,6.953340454101562,7.82737289428711
1748973303854,0.45655059814453125,6.336622924804688,8.370593261718751
1748973303922,-0.17004638671875,5.695955200195312,7.518565063476563
1748973303992,-0.6688092041015625,5.4178335571289065,7.32636474609375
1748973304054,-0.6996450805664063,6.265371093750001,7.692353668212891
1748973304122,-0.3782633972167969,5.74610092163086,7.717651062011719
1748973304191,-0.6869215393066407,6.263724517822266,6.667434997558594
1748973304255,-0.6939569091796876,6.369255065917969,6.786587219238282
1748973304322,-0.59156982421875,6.1927720642089845,7.305558013916016
1748973304389,-0.36314483642578127,6.163283386230469,7.549700317382813
1748973304454,-0.6635700988769532,6.417005767822266,7.109765167236328
1748973304522,-0.7659571838378907,6.577322387695313,7.749385070800781
1748973304591,-0.6929090881347657,6.734046478271485,8.094267883300782
1748973304654,-0.4927752685546875,6.739734649658203,8.065228271484376
1748973304722,-0.5236111450195313,6.315067749023438,8.825796661376954
1748973304791,-0.7105723571777344,7.248077545166016,8.687184906005859
1748973304854,-0.20103195190429687,5.341641998291016,8.618926849365234
1748973304922,0.36209701538085937,6.260281677246094,8.375982055664062
1748973304991,0.21540206909179688,5.396877136230469,7.501051483154297
1748973305054,0.3531156921386719,5.318290557861328,7.566914520263672
1748973305122,0.12214599609375,4.8491661071777346,7.1931417846679695
1748973305191,0.3209326171875,5.133724365234375,6.362369384765626
1748973305254,-0.005538482666015625,5.1007928466796875,6.87894515991211
1748973305322,0.12783416748046875,5.657634887695313,6.923253021240234
1748973305392,0.09954299926757813,5.613027648925781,7.560477905273438
1748973305454,0.24264541625976563,5.9550663757324225,7.454198913574219
1748973305522,0.2944377136230469,6.133794708251953,7.789651336669922
1748973305589,-0.09684860229492188,6.486461334228516,7.310198364257813
1748973305654,-0.062420196533203125,6.36401596069336,8.588390350341797
1748973305722,-0.2700384521484375,7.265142059326172,9.185947723388672
1748973305792,-0.3646417236328125,5.899531860351563,10.475665740966797
1748973305854,-0.5617817687988281,5.253774719238281,8.84046615600586
1748973305922,-1.1235635375976563,5.327720947265625,8.282127227783203
1748973305992,-0.7909552001953125,4.599635009765625,7.607180786132813
1748973306054,-0.7940986633300782,4.371509399414062,7.623496856689454
1748973306122,-1.004561004638672,4.515360260009766,6.006708984375
1748973306190,-0.6318360900878907,4.626878356933594,6.826703796386719
1748973306255,-0.6767427062988282,5.335953826904297,7.549101562500001
1748973306322,-0.9803114318847657,5.635181579589844,7.833809509277344
1748973306390,-0.5046006774902344,5.45869857788086,8.688532104492188
1748973306454,-0.5063969421386719,6.255641326904297,8.917855224609376
1748973306522,-0.13516891479492188,5.532195739746094,9.816137237548828
1748973306591,0.1633103942871094,6.215824127197266,9.507628784179689
1748973306654,0.6161187744140625,4.1799078369140625,9.716594238281251
1748973306722,0.9210346984863281,4.635709991455078,8.993897094726563
1748973306792,1.1038046264648438,3.8779856872558596,8.317453765869141
1748973306854,0.9385482788085938,3.612587585449219,7.917186126708985
1748973306945,0.5703140258789062,3.4861006164550785,6.156697082519532
1748973306988,0.35715728759765625,3.726500701904297,6.33048568725586
1748973307055,0.5647755432128907,4.433031463623047,7.266339569091797
1748973307122,1.184337158203125,4.896916809082032,8.254135437011719
1748973307192,0.9743238830566406,5.3492761230468755,8.61638214111328
1748973307255,1.5247293090820313,5.908812561035156,7.6966946411132815
1748973307322,-0.33769775390625,3.5892361450195316,11.620934143066407
1748973307392,-1.921853485107422,5.031636657714844,11.800560607910157
1748973307454,-0.3610491943359375,4.793781280517578,12.305161285400391
1748973307522,-1.0123448181152344,3.513643341064453,8.935368804931642
1748973307592,-1.0524613952636719,3.0144314575195312,8.478518829345704
1748973307654,-0.844244384765625,3.2230975341796877,7.646997985839844
1748973307722,-1.075214080810547,3.4548156738281253,7.400310974121094
1748973307792,-1.109941864013672,3.728746032714844,6.9448081970214846
1748973307854,-0.6372248840332032,3.616030426025391,7.223678283691407
1748973307921,-0.3237767028808594,4.241280212402344,7.322921905517578
1748973307992,-0.08517288208007813,4.5815226745605475,8.719517669677735
1748973308054,-0.4884342956542969,4.563260650634766,8.620723114013673
1748973308122,0.18516494750976564,4.561314697265625,9.034013671875
1748973308192,0.530496826171875,4.708758087158204,9.735455017089844
1748973308254,0.4544549560546875,4.836292877197266,9.579629058837892
1748973308322,1.6004718017578126,4.684508514404297,10.892399139404297
1748973308406,1.0413844299316406,2.8780650329589843,11.055709533691406
1748973308454,0.07439529418945313,2.515369262695313,10.739566955566406
1748973308522,1.2240046691894533,3.2488439941406253,8.873247985839845
1748973308589,0.7535330200195313,3.004552001953125,8.331823883056641
1748973308655,0.6676116943359376,2.493065643310547,7.181016998291016
1748973308721,0.15537689208984376,2.5966502380371095,7.216942291259766
1748973308790,-0.005239105224609375,3.544329528808594,7.648494873046875
1748973308855,-0.10163864135742189,3.907174987792969,8.989256744384766
1748973308922,-0.317340087890625,4.044738922119141,8.839118957519531
1748973308990,-0.3445834350585938,3.9905516052246095,8.485703887939454
1748973309055,-0.12184661865234375,4.1483235168457036,8.787176971435548
1748973309121,-0.622705078125,4.256548461914063,9.469757537841797
1748973309189,-0.5700146484375,3.9782771301269535,10.165810089111329
1748973309255,-0.499361572265625,3.9410046386718753,9.787696380615236
1748973309322,-0.929267578125,3.8743931579589845,10.677595825195313
1748973309390,-1.2008029174804689,3.933370513916016,10.96005844116211
1748973309455,-1.174457702636719,1.9175125122070313,10.60559555053711
1748973309522,-1.4130615234375001,2.1823118591308597,8.848399658203125
1748973309589,-1.8197657775878908,1.5473323059082031,8.39304656982422
1748973309655,-1.7154327392578126,1.0458750915527344,7.749983825683594
1748973309722,-1.9872674560546877,0.5813909912109375,8.943152618408204
1748973309790,-1.4582675170898438,0.24459136962890626,8.68089797973633
1748973309854,-1.137783966064453,0.6918612670898437,9.041947174072266
1748973309922,0.7762857055664063,2.055675201416016,9.661059722900392
1748973309992,0.6602769470214844,2.088307342529297,9.103618927001953
1748973310055,0.566422119140625,3.0470635986328127,9.603579254150391
1748973310122,0.18336868286132812,3.9091209411621097,9.626331939697266
1748973310191,0.046253814697265624,4.223766632080078,9.090745697021484
1748973310255,-0.1886077880859375,5.601800994873047,9.451944580078125
1748973310321,0.27063720703125,5.663173370361329,9.949958953857422
1748973310391,1.3567785644531252,4.769232330322266,8.925189971923828
1748973310454,1.05620361328125,5.489235076904297,8.394244079589845
1748973310522,1.3452525329589844,5.142256622314453,7.9432319641113285
1748973310592,0.5484594726562501,5.262905731201172,6.0764639282226565
1748973310654,1.1094927978515625,4.271816711425782,5.011428680419922
1748973310722,0.30371841430664065,4.230652313232422,6.9605255126953125
1748973310792,0.7908055114746094,5.81795150756836,4.594994659423828
1748973310855,-0.8321195983886719,3.986360321044922,8.608448638916016
1748973310922,0.07289840698242188,6.813082122802735,7.931256866455079
1748973310992,-0.3212319946289063,6.602919158935547,8.367000732421875
1748973311055,-0.23605911254882814,6.434519348144532,8.443940734863281
1748973311122,-1.1505075073242188,5.605094146728516,9.657766571044922
1748973311192,-0.8262817382812501,5.1555789184570315,9.638756103515625
1748973311255,-0.9449848937988282,3.5269656372070313,10.029892730712891
1748973311322,-0.9386979675292969,5.358856201171875,10.440039825439454
1748973311393,-1.3907579040527345,2.7222390747070313,8.075856170654298
1748973311455,-1.5730787658691407,3.666325836181641,8.535550231933595
1748973311522,-1.513502655029297,3.8314324951171876,7.806715850830079
1748973311589,-1.5884967041015625,3.8468504333496094,7.887996826171875
1748973311655,-1.3748908996582032,4.408632202148437,7.451055450439454
1748973311722,-1.6459771728515626,4.1781115722656255,7.560777282714844
1748973311789,-1.8616786193847656,4.600533142089844,7.519163818359376
1748973311855,-1.543590087890625,5.342390441894532,7.588320007324219
1748973311938,-1.7595909118652344,5.938151550292969,7.87048324584961
1748973311988,-1.4611116027832032,5.943839721679688,7.655979309082031
1748973312054,-1.2061917114257814,5.881868591308594,7.260052642822266
1748973312121,-1.6937278747558595,6.503076782226563,6.902745666503907
1748973312192,-0.5285508728027344,6.288123779296876,8.269253997802736
1748973312255,-0.28351043701171874,6.588848419189453,8.824449462890625
1748973312321,1.24780517578125,6.114634552001953,7.820337524414063
1748973312392,1.2690609741210939,6.030509490966797,7.614365844726563
1748973312455,1.4829661560058593,5.550906829833985,7.904911651611329
1748973312522,1.12805419921875,5.310656433105469,8.51234848022461
1748973312589,0.6638694763183595,5.192102966308594,8.265362091064453
1748973312655,1.0377919006347658,4.927602996826172,7.812254333496094
1748973312722,1.0011181640625,4.845274200439453,6.942562866210938
1748973312792,0.7668553161621094,4.711302795410156,7.558382263183594
1748973312854,0.46493316650390626,4.947212219238281,7.162305908203125
1748973312922,0.5625302124023438,5.404511260986329,7.248975677490234
1748973312989,0.018262023925781252,5.5516552734375,7.590565338134766
1748973313055,-0.11735595703125,5.385201416015625,7.600594482421875
1748973313122,-0.2902464294433594,5.745651855468751,7.9980180358886726
1748973313193,-0.5510041809082031,5.675747222900391,7.718698883056641
1748973313255,-0.25776397705078125,5.2859577941894536,7.3251672363281255
1748973313322,0.7967930603027344,3.986060943603516,5.449268188476562
1748973313389,1.2566368103027343,4.069287872314454,6.489305419921875
1748973313455,0.003592529296875,3.0419741821289064,8.820108489990234
1748973313521,-1.8781443786621095,3.0551467895507813,10.487341461181641
1748973313592,-2.4746539306640627,4.476890258789063,13.042827301025392
1748973313654,-1.550475769042969,4.369264068603516,14.222673797607422
1748973313721,-1.260977783203125,3.367098083496094,12.720098419189453
1748973313792,-1.8353334045410157,2.578986968994141,10.483599243164063
1748973313855,-0.950673065185547,1.0346484375,9.612410888671876
1748973313921,-1.394051055908203,0.092208251953125,7.441924438476563
1748973313990,-0.9933343505859376,0.10597961425781251,7.131919097900391
1748973314055,-1.2551399230957032,1.2460089111328125,6.762187957763672
1748973314122,-1.6965719604492189,2.046544189453125,7.743098144531251
1748973314190,-3.3091685485839846,2.638114013671875,10.143506469726564
1748973314255,-3.6383340454101565,2.1213885498046876,9.42245590209961
1748973314322,-1.5203883361816406,2.7172993469238285,9.992320861816406
1748973314389,0.11990066528320313,2.9394374084472656,8.894054718017578
1748973314454,0.8174501037597657,2.229613494873047,10.03228775024414
1748973314522,0.47376480102539065,1.9408639526367188,11.050620117187501
1748973314589,0.6656657409667969,0.8931925964355469,11.29536117553711
1748973314655,0.9324110412597657,0.25237518310546875,10.872640228271486
1748973314722,0.48648834228515625,-0.7596702575683594,8.3202978515625
1748973314790,0.4800517272949219,0.33290771484375004,6.8726582336425786
1748973314855,0.8460406494140625,1.0915301513671876,5.835165710449219
1748973314922,1.0761122131347656,1.235680389404297,6.332431640625001
1748973314989,0.5777984619140625,-0.03427871704101563,11.643836517333986
1748973315055,0.3673361206054688,1.4028826904296876,11.253298645019532
1748973315121,0.2556683349609375,1.2391232299804689,9.41916275024414
1748973315189,0.3243754577636719,1.4569203186035158,8.5597998046875
1748973315255,-1.4064752197265626,2.2134471130371094,7.024442596435547
1748973315321,-2.7536737060546876,4.054019622802735,9.557026062011719
1748973315390,1.3904585266113283,0.4207749938964844,12.757221221923828
1748973315455,0.690963134765625,3.224893798828125,10.261760559082031
1748973315522,1.427431640625,-0.7135661315917969,4.77087890625
1748973315589,1.0307565307617188,1.035845947265625,3.7308416748046875
1748973315655,-0.4225712585449219,-0.523311767578125,5.6574851989746096
1748973315722,-1.3656101989746094,2.2195843505859374,4.2837918090820315
1748973315789,-4.532275085449219,2.1007315063476564,3.2653097534179687
1748973315855,-8.825197906494141,1.7787510681152345,5.5076467895507815
1748973315922,-9.189540252685548,-0.42002655029296876,7.042405242919922
1748973315990,-10.981314239501954,0.8268804931640625,8.926986236572265
1748973316055,-12.737462310791017,-2.049837341308594,4.983436889648438
1748973316122,-13.025613098144532,-3.2467483520507816,8.922944641113281
1748973316189,-9.746981048583985,-3.0717622375488283,7.160210266113282
1748973316255,-8.180189208984375,-2.365979919433594,3.1774424743652347
1748973316322,-8.860075378417969,-1.7874330139160157,4.066593475341797
1748973316389,-9.251212005615235,-1.5745756530761719,1.908680877685547
1748973316455,-9.489217071533204,-1.0544073486328125,2.313139801025391
1748973316522,-9.660910034179688,-1.0124945068359374,1.9871177673339844
1748973316589,-8.963510284423828,-0.25102798461914066,1.2533436584472657
1748973316655,-9.400751037597656,0.11151809692382814,0.3251239013671875
1748973316722,-10.058632965087892,-0.01047821044921875,-0.2377056884765625
1748973316789,-9.984686737060548,0.619112548828125,-0.5572911071777344
1748973316855,-12.795840911865236,-1.031205596923828,-0.4686753845214844
1748973316946,-9.25675048828125,1.2558883666992189,0.568817138671875
1748973316988,-8.955726470947265,0.6481521606445313,-0.38350250244140627
1748973317055,-9.344617767333984,-1.561552734375,0.09131011962890626
1748973317122,-8.164771270751954,-1.4485377502441408,0.47571075439453125
1748973317193,-8.710985412597656,-1.1789483642578125,0.061072998046875
1748973317255,-8.94584701538086,-1.1002120971679688,-0.8875044250488282
1748973317322,-8.986861724853515,-0.8060737609863282,-0.9475296020507813
1748973317392,-9.124425659179687,-0.2436932373046875,-1.3645623779296876
1748973317455,-9.43922103881836,0.5563929748535157,-1.4341676330566406
1748973317522,-9.605674896240235,0.8125103759765625,-1.417701873779297
1748973317592,-10.7248974609375,0.9777667236328126,-1.0774594116210938
1748973317654,-14.947466583251954,-1.605561218261719,-0.8340655517578125
1748973317722,-11.363020477294922,1.2967533874511719,-0.029937744140625
1748973317789,-12.14364715576172,-2.8132498168945315,0.20642074584960937
1748973317855,-9.469757537841797,-1.7004638671875,0.42047561645507814
1748973317922,-8.53345458984375,-1.5063175964355469,-0.130528564453125
1748973317989,-8.27958251953125,-3.2572265625,-0.6319857788085937
1748973318055,-7.169341278076172,-1.88967041015625,-1.1520043945312501
1748973318121,-7.591313781738282,-1.555565185546875,-2.040406951904297
1748973318193,-8.728349304199218,-0.8559201049804688,-2.5810826110839846
1748973318255,-11.592792663574219,-2.2123992919921878,-2.480940856933594
1748973318322,-13.167817382812501,-1.9047889709472656,-1.0886860656738282
1748973318392,-10.56532928466797,0.18232086181640625,-1.5108082580566407
1748973318455,-9.86508544921875,0.09550140380859376,-1.5500267028808594
1748973318522,-10.738519134521486,-2.2659878540039062,0.4290078735351563
1748973318592,-8.481362915039062,-1.6072077941894531,-0.4827461242675781
1748973318655,-8.186925201416017,-1.865570526123047,-1.4706916809082031
1748973318721,-7.676786041259766,-1.9471508789062502,-1.7396823120117189
1748973318792,-7.640860748291016,-2.5391697692871094,-2.66565673828125
1748973318855,-8.783135375976563,-2.1154010009765627,-2.189796295166016
1748973318922,-9.377998352050781,-0.8942404174804688,-2.271975402832031
1748973318992,-15.934813385009766,-5.847440185546875,-2.0437001037597655
1748973319055,-12.221335601806642,2.2974224853515626,-0.18815872192382813
1748973319122,-10.663375396728517,-1.561552734375,2.0342697143554687
1748973319192,-8.849447479248047,-1.823507995605469,-0.7638615417480469
1748973319255,-9.055868225097656,-1.83697998046875,-0.5465135192871095
1748973319322,-8.92189682006836,-3.0395791625976565,0.5896238708496094
1748973319391,-9.33054702758789,-2.844385070800781,0.24818389892578127
1748973319455,-9.35928726196289,-2.540816345214844,-0.71132080078125
1748973319522,-9.029223632812501,-1.1960128784179689,-1.3780343627929688
1748973319589,-8.714727630615235,-1.6113990783691408,-1.445543975830078
1748973319655,-10.777138824462892,-3.5353482055664065,-2.229463806152344
1748973319722,-13.665382690429688,-4.105362854003906,-1.2883708190917968
1748973319789,-7.252867584228516,2.0052301025390626,-1.407073974609375
1748973319855,-11.756252746582032,-2.418520660400391,-3.875740356445313
1748973319922,-13.208682403564454,2.4780967712402346,0.10672805786132813
1748973319990,-11.514206085205078,0.8355624389648438,0.2089654541015625
1748973320054,-9.743837585449219,-3.370540924072266,-1.7492623901367188
1748973320122,-7.2810090637207034,-4.463118896484375,-1.2028985595703126
1748973320192,-4.710254974365235,-3.5308575439453125,-1.8107844543457032
1748973320255,-5.694009246826172,-1.776805114746094,-2.442321166992188
1748973320322,-8.313262481689453,-1.9223025512695313,-0.6843768310546875
1748973320392,-11.643237762451172,1.8113832092285158,-2.002386016845703
1748973320455,-12.258458404541017,2.040556640625,-1.2671150207519533
1748973320522,-18.237175598144532,-3.2627650451660157,0.5300477600097656
1748973320592,-11.185789031982422,3.7724551391601566,2.0543280029296875
1748973320655,-10.10353958129883,-2.142045593261719,2.5740472412109376
1748973320722,-8.68808303833008,-1.1993060302734375,-0.8322692871093751
1748973320792,-8.647367706298828,-2.9921278381347656,0.01526824951171875
1748973320855,-9.555529174804688,-2.9597950744628907,1.2497511291503907
1748973320922,-10.410251770019531,0.061372375488281256,1.1343411254882814
1748973320993,-10.354417877197266,0.07110214233398438,-0.2221380615234375
1748973321055,-9.608219604492188,1.2452604675292969,-1.4855108642578125
1748973321122,-9.696236572265626,-1.9449055480957032,0.12558883666992188
1748973321192,-9.087452545166016,-2.2933808898925783,-1.0145901489257814
1748973321255,-11.092982025146485,-5.0392707824707035,-1.934876403808594
1748973321322,-9.478888549804688,-1.7748591613769533,0.8548722839355469
1748973321393,-8.560248870849609,-0.28695327758789063,-2.2602996826171875
1748973321455,-9.674082641601563,-2.9521609497070314,-0.45340713500976565
1748973321522,-8.982371063232423,-1.663490753173828,0.5550457763671875
1748973321592,-10.214458923339844,-2.2640419006347656,-0.04146377563476563
1748973321656,-10.045909423828126,-1.633253631591797,-0.23665786743164063
1748973321722,-8.320447540283203,-2.8816575622558593,-2.6863137817382814
1748973321790,-7.938890991210938,-2.326761474609375,-6.782096557617188
1748973321855,-10.46189437866211,-2.67523681640625,-3.0789472961425783
1748973321937,-11.239377593994142,-2.7069708251953126,-1.6866925048828125
1748973321988,-12.202025756835939,-2.1859043884277343,-2.49800537109375
1748973322055,-9.32231414794922,0.9554631042480469,-0.9178912353515626
1748973322122,-11.16887420654297,-3.7044964599609376,1.4715898132324219
1748973322189,-9.591753845214845,-3.483106842041016,1.2922627258300783
1748973322255,-8.779542846679687,-2.3632855224609375,1.4319223022460938
1748973322322,-9.231752471923828,-3.125201110839844,1.4401551818847658
1748973322392,-10.048753509521484,-2.532583465576172,3.620072021484375
1748973322455,-10.527458038330078,-0.8749305725097657,4.286486206054688
1748973322522,-6.574178924560547,-1.1594888305664064,0.4071533203125
1748973322592,-8.850195922851563,-3.676504669189453,0.8674461364746094
1748973322655,-9.691446533203125,-1.9261944580078125,5.751040649414063
1748973322722,-10.761122131347657,-3.212918701171875,6.584058380126954
1748973322792,-9.082213439941407,-6.993157653808594,7.002737731933594
1748973322855,-5.286556549072266,-4.561614074707031,4.280049591064453
1748973322922,-5.966742095947266,-5.2647019958496095,6.407575378417969
1748973322991,-5.866001586914063,-3.729195098876953,5.298980712890625
1748973323055,-4.677772521972656,-2.9957203674316406,4.998555450439453
1748973323122,-3.0937664794921877,-0.6396199035644532,7.162455596923828
1748973323191,-1.7775535583496094,-0.5930667114257813,8.958420867919923
1748973323255,0.8427474975585938,-1.3061837768554687,9.97331039428711
1748973323322,0.33560211181640626,-0.6438111877441407,9.308542785644532
1748973323390,0.8572673034667969,-0.8860075378417969,8.534502410888672
1748973323455,-1.0473719787597657,0.8325686645507813,11.365116119384766
1748973323522,-1.3480966186523438,2.0950433349609376,9.850565643310548
1748973323591,-0.029189300537109376,2.967279510498047,6.9922595214843755
1748973323655,-0.3992198181152344,2.3311024475097657,8.843908996582032
1748973323722,2.1489312744140627,-0.3872447204589844,9.742640075683594
1748973323790,0.8851094055175782,1.4364129638671876,6.582112426757813
1748973323855,1.001267852783203,3.754043426513672,8.762927398681642
1748973323922,0.43065444946289066,2.492766265869141,9.303752746582031
1748973323989,3.3919464111328126,1.9892134094238283,3.804189147949219
1748973324055,4.189038848876954,1.2145742797851564,8.293503570556641
1748973324122,8.256380767822266,0.9657916259765625,6.397695922851563
1748973324190,11.115585021972656,-0.32901580810546877,3.835623779296875
1748973324255,10.305469665527344,1.4566209411621094,3.5256184387207035
1748973324322,10.623408508300782,0.9404942321777344,2.814297637939453
1748973324391,11.550879821777345,1.2123289489746094,2.8469297790527346
1748973324455,8.915609893798829,1.96152099609375,2.727627868652344
1748973324522,9.623936920166017,1.7944683837890625,1.0282118225097656
1748973324589,8.566685485839844,0.5842350769042969,1.0818003845214845
1748973324655,8.354576568603516,0.8533753967285157,0.24099884033203126
1748973324722,9.774823150634766,0.3722758483886719,-0.22558090209960938
1748973324789,12.241693267822265,-1.282532958984375,1.8923648071289063
1748973324855,10.985505523681642,0.5650749206542969,0.13442047119140627
1748973324921,11.307785339355469,-4.669839019775391,0.3296145629882813
1748973324989,8.314160614013673,0.0622705078125,1.6561560058593752
1748973325055,7.782017211914063,-0.38589752197265625,-2.2158421325683593
1748973325122,6.518045654296875,-6.833140411376953,-4.5285328674316405
1748973325189,6.234535217285156,-4.657414855957032,-1.4382092285156252
1748973325255,10.602901153564453,-4.0778201293945315,-4.226610717773438
1748973325322,13.226794738769533,-5.705535278320313,-2.2138961791992187
1748973325390,9.27067153930664,1.4186000061035158,-1.3072315979003908
1748973325455,10.237361297607423,-2.6107209777832034,-1.6199313354492189
1748973325522,10.509196014404298,0.4040098571777344,-1.5787669372558595
1748973325589,7.857310638427735,-1.1436218261718751,-1.3862672424316407
1748973325655,8.75619140625,-2.0017872619628907,-1.6384927368164064
1748973325722,8.100105743408204,-2.4303460693359376,-2.7196943664550783
1748973325790,7.600145416259766,-2.771786041259766,-2.3537054443359375
1748973325855,9.62169158935547,-3.4753230285644534,-3.439098358154297
1748973325922,12.05982147216797,-3.557202758789063,-2.946921844482422
1748973325989,12.810360717773438,-1.1910731506347656,-3.7806880187988283
1748973326055,8.682095489501954,1.520538024902344,-1.2838801574707033
1748973326122,10.67550018310547,-3.656895446777344,-1.8456619262695313
1748973326191,8.998387756347658,-2.0983364868164065,-1.2731025695800782
1748973326255,8.61967529296875,-3.241509246826172,-1.1666738891601562
1748973326322,7.410190429687501,-2.196083221435547,-1.9369720458984376
1748973326391,7.134463806152344,-2.2311103820800784,-3.8112245178222657
1748973326455,7.445067901611329,-2.4697142028808594,-4.207600250244141
1748973326521,8.03379364013672,-2.5270449829101564,-4.1022193908691404
1748973326591,9.6231884765625,-2.9714707946777343,-3.9044805908203126
1748973326655,10.293644256591797,-2.511327667236328,-2.997366943359375
1748973326722,11.945908355712891,-1.576970672607422,-3.244802398681641
1748973326790,9.722881164550781,-2.1083656311035157,-1.4630575561523438
1748973326855,9.852810974121095,-3.510499877929688,-1.0319540405273437
1748973326938,8.688382415771486,-2.6911038208007816,-1.4347663879394532
1748973326988,8.702752532958986,-2.8493247985839845,-1.3730946350097657
1748973327055,9.126670989990235,-3.214265899658203,-1.9252963256835938
1748973327122,8.524473266601563,-2.621199188232422,-2.2577549743652345
1748973327191,7.558981018066406,-2.684667205810547,-2.2601499938964844
1748973327255,7.186854858398438,-2.6135650634765626,-2.441872100830078
1748973327322,9.782606964111329,-3.6071987915039063,-2.6206004333496096
1748973327392,11.226803741455079,-2.5569827270507814,-3.176843719482422
1748973327455,10.913056182861329,-3.5983671569824223,-1.5670912170410156
1748973327522,10.403066711425781,-3.054398345947266,-0.7450007629394532
1748973327591,9.040599975585938,-2.6270370483398438,-0.6933581542968751
1748973327655,9.721983032226563,-3.236569519042969,-2.885699157714844
1748973327722,8.480614471435548,-3.1713052368164063,-0.3400927734375
1748973327791,7.852969665527344,-3.2313304138183594,-0.6770420837402344
1748973327855,7.433092803955079,-2.925067291259766,-2.43573486328125
1748973327922,6.99151107788086,-3.3103660583496097,-1.4063255310058596
1748973327991,9.109157409667969,-3.7485049438476565,-2.5176145935058596
1748973328055,10.425370330810548,-3.6107913208007814,-2.4219635009765628
1748973328121,11.193722534179688,-3.592529296875,-1.564995574951172
1748973328191,11.626173248291016,-1.7248631286621094,-0.7047344970703125
1748973328255,10.607840881347657,-2.7761270141601564,-0.30985565185546876
1748973328322,10.376871185302734,-2.968027954101563,-0.11361373901367187
1748973328391,8.505762176513672,-2.545756072998047,-0.6048921203613281
1748973328455,8.210276641845704,-2.9151878356933594,-0.5330415344238282
1748973328522,7.579937438964844,-2.890489196777344,-1.2720547485351563
1748973328590,7.173233184814453,-2.732268218994141,-1.156644744873047
1748973328655,7.501051483154297,-2.7973828125,-0.9240284729003907
1748973328722,9.619895324707032,-4.0107595825195315,-1.3012440490722657
1748973328789,13.207784271240236,-3.4750236511230472,-2.8467800903320315
1748973328855,12.706776123046875,-3.318149871826172,-2.794838104248047
1748973328922,8.44813201904297,-1.8964064025878906,-0.4194277954101563
1748973328992,9.782756652832031,-3.4862503051757816,-2.975662078857422
1748973329054,7.682773590087891,-2.2972727966308595,-0.7638615417480469
1748973329122,7.439978485107423,-2.588417358398438,-1.1722123718261719
1748973329193,7.131619720458985,-2.6967919921875003,-1.06578369140625
1748973329255,7.541467437744141,-2.245330810546875,-2.5487498474121093
1748973329322,8.894503784179689,-3.190016326904297,-1.881287841796875
1748973329392,12.065359954833985,-4.292324066162109,-1.9336788940429688
1748973329455,12.155921630859376,-4.111051025390625,-0.7849676513671875
1748973329522,11.791878662109376,-1.2244537353515625,-2.3474185180664064
1748973329592,9.338779907226563,-2.9413833618164062,0.661025390625
1748973329655,10.088421020507813,-3.095413055419922,-0.042361907958984375
1748973329722,8.307424621582031,-2.518961791992188,-0.2932402038574219
1748973329792,8.488098907470704,-3.108435974121094,-0.3095562744140625
1748973329855,7.6615177917480475,-2.532433776855469,-0.23860382080078127
1748973329922,7.880811767578125,-2.582729187011719,-0.41089553833007814
1748973329989,9.28114974975586,-3.2955468750000003,-0.9695338439941407
1748973330055,9.835297393798829,-3.1961535644531254,-0.8650511169433595
1748973330122,12.390633544921876,-3.885470123291016,-2.062860260009766
1748973330191,9.823172607421876,-1.3445040893554687,-1.8697618103027345
1748973330255,8.829389190673828,-2.181563415527344,-1.8908679199218752
1748973330322,9.808353424072266,-2.9068052673339846,-2.7105633544921877
1748973330389,8.138126678466797,-2.6596691894531252,-1.0605445861816407
1748973330455,7.809859313964844,-2.5797354125976564,-2.4195684814453124
1748973330522,7.176825714111328,-2.115999755859375,-2.542462921142578
1748973330591,7.8483293151855476,-2.719394989013672,-2.621049499511719
1748973330655,9.346414031982423,-3.021466827392578,-2.465672607421875
1748973330722,11.18519027709961,-3.569626922607422,-2.4209156799316407
1748973330790,13.481864318847657,-4.161047058105469,-2.355202331542969
1748973330855,9.822573852539064,-1.0871891784667969,-1.713636474609375
1748973330922,8.869505767822266,-2.5041426086425784,0.34787658691406254
1748973330990,9.263636169433594,-3.168161773681641,-0.8084687805175782
1748973331055,8.426427154541017,-1.992506561279297,0.05478607177734375
1748973331122,9.593999176025392,-2.997217254638672,-0.38859191894531253
1748973331191,10.30427215576172,-2.5773403930664065,-1.1509565734863283
1748973331255,8.40127944946289,-2.54830078125,0.21989273071289064
1748973331322,9.4220068359375,-4.761298828125001,-2.3213726806640627
1748973331391,8.416398010253907,-4.50263671875,-1.6157400512695312
1748973331455,9.915530548095704,-5.217250671386719,-1.5907420349121095
1748973331522,10.116861877441407,-4.259242858886719,-1.111139373779297
1748973331590,9.147777099609376,-3.1606773376464847,-0.9113049316406251
1748973331655,8.931776275634766,-3.2409104919433593,-1.6721726989746095
1748973331722,7.876470794677735,-5.343587951660156,-0.37242553710937504
1748973331791,4.676874389648438,-2.005978546142578,0.15881973266601562
1748973331855,7.435637512207031,-3.825594635009766,-4.2695713806152344
1748973331937,9.176816711425781,-4.207300872802735,-4.601431274414063
1748973331988,9.099876708984375,-5.376369781494141,-2.7298731994628906
1748973332055,10.98640365600586,-6.551575927734375,-4.387975158691407
1748973332122,10.948532409667969,-5.545068969726563,-4.0408470153808596
1748973332191,9.667646026611328,-5.18521728515625,-3.5711238098144533
1748973332255,8.170160064697265,-4.743336181640625,-3.1192135620117187
1748973332322,6.966513061523438,-4.687651977539063,-2.621498565673828
1748973332391,6.386319580078125,-4.6888494873046875,-2.0375628662109375
1748973332455,6.646478576660156,-4.756658477783203,-2.411485290527344
1748973332522,7.478598175048829,-5.414989471435547,-2.6420059204101562
1748973332591,7.735464019775391,-5.035079498291016,-0.8475375366210938
1748973332655,8.526419219970704,-5.34807861328125,-1.8113832092285158
1748973332722,10.736273803710938,-7.008725280761719,-3.596421203613281
1748973332790,9.541608123779298,-2.8770172119140627,-4.651277618408203
1748973332855,10.167456665039063,-4.309837646484375,-5.137017517089844
1748973332922,6.671027526855469,-2.1894969177246093,-3.7577856445312503
1748973332989,6.019731903076172,-2.7631040954589845,-2.7005342102050784
1748973333055,6.949598236083984,-3.7717066955566407,-1.949396209716797
1748973333122,7.924221496582032,-3.164868621826172,-2.3602917480468752
1748973333189,9.460177459716798,-3.78652587890625,-2.1142034912109375
1748973333255,11.160491638183593,-3.916605377197266,-2.5487498474121093
1748973333322,13.30388442993164,-6.193370819091797,-2.5667124938964845
1748973333389,9.894424438476562,-3.155138854980469,-0.8644523620605469
1748973333455,8.878038024902343,-4.001029815673828,-0.2758763122558594
1748973333522,7.316784667968751,-2.2336550903320314,-1.4911990356445313
1748973333592,7.572752380371094,-3.2515383911132814,-1.4024336242675781
1748973333655,7.802524566650391,-3.386707305908203,-1.0876382446289063
1748973333722,7.561675415039063,-2.7533743286132815,-1.129401397705078
1748973333792,8.751700744628907,-3.486549682617188,-1.9167640686035157
1748973333855,9.961934051513673,-3.7151243591308596,-1.4994319152832032
1748973333922,12.6983935546875,-6.324198760986328,-2.7572662353515627
1748973333992,8.825197906494141,-0.6839277648925781,-2.4984544372558597
1748973334055,10.24349853515625,-4.450694732666016,-1.9103274536132813
1748973334122,8.379424896240234,-1.9005976867675782,-2.617456970214844
1748973334192,6.927444305419923,-2.572400665283203,-1.7483642578125
1748973334255,6.752607879638672,-2.6075775146484377,-2.4372317504882814
1748973334322,7.71001693725586,-3.495381317138672,-2.255809020996094
1748973334391,7.99697021484375,-3.440295867919922,-2.1207897949218752
1748973334455,8.885223083496093,-3.9016365051269535,-2.907703399658203
1748973334522,10.635084228515625,-4.3719584655761725,-3.975582733154297
1748973334590,10.664872283935548,-4.399800567626953,-2.203268280029297
1748973334655,11.243269500732422,-3.123853912353516,-2.904260559082031
1748973334722,9.409882049560547,-3.597169647216797,-0.3399430847167969
1748973334790,9.823471984863282,-3.117117919921875,-1.2760963439941406
1748973334855,8.422086181640626,-2.4501049804687502,-0.9379495239257813
1748973334922,8.594527587890626,-2.8612998962402347,-0.9505233764648438
1748973334989,8.721613311767578,-2.9356951904296875,-1.0060578918457033
1748973335055,8.653355255126954,-3.0549971008300782,-0.9186396789550781
1748973335122,9.003776550292969,-3.247646484375,-2.8339068603515627
1748973335190,9.616153106689454,-4.7698310852050785,-2.3981629943847658
1748973335255,9.623338165283204,-5.0075367736816405,-2.3629861450195313
1748973335322,9.213490447998048,-1.9754420471191407,-2.6003924560546876
1748973335390,11.712693328857423,-3.8577777099609376,-3.9630088806152344
1748973335455,8.22494613647461,-1.4373110961914064,-1.687141571044922
1748973335522,6.816824340820313,-2.585273895263672,-0.33784744262695315
1748973335590,6.961723022460938,-2.5297393798828125,-1.0445278930664064
1748973335655,7.488028564453125,-2.68481689453125,-2.117047576904297
1748973335722,9.198371887207031,-3.9868093872070314,-2.8048672485351562
1748973335790,11.618838500976564,-2.2372476196289064,-3.733536071777344
1748973335855,9.602531433105469,-7.948171691894531,-1.667981414794922
1748973335922,11.568243713378907,-5.2154544067382815,-3.1343321228027343
1748973335990,8.835376739501953,-4.8806007385253904,-0.9906399536132813
1748973336055,9.874066772460939,-4.1234751892089845,-1.5311659240722657
1748973336122,7.74833724975586,-3.409310302734375,0.19579284667968752
1748973336189,6.844516754150391,-3.593577117919922,-0.07828720092773438
1748973336255,7.143445129394531,-4.258644104003906,-0.19235000610351563
1748973336322,7.890990600585938,-4.281696166992187,-1.3910572814941407
1748973336389,8.20863006591797,-4.853656768798828,-1.3451028442382813
1748973336455,8.672515411376953,-6.301745452880859,-1.6563056945800783
1748973336522,11.87495590209961,-6.458319854736328,-3.220702514648438
1748973336590,11.374995574951173,-4.827311553955078,-3.293750610351563
1748973336655,9.099277954101563,-3.9537281799316406,-0.37242553710937504
1748973336722,5.284610595703125,-2.2215303039550784,-0.24204666137695313
1748973336790,5.815706176757812,-3.9773789978027345,-0.044008483886718755
1748973336855,7.170838165283204,-4.384083251953125,0.2281256103515625
1748973336941,9.062454528808594,-5.2453921508789065,-0.8045768737792969
1748973336988,10.494376831054687,-4.6589117431640625,-2.891087951660156
1748973337055,11.055559844970704,-5.064268798828126,-0.26240432739257813
1748973337122,11.180849304199219,-3.211272125244141,-0.59635986328125
1748973337189,10.244995422363282,-2.9379405212402343,1.4578184509277345
1748973337255,10.36609359741211,-3.952830047607422,1.6163388061523438
1748973337322,7.876021728515625,-1.1493099975585939,-0.12259506225585938
1748973337389,8.232280883789063,-0.9342073059082032,-4.177961883544922
1748973337455,8.616232452392579,-1.6343014526367188,0.8470884704589844
1748973337522,10.077194366455078,-2.2897883605957032,2.6964926147460937
1748973337592,11.170520782470703,-3.310815124511719,-2.741997985839844
1748973337655,9.361981658935548,-1.9365229797363281,-2.551893310546875
1748973337722,9.895472259521485,-1.7281562805175783,-1.4262341308593751
1748973337790,9.779463500976563,-2.4911196899414065,0.7283853149414062
1748973337855,11.147917785644532,-3.1641201782226562,-5.817801818847657
1748973337922,5.4232223510742195,-2.125879211425781,-0.8405021667480469
1748973337991,8.141270141601563,-4.445605316162109,-0.7138655090332031
1748973338055,7.701334991455078,-3.3886532592773437,-0.8575666809082032
1748973338122,8.458310852050781,-4.017645263671875,-3.1978001403808594
1748973338192,10.614277496337891,-4.6165498352050784,-2.584076385498047
1748973338255,12.284354553222657,-3.879632263183594,-1.751956787109375
1748973338322,11.64353713989258,-4.021088104248047,-1.0639874267578127
1748973338392,9.325607299804688,-1.7293537902832032,-1.1108399963378908
1748973338455,9.403595123291016,-4.107308807373047,-0.17214202880859375
1748973338522,7.901468811035157,-2.2378463745117188,-0.006436614990234376
1748973338590,8.003556518554689,-2.359992370605469,-0.24803421020507813
1748973338655,8.381071472167969,-2.2742207336425784,-0.7655081176757813
1748973338722,8.877139892578125,-2.9669801330566408,-0.7339237976074219
1748973338789,9.17576889038086,-3.8752912902832035,0.5533992004394531
1748973338855,11.60237274169922,-7.256759490966798,-2.692900085449219
1748973338922,8.063731384277345,-4.056863708496094,-4.729564819335938
1748973338989,5.924380187988281,-8.195607147216798,-1.4150074768066407
1748973339055,5.361999664306641,-5.6098841857910156,-3.370690612792969
1748973339122,4.6886997985839844,-6.368207244873047,-2.7919940185546874
1748973339189,5.134772186279297,-6.300997009277344,-2.2757176208496093
1748973339255,5.614823913574219,-5.482648773193359,-3.54702392578125
1748973339322,8.754245452880859,-5.688470764160156,-4.717739410400391
1748973339390,10.742261352539064,-4.871769104003906,-4.743036804199219
1748973339455,10.318941650390625,-4.05042709350586,-4.1517663574218755
1748973339522,9.31228500366211,-3.0169761657714846,-3.5046620178222656
1748973339592,11.49220184326172,-7.093149719238282,-2.521805877685547
1748973339655,9.129365386962892,-2.562371520996094,-2.186054077148438
1748973339722,7.5859249877929695,-3.4205369567871093,-1.3439053344726564
1748973339792,7.869734802246094,-4.033961334228516,-1.3058843994140625
1748973339855,8.02945266723633,-4.211492156982422,-1.7896783447265625
1748973339922,7.737110595703125,-4.1553588867187505,-1.3921051025390625
1748973339991,8.243058471679689,-5.028493194580078,-2.378553771972656
1748973340055,9.567055206298829,-5.767506408691407,-3.937262420654297
1748973340122,9.273815002441406,-2.762355651855469,-3.993395690917969
1748973340190,11.516002349853515,-4.010160827636719,-5.747597808837891
1748973340255,8.297545166015626,-2.2866448974609375,-2.949316864013672
1748973340322,7.214846649169922,-1.7536033630371095,-2.3802003479003906
1748973340389,6.50247802734375,-3.279979248046875,-1.776805114746094
1748973340455,7.0344717407226565,-3.2745904541015625,-2.5005500793457034
1748973340522,8.171507263183594,-3.7604800415039064,-2.7367588806152345
1748973340590,11.038345642089844,-4.233496398925782,-2.8723768615722656
1748973340655,14.579382019042969,-6.835685119628907,-4.03605697631836
1748973340722,9.09538604736328,-2.691552886962891,-1.6545094299316407
1748973340793,8.818012847900391,-3.416495361328125,-1.9845730590820314
1748973340855,7.099586334228516,-2.552941131591797,-1.171014862060547
1748973340922,7.547604675292969,-2.6825715637207033,-1.5579602050781252
1748973340993,8.038284301757812,-3.4387989807128907,-1.7503102111816407
1748973341055,8.1286962890625,-3.33626220703125,-1.5648458862304688
1748973341122,9.554331665039063,-4.386328582763672,-1.9413130187988281
1748973341193,8.888216857910157,-4.499792633056641,-2.3787034606933597
1748973341255,9.412875823974609,-5.594765625,-2.174528045654297
1748973341322,9.582024078369141,-3.8607714843750003,-3.7770954895019533
1748973341393,10.586585083007813,-5.125341796875,-2.355651397705078
1748973341456,7.641609191894531,-3.011737060546875,-3.8023928833007816
1748973341522,4.708458709716797,-2.436632995605469,-1.8723065185546877
1748973341592,6.009702758789063,-2.7957362365722656,-2.8101063537597657
1748973341655,8.42133773803711,-4.941823425292969,-2.495460662841797
1748973341722,8.609795837402345,-3.676953735351563,-2.5632696533203125
1748973341793,11.148516540527345,-5.82034652709961,-2.8469297790527346
1748973341855,11.488309936523438,-5.100343780517578,-2.3504122924804687
1748973341932,10.433752899169923,-3.073708190917969,-2.0399578857421874
1748973341988,9.383087768554688,-5.40840316772461,-0.6153703308105469
1748973342055,7.420518951416016,-2.3716680908203127,-0.7978408813476563
1748973342122,6.817123718261719,-3.006647644042969,-1.2479548645019531
1748973342192,7.7125616455078125,-3.430266723632813,-1.584155731201172
1748973342255,7.9854441833496095,-3.0897248840332034,-1.6712745666503908
1748973342322,9.278904418945313,-4.027524719238281,-1.4332695007324219
1748973342392,10.515782318115235,-5.570216674804688,-2.0124151611328127
1748973342456,11.10136459350586,-6.568041687011719,-2.6385630798339843
1748973342522,8.797206115722657,-2.629282379150391,-2.6203010559082034
1748973342592,8.809181213378906,-5.918392639160157,-2.9196784973144534
1748973342655,5.829178161621094,-2.9328511047363284,-2.950963439941406
1748973342722,5.080435180664063,-3.9246885681152346,-1.4099180603027344
1748973342792,7.657625885009766,-4.867428131103516,-2.0240908813476564
1748973342855,8.22255111694336,-3.9883062744140627,-2.581681365966797
1748973342922,9.243727569580079,-3.8730459594726563,-2.9618907165527344
1748973342992,12.25576400756836,-4.999752960205078,-4.055815887451172
1748973343055,11.523037719726563,-4.73255859375,-2.7689419555664063
1748973343122,9.174571380615236,-4.131109313964844,-2.108964385986328
1748973343192,9.309291229248048,-3.6982095336914065,-1.9044895935058594
1748973343255,7.417375488281251,-2.488724670410156,-1.3130694580078126
1748973343322,7.188651123046875,-2.7424470520019533,-1.5407460021972657
1748973343392,8.177195434570313,-3.8350250244140627,-1.4814692687988282
1748973343455,8.25563232421875,-3.7793408203125,-1.5801141357421875
1748973343522,8.784781951904296,-5.457950134277344,-1.8247055053710939
1748973343591,9.63606170654297,-5.551505584716797,-3.297492828369141
1748973343655,9.93738510131836,-4.964276733398438,-3.4310151672363283
1748973343722,9.277108154296876,-3.458108825683594,-2.9150381469726563
1748973343792,7.923622741699219,-3.441194000244141,-3.3545242309570313
1748973343855,5.227130126953125,-2.993475036621094,-0.8728349304199219
1748973343922,6.369404754638672,-4.101021881103516,-1.4614109802246094
1748973343992,8.85768035888672,-4.559817810058594,-2.4438180541992187
1748973344055,9.0196435546875,-3.8586758422851566,-1.9377204895019533
1748973344122,11.511511688232423,-4.9811915588378906,-3.8119729614257816
1748973344192,11.576177215576173,-5.487738189697266,-1.9728973388671875
1748973344255,9.507928161621095,-3.1280451965332032,-2.633174285888672
1748973344322,9.121282196044922,-5.188660125732422,-1.0121951293945313
1748973344392,7.420369262695313,-1.9106268310546877,-2.4539968872070315
1748973344455,6.826105041503906,-2.4694148254394532,-1.0252180480957032
1748973344522,8.220455474853516,-4.017196197509766,-1.6157400512695312
1748973344592,8.031997375488281,-3.6467166137695313,-1.1903247070312502
1748973344655,10.11895751953125,-5.866151275634766,-1.5708334350585937
1748973344722,9.864935760498048,-5.657634887695313,-1.6783099365234375
1748973344792,9.859247589111328,-3.5417848205566407,-2.698887634277344
1748973344855,10.330467681884766,-6.306984558105469,-3.583697662353516
1748973344922,6.331982574462891,-4.758005676269532,-1.9851718139648438
1748973344992,4.406087493896485,-5.113516387939454,-0.13172607421875002
1748973345055,4.538412322998047,-4.494703216552734,-1.4497352600097657
1748973345122,6.601571960449219,-5.2769764709472655,-2.70158203125
1748973345190,9.151669006347657,-5.894741821289063,-3.402873687744141
1748973345255,11.714788970947266,-7.5118290710449225,-4.226910095214844
1748973345322,10.966345367431641,-6.669081573486329,-3.5555561828613285
1748973345392,6.64617919921875,-4.652175750732422,-1.8353334045410157
1748973345455,8.166866912841797,-4.545447692871094,-3.385060729980469
1748973345522,7.991581420898438,-3.451073455810547,-1.781744842529297
1748973345592,8.219257965087891,-4.390519866943359,-2.2243743896484376
1748973345655,8.021369476318359,-4.932093658447266,-1.646426239013672
1748973345722,7.664810943603516,-5.55928939819336,-1.6916322326660158
1748973345793,9.105115814208984,-8.172106018066406,-2.6710455322265627
1748973345855,8.951086120605469,-8.767268371582032,-1.159039764404297
1748973345922,7.522906036376954,-2.4474105834960938,-3.9068756103515625
1748973345992,9.271419982910157,-6.897506561279298,-4.124672698974609
1748973346055,6.860084381103516,-4.780159606933594,-2.6041346740722657
1748973346122,5.104984130859375,-4.291126556396485,-1.2416679382324218
1748973346196,7.153773651123047,-4.390968933105469,-0.9563612365722657
1748973346255,7.251670074462891,-3.1246023559570313,-0.6740483093261719
1748973346322,10.375973052978516,-2.5965005493164064,-3.007545776367188
1748973346393,12.714260559082032,-5.562283172607422,-2.118394775390625
1748973346455,13.205538940429689,-3.8934036254882813,-1.6741186523437501
1748973346522,9.14373550415039,-2.7595115661621095,0.4164340209960938
1748973346592,8.250393218994141,-2.734962615966797,-0.8461903381347656
1748973346655,8.963210906982422,-1.926793212890625,-1.9989431762695313
1748973346722,8.137677612304689,-1.7928218078613283,0.4149371337890625
1748973346793,9.056167602539062,-3.180136871337891,-1.2543914794921875
1748973346856,8.550968170166016,-4.086352386474609,-0.7149133300781251
1748973346939,9.23369842529297,-4.815935211181641,-1.3060340881347656
1748973346988,9.601483612060548,-5.027894439697266,-1.0433303833007812
1748973347056,10.163714447021485,-4.997208251953126,-1.9347267150878906
1748973347122,8.88312744140625,-2.286944274902344,-2.205363922119141
1748973347193,10.814710693359375,-4.692142639160156,-3.019820251464844
1748973347255,7.075935516357422,-1.783241729736328,0.57719970703125
1748973347322,6.950496368408204,-3.3886532592773437,0.1375639343261719
1748973347393,7.795788574218751,-4.444258117675782,1.2937596130371094
1748973347455,7.100035400390626,-1.7058526611328126,0.836909637451172
1748973347522,9.090296630859376,-4.320016479492188,-0.3546125793457031
1748973347592,13.526022491455079,-4.463567962646485,-2.9094996643066406
1748973347655,11.873159637451172,-4.3577380371093755,-1.675166473388672
1748973347722,7.30765365600586,-4.3014550781250005,-0.980610809326172
1748973347792,8.625213775634766,-4.9970585632324225,-1.5301181030273439
1748973347855,9.459129638671875,-3.2087274169921876,-0.6860234069824219
1748973347922,8.179889831542969,-3.4214350891113283,-0.10103988647460938
1748973347992,7.492668914794923,-2.629432067871094,0.22483245849609376
1748973348055,7.768694915771484,-2.990032196044922,0.11047027587890626
1748973348122,8.25278823852539,-3.5655853271484377,-0.6486012268066407
1748973348192,9.460177459716798,-4.314178619384766,-1.3738430786132814
1748973348255,9.768236846923829,-5.464835815429688,-0.7283853149414062
1748973348322,11.987821197509767,-6.080804901123047,-4.9758027648925784
1748973348392,7.955656127929688,-3.4024246215820315,-3.7889208984375
1748973348455,10.078391876220703,-7.134463806152344,-6.272256774902344
1748973348522,7.212002563476563,-5.75044189453125,-0.011675720214843751
1748973348592,2.289638671875,-5.505401458740234,2.6075775146484377
1748973348655,4.678520965576172,-4.006568298339844,-4.2731639099121095
1748973348722,5.867648162841797,-4.1094044494628905,-5.58802963256836
1748973348792,9.382339324951172,-5.386099548339844,-4.814138946533204
1748973348855,9.975406036376954,-6.283034362792969,-2.7809170532226566
1748973348922,10.340646514892578,-5.483397216796876,-3.9487884521484378
1748973348992,10.120005340576173,-1.0258168029785157,-4.6764253234863284
1748973349055,7.677983551025391,-6.1962149047851565,-3.247496795654297
1748973349122,6.278094635009766,-4.950205993652344,-4.583768005371094
1748973349192,7.9661343383789065,-4.286935272216797,-3.5679803466796876
1748973349255,7.451803894042969,-6.129902801513672,-2.652484130859375
1748973349322,6.639143829345703,-5.502257995605469,-2.461631011962891
1748973349392,6.304290161132813,-5.669460296630859,-1.9377204895019533
1748973349455,7.763755187988282,-7.669002227783204,-2.8530670166015626
1748973349522,8.21776107788086,-8.249944152832033,-3.689377899169922
1748973349592,8.344098358154298,-8.019722900390626,-3.4322126770019534
1748973349655,7.393574981689453,-3.3194970703125,-3.321592712402344
1748973349722,9.022787017822266,-6.107449493408203,-3.679797821044922
1748973349791,6.425388336181641,-4.0127055358886725,-1.4389576721191406
1748973349855,5.6661671447753905,-4.336033172607422,-1.7784516906738281
1748973349922,5.925428009033204,-5.183271331787109,-1.6119978332519531
1748973349990,7.553442535400391,-5.725144500732422,-1.891915740966797
1748973350055,10.167606353759766,-5.387446746826172,-3.5811529541015625
1748973350122,10.846295013427735,-6.506669311523438,-3.210673370361328
1748973350189,9.67393295288086,-4.9317942810058595,-3.0133836364746096
1748973350255,8.247998199462891,-4.120631103515625,-0.9454339599609376
1748973350322,9.83724334716797,-3.5078054809570314,-3.0552964782714844
1748973350389,8.446934509277344,-2.810256042480469,-1.7860858154296877
1748973350455,7.847730560302735,-2.564916229248047,-1.4166540527343752
1748973350522,7.83455795288086,-4.426894226074219,-1.8702108764648437
1748973350590,7.795938262939454,-4.739444274902344,-1.7588424682617188
1748973350655,8.160430297851564,-4.436773681640625,-1.8040484619140627
1748973350722,12.064461822509767,-7.329508209228516,-2.9401858520507815
1748973350790,8.781488800048828,4.63481185913086,-2.834206237792969
1748973350855,11.823612670898438,-0.7256909179687501,-3.160078582763672
1748973350922,7.906558227539063,0.8155041503906251,-2.8395950317382814
1748973350994,5.7823255920410155,0.23231689453125,-0.8828640747070313
1748973351055,6.959777069091797,-0.44382705688476565,-0.9976753234863281
1748973351122,9.465266876220703,-0.5795947265625,-3.3847613525390625
1748973351193,9.568252716064453,4.068389739990234,-1.0538085937500001
1748973351255,12.87128402709961,2.315834197998047,-3.327580261230469
1748973351322,12.228221282958986,4.2325982666015625,-2.4146287536621096
1748973351392,11.205697631835939,1.7655784606933596,-0.8583151245117188
1748973351455,9.870923309326173,2.6526338195800783,-1.3229489135742187
1748973351522,6.774612121582032,1.3295352172851562,-0.9063652038574219
1748973351590,7.214846649169922,1.3647120666503907,-1.4486874389648439
1748973351655,7.157216491699219,1.3356724548339844,-2.841391296386719
1748973351722,9.744436340332031,-1.2413685607910157,-0.9843530273437501
1748973351789,9.199868774414062,-2.4842340087890626,-1.06099365234375
1748973351855,13.266312561035157,-3.207978973388672,-1.1967613220214843
1748973351940,10.00923568725586,1.4570700073242189,-3.190764770507813
1748973351988,9.895322570800781,-0.9357041931152345,-2.1680914306640626
1748973352055,9.816436614990234,-0.980610809326172,-3.896247711181641
1748973352122,7.168143768310547,-1.2744497680664064,-1.8148260498046875
1748973352192,7.048243103027344,-1.7377363586425782,-2.259102172851563
1748973352255,7.480993194580079,-2.1243823242187503,-2.3848406982421877
1748973352322,7.460336151123047,-1.3813275146484376,-2.6623635864257813
1748973352392,10.766810302734376,-2.298769683837891,-2.512525177001953
1748973352455,12.179722137451172,-0.4249662780761719,-2.202968902587891
1748973352522,14.168037414550781,-1.3964460754394532,-2.1799168395996094
1748973352590,11.69488037109375,-0.15358062744140627,-0.9241781616210938
1748973352655,10.839259643554689,-1.3706996154785156,-1.8327886962890625
1748973352722,6.910529479980469,-0.2900967407226563,-0.6827302551269532
1748973352792,5.816903686523438,-0.5487588500976562,-0.5526507568359376
1748973352855,7.424859924316407,-1.1539503479003907,-1.530267791748047
1748973352922,9.511670379638673,-2.2876927185058595,-0.39951919555664067
1748973352991,10.305619354248048,-2.9184809875488282,-0.010328521728515625
1748973353056,11.078162841796875,-3.284619598388672,-1.466799774169922
1748973353122,10.666967926025391,-1.4570700073242189,-3.9927969360351563
1748973353191,10.494825897216797,-2.373314666748047,-1.7455201721191407
1748973353255,11.584859161376954,-2.800675964355469,-3.8678068542480473
1748973353322,7.030280456542969,-1.5905923461914064,-1.9580781555175781
1748973353390,6.366710357666016,-1.958976287841797,-1.513802032470703
1748973353455,6.753955078125,-1.6428337097167969,-1.9209553527832033
1748973353522,8.21731201171875,-2.0353175354003907,-2.39501953125
1748973353590,11.401340789794922,-2.8337571716308596,-2.369273071289063
1748973353655,13.719719696044923,-2.598745880126953,-2.7138565063476565
1748973353722,12.647798767089844,-1.9574794006347658,-1.9705023193359377
1748973353791,9.741292877197266,-1.289568328857422,-1.6961228942871094
1748973353855,9.496851196289063,-2.386487274169922,-0.9946815490722657
1748973353923,8.380023651123047,-1.4886543273925783,-0.661025390625
1748973353991,8.229586486816407,-1.5522720336914064,-1.0207273864746094
1748973354055,8.40891357421875,-1.8155744934082032,-0.786763916015625
1748973354122,8.187673645019531,-1.4653028869628908,-0.591420135498047
1748973354192,8.90034164428711,-1.9654129028320313,-0.42302032470703127
1748973354255,10.987002410888673,-2.9695248413085937,-0.4614903259277344
1748973354322,13.114228820800783,-3.8455032348632816,-1.244212646484375
1748973354392,9.386380920410156,-0.16450790405273438,-2.178270263671875
1748973354455,10.90018295288086,-2.825823669433594,-1.6983682250976564
1748973354523,9.215436401367189,-1.7497114562988283,-2.8593539428710937
1748973354590,7.731721801757813,-2.579286346435547,-1.5465838623046875
1748973354655,7.102879486083984,-2.5810826110839846,-1.8684146118164064
1748973354722,6.277645568847657,-1.8113832092285158,-1.9496955871582031
1748973354792,6.924300842285157,-2.0240908813476564,-2.5077351379394535
1748973354855,10.568772125244141,-3.1293923950195315,-2.6203010559082034
1748973354922,13.192516021728517,-3.0828392028808596,-2.977907409667969
1748973354990,13.467793579101563,-2.336042175292969,-1.9688557434082032
1748973355055,11.142379302978517,0.6893165588378907,-2.068997497558594
1748973355122,11.113040313720704,-2.259551239013672,-0.3725752258300781
1748973355190,9.608818359375,-1.1177256774902344,-1.1678713989257814
1748973355255,7.679480438232423,-1.2924124145507814,-1.299148406982422
1748973355322,7.249125366210938,-1.5061679077148438,-0.8352630615234375
1748973355392,8.123756561279297,-1.7979112243652344,-0.7237449645996095
1748973355455,10.400971069335938,-3.6317477416992188,-0.8680448913574219
1748973355522,9.382039947509766,-3.287014617919922,-0.19145187377929687
1748973355592,12.547657012939453,-6.511609039306641,-3.2052845764160156
1748973355655,9.21693328857422,-0.5638774108886719,-2.4093896484375
1748973355722,12.415481872558594,-4.3752516174316405,-3.486998748779297
1748973355792,8.45247299194336,-1.6443305969238282,-1.8950592041015626
1748973355855,5.901926879882812,-2.0434007263183593,-0.7502398681640625
1748973355922,5.689069519042969,-1.7944683837890625,-1.0470726013183593
1748973355995,7.258555755615235,-2.624791717529297,-1.409319305419922
1748973356055,9.735604705810548,-3.3426988220214846,-0.5373825073242188
1748973356122,14.133010253906251,-3.9874081420898437,-1.2564871215820312
1748973356190,14.067296905517578,-3.6742593383789064,-1.744771728515625
1748973356255,10.966345367431641,-0.8469387817382813,-1.265767822265625
1748973356323,9.654623107910156,-3.5440301513671875,-0.8003855895996094
1748973356396,7.218289489746094,-1.14242431640625,-1.4790742492675781
1748973356456,6.693331146240235,-1.7405804443359376,-0.8747808837890625
1748973356522,8.837921447753907,-2.9033624267578126,-0.5828878784179687
1748973356590,8.843759307861328,-2.033521270751953,-0.1035845947265625
1748973356655,9.435628509521484,-2.8612998962402347,-0.6216572570800781
1748973356722,10.812914428710938,-4.332740020751953,-0.3787124633789063
1748973356796,10.732980651855469,-2.9794042968750003,-1.4976356506347657
1748973356856,9.952353973388673,-0.9512718200683594,-1.9631675720214845
1748973356931,10.885962524414063,-3.2561787414550785,-4.191433868408203
1748973356988,7.20466781616211,-1.2792398071289064,-1.5347584533691407
1748973357055,7.226222991943359,-2.7223887634277344,-1.625170440673828
1748973357122,7.519163818359376,-3.157384185791016,-1.8657202148437502
1748973357191,7.28849349975586,-2.921025695800781,-2.5197102355957033
1748973357255,9.033863983154298,-3.5256184387207035,-2.4337889099121095
1748973357322,11.89172103881836,-4.604724426269532,-2.221380615234375
1748973357390,12.559482421875,-4.2520578002929685,-0.9321116638183594
1748973357455,10.234217834472657,-1.257235565185547,-1.954186248779297
1748973357522,12.00817886352539,-4.306993560791016,-0.8161029052734375
1748973357590,7.903863830566407,0.026195526123046875,-0.41763153076171877
1748973357655,8.117020568847657,-2.7904971313476565,-0.053887939453125006
1748973357722,8.733139343261719,-2.179018707275391,-0.28695327758789063
1748973357789,8.99135238647461,-1.9511924743652345,-0.13172607421875002
1748973357855,10.28032196044922,-2.4315435791015627,-0.8276289367675782
1748973357922,11.924652557373047,-4.274062042236328,-1.6676820373535157
1748973357990,11.369307403564454,-4.223467254638672,-2.0469932556152344
1748973358055,8.397537231445312,-1.0469229125976562,-1.7248631286621094
1748973358122,9.530381469726564,-4.330794067382813,-2.476300506591797
1748973358189,7.454198913574219,-1.7116905212402345,-1.548230438232422
1748973358255,7.1401519775390625,-2.5979974365234377,-1.1505075073242188
1748973358322,7.326664123535156,-2.7605593872070315,-0.7506889343261719
1748973358390,7.971972198486329,-2.521506500244141,-1.5440391540527345
1748973358455,9.177265777587891,-4.131558380126953,-1.6904347229003907
1748973358522,11.363170166015626,-4.332740020751953,-1.876348114013672
1748973358592,13.492791595458986,-5.665867767333984,-2.003433837890625
1748973358655,10.141710205078125,-0.8187973022460938,-1.2918136596679688
1748973358722,9.964029693603516,-4.282594299316407,-0.3710783386230469
1748973358792,9.229956207275391,-1.5667918395996094,-0.6489006042480469
1748973358855,8.697513427734375,-2.029928741455078,-0.5062472534179687
1748973358923,8.961564331054689,-2.298919372558594,-0.3242257690429688
1748973358995,8.686137084960938,-2.6969416809082034,0.0053887939453125
1748973359055,9.255702667236328,-3.66677490234375,-0.8150550842285157
1748973359122,9.735904083251954,-4.524640960693359,-1.3236973571777344
1748973359192,10.361004180908203,-4.931644592285156,-1.9115249633789064
1748973359255,9.269773406982422,-2.4301963806152345,-2.4122337341308593
1748973359323,10.335257720947267,-3.502416687011719,-3.320694580078125
1748973359389,9.824519805908203,-2.5030947875976564,-2.8936326599121096
1748973359455,7.229815521240234,-2.631827087402344,-0.43230102539062504
1748973359523,7.217391357421875,-2.6911038208007816,-1.6510665893554688
1748973359590,7.0293823242187505,-2.9786558532714844,-1.753004608154297
1748973359655,7.801327056884766,-2.8707302856445316,-1.5411950683593751
1748973359723,9.828860778808595,-2.9451255798339844,-2.3065534973144532
1748973359791,13.226495361328126,-3.6947666931152345,-3.1162197875976565
1748973359855,13.147310028076172,-2.0812719726562503,-2.9526100158691406
1748973359922,11.507919158935547,-4.253404998779297,-1.0618917846679687
1748973359990,9.431437225341798,-2.8213330078125,0.4614903259277344
1748973360055,7.601941680908204,-1.6820521545410156,-0.5435197448730469
1748973360122,6.114933929443359,-1.4426998901367187,0.22962249755859376
1748973360190,7.029981079101563,-2.3968157958984375,-0.6783892822265626
1748973360255,9.184151458740235,-3.041225738525391,-0.7876620483398438
1748973360322,10.361453247070314,-3.5947746276855472,-0.926722869873047
1748973360390,10.29035110473633,-5.307213592529298,-0.8458909606933595
1748973360455,12.582833862304689,-5.561534729003906,-4.068389739990234
1748973360522,8.313861236572267,-1.4913487243652344,-1.0265652465820314
1748973360590,11.172017669677736,-5.72170166015625,-2.8683352661132813
1748973360655,7.456593933105469,-2.442919921875,-0.5156776428222657
1748973360722,6.431675262451172,-2.39501953125,-1.1018586730957032
1748973360791,6.294410705566406,-2.9322523498535156,-1.3305830383300783
1748973360855,7.10168197631836,-2.562072143554688,-1.3142669677734375
1748973360923,9.050180053710937,-3.212918701171875,-1.687141571044922
1748973360996,11.692335662841797,-4.1183857727050786,-1.904938659667969
1748973361055,11.78394515991211,-3.3590148925781254,-1.6480728149414063
1748973361122,13.562995605468751,-2.651585998535156,-2.1930894470214843
1748973361190,10.232421569824218,-1.5428416442871093,-0.31868728637695315
1748973361255,10.577603759765626,-2.4324417114257812,-1.363813934326172
1748973361322,8.713380432128906,-1.4810202026367187,-0.4908293151855469
1748973361395,8.359965362548829,-1.529219970703125,-0.3249742126464844
1748973361455,9.114246826171875,-2.815345458984375,-0.7637118530273438
1748973361522,8.909173278808595,-2.515968017578125,-0.9589059448242188
1748973361590,9.089398498535157,-3.170556793212891,-0.5504054260253907
1748973361656,9.194779357910157,-3.4697845458984378,-1.3192066955566406
1748973361722,11.710597686767578,-5.614524536132813,-2.4962091064453125
1748973361796,8.34469711303711,-1.485959930419922,-0.9520202636718751
1748973361856,10.741063842773437,-5.00603988647461,-3.7868252563476563
1748973361935,7.166946258544923,-2.122885437011719,-1.3482463073730468
1748973361988,7.294481048583985,-3.1328352355957034,-0.7809260559082032
1748973362055,7.773035888671876,-2.998265075683594,-1.591490478515625
1748973362122,8.141868896484375,-2.6328749084472656,-2.171983337402344
1748973362191,9.173972625732423,-3.1665151977539066,-2.053130493164063
1748973362255,11.03909408569336,-2.8276199340820316,-2.7306216430664065
1748973362323,13.964760131835938,-3.665577392578125,-1.8308427429199219
1748973362390,11.12291976928711,-1.1630813598632812,-1.4459930419921876
1748973362455,10.791508941650392,-4.948709106445313,-0.45520339965820317
1748973362523,8.71113510131836,-2.132914581298828,-0.17887802124023439
1748973362590,8.503367156982423,-3.5991156005859377,-0.24219635009765625
1748973362655,8.405321044921875,-3.5308575439453125,-0.4896318054199219
1748973362723,7.353907470703126,-2.954256591796875,0.06780899047851563
1748973362790,7.047494659423829,-3.1662158203125004,-0.1686991882324219
1748973362855,7.560777282714844,-3.0924192810058595,-1.2183164978027345
1748973362923,10.025701446533203,-4.640649719238281,-1.4723382568359376
1748973362990,11.542646942138672,-3.9116656494140627,-2.977158966064453
1748973363055,10.0447119140625,-2.429747314453125,-2.754122772216797
1748973363122,9.793234863281251,-4.971761169433594,-1.9986437988281252
1748973363189,8.772208099365235,-4.254153442382813,-2.9987141418457033
1748973363255,6.036946105957032,-3.868704986572266,-0.4058061218261719
1748973363322,6.120173034667969,-4.73540267944336,-2.9487181091308594
1748973363390,6.590195617675781,-4.415368194580078,-2.6896069335937502
1748973363455,7.727380828857422,-4.858297119140626,-3.8359231567382817
1748973363523,8.87489456176758,-4.832700347900391,-4.522395629882813
1748973363590,9.87271957397461,-5.603746948242188,-3.7700601196289063
1748973363655,10.868448944091798,-5.8142092895507815,-3.6110906982421875
1748973363723,8.171058197021484,-3.6586917114257815,-1.355730743408203
1748973363790,9.068741455078126,-5.241649932861328,-2.1848565673828126
1748973363856,7.2917866516113286,-2.810705108642578,-1.1630813598632812
1748973363923,7.078031158447266,-3.49912353515625,-1.4054273986816408
1748973363990,7.763455810546875,-3.8754409790039066,-1.3413606262207032
1748973364055,8.328530731201173,-3.6920722961425785,-1.9486477661132813
1748973364122,8.48555419921875,-4.553081817626953,-1.8772462463378907
1748973364190,9.555379486083984,-4.9159272766113284,-2.29203369140625
1748973364256,11.199261016845703,-7.143894195556641,-2.2537133789062502
1748973364323,10.149494018554687,-4.163442077636719,-1.3204042053222658
1748973364390,9.08386001586914,-3.539539489746094,-2.4237597656250003
1748973364455,6.83822982788086,-5.894741821289063,-2.1272264099121094
1748973364523,4.635859680175781,-3.6227664184570316,1.5371534729003906
1748973364590,5.7296351623535156,-5.503006439208985,-0.23605911254882814
1748973364655,5.839806060791016,-3.430566101074219,-1.0054591369628907
1748973364723,6.782395935058594,-2.1145028686523437,-2.1646485900878907
1748973364790,5.344037017822266,-0.5212161254882812,-2.151625671386719
1748973364855,5.6273977661132815,0.23111938476562502,-3.0427226257324222
1748973364922,14.831158447265626,-0.7861651611328125,-4.000730438232422
1748973364989,20.631746063232423,-5.901477813720703,-3.1763946533203127
1748973365055,15.36449935913086,-14.035113830566408,-0.26854156494140624
1748973365122,12.305460662841798,-2.5664131164550783,-0.2628533935546875
1748973365190,7.306605834960938,-3.2913555908203125,-0.31284942626953127
1748973365255,4.741090850830078,-0.929267578125,-0.22019210815429688
1748973365323,3.952530670166016,-1.3204042053222658,-0.2920426940917969
1748973365390,6.586902465820313,-2.7042764282226566,-2.7602600097656254
1748973365456,12.893587646484375,-8.397836608886719,-2.8830047607421876
1748973365523,13.870306549072266,-4.813839569091797,-4.904550933837891
1748973365590,12.457993469238282,-5.215155029296875,-4.905299377441406
1748973365655,2.7078689575195316,-7.761659545898438,-0.4056564331054688
1748973365723,5.965843963623048,-0.5566923522949219,-0.5622308349609375
1748973365796,6.28692626953125,-3.606749725341797,-1.878743133544922
1748973365855,10.593770141601563,-7.9080551147460945,-1.3738430786132814
1748973365923,8.608748016357422,-4.362827453613281,-0.8138575744628906
1748973365994,9.524393920898438,-5.380561065673828,-1.8591339111328127
1748973366055,12.336296539306641,-6.414161682128906,-3.2599209594726566
1748973366122,7.698790283203126,-5.0991462707519535,-0.91250244140625
1748973366196,7.716603240966797,-5.975124664306641,-1.6161891174316407
1748973366255,7.038213958740235,-3.3117132568359375,-0.30147308349609375
1748973366323,7.665559387207032,-3.452270965576172,-0.7331753540039063
1748973366396,9.23130340576172,-3.8278399658203126,-0.8807684326171875
1748973366456,9.65282684326172,-4.395609283447266,-0.6710545349121094
1748973366522,9.768236846923829,-5.283562774658203,-0.8237370300292969
1748973366596,9.946366424560548,-6.046077117919922,-1.6401393127441406
1748973366655,9.131760406494141,-6.690636749267578,-0.9575587463378906
1748973366723,8.398585052490235,-5.029990081787109,-1.6510665893554688
1748973366790,7.79384262084961,-4.096082153320313,-2.0502864074707032
1748973366856,7.932005310058594,-4.737947387695312,-2.0974383544921875
1748973366947,6.0465261840820315,-4.818779296875,-1.1240126037597657
1748973366988,6.401438140869141,-4.7662385559082034,-1.3811778259277345
1748973367055,7.3374417114257815,-4.605772247314453,-1.4196478271484376
1748973367122,9.658215637207032,-5.2874546813964844,-2.4770489501953126
1748973367190,8.693322143554688,-4.139042816162109,-1.124611358642578
1748973367256,8.27613967895508,-2.887944488525391,-2.4852818298339847
1748973367323,8.23452621459961,-2.531685333251953,-1.0325527954101563
1748973367390,9.20929916381836,-1.791324920654297,-2.484832763671875
1748973367455,9.31707504272461,-0.41628433227539063,-2.525697784423828
1748973367523,18.106497344970705,-6.458918609619141,-5.816604309082032
1748973367590,8.555907897949218,0.08726852416992188,-0.5942642211914063
1748973367655,9.131760406494141,-6.447093200683594,-2.1109103393554687
1748973367723,7.406747589111329,-2.7568171691894534,-2.9065058898925784
1748973367793,7.756420440673828,-3.9366636657714844,-1.8580860900878908
1748973367855,8.824599151611329,-4.0107595825195315,-2.324216766357422
1748973367922,7.56586669921875,-3.3591645812988284,-1.7022601318359376
1748973367995,6.80185546875,-3.536246337890625,-1.7597406005859375
1748973368056,7.287595367431641,-4.360133056640625,-1.7546511840820314
1748973368122,9.064849548339843,-5.026247863769531,-2.7476861572265627
1748973368190,12.510833587646484,-4.358037414550782,-4.151167602539063
1748973368256,11.228899383544922,-3.4575100708007813,-2.5559349060058594
1748973368323,8.646319885253906,-1.6604969787597657,-1.7744100952148438
1748973368390,7.145840148925782,-3.2352223205566406,-0.7002438354492188
1748973368455,7.117698669433594,-2.914888458251953,-1.4778767395019532
1748973368523,7.805218963623047,-3.1413674926757813,-2.115850067138672
1748973368590,8.20773193359375,-3.0684690856933594,-2.5795857238769533
1748973368655,9.64324676513672,-3.580105133056641,-3.3120126342773437
1748973368723,14.163846130371095,-5.909411315917969,-5.0287925720214846
1748973368790,8.871152343750001,-2.8292665100097656,-0.6429130554199219
1748973368856,8.547375640869141,-4.464765472412109,-0.06990463256835938
1748973368923,7.9608952331542975,-1.81781982421875,-1.2347822570800782
1748973368990,8.606502685546875,-2.292632446289063,-0.9922865295410157
1748973369056,9.626781005859376,-2.0453466796875,-0.8436456298828126
1748973369122,8.697962493896485,-1.774559783935547,0.35356475830078127
1748973369190,7.725734252929688,-2.7354116821289063,-1.031055908203125
1748973369256,10.581345977783204,-5.389392700195312,-1.081351318359375
1748973369323,11.313323822021484,-2.178419952392578,-2.4438180541992187
1748973369390,15.337256011962891,-12.332105255126955,-5.075345764160157
1748973369456,3.334765319824219,3.10155029296875,0.9159452819824219
1748973369523,3.9436990356445314,-1.9478993225097658,-3.318000183105469
1748973369590,6.0887384033203125,-4.346361694335938,-3.2715966796875002
1748973369655,7.2266720581054695,-4.818479919433594,-0.37931121826171876
1748973369723,9.787995758056642,-5.3402947998046875,-1.143472137451172
1748973369790,15.014227752685548,-8.560997314453125,-0.36254608154296875
1748973369856,10.215656433105469,-2.369871826171875,-0.0892144775390625
1748973369923,8.488098907470704,-3.873495025634766,0.6902146911621094
1748973369990,6.79751449584961,-2.215991821289063,0.5905220031738282
1748973370056,7.902965698242188,-1.6518150329589845,-0.5174739074707031
1748973370122,9.463769989013672,-2.721939697265625,-1.0253677368164062
1748973370190,9.056317291259766,-1.7786013793945314,-0.2197430419921875
1748973370256,8.224347381591798,-2.048939208984375,-1.1097921752929687
1748973370323,10.099647674560547,-3.806584167480469,-2.2484742736816408
1748973370390,13.551469573974611,-6.26297607421875,-0.9392967224121094
1748973370456,9.679321746826172,0.6491999816894531,-1.7856367492675782
1748973370523,11.076516265869142,-4.270619201660156,-3.9748342895507816
1748973370590,8.599167938232423,-1.924248504638672,-0.5180726623535157
1748973370655,6.771768035888672,-2.1868025207519532,-0.398770751953125
1748973370723,7.042105865478516,-2.976709899902344,-1.726659393310547
1748973370790,7.013365631103516,-2.0047810363769534,-2.3605911254882814
1748973370856,8.962013397216797,-3.011737060546875,-2.634521484375
1748973370923,9.776769104003908,-2.386337585449219,-2.6699977111816406
1748973370990,15.113920440673828,-5.4390893554687505,-3.6335440063476563
1748973371056,9.143286437988282,-1.3076806640625,0.24444168090820315
1748973371122,8.907975769042968,-2.199825439453125,-0.7050338745117188
1748973371190,7.642507324218751,-0.8910969543457031,-1.7866845703125
1748973371256,8.616232452392579,-1.7634828186035156,-1.0030641174316406
1748973371323,8.336314544677736,-1.1660751342773439,-0.27737319946289063
1748973371396,8.590186614990234,-1.4549743652343752,-1.1168275451660157
1748973371455,10.23436752319336,-3.0126351928710937,-1.2757969665527344
1748973371523,12.791649627685548,-4.68989730834961,-1.4283297729492188
1748973371596,10.103240203857423,-1.0578501892089844,-3.6274067687988283
1748973371656,9.46601531982422,-4.085454254150391,-2.533780975341797
1748973371723,8.520431671142578,-2.406695251464844,-1.8550923156738282
1748973371796,4.102069702148437,-1.72680908203125,0.3499722290039063
1748973371855,4.953648834228516,-2.0100201416015624,-0.5240602111816407
1748973371933,7.758067016601563,-2.265239410400391,-2.8225305175781252
1748973371989,7.392377471923829,-1.30528564453125,-2.245031433105469
1748973372056,12.372371520996094,-3.3078213500976563,-3.423530731201172
1748973372122,15.934214630126954,-4.09787841796875,-4.2819955444335935
1748973372196,11.05735610961914,-5.168751525878906,1.2578343200683595
1748973372256,8.542136535644532,1.119671630859375,-2.5610243225097657
1748973372323,7.073989562988282,-1.8664686584472656,-1.5139517211914064
1748973372390,7.565567321777344,-1.272653503417969,-1.368753662109375
1748973372455,8.12151123046875,-2.0136126708984374,-0.8101153564453125
1748973372523,8.391699371337891,-1.7883311462402345,-0.8611592102050781
1748973372590,10.086026000976563,-3.070564727783203,-2.090702362060547
1748973372655,12.179871826171876,-3.8645137023925784,-1.5167958068847658
1748973372723,9.991422729492188,1.8732046508789064,-4.562661895751954
1748973372790,10.306517486572266,-4.184847564697266,-2.5011488342285157
1748973372856,8.12914535522461,-0.370030517578125,-0.9954299926757812
1748973372923,5.883515167236329,-1.8193167114257813,-0.35865417480468753
1748973372990,7.508236541748047,-2.0445982360839845,-1.7027091979980469
1748973373056,9.099876708984375,-2.2264700317382813,-2.9533584594726565
1748973373122,8.594527587890626,-2.1917422485351565,-2.288441162109375
1748973373190,10.127040710449219,-2.2843995666503907,-3.976780242919922
1748973373256,11.62198196411133,-3.4450859069824222,-3.712879028320313
1748973373323,12.271181945800782,-2.8398944091796876,-2.8744725036621097
1748973373390,10.615025939941408,-3.456611938476563,0.6936575317382813
1748973373456,8.891809387207031,-1.0674302673339844,-0.645457763671875
1748973373523,8.030051422119142,-1.31965576171875,-0.9383985900878907
1748973373590,8.314160614013673,-1.4932946777343752,-0.910107421875
1748973373655,8.337362365722656,-1.974693603515625,-0.9021739196777344
1748973373723,8.468938751220703,-2.1707858276367187,-1.8976039123535158
1748973373790,7.6826239013671875,-2.183060302734375,-2.4459136962890624
1748973373856,8.650211791992188,-3.0928683471679688,-2.218686218261719
1748973373923,10.840457153320314,-2.7430458068847656,-2.361339569091797
1748973373990,13.725407867431642,-2.551893310546875,-2.329006805419922
1748973374056,11.276949462890625,-1.6926800537109377,-1.6850459289550783
1748973374123,8.72221206665039,-1.5959811401367188,-1.6375946044921876
1748973374190,7.501500549316407,-2.096240844726563,-1.4679972839355468
1748973374256,6.512207794189454,-2.219135284423828,-1.8217117309570314
1748973374323,6.821614379882813,-1.646575927734375,-1.4298266601562502
1748973374390,7.009623413085938,-1.8396743774414064,-1.7073495483398438
1748973374456,7.950866088867188,-1.3233979797363282,-3.0482611083984374
1748973374523,8.565188598632814,1.1277548217773439,-3.673510894775391
1748973374590,15.015425262451172,-3.3591645812988284,0.3165916442871094
1748973374655,18.708246002197267,-3.586541748046875,0.14175521850585937
1748973374723,13.516891479492188,-5.721551971435547,2.9437783813476566
1748973374790,7.43458969116211,-0.4822970581054688,-0.8901988220214844
1748973374856,4.884043579101562,0.34173934936523437,-0.3597019958496094
1748973374922,6.916217651367188,-0.6098318481445313,-1.2970527648925783
1748973374990,8.529862060546876,-4.719236297607422,-0.11061996459960938
1748973375056,10.23915756225586,-6.584657135009766,-2.245929565429688
1748973375122,9.331894226074219,-6.446494445800782,-2.2013223266601565
1748973375190,8.98566421508789,-0.4776567077636719,-5.606591033935548
1748973375256,14.272969207763673,-3.5878889465332033,-4.844974822998047
1748973375323,8.357570343017578,-1.8000068664550781,-1.5871495056152345
1748973375390,6.517596588134766,-1.6049624633789064,-1.551822967529297
1748973375456,7.421267395019532,-1.7796492004394533,-1.952839050292969
1748973375523,8.325087890625001,-0.8424481201171875,-2.1489312744140627
1748973375590,10.162966003417969,-1.0425819396972658,-2.7274781799316408
1748973375655,10.890902252197266,-2.058668975830078,-3.860472106933594
1748973375723,11.117830352783203,-2.93868896484375,-3.356619873046875
1748973375795,11.805650024414064,-1.9667601013183595,-4.295317840576172
1748973375855,8.503217468261719,-1.8073416137695313,-2.2037173461914064
1748973375923,9.575288085937501,-2.5391697692871094,-3.1150222778320313
1748973375993,7.879314880371094,-1.1608360290527344,-2.7729835510253906
1748973376055,6.850803680419922,-1.3187576293945313,-2.166295166015625
1748973376123,7.594008178710938,-1.5536192321777345,-2.8084597778320313
1748973376196,9.194180603027345,-2.2308110046386718,-2.818039855957031
1748973376255,9.338779907226563,-2.8554620361328125,-1.8973045349121094
1748973376323,11.297606506347657,-3.580105133056641,-3.188818817138672
1748973376391,13.120515747070312,-2.146835632324219,-5.369184722900391
1748973376456,10.050400085449219,-1.5133529663085938,-1.029708709716797
1748973376523,10.115963745117188,-3.3353640747070314,-2.1546194458007815
1748973376591,5.777535552978516,-2.484832763671875,-0.05179229736328125
1748973376656,6.361471252441406,-2.580483856201172,-0.7023394775390626
1748973376723,8.47792007446289,-3.42727294921875,-1.799857177734375
1748973376790,8.451425170898437,-2.94826904296875,-2.618953857421875
1748973376855,10.156080322265625,-4.229754180908204,-2.646346893310547
1748973376938,12.240196380615235,-7.351213073730469,-4.418361968994141
1748973376989,9.754764862060547,-2.155517578125,-3.6705171203613283
1748973377056,7.418872375488282,-3.9207966613769534,-1.1981085205078126
1748973377123,7.9818516540527344,-3.054398345947266,-1.8229092407226564
1748973377195,7.682025146484375,-3.4554144287109376,-1.608105926513672
1748973377256,8.438252563476563,-3.646417236328125,-1.3681549072265626
1748973377323,8.25847640991211,-3.0130842590332034,-1.260828094482422
1748973377390,8.037984924316406,-3.0180239868164063,-2.2074595642089845
1748973377455,8.319250030517578,-4.219275970458985,-2.3580464172363285
1748973377523,11.751462707519531,-6.078260192871094,-2.4334895324707033
1748973377590,10.294093322753907,-5.154231719970704,-4.264631652832032
1748973377655,7.06336166381836,-2.1409977722167968,-2.984044647216797
1748973377723,9.328900451660157,-3.657045135498047,-2.5774900817871096
1748973377790,7.998616790771485,-3.488046569824219,-0.4782554626464844
1748973377856,7.989186401367188,-4.101770324707031,-1.6521144104003906
1748973377923,7.338639221191406,-4.01450180053711,-1.7694703674316408
1748973377990,6.95513671875,-4.205953674316406,-2.930156707763672
1748973378056,7.221882019042969,-5.208119659423828,-3.9178028869628907
1748973378122,8.200846252441407,-4.930746459960938,-3.319347381591797
1748973378190,11.151809692382812,-6.824608154296875,-3.037782897949219
1748973378256,10.185269622802736,-2.733914794921875,-1.5431410217285157
1748973378323,9.497150573730469,-4.4791355895996094,-0.34398468017578127
1748973378390,9.658065948486328,-3.149300994873047,-1.2672647094726563
1748973378456,7.704328765869141,-2.752925262451172,-1.5585589599609375
1748973378523,7.862699432373048,-2.7238856506347657,-0.9695338439941407
1748973378590,8.551267547607422,-3.4645454406738283,-1.0922785949707032
1748973378655,8.455616455078125,-3.5160383605957035,-1.7711169433593752
1748973378723,10.131531372070313,-4.982838134765625,-2.350561981201172
1748973378790,12.003987579345704,-7.16155746459961,-2.6288333129882813
1748973378856,8.415200500488282,-3.1879206848144532,-2.082469482421875
1748973378923,7.349267120361328,-3.090772705078125,-2.8467800903320315
1748973378990,9.250463562011719,-4.831053771972656,-2.6963429260253906
1748973379056,6.76114013671875,-3.083288269042969,-0.9848020935058595
1748973379122,6.884483642578125,-3.359763336181641,-1.5166461181640625
1748973379190,6.932683410644532,-3.5022669982910157,-1.8329383850097658
1748973379256,7.507188720703126,-3.5076557922363283,-2.3813978576660157
1748973379323,8.83283203125,-4.284989318847656,-2.9753627014160156
1748973379390,11.18563934326172,-4.884642333984376,-4.08874740600586
1748973379456,12.920381927490235,-5.886059875488281,-2.877316589355469
1748973379523,8.758885803222658,-1.568588104248047,-1.6813037109375002
1748973379590,8.946146392822266,-4.580025787353516,-1.1666738891601562
1748973379655,8.72355926513672,-1.4651531982421875,-1.6307089233398437
1748973379722,8.511600036621093,-2.631976776123047,-1.3457015991210939
1748973379790,8.898545379638673,-2.8969258117675785,-1.120719451904297
1748973379856,8.64407455444336,-3.406915283203125,-1.853595428466797
1748973379923,7.985144805908203,-3.002007293701172,-2.0017872619628907
1748973379989,9.297016754150391,-4.127367095947266,-2.3513104248046877
1748973380056,11.486363983154298,-6.399791564941407,-2.434537353515625
1748973380123,9.284143524169922,-1.8529966735839845,-3.5642381286621094
1748973380189,7.294181671142579,-0.5554948425292969,-2.384092254638672
1748973380256,10.573113098144532,-4.384382629394532,-3.476071472167969
1748973380323,7.45135482788086,-2.358645172119141,-1.5130535888671877
1748973380390,8.211174774169923,-3.669020233154297,-3.9101687622070314
1748973380456,7.2000274658203125,-2.488125915527344,-3.4645454406738283
1748973380523,7.231611785888672,-2.8264224243164064,-3.1822325134277345
1748973380590,8.036488037109375,-3.745810546875,-3.798351287841797
1748973380655,10.800340576171875,-2.874771881103516,-5.350024566650391
1748973380723,9.777816925048828,-3.5775604248046875,-2.189945983886719
1748973380790,12.121044158935547,-2.6604176330566407,-3.0924192810058595
1748973380856,8.957672424316407,-2.3035597229003906,-0.49756530761718754
1748973380923,10.156978454589844,-3.968397674560547,-0.4399351501464844
1748973380990,8.982221374511719,-1.354084167480469,-1.0594967651367189
1748973381055,8.94539794921875,-2.540966033935547,-1.3379177856445312
1748973381123,8.928782501220704,-2.6734405517578126,-1.7019607543945314
1748973381193,7.790399780273438,-2.441423034667969,-1.9836749267578127
1748973381256,7.412136383056641,-2.5345294189453127,-2.404749298095703
1748973381323,9.25719955444336,-3.6122882080078127,-2.731220397949219
1748973381390,11.305839385986328,-3.975882110595703,-3.525319061279297
1748973381455,13.63200210571289,-5.051694946289063,-3.229683837890625
1748973381523,7.190746765136719,0.39712417602539063,-1.7067507934570314
1748973381590,8.878487091064454,-4.004622344970703,-2.6496400451660156
1748973381655,9.15271682739258,-2.398761749267578,-2.1930894470214843
1748973381723,8.57372085571289,-3.0421238708496094,-0.5542973327636719
1748973381790,8.027955780029297,-2.6685008239746093,-1.8983523559570314
1748973381856,7.895481262207031,-2.3369403076171875,-2.2848486328125
1748973381939,8.179889831542969,-2.7557693481445313,-3.118165740966797
1748973381989,8.46250213623047,-2.761158142089844,-3.5471736145019532
1748973382056,9.415121154785156,-3.194357299804688,-3.2221994018554687
1748973382123,9.926457824707033,-3.428171081542969,-3.1150222778320313
1748973382190,12.16669921875,-4.767885131835937,-2.8358528137207033
1748973382256,9.099128265380859,-0.8731343078613282,-2.0245399475097656
1748973382323,9.09673324584961,-4.885390777587891,-0.42272094726562504
1748973382395,8.536897430419922,-2.5653652954101562,-0.8485853576660156
1748973382456,8.811276855468751,-3.037034454345703,-1.363963623046875
1748973382523,8.484356689453126,-2.7810667419433597,-1.6337026977539064
1748973382590,8.16507064819336,-2.767594757080078,-1.380728759765625
1748973382655,7.858358459472656,-3.0633796691894535,-1.235830078125
1748973382723,9.516759796142578,-3.600612487792969,-1.8880238342285158
1748973382790,10.93655731201172,-3.9842646789550784,-3.071462860107422
1748973382856,13.413755950927735,-6.577322387695313,-2.202070770263672
1748973382923,7.73830810546875,-0.36793487548828124,-1.300345916748047
1748973382990,7.563022613525391,-2.7101142883300784,-1.293160858154297
1748973383056,9.572294311523438,-2.002535705566406,-1.9496955871582031
1748973383123,8.55306381225586,-2.3369403076171875,-1.0244696044921875
1748973383190,8.791967010498047,-2.8734246826171876,-1.858385467529297
1748973383256,8.21776107788086,-3.0829888916015626,-2.621648254394531
1748973383323,7.126081237792969,-2.69439697265625,-3.1323861694335937
1748973383390,7.789801025390625,-3.334765319824219,-2.9858409118652345
1748973383456,10.029892730712891,-4.087250518798828,-2.878663787841797
1748973383523,13.39339828491211,-6.042334899902344,-2.6780809020996097
1748973383590,8.661438446044922,-0.5851332092285156,-1.3862672424316407
1748973383655,8.985813903808594,-4.2944197082519535,-0.2900967407226563
1748973383723,8.557404785156251,-0.8087681579589844,-0.8949888610839845
1748973383790,9.277407531738282,-1.0106982421875002,-0.04266128540039063
1748973383856,9.728419647216798,-0.11346405029296876,-0.5019062805175781
1748973383923,9.522148590087891,-0.5947132873535157,-0.9904902648925782
1748973383990,9.937983856201173,-1.435814208984375,-2.186353454589844
1748973384056,10.992241516113282,-3.091820526123047,-2.574346618652344
1748973384123,9.744136962890625,-3.037034454345703,-2.2510189819335937
1748973384190,13.227243804931641,-6.312672729492188,-3.9517822265625
1748973384256,8.60530517578125,-1.1790980529785158,-0.7132667541503906
1748973384323,11.147019653320314,-6.039191436767578,-2.688259735107422
1748973384390,6.209237823486329,-2.865042114257813,-0.6080355834960938
1748973384456,4.995561676025391,-2.8327093505859375,-2.1070184326171875
1748973384523,6.422095184326172,-4.812791748046875,-2.574346618652344
1748973384591,7.184759216308594,-3.8025425720214847,-2.3617886352539066
1748973384656,9.046737213134765,-3.4611026000976564,-3.02490966796875
1748973384723,10.472372589111329,-3.1765443420410158,-3.582649841308594
1748973384790,13.963712310791017,-4.3171723937988284,-2.818488922119141
1748973384856,11.364367675781251,0.10837463378906251,-2.668201446533203
1748973384923,10.555898895263672,-3.716770935058594,-1.4699432373046877
1748973384990,7.225025482177735,-0.4881349182128906,-0.8276289367675782
1748973385056,6.9148704528808596,-1.4636563110351564,-1.2889695739746094
1748973385123,8.647068328857422,-1.8591339111328127,-2.212698669433594
1748973385190,9.266180877685548,-1.6438815307617187,-1.7492623901367188
1748973385258,10.829978942871094,-3.0364356994628907,-2.31837890625
1748973385323,10.868149566650391,-4.589456176757813,-1.5446379089355469
1748973385397,10.968291320800782,-4.096531219482422,-2.0902532958984374
1748973385456,9.36976547241211,-2.146835632324219,-1.913470916748047
1748973385523,9.16708694458008,-3.0416748046875,-2.977608032226563
1748973385595,5.4107981872558595,-3.201093292236328,0.5414241027832032
1748973385656,6.501879272460938,-3.386258239746094,-0.6716532897949219
1748973385723,8.702902221679688,-2.963836669921875,-2.495161285400391
1748973385796,9.183103637695313,-3.1889685058593753,-2.0266355895996093
1748973385856,10.716365203857423,-2.9126431274414064,-2.8202851867675784
1748973385923,11.256591796875,-3.8465510559082032,-3.412603454589844
1748973385996,10.860515441894531,-2.614313507080078,-3.4516722106933595
1748973386056,7.6984909057617195,-2.5339306640625003,0.46298721313476565
1748973386122,10.11701156616211,-3.535946960449219,-2.3114932250976565
1748973386191,8.175848236083985,-1.3311817932128907,-1.004860382080078
1748973386255,7.943681030273438,-1.8899697875976564,-1.5129039001464843
1748973386323,9.088799743652345,-2.934797058105469,-0.8921447753906251
1748973386390,8.941206665039063,-2.887046356201172,-1.0810519409179689
1748973386456,10.580148468017578,-5.015769653320313,-2.208357696533203
1748973386523,9.42964096069336,-3.873495025634766,-0.8875044250488282
1748973386591,11.38203094482422,-3.8863682556152344,-2.7605593872070315
1748973386656,10.048603820800782,-2.5725503540039063,-1.8318905639648437
1748973386723,9.933343505859375,-1.4629078674316407,-2.958597564697266
1748973386799,7.276219024658204,-2.674787750244141,-0.6348298645019531
1748973386856,7.102430419921875,-2.355052642822266,-2.010618896484375
1748973386922,6.974147186279297,-2.5860223388671875,-1.8989511108398438
1748973386989,8.375532989501954,-3.027154998779297,-1.7193246459960938
1748973387056,10.927426300048829,-3.659440155029297,-2.848426666259766
1748973387123,11.232042846679688,-3.1783406066894533,-2.0245399475097656
1748973387190,11.008108520507813,-1.618733825683594,-2.1448896789550784
1748973387256,11.441307678222657,-3.5296600341796878,-0.8099656677246094
1748973387323,9.312135314941406,-1.0937754821777343,-1.2687615966796875
1748973387390,7.61376708984375,-1.5572117614746095,-1.0960208129882814
1748973387456,7.412136383056641,-1.8519488525390626,-1.0318043518066407
1748973387523,7.9715231323242195,-2.491718444824219,-1.076411590576172
1748973387590,8.780890045166016,-2.5908123779296877,-1.5028747558593751
1748973387656,10.862611083984376,-4.090693359375,-2.339335327148438
1748973387723,12.820389862060548,-5.468727722167969,-2.028431854248047
1748973387790,9.84442840576172,0.7331753540039063,-2.9298573303222657
1748973387856,10.384654998779297,-3.7365298461914063,-3.0060488891601564
1748973387923,7.601941680908204,-1.9715501403808595,-1.5852035522460939
1748973387990,5.876030731201173,-3.2540830993652343,-0.7402107238769532
1748973388056,6.723418579101563,-3.2216006469726564,-2.03337158203125
1748973388123,7.685917053222656,-3.2323782348632815,-2.0670515441894532
1748973388191,9.351802825927734,-2.9394374084472656,-2.6807752990722657
1748973388256,12.434192962646485,-4.181853790283204,-3.6250117492675784
1748973388323,13.060939636230469,-3.2060330200195315,-2.3496638488769532
1748973388391,9.397158508300782,-1.7043557739257813,-0.6821315002441407
1748973388456,9.576635284423828,-3.6883300781250004,-0.7903564453125
1748973388523,7.884853363037109,-1.6483721923828125,-0.9533674621582032
1748973388590,8.49842742919922,-2.1372555541992186,-1.6042140197753907
1748973388655,9.39940383911133,-2.3135888671875002,-1.535357208251953
1748973388723,8.850345611572266,-2.404449920654297,-0.4550537109375
1748973388790,9.017098846435548,-3.3212933349609375,-1.174607391357422
1748973388856,9.7381494140625,-4.619842987060547,-1.9963984680175781
1748973388923,10.097252655029298,-5.099595336914063,-2.05253173828125
1748973388990,9.794881439208984,-3.2407608032226562,-3.7170703125
1748973389056,7.4977583312988285,-2.5932073974609375,-1.798509979248047
1748973389123,10.434201965332031,-3.9704933166503906,-3.928730163574219
1748973389190,7.808661804199219,-2.519261169433594,-0.7336244201660157
1748973389256,8.327333221435547,-2.7357110595703125,-1.294358367919922
1748973389323,7.8077636718750005,-2.9593460083007814,-2.019300842285156
1748973389390,8.161627807617188,-3.3510813903808594,-2.176773376464844
1748973389456,9.24522445678711,-3.390898590087891,-2.628683624267578
1748973389523,11.104957122802736,-3.8600230407714844,-3.492836608886719
1748973389590,9.248218231201172,-1.9871177673339844,-2.744393005371094
1748973389655,10.214009857177734,-1.9214044189453126,-2.7925927734375002
1748973389723,10.788814544677734,-3.647465057373047,-1.252445526123047
1748973389791,9.28833480834961,-1.766326904296875,-1.3100756835937502
1748973389856,8.50800750732422,-2.1674926757812503,-1.660796356201172
1748973389923,8.873247985839845,-2.962339782714844,-1.7330960083007814
1748973389995,8.765621795654297,-3.3247361755371094,-1.7881814575195314
1748973390056,7.981103210449219,-2.955304412841797,-1.2216096496582032
1748973390123,8.146209869384766,-4.184398498535156,-2.289039916992188
1748973390190,9.273066558837892,-4.802912292480469,-2.8304640197753907
1748973390256,13.004057922363282,-6.389762420654297,-3.9281314086914065
1748973390323,8.632847900390626,-0.2477348327636719,-2.592608642578125
1748973390390,10.155631256103517,-3.652554473876953,-3.4491275024414065
1748973390456,7.521858215332031,-2.7235862731933596,-0.31404693603515627
1748973390523,6.65575927734375,-2.9114456176757812,0.04924758911132813
1748973390590,7.868836669921875,-3.4922378540039065,-1.1451187133789062
1748973390656,8.031248931884766,-2.724035339355469,-1.0410850524902344
1748973390723,9.589209136962891,-3.4410443115234375,-1.7537530517578126
1748973390798,11.861334228515625,-3.6347415161132814,-3.4935850524902348
1748973390856,11.378288726806641,-2.7128086853027344,-2.717149658203125
1748973390923,11.592642974853517,-1.0457254028320313,-3.476969604492188
1748973390997,11.119476928710938,-2.4285498046875,-1.6732205200195314
1748973391056,10.545869750976562,-1.7260606384277344,-2.3971151733398437
1748973391123,8.40457260131836,-2.3382875061035158,-1.1954141235351563
1748973391197,8.527317352294922,-3.1060409545898438,-1.0027647399902344
1748973391256,8.322842559814454,-3.2422576904296876,-0.7930508422851563
1748973391323,8.50845657348633,-3.381468200683594,-0.5152285766601563
1748973391398,9.299262084960938,-4.000730438232422,-0.7711962890625
1748973391456,9.708810424804687,-4.757257232666016,-1.4724879455566406
1748973391523,11.45492935180664,-5.217699737548829,-3.097957763671875
1748973391596,8.01762725830078,-0.8089178466796876,-2.301314392089844
1748973391656,9.751322021484375,-3.533402252197266,-4.842879180908203
1748973391723,8.276289367675782,-2.314786376953125,-2.7583140563964843
1748973391797,8.525371398925781,-2.711760864257813,-2.1977297973632814
1748973391856,8.335715789794921,-2.7258316040039063,-2.4195684814453124
1748973391926,7.975564727783204,-2.2203327941894533,-2.855012969970703
1748973391989,8.540340270996094,-3.2825239562988284,-2.655926971435547
1748973392057,9.640552368164062,-2.7678941345214847,-3.6432737731933598
1748973392123,10.2075732421875,-3.159928894042969,-2.5572821044921876
1748973392200,10.628048858642579,-1.7458195495605469,-1.3301339721679688
1748973392256,10.642568664550781,-2.164947967529297,0.08996292114257813
1748973392323,10.482701110839844,-1.3817765808105469,-2.485730895996094
1748973392397,8.15638870239258,-1.538800048828125,-1.4206956481933595
1748973392456,7.4113879394531255,-1.5560142517089846,-0.6033952331542969
1748973392523,8.224646759033204,-2.438429260253906,-1.7031582641601564
1748973392599,7.367080078125,-1.4127621459960937,-0.03397933959960937
1748973392655,8.776549072265626,-2.0276834106445314,-1.1594888305664064
1748973392723,10.68268524169922,-2.908152465820313,-2.4146287536621096
1748973392798,11.413016510009767,-1.9235000610351562,-3.283422088623047
1748973392856,14.646741943359375,-6.032904510498047,-2.6460475158691406
1748973392923,8.460855560302734,-0.21480331420898438,-1.97110107421875
1748973392998,9.856253814697267,-4.018992462158203,-2.6334736633300784
1748973393056,7.2829550170898445,-3.05364990234375,-0.1634600830078125
1748973393123,6.750212860107422,-4.589605865478516,-0.6265969848632813
1748973393198,6.257287902832031,-3.0767019653320316,-3.2555799865722657
1748973393256,7.0909043884277345,-3.1805859375,-2.458487548828125
1748973393323,9.839788055419922,-4.387975158691407,-3.233426055908203
1748973393391,10.631641387939453,-4.554429016113281,-2.646346893310547
1748973393456,10.493179321289062,-4.148922271728516,-2.718496856689453
1748973393523,11.141481170654297,-3.805386657714844,-2.887944488525391
1748973393599,8.540489959716798,-3.0829888916015626,-0.17154327392578125
1748973393656,8.36535415649414,-3.326831817626953,-1.7458195495605469
1748973393723,8.210426330566406,-2.492167510986328,-2.1641995239257814
1748973393798,7.937693481445313,-2.023192749023438,-1.7693206787109377
1748973393856,8.68478988647461,-2.2311103820800784,-2.1954844665527347
1748973393923,8.987310791015625,-2.4566912841796875,-1.8040484619140627
1748973393996,9.391769714355469,-2.7343638610839847,-1.644031219482422
1748973394056,9.722432098388673,-4.094435577392578,-2.7530749511718753
1748973394123,14.055920562744141,-7.901468811035157,-3.8215530395507815
1748973394195,7.410489807128907,-2.3140379333496095,-1.8053956604003907
1748973394256,9.617051239013673,-6.70410873413086,-5.459896087646484
1748973394323,4.504732360839844,-3.5989659118652346,-1.9957997131347658
1748973394396,5.3862492370605475,-4.098477172851562,-1.2269984436035157
1748973394456,7.690258026123047,-3.6411781311035156,-2.9126431274414064
1748973394523,8.364156646728516,-3.284769287109375,-2.934647369384766
1748973394597,11.596085815429689,-4.338877258300782,-5.142406311035156
1748973394656,12.134665832519532,-5.348976745605469,-4.073030090332032
1748973394723,12.815899200439453,-5.015320587158203,-4.185446319580079
1748973394796,10.033485260009765,-6.08619369506836,-2.49800537109375
1748973394855,9.883946228027344,-7.94712387084961,-0.9056167602539062
1748973394923,7.648195495605469,-6.2649220275878905,0.08427474975585938
1748973394998,3.9610629272460938,-4.199816436767579,0.5710624694824219
1748973395056,3.2407608032226562,-2.142494659423828,-1.3389656066894533
1748973395123,4.216282196044922,-2.8970755004882816,-2.5081842041015627
1748973395198,11.714639282226564,-8.142467651367188,-4.749174041748047
1748973395256,9.001680908203125,-4.247716827392578,-2.8795619201660156
1748973395323,7.618257751464844,-6.137686614990234,-2.9021649169921875
1748973395396,8.553363189697267,-6.5238835144042975,-4.8014154052734375
1748973395456,8.901239776611328,-4.851261749267579,-3.4099090576171878
1748973395523,8.359216918945313,-2.544558563232422,-3.9221438598632816
1748973395598,8.561745758056642,-4.125271453857422,-3.410657501220703
1748973395656,7.922425231933594,-4.0459364318847655,-2.046693878173828
1748973395723,6.857689361572266,-4.189188537597657,-2.5956024169921874
1748973395795,6.966363372802735,-3.9374121093750003,-3.339705047607422
1748973395856,7.002588043212891,-4.373155975341797,-3.3319212341308595
1748973395923,7.827672271728516,-4.259991302490235,-3.5558555603027346
1748973395998,9.347461853027344,-5.105582885742188,-3.743265838623047
1748973396056,11.836934967041016,-6.879244537353516,-3.787274322509766
1748973396123,9.267677764892579,-3.3738340759277348,-3.10155029296875
1748973396197,8.033494262695314,-4.7133984375,-1.7112414550781252
1748973396256,7.940387878417969,-3.539988555908203,-1.4834152221679688
1748973396323,7.7652520751953125,-3.337010650634766,-1.295555877685547
1748973396399,8.548722839355468,-3.1364277648925785,-1.909878387451172
1748973396456,8.771908721923829,-2.878364410400391,-1.5929873657226563
1748973396523,8.69481903076172,-2.9617410278320313,-2.2712269592285157
1748973396599,8.545130310058594,-3.7676651000976564,-2.551444244384766
1748973396655,9.04688690185547,-4.386777648925781,-2.3740631103515626
1748973396723,10.351873168945312,-5.915847930908203,-2.634521484375
1748973396798,10.180030517578125,-4.777614898681641,-3.446133728027344
1748973396856,7.438331909179688,-2.2903871154785156,-2.4459136962890624
1748973396924,8.284671936035156,-3.967050476074219,-2.9080027770996093
1748973396989,8.887019348144532,-3.3656011962890626,-2.0339703369140625
1748973397056,7.727530517578125,-3.873495025634766,-1.0219248962402345
1748973397123,7.735014953613281,-3.830384674072266,-1.7667759704589845
1748973397199,7.416177978515625,-3.922892303466797,-2.283351745605469
1748973397256,7.604336700439453,-3.5579512023925783,-2.178419952392578
1748973397323,7.974067840576172,-3.8148170471191407,-3.0424232482910156
1748973397397,9.268126831054689,-3.9448965454101566,-3.4248779296875003
1748973397456,11.123668212890626,-4.855602722167969,-3.246598663330078
1748973397523,10.647508392333984,-2.9439280700683597,-3.0506561279296878
1748973397596,9.582473144531251,-2.113005981445313,-2.625689849853516
1748973397656,8.769214324951172,-3.7523968505859377,-0.8942404174804688
1748973397723,8.93581787109375,-3.679648132324219,-1.0494676208496094
1748973397790,9.349407806396485,-3.087479553222656,-1.3852194213867188
1748973397857,9.344468078613282,-2.7261309814453125,-1.1518547058105468
1748973397923,9.304501190185547,-3.9152581787109377,-0.5918692016601563
1748973397997,8.259524230957032,-3.993246002197266,-1.188977508544922
1748973398056,7.888894958496095,-3.930077362060547,-2.15312255859375
1748973398123,7.756270751953125,-3.7086877441406254,-3.284469909667969
1748973398190,10.973081359863281,-6.985074462890625,-3.8155654907226566
1748973398257,7.222480773925781,-0.18082397460937502,-3.440295867919922
1748973398323,10.600655822753907,-5.122497711181641,-5.0710047912597656
1748973398397,7.978558502197266,-2.518512725830078,-2.3634352111816406
1748973398456,7.7089691162109375,-3.347189483642578,-2.575244750976563
1748973398523,8.105344848632813,-3.877087554931641,-2.2974224853515626
1748973398598,7.392527160644532,-2.5821304321289062,-2.4216641235351566
1748973398656,8.82609603881836,-3.3656011962890626,-3.962410125732422
1748973398723,11.461216278076172,-3.5085539245605473,-4.26358383178711
1748973398797,11.506272583007814,-2.850971374511719,-3.387755126953125
1748973398856,10.15533187866211,-2.1929397583007812,-3.0696665954589846
1748973398923,8.166118469238281,-3.1702574157714847,-0.42152343750000004
1748973398995,8.555159454345704,-3.883224792480469,-1.5263758850097657
1748973399056,8.912167053222657,-2.6063800048828125,-2.227218475341797
1748973399123,8.721763000488282,-2.5750950622558597,-1.7115408325195314
1748973399197,8.850195922851563,-3.4623001098632815,-1.173409881591797
1748973399256,7.910150756835938,-3.3687446594238284,-1.1831396484375
1748973399323,10.029144287109375,-4.381388854980469,-1.289418640136719
1748973399397,12.772339782714845,-2.1219873046875,-5.570965118408203
1748973399456,8.017178192138672,1.9188597106933594,-1.893113250732422
1748973399523,7.5892181396484375,-0.8249345397949219,-2.5993446350097655
1748973399599,9.117989044189454,2.2912852478027346,1.390308837890625
1748973399656,8.877738647460937,1.3653108215332033,0.38215530395507813
1748973399723,9.184750213623047,1.8633251953125,1.0747650146484375
1748973399795,8.609646148681641,2.279759216308594,0.8785231018066406
1748973399856,9.101223907470704,1.5765216064453125,-1.1916719055175782
1748973399923,9.661209411621094,2.2372476196289064,-0.6686595153808594
1748973399995,12.384346618652344,1.435814208984375,-1.1165281677246095
1748973400056,10.649753723144531,2.3510110473632815,-2.341880035400391
1748973400123,9.26348648071289,0.18905685424804688,0.9803114318847657
1748973400197,9.777218170166016,-0.5412744140625,-0.5183720397949219
1748973400256,8.693621520996095,0.4638853454589844,-1.2376263427734375
1748973400323,8.918154602050782,-0.43649230957031254,-1.6131953430175783
1748973400397,9.336534576416016,-0.34203872680664066,-2.372416534423828
1748973400456,8.673114166259767,-0.08472381591796875,-1.9269429016113282
1748973400523,9.819729766845704,-0.8247848510742188,-2.1980291748046876
1748973400595,10.757828979492189,-0.73048095703125,-1.0605445861816407
1748973400656,14.366374969482422,-2.1248313903808596,-3.1430140686035157
1748973400723,7.277416534423828,2.115850067138672,-1.1969110107421876
1748973400798,10.616971893310547,-1.9089802551269532,-2.476300506591797
1748973400856,9.358538818359376,-1.2502001953125002,-1.0648855590820312
1748973400923,7.9116476440429695,-0.8111631774902344,-0.12064910888671876
1748973400997,8.316705322265625,-0.7917036437988282,-1.56873779296875
1748973401056,8.29200668334961,-0.18546432495117188,-0.7711962890625
1748973401123,10.468330993652344,-0.25731491088867187,-2.151775360107422
1748973401196,11.960278472900391,-1.1573931884765625,-2.2335054016113283
1748973401256,11.356134796142578,-1.2114308166503907,-1.054706726074219
1748973401323,12.171489257812501,-1.8290464782714844,-0.9870474243164064
1748973401395,8.032596130371093,-0.018262023925781252,-0.7646099853515625
1748973401456,9.081764373779297,-3.7339851379394533,0.33769775390625
1748973401523,7.852670288085938,-1.1811936950683595,0.2411485290527344
1748973401599,7.775131530761719,-1.6078065490722657,-0.7797285461425781
1748973401656,8.368048553466798,-1.4280303955078126,-1.1457174682617188
1748973401723,9.072932739257812,-0.7753875732421875,-0.5381309509277344
1748973401797,10.097252655029298,-1.0475216674804688,-1.2109817504882814
1748973401856,11.076067199707031,-1.0681787109375,-1.8300942993164064
1748973401923,11.851754150390626,-1.4916481018066408,-1.354084167480469
1748973401989,13.745017089843751,-2.7608587646484377,-2.534978485107422
1748973402056,8.675808563232422,0.7939489746093751,-1.7856367492675782
1748973402123,11.308384094238281,-3.8790335083007816,-2.338586883544922
1748973402198,8.366401977539063,-1.991309051513672,-0.8140072631835938
1748973402256,7.235503692626954,-2.708318023681641,-1.4944921875000001
1748973402323,7.678582305908203,-2.9632379150390626,-1.9155665588378907
1748973402397,6.980284423828126,-2.707719268798828,-1.8992504882812502
1748973402456,8.32838104248047,-3.4082624816894533,-2.5583299255371097
1748973402523,8.812624053955078,-3.732188873291016,-1.9085311889648438
1748973402597,11.592044219970704,-4.292174377441406,-2.7773245239257816
1748973402656,12.565170593261719,-4.643344116210938,-2.0901036071777344
1748973402723,8.586294708251954,-0.5143304443359376,-0.154478759765625
1748973402798,8.213569793701172,-3.493884429931641,-0.6985972595214844
1748973402856,8.68239486694336,-2.563718719482422,-0.9990225219726563
1748973402923,8.65649871826172,-2.0239411926269533,-1.001267852783203
1748973402995,9.417516174316408,-1.731449432373047,-0.8735833740234376
1748973403056,10.126891021728516,-1.5846047973632813,-1.0240205383300782
1748973403123,9.56046890258789,-2.3575973510742188,-1.469194793701172
1748973403195,9.255403289794922,-2.625091094970703,-1.1558963012695314
1748973403256,10.063722381591797,-3.266956329345703,-1.6504678344726564
1748973403323,12.509037322998047,-5.196743316650391,-1.1367361450195312
1748973403399,8.677754516601563,-1.5660433959960938,-1.7898280334472658
1748973403456,6.401737518310547,-1.8447637939453125,-1.743424530029297
1748973403523,9.986782379150391,-5.685027923583984,-4.781357116699219
1748973403596,7.274722137451172,-2.7255322265625,1.1430230712890626
1748973403656,8.497080230712891,-4.058061218261719,-3.604205017089844
1748973403723,7.2510713195800784,-3.477418670654297,-1.780547332763672
1748973403798,7.681875457763672,-3.106190643310547,-2.9687763977050783
1748973403856,8.726852416992188,-3.7245547485351564,-1.9257453918457033
1748973403923,9.299711151123047,-3.3212933349609375,-2.4963587951660156
1748973403997,10.32058822631836,-4.361031188964844,-3.834126892089844
1748973404056,10.99598373413086,-4.881648559570313,-3.040177917480469
1748973404123,9.326505432128906,-1.9637663269042969,-1.6109500122070313
1748973404196,7.382348327636719,-3.2936009216308597,-1.2389735412597658
1748973404256,9.222022705078125,-4.104315032958985,-2.1633013916015624
1748973404323,8.815468139648438,-2.1576132202148437,-2.226320343017578
1748973404398,9.447753295898439,-2.9389883422851564,-0.7188052368164063
1748973404456,9.735155639648438,-3.4961297607421877,-0.9201365661621094
1748973404523,8.634494476318359,-3.835623779296875,-1.101409606933594
1748973404595,8.403075714111328,-4.038302307128906,-2.161355438232422
1748973404655,8.931177520751953,-4.8491661071777346,-2.0941452026367187
1748973404723,10.22912841796875,-5.660478973388672,-3.0611343383789062
1748973404795,8.872649230957032,-2.887944488525391,-3.554059295654297
1748973404856,6.844067687988281,-1.026415557861328,-1.8836828613281251
1748973404923,10.78911392211914,-5.192701721191407,-3.4646951293945314
1748973404995,8.113128662109375,-2.5271946716308595,-1.4654525756835939
1748973405056,7.875123596191407,-2.790048065185547,-0.966390380859375
1748973405123,7.801476745605469,-3.6381843566894534,-1.8996995544433595
1748973405198,8.546627197265625,-3.8378691101074223,-2.610421600341797
1748973405256,8.593030700683594,-3.503314819335938,-2.7370582580566407
1748973405323,8.989705810546875,-3.698957977294922,-3.579955444335938
1748973405396,9.910291442871094,-4.491260375976562,-3.436703338623047
1748973405456,10.228978729248047,-5.272635498046875,-3.2650103759765625
1748973405523,7.656877441406251,-1.3798306274414063,-1.7125886535644532
1748973405596,8.067473602294923,-4.324058074951172,-0.8806187438964844
1748973405656,9.294172668457032,-4.183949432373047,-1.9535874938964846
1748973405723,8.68089797973633,-3.596720581054688,-1.3012440490722657
1748973405796,9.006770324707032,-3.3489857482910157,-1.3539344787597658
1748973405856,8.637787628173829,-3.6176770019531252,-1.2924124145507814
1748973405923,8.144563293457031,-3.579207000732422,-2.0062779235839843
1748973405998,8.177195434570313,-4.2995091247558594,-2.4334895324707033
1748973406056,8.603508911132813,-4.584217071533203,-3.1844778442382813
1748973406123,10.199789428710938,-4.888384552001954,-2.269281005859375
1748973406195,11.23593475341797,-4.117188262939453,-2.864593048095703
1748973406256,8.189619598388672,-1.7031582641601564,-1.8287471008300782
1748973406323,9.624835052490235,-4.135001220703125,-2.3963667297363282
1748973406394,8.963809661865234,-3.723057861328125,-0.5583389282226563
1748973406456,7.740403747558594,-3.137026519775391,-0.3107537841796875
1748973406523,7.845036163330079,-3.249891815185547,-1.4178515625
1748973406596,7.476352844238281,-3.737278289794922,-2.7463389587402345
1748973406656,7.663014678955078,-3.616629180908203,-2.582729187011719
1748973406723,8.344397735595704,-3.812721405029297,-2.8972251892089846
1748973406796,11.058104553222657,-5.064568176269532,-2.662213897705078
1748973406856,11.489058380126954,-3.939358062744141,-1.5530204772949219
1748973406924,8.77340560913086,-1.9544856262207033,-0.5378315734863282
1748973406989,8.165519714355469,-2.429747314453125,-0.5074447631835938
1748973407056,9.407337341308594,-3.4504747009277343,-0.7514373779296876
1748973407123,9.499844970703126,-2.8192373657226564,-0.23980133056640626
1748973407196,9.164691925048828,-2.731669464111328,0.1347198486328125
1748973407256,9.13265853881836,-3.1211595153808593,-0.7842192077636719
1748973407323,9.46646438598633,-3.301085357666016,-0.9541159057617188
1748973407397,8.640931091308595,-3.035238189697266,-0.03158432006835938
1748973407456,9.448651428222657,-2.950963439941406,-1.091081085205078
1748973407523,9.844727783203126,-3.009042663574219,-3.751648406982422
1748973407598,9.94217514038086,-5.029391326904297,-3.489693145751953
1748973407656,9.604178009033204,-5.42232421875,-3.8240977478027345
1748973407723,6.676266632080078,-3.613934783935547,-2.2647903442382815
1748973407797,6.873855743408203,-5.040019226074219,-2.4625291442871093
1748973407856,9.3166259765625,-5.688021697998047,-1.2174183654785158
1748973407923,8.815318450927736,-5.686524810791016,-0.8934919738769531
1748973407995,6.374045104980469,-4.8069538879394536,-1.8127304077148438
1748973408056,6.964866485595704,-4.793332214355469,-2.8099566650390626
1748973408123,7.6474470520019535,-4.9775990295410155,-3.185226287841797
1748973408196,7.861501922607422,-4.808001708984375,-3.7679644775390626
1748973408256,7.284751281738282,-4.290527801513672,-3.4786161804199223
1748973408323,8.792865142822267,-5.193599853515625,-4.356690216064453
1748973408396,9.846224670410157,-6.017336883544922,-2.9416827392578124
1748973408456,9.710007934570314,-4.209246826171875,-3.059487762451172
1748973408523,8.02615951538086,-3.1184651184082033,-2.0342697143554687
1748973408596,7.815547485351563,-3.5087036132812504,-2.5897645568847656
1748973408656,9.398655395507813,-4.233646087646485,-2.2101539611816405
1748973408723,9.069040832519532,-3.0232630920410157,-1.8552420043945312
1748973408797,9.092541961669923,-3.4917887878417972,-1.153052215576172
1748973408856,8.79017074584961,-2.897823944091797,-1.0704240417480468
1748973408923,8.889863433837892,-2.8889923095703125,-1.0409353637695313
1748973408996,9.038953399658203,-2.872526550292969,-1.2115805053710937
1748973409056,10.922785949707032,-3.606749725341797,-1.982926483154297
1748973409123,12.341685333251954,-0.8714877319335937,-4.418361968994141
1748973409199,10.803334350585938,0.8207432556152344,-3.381318511962891
1748973409256,9.76404556274414,0.45804748535156253,-0.599802703857422
1748973409323,9.894873504638673,1.7420773315429687,2.223476257324219
1748973409397,6.446045379638672,0.9416917419433595,0.11481124877929688
1748973409456,5.880371704101563,-0.25956024169921876,-2.123184814453125
1748973409522,11.126362609863282,0.6547384643554688,-3.5979180908203126
1748973409594,8.399183807373047,3.061583404541016,0.8161029052734375
1748973409656,9.837542724609376,3.596421203613281,1.3706996154785156
1748973409723,8.628506927490236,1.3262420654296876,1.6349002075195314
1748973409798,10.944939880371095,3.463347930908203,2.123035125732422
1748973409856,6.111491088867187,0.13322296142578124,3.0241612243652347
1748973409923,6.929090881347657,4.4914100646972654,4.603377227783203
1748973409996,4.863087158203125,2.6664051818847656,3.956422576904297
1748973410056,5.539979553222657,-0.3872447204589844,8.163723449707032
1748973410123,4.865033111572266,0.12484039306640625,6.572831726074219
1748973410198,7.514822845458985,0.1968406677246094,9.348060607910156
1748973410257,8.611741790771484,0.34727783203125,9.432335357666016
1748973410323,7.066804504394532,0.9632469177246095,6.979685668945313
1748973410399,8.271499328613281,1.6754658508300782,7.102280731201172
1748973410457,9.36737045288086,1.0156379699707032,8.870403900146485
1748973410523,7.461234283447266,2.3128404235839843,7.0537815856933594
1748973410595,7.216792602539063,1.7839901733398438,6.4658042907714846
1748973410656,6.925049285888672,1.8336868286132812,7.877069549560547
1748973410723,6.622977447509766,2.362686767578125,6.58435775756836
1748973410796,6.936126251220704,2.1965322875976563,7.050937500000001
1748973410856,6.127507781982422,2.3041584777832034,6.783443756103516
1748973410923,5.85582275390625,1.2135264587402343,6.080505523681641
1748973410995,5.938151550292969,0.03742218017578125,7.957153015136719
1748973411056,5.351820831298828,1.5828085327148438,5.753585357666016
1748973411123,6.441854095458985,2.2546115112304688,7.652835845947266
1748973411196,6.345604248046875,2.5439598083496096,7.601193237304688
1748973411256,5.98036376953125,2.5653652954101562,8.650660858154298
1748973411323,5.07549545288086,1.4337185668945314,8.237669677734376
1748973411396,4.7565087890625,2.3966661071777344,7.343129882812501
1748973411461,5.20722152709961,2.647544403076172,7.590116271972657
1748973411523,5.443280639648438,2.465223541259766,8.034242706298828
1748973411597,5.455106048583985,2.5068370056152345,8.100554809570314
1748973411656,5.117258605957032,1.7760566711425783,8.417296142578126
1748973411723,4.574038238525391,1.921853485107422,9.334289245605468
1748973411797,4.730762329101562,2.0281324768066407,7.012018432617188
1748973411862,4.252806243896485,1.6616944885253908,7.9466748046875
1748973411922,4.399052124023438,2.4525,9.274413757324218
1748973411989,4.531526641845703,3.1496003723144534,7.861801300048828
1748973412056,4.872367858886719,2.222129058837891,8.460556182861328
1748973412123,4.813689880371094,2.2528152465820312,7.806266784667969
1748973412196,4.334685974121094,2.2924827575683593,7.782765655517578
1748973412256,4.286037139892579,2.7897486877441406,8.899742889404298
1748973412323,3.817212066650391,3.0328431701660157,9.087302856445312
1748973412396,4.062102813720704,3.359763336181641,8.39020248413086
1748973412461,4.185446319580079,3.1368768310546877,8.084538116455079
1748973412523,3.6549494934082034,3.7245547485351564,8.658744049072267
1748973412597,3.500171356201172,5.734574890136719,6.540199584960938
1748973412661,3.516487426757813,5.229824523925782,6.6807572937011726
1748973412723,3.848646697998047,6.154451751708985,7.12802719116211
1748973412795,3.5789076232910157,6.345155181884766,7.060517578125
1748973412861,4.529880065917969,8.742719421386719,6.069278869628906
1748973412923,4.778812408447266,7.890092468261719,5.455255737304688
1748973412995,6.231092376708984,6.491999816894531,4.738995208740235
1748973413063,7.047794036865235,4.985382843017578,3.6351905822753907
1748973413123,8.057444458007813,4.3278002929687505,3.13029052734375
1748973413197,8.046367492675781,3.4850527954101564,2.543361053466797
1748973413263,8.309370574951172,1.7992584228515627,2.0510348510742187
1748973413323,8.222700805664063,2.262994079589844,-0.8948391723632813
1748973413398,8.603508911132813,2.127825164794922,0.22617965698242187
1748973413462,10.847342834472657,-0.28216323852539066,1.0356962585449219
1748973413523,8.967551879882812,2.0291802978515627,0.016016693115234376
1748973413596,11.219618682861329,0.5536985778808594,1.2668156433105469
1748973413662,8.324788513183595,3.054398345947266,0.24758514404296877
1748973413723,8.584049377441406,2.0543280029296875,3.8229002380371098
1748973413798,9.575288085937501,0.702938232421875,3.913312225341797
1748973413862,9.17531982421875,2.4270529174804687,1.1388317871093752
1748973413923,9.488768005371094,2.5610243225097657,-0.8170010375976563
1748973413996,9.617649993896485,2.5222549438476562,-0.6216572570800781
1748973414065,9.128766632080078,2.3079006958007815,-0.8105644226074219
1748973414123,10.081834716796875,0.31090347290039066,1.3817765808105469
1748973414199,9.811646575927735,0.896785125732422,1.670526123046875
1748973414263,9.171727294921876,3.1484028625488283,0.760418701171875
1748973414323,9.055868225097656,2.990032196044922,-1.0711724853515625
1748973414397,7.840695190429688,5.476661224365235,-0.8454418945312501
1748973414462,9.393865356445312,5.648503875732422,-0.8056246948242188
1748973414523,8.278385009765625,4.7345045471191405,-0.6815327453613281
1748973414599,9.817035369873047,4.359983367919922,-0.7277865600585938
1748973414664,7.862549743652344,3.9339692687988284,0.26958938598632814
1748973414723,9.541159057617188,2.3065534973144532,-0.16196319580078125
1748973414797,8.620274047851563,2.8889923095703125,0.5230123901367187
1748973414861,8.55306381225586,2.825075225830078,0.2537223815917969
1748973414923,9.65866470336914,3.3458422851562504,2.2149440002441407
1748973414997,9.06035888671875,2.216590576171875,-0.4520599365234375
1748973415061,9.355545043945312,2.4086412048339847,2.354154510498047
1748973415123,9.759105834960938,2.391277313232422,1.3222004699707033
1748973415198,8.444389801025391,2.1718336486816407,1.5278727722167968
1748973415262,8.77819564819336,2.1544697570800784,-0.5658233642578125
1748973415323,10.628198547363281,2.2770648193359375,-1.0205776977539063
1748973415397,9.392667846679688,2.345472564697266,-0.9279203796386719
1748973415461,10.523266754150391,1.9782861328125,-0.8381071472167969
1748973415523,9.550589447021485,1.203347625732422,-0.6438111877441407
1748973415596,9.054670715332032,-0.07634124755859376,-2.3414309692382815
1748973415661,9.400751037597656,-1.5079641723632813,-2.9029133605957034
1748973415723,8.186326446533204,-2.02379150390625,-1.6054115295410156
1748973415796,10.67654800415039,3.5043626403808594,-6.380781097412109
1748973415860,8.504714355468751,1.7260606384277344,-4.213887176513672
1748973415923,9.076375579833984,0.4071533203125,-4.32301025390625
1748973415995,8.51234848022461,0.29264144897460936,-3.1957044982910157
1748973416060,8.779093780517579,0.13636642456054687,-3.575614471435547
1748973416123,8.681047668457031,0.6170169067382812,-4.894072723388672
1748973416197,8.950337677001954,1.2102333068847657,-4.5426036071777345
1748973416262,8.772657165527344,0.4547543334960938,-4.4087818908691405
1748973416323,8.779692535400391,0.6840774536132813,-4.233945465087891
1748973416397,8.6268603515625,0.6174659729003906,-4.215982818603516
1748973416461,8.71742202758789,0.55803955078125,-4.340673522949219
1748973416523,8.708889770507813,0.6096821594238282,-4.528083801269531
1748973416600,8.822503509521486,0.6680607604980469,-4.284989318847656
1748973416661,8.887169036865235,0.8816665649414063,-4.2221200561523435
1748973416723,8.841813354492189,0.5810916137695313,-4.060605926513672
1748973416798,8.935219116210938,0.7176077270507812,-4.23439453125
1748973416863,8.803043975830079,0.5312452697753907,-4.349505157470704
1748973416926,8.755742340087892,0.28889923095703124,-4.351600799560547
1748973416989,8.707392883300782,0.49951126098632814,-4.3420207214355475
1748973417056,9.020541687011718,0.6274951171875001,-4.262386322021484
1748973417123,8.728199615478516,0.22647903442382813,-4.469705200195313
1748973417196,8.621621246337892,0.28186386108398437,-4.210294647216797
1748973417261,8.793164520263673,0.4071533203125,-4.2520578002929685
1748973417323,8.692873077392578,0.47615982055664063,-4.327650604248047
1748973417396,8.929980010986329,0.8348139953613282,-4.283342742919922
1748973417462,8.817114715576173,0.6614744567871094,-4.386478271484375
1748973417523,8.865763549804688,0.5128335571289063,-4.553830261230469
1748973417596,8.458460540771485,-0.08936416625976563,-4.187392272949219
1748973417661,9.192234649658204,1.4498849487304688,-3.8544845581054688
1748973417723,8.560548248291017,0.15402969360351562,-4.858446807861329
1748973417797,8.848399658203125,0.5360353088378906,-4.334087219238281
1748973417861,8.858877868652344,0.27572662353515626,-4.153113555908203
1748973417923,8.714428253173828,0.5962101745605469,-4.422403564453125
1748973417996,8.70395004272461,0.3944297790527344,-4.628674621582031
1748973418061,8.662935333251953,0.3489244079589844,-4.658163299560547
1748973418123,8.810079345703125,0.47975234985351567,-4.44081527709961
1748973418199,8.634344787597657,0.4773573303222656,-4.580025787353516
1748973418261,8.64407455444336,0.2616558837890625,-4.499642944335938
1748973418323,8.6460205078125,0.41568557739257816,-4.635859680175781
1748973418399,8.613538055419923,0.4303550720214844,-4.538412322998047
1748973418464,8.625962219238282,0.38050872802734376,-4.637506256103516
1748973418523,8.718918914794923,0.6068380737304688,-4.54335205078125
1748973418597,8.713380432128906,0.7298822021484376,-4.681215362548828
1748973418662,8.784033508300782,0.6219566345214844,-4.490811309814453
1748973418723,8.539142761230469,0.5553451538085937,-4.514462127685547
1748973418797,8.623716888427735,0.6066883850097656,-4.587510223388672
1748973418861,8.727002105712891,0.48978149414062505,-4.681365051269531
1748973418923,8.72460708618164,0.33799713134765624,-4.490362243652344
1748973418999,8.64886459350586,0.281414794921875,-4.703069915771485
1748973419060,8.219557342529297,0.44846740722656253,-4.630620574951172
1748973419123,8.63254852294922,0.32677047729492187,-4.737049255371094
1748973419196,8.648714904785157,0.27991790771484376,-4.679269409179688
1748973419260,8.56833206176758,0.4555027770996094,-4.6894482421875
1748973419323,8.630452880859375,0.22498214721679688,-5.176535339355469
1748973419396,8.402776336669922,0.2817141723632813,-5.093907165527344
1748973419463,8.271499328613281,-0.016914825439453125,-5.2259326171875005
1748973419523,8.203540649414062,-0.19788848876953127,-5.262157287597656
1748973419596,8.393196258544922,0.04954696655273438,-5.057233428955079
1748973419663,8.402926025390625,0.3146456909179688,-5.085524597167969
1748973419723,8.441845092773438,0.23516098022460938,-5.150489501953126
1748973419795,8.345894622802735,0.09565109252929688,-5.3000285339355475
1748973419861,8.095615081787109,0.25626708984375,-5.26904296875
1748973419923,8.095914459228515,0.4881349182128906,-5.3051179504394534
1748973419995,8.390950927734375,0.8918453979492188,-5.162913665771485
1748973420060,8.575217742919921,0.5885760498046876,-5.1555789184570315
1748973420123,8.354127502441406,0.10133926391601562,-5.153782653808594
1748973420199,7.946076049804688,-0.09520202636718751,-5.707032165527344
1748973420261,8.4065185546875,0.20207977294921875,-5.176086273193359
1748973420323,8.366401977539063,0.5319937133789063,-5.04675521850586
1748973420397,8.528365173339845,0.6126759338378907,-4.982239379882813
1748973420462,8.300239562988281,0.42810974121093753,-5.026547241210937
1748973420523,8.332123260498047,0.5587879943847657,-5.06831039428711
1748973420599,8.432115325927734,0.0197589111328125,-5.145549774169922
1748973420662,8.396040344238282,0.30985565185546876,-5.184768218994141
1748973420723,8.203840026855469,0.5912704467773438,-5.241350555419922
1748973420797,8.379873962402344,0.5589376831054688,-5.384752349853516
1748973420860,8.279881896972658,0.33769775390625,-5.275928649902344
1748973420923,8.298592987060548,0.3020718383789063,-5.174290008544922
1748973421000,8.280181274414064,0.4770579528808594,-5.169499969482422
1748973421060,8.276289367675782,0.3126997375488281,-5.372926940917969
1748973421123,7.982151031494141,0.10612930297851562,-5.684279479980469
1748973421198,8.258027343750001,0.24324417114257812,-4.985382843017578
1748973421261,8.675658874511718,0.6153703308105469,-4.843028869628906
1748973421323,8.305778045654296,0.38170623779296875,-5.517077178955079
1748973421399,7.780520324707032,-0.5245092773437501,-5.906417541503907
1748973421462,7.958200836181641,-1.9978953552246095,-4.750221862792969
1748973421523,6.609206085205078,-1.725461883544922,-5.136718139648438
1748973421600,8.592731323242187,-0.779578857421875,-4.2098455810546875
1748973421664,10.000853118896485,-0.9695338439941407,-4.281247100830078
1748973421723,10.220596160888672,-0.3526666259765625,-3.8862185668945313
1748973421799,9.839338989257813,-0.882564697265625,-3.276237030029297
1748973421864,9.825867004394532,-1.1421249389648438,-2.4947122192382816
1748973421925,9.263037414550782,-1.1868818664550782,-2.738405456542969
1748973421989,9.485774230957032,-1.8124310302734377,-2.555336151123047
1748973422058,8.997789001464843,-2.685415649414063,-3.634142761230469
1748973422122,8.614286499023438,-3.256777496337891,-3.337310028076172
1748973422198,8.675060119628906,-3.763473815917969,-3.3524285888671876
1748973422264,8.72790023803711,-4.113446044921875,-3.648512878417969
1748973422323,8.045918426513673,-4.233197021484375,-2.7918443298339843
1748973422396,8.377628631591797,-3.9951919555664066,-2.6399102783203126
1748973422462,8.101153564453126,-3.9535784912109375,-2.22976318359375
1748973422522,8.382867736816406,-3.81526611328125,-3.327580261230469
1748973422597,8.276439056396486,-4.905149688720703,-3.207529907226563
1748973422663,7.975564727783204,-4.0918908691406255,-4.144132232666016
1748973422723,7.4429722595214844,-3.327729949951172,-3.5084042358398437
1748973422797,8.127498779296875,-3.663930816650391,-3.626209259033203
1748973422864,8.590186614990234,-4.2200244140625,-4.301006011962891
1748973422923,8.296347656250001,-4.1656874084472655,-3.686833190917969
1748973422997,8.74945541381836,-5.029391326904297,-3.7977525329589845
1748973423061,8.480464782714844,-4.268523559570313,-3.5110986328125002
1748973423122,7.493567047119141,-4.365821228027344,-2.5071363830566407
1748973423196,7.584128723144532,-4.710254974365235,-1.428629150390625
1748973423262,7.80102767944336,-4.618944854736329,-2.3655308532714847
1748973423323,8.310268707275391,-4.524491271972656,-2.8457322692871094
1748973423395,8.9717431640625,-3.5676809692382814,-2.2637425231933594
1748973423461,9.408534851074219,-4.255800018310547,-2.1549188232421876
1748973423523,8.482111358642578,-3.606450347900391,-1.8553916931152346
1748973423597,8.774603118896485,-4.044888610839844,-1.657353515625
1748973423661,9.325008544921875,-3.8685552978515627,-1.8609301757812502
1748973423722,9.250613250732423,-3.5390904235839846,-1.5021263122558595
1748973423799,9.408834228515625,-3.7628750610351562,-0.8637039184570313
1748973423863,9.362281036376954,-4.268523559570313,-1.1931687927246095
1748973423923,9.069489898681642,-4.108356628417969,-1.3964460754394532
1748973423996,8.712182922363281,-4.08350830078125,-1.397344207763672
1748973424061,8.819210357666016,-4.38812484741211,-1.3967454528808594
1748973424122,8.650361480712892,-4.28992904663086,-1.6323554992675782
1748973424197,8.545279998779296,-4.181255035400391,-1.833237762451172
1748973424263,8.63359634399414,-4.187541961669922,-1.8953585815429688
1748973424323,8.544082489013672,-4.02602783203125,-1.5438894653320314
1748973424397,8.428223419189454,-4.2415795898437505,-1.512305145263672
1748973424461,8.796158294677735,-4.124972076416016,-1.5296690368652344
1748973424523,8.849148101806641,-3.9065762329101563,-1.8211129760742188
1748973424599,8.790320434570313,-3.8378691101074223,-1.8624270629882813
1748973424661,9.070837097167969,-4.0236328125,-1.8745518493652344
1748973424723,9.12786849975586,-4.1498204040527344,-1.5362553405761719
1748973424798,8.72311019897461,-3.9004389953613283,-1.9714004516601564
1748973424861,8.511001281738281,-3.945345611572266,-1.8024018859863282
1748973424923,8.666228485107423,-4.150868225097656,-1.9007473754882813
1748973424997,8.61638214111328,-3.921694793701172,-2.0115170288085937
1748973425061,8.878038024902343,-4.325105895996094,-1.9502943420410157
1748973425122,8.689280548095704,-3.6757562255859377,-1.9664607238769531
1748973425199,9.640552368164062,-3.6537519836425782,-2.4948619079589847
1748973425262,9.916728057861329,-2.6517356872558597,-2.089654541015625
1748973425323,10.859916687011719,-1.4503340148925783,-3.25004150390625
1748973425399,10.432106323242188,-1.2731025695800782,-1.3545332336425782
1748973425461,9.573641510009766,-1.3006452941894533,-2.0073257446289063
1748973425523,8.346942443847656,-0.7402107238769532,-1.4796730041503907
1748973425597,7.104526062011719,-0.15477813720703126,-2.093097381591797
1748973425661,7.052434387207032,-1.1543994140625,-1.7330960083007814
1748973425723,8.448281707763673,-1.7348922729492189,-2.046544189453125
1748973425797,9.436227264404298,-2.032473449707031,-1.8058447265625002
1748973425861,11.181747436523438,-2.7928921508789064,-3.297492828369141
1748973425923,11.405382385253906,-2.6003924560546876,-2.614912261962891
1748973425997,10.341394958496094,-2.6009912109375,-1.6443305969238282
1748973426061,9.325307922363281,-3.4158966064453127,-0.97477294921875
1748973426122,9.682315521240234,-2.867586822509766,-1.6221766662597656
1748973426200,10.341993713378907,-3.057990875244141,-1.4084211730957032
1748973426263,9.71419921875,-2.7797195434570314,-1.5759228515625001
1748973426323,9.696835327148438,-3.4645454406738283,-1.4108161926269531
1748973426399,9.665101318359376,-4.328399047851563,-1.3744418334960937
1748973426462,9.392967224121094,-4.471351776123047,-0.7086264038085938
1748973426522,8.812474365234376,-3.6836897277832032,-1.2903167724609375
1748973426600,8.838969268798829,-4.143982543945313,-1.5691868591308595
1748973426664,8.60485610961914,-3.7700601196289063,-1.5012281799316407
1748973426723,8.901988220214845,-4.147126007080078,-1.397493896484375
1748973426799,8.802445220947266,-4.482279052734375,-1.9443067932128908
1748973426862,8.142168273925781,-4.74258773803711,-2.652035064697266
1748973426925,7.355703735351563,-4.787344665527344,-2.831661529541016
1748973426990,6.896907806396484,-5.277275848388673,-2.9127928161621095
1748973427061,7.487878875732422,-5.192701721191407,-2.618504791259766
1748973427122,8.431815948486328,-5.355563049316406,-2.6541307067871096
1748973427200,9.524693298339844,-3.9760317993164063,-3.450025634765625
1748973427264,8.479716339111329,-3.6540513610839844,-3.337310028076172
1748973427323,7.0310289001464845,-4.5936474609375,-3.356769561767578
1748973427398,8.369844818115235,-5.806425476074219,-3.7013529968261722
1748973427463,8.093070373535157,-4.232149200439453,-3.3560211181640627
1748973427523,8.640482025146484,-5.1109716796875,-2.373314666748047
1748973427597,9.729916534423829,-4.44276123046875,-2.668800201416016
1748973427662,7.816146240234375,-3.0593380737304687,-0.6587800598144532
1748973427723,8.11477523803711,-4.312532043457032,-0.5644761657714844
1748973427796,9.373507690429689,-3.266656951904297,-3.584146728515625
1748973427860,8.75858642578125,-3.090323638916016,-4.490362243652344
1748973427923,8.90423355102539,-3.094215545654297,-3.0421238708496094
1748973427999,8.594377899169922,-3.669918365478516,-1.9191590881347658
1748973428062,9.387428741455079,-3.2407608032226562,-1.3724958801269531
1748973428122,9.723928985595704,-2.8117529296875,-1.1647279357910156
1748973428197,9.338330841064453,-3.5777101135253906,-0.9138496398925782
1748973428259,8.170609130859376,-5.15453109741211,-3.4455349731445315
1748973428323,7.014413452148438,-5.553152160644531,-4.539909210205078
1748973428396,7.617359619140625,-5.35765869140625,-3.795956268310547
1748973428461,7.700586547851563,-4.572840728759766,-3.437751159667969
1748973428523,8.861721954345704,-3.9677989196777346,-2.8392956542968752
1748973428597,9.116192779541016,-3.337160339355469,-4.137396240234375
1748973428661,8.87489456176758,-2.6526338195800783,-4.068539428710937
1748973428723,9.368717651367188,-2.1465362548828124,-4.038601684570312
1748973428798,9.33773208618164,-2.8946804809570312,-3.000510406494141
1748973428860,9.039851531982423,-2.396067352294922,-3.107388153076172
1748973428923,9.332942047119142,-2.303859100341797,-3.419938201904297
1748973428999,7.840844879150391,-4.903353424072266,-1.4265335083007813
1748973429060,7.5998460388183595,-0.7869136047363282,-4.06958724975586
1748973429123,9.228309631347656,-1.3799803161621094,-4.0390507507324225
1748973429197,8.998687133789064,-3.194656677246094,-4.284540252685547
1748973429260,8.580606536865234,-1.2334350585937501,-2.9199778747558596
1748973429323,8.662037200927735,-0.3303630065917969,-3.3856594848632815
1748973429397,9.3645263671875,0.7563771057128906,-3.6637811279296875
1748973429461,9.746382293701172,-0.34712814331054687,-3.173999633789063
1748973429523,9.452992401123048,-0.6246510314941407,-2.465672607421875
1748973429598,8.183781738281251,-0.25342300415039065,-3.411256256103516
1748973429661,9.568252716064453,0.28650421142578125,-3.7913159179687503
1748973429723,10.198591918945313,0.02784210205078125,-2.665357360839844
1748973429798,10.344987487792968,0.5349874877929688,-2.0107685852050783
1748973429860,7.822732543945313,-0.8030799865722656,-3.690575408935547
1748973429923,9.551936645507814,0.35356475830078127,-3.151396636962891
1748973429997,9.080267486572266,0.0143701171875,-3.283721466064453
1748973430061,8.978778533935547,-0.711171112060547,-3.4852024841308595
1748973430123,9.938881988525392,-1.0400372314453126,-3.243904266357422
1748973430197,9.294472045898438,-0.7402107238769532,-3.8815782165527346
1748973430262,8.107440490722656,-0.7131170654296876,-2.8529173278808595
1748973430323,8.921597442626954,-0.7858657836914062,-3.497626647949219
1748973430397,8.224646759033204,0.3200344848632813,-4.071233825683594
1748973430463,8.882229309082032,-1.4100677490234377,-3.397185516357422
1748973430523,9.383087768554688,-0.9762698364257812,-4.271966400146485
1748973430596,8.967252502441406,-0.4309538269042969,-4.397106170654297
1748973430663,8.933722229003907,-0.47615982055664063,-3.7314404296875003
1748973430723,8.880882110595703,0.14953903198242188,-3.223247222900391
1748973430797,8.854237518310548,-0.3531156921386719,-2.749332733154297
1748973430861,8.976383514404297,-0.7982899475097657,-3.084635467529297
1748973430923,9.943073272705078,-1.176104278564453,-3.762126617431641
1748973430999,9.853260040283203,-1.2581336975097657,-4.471202087402344
1748973431061,8.856782226562501,-1.6087046813964845,-5.282964019775391
1748973431123,9.299711151123047,-0.5834866333007813,-4.583019561767578
1748973431198,10.329419860839844,-1.265618133544922,-5.438191223144532
1748973431261,8.002808074951172,-0.4848417663574219,-2.193688201904297
1748973431323,10.88386688232422,1.4287788391113283,-0.8976832580566406
1748973431398,9.019344177246094,0.39652542114257816,-0.006436614990234376
1748973431462,8.392298126220703,1.5367044067382813,-0.7490423583984376
1748973431523,8.98461639404297,2.6192532348632813,-0.6280938720703125
1748973431600,8.834029541015626,3.5215768432617187,-1.4778767395019532
1748973431663,9.054221649169921,3.356470184326172,-1.5461347961425782
1748973431723,11.459420013427735,1.3245954895019532,-1.7988093566894532
1748973431800,11.692036285400391,2.070344696044922,-2.3963667297363282
1748973431862,9.21259231567383,3.682043151855469,-2.3834934997558594
1748973431923,9.40090072631836,2.235900421142578,-1.2629237365722656
1748973431990,8.755892028808594,1.3873150634765625,-1.37713623046875
1748973432061,8.815318450927736,1.2530442810058595,-1.047821044921875
1748973432123,9.068591766357422,0.62989013671875,-1.1954141235351563
1748973432199,10.120304718017579,0.8864566040039062,-1.5440391540527345
1748973432261,10.295290832519532,1.1020083618164063,-1.8809884643554688
1748973432323,9.437574462890625,1.2337344360351563,-1.9245478820800783
1748973432396,8.974437561035156,1.511107635498047,-1.8757493591308594
1748973432462,9.321116638183595,0.9969268798828126,-2.2986199951171877
1748973432523,9.225914611816407,1.159339141845703,-2.437830505371094
1748973432596,9.79892303466797,1.2672647094726563,-2.235451354980469
1748973432662,10.0063916015625,1.1776011657714844,-1.4283297729492188
1748973432723,9.44925018310547,1.3078303527832031,-1.39869140625
1748973432797,9.402098236083985,1.3415103149414063,-2.1209394836425783
1748973432862,9.802665252685548,1.49209716796875,-2.069296875
1748973432923,9.11394744873047,1.1527528381347656,-1.789977722167969
1748973432999,9.450597381591797,1.058448944091797,-1.9987934875488282
1748973433062,9.66584976196289,1.0412347412109375,-1.8657202148437502
1748973433123,9.732311553955078,1.1380833435058595,-1.6636404418945314
1748973433198,9.438622283935548,1.0575508117675783,-1.7013619995117188
1748973433261,9.521400146484375,1.0782078552246095,-1.720671844482422
1748973433323,9.559570770263672,1.1838880920410157,-1.9235000610351562
1748973433395,9.49954559326172,1.0868898010253907,-1.9784358215332032
1748973433460,9.622290344238282,1.1585906982421876,-1.7524058532714846
1748973433523,9.588610382080079,1.2299922180175782,-1.8315911865234376
1748973433600,9.385183410644531,1.4684463500976563,-2.0472926330566406
1748973433662,9.600286102294922,1.1228150939941406,-2.0731887817382812
1748973433723,9.589957580566407,1.05141357421875,-1.8263520812988283
1748973433797,9.764794006347657,1.0225236511230469,-1.586700439453125
1748973433861,9.509275360107422,1.0681787109375,-1.8056950378417969
1748973433923,9.402996368408203,1.2418176269531251,-1.7113911437988283
1748973433997,9.564061431884767,1.2090357971191408,-1.982926483154297
1748973434061,9.561965789794922,0.8973838806152344,-1.8685643005371095
1748973434123,9.538764038085938,0.8708889770507813,-1.491947479248047
1748973434197,9.577982482910157,1.0074050903320313,-1.3955479431152344
1748973434262,9.586664428710938,1.0144404602050783,-1.56394775390625
1748973434323,9.69069808959961,0.920735321044922,-1.8910176086425783
1748973434398,9.54070999145508,0.9545649719238282,-1.7205221557617187
1748973434461,9.595046997070312,1.0074050903320313,-1.6590000915527345
1748973434523,9.590706024169922,0.9964778137207032,-1.4941928100585937
1748973434598,9.507179718017579,1.2391232299804689,-1.4323713684082031
1748973434661,9.504185943603517,1.2370275878906252,-1.559008026123047
1748973434723,9.529782714843751,1.3416600036621094,-1.6375946044921876
1748973434797,9.683962097167969,1.439257049560547,-2.060614929199219
1748973434860,9.630223846435547,1.3915063476562501,-1.8203645324707032
1748973434923,9.531129913330078,1.4891033935546876,-1.6768130493164064
1748973434996,9.598938903808595,1.5750247192382814,-1.678759002685547
1748973435063,9.702523498535157,1.5431410217285157,-1.7859361267089844
1748973435123,9.261839904785157,1.470392303466797,-1.692081298828125
1748973435195,9.54894287109375,1.4296769714355468,-1.4534774780273438
1748973435261,9.572743377685548,1.3250445556640627,-1.3482463073730468
1748973435323,9.78455291748047,1.2882211303710938,-1.665586395263672
1748973435397,9.422156524658204,1.4401551818847658,-1.6310083007812501
1748973435460,9.551038513183594,1.6482225036621094,-1.6209791564941407
1748973435523,9.626930694580079,1.863025817871094,-1.701511688232422
1748973435597,9.235943756103516,1.8390756225585938,-1.957928466796875
1748973435662,9.41092987060547,1.7789007568359376,-2.076332244873047
1748973435723,9.64758773803711,1.6304095458984376,-2.123035125732422
1748973435797,9.399104461669923,1.6343014526367188,-1.8853294372558596
1748973435861,9.249864807128906,1.600920867919922,-1.597328338623047
1748973435923,9.475745086669923,1.5169454956054689,-1.4952406311035158
1748973435999,9.640252990722656,1.7103433227539064,-1.9721488952636719
1748973436060,9.449100494384766,1.778152313232422,-2.2076092529296876
1748973436123,9.392667846679688,1.615290985107422,-2.1941372680664064
1748973436198,9.42769500732422,1.6845968627929688,-1.673819274902344
1748973436261,9.516460418701172,1.7476158142089844,-1.6389418029785157
1748973436323,9.320817260742189,1.766326904296875,-1.7066011047363283
1748973436398,9.455088043212891,1.918260955810547,-1.3120216369628908
1748973436460,9.445657653808594,2.2707778930664064,-1.7527052307128907
1748973436523,9.121731262207032,2.542313232421875,-1.7103433227539064
1748973436598,9.269024963378907,2.872526550292969,-1.0886860656738282
1748973436663,9.140442352294922,3.0460157775878907,-1.760039978027344
1748973436723,9.082512817382813,3.1331346130371096,-1.3865666198730469
1748973436798,9.410181427001953,3.533701629638672,-1.6205300903320314
1748973436861,9.23235122680664,3.4453852844238284,-1.1936178588867188
1748973436923,8.89315658569336,3.4218841552734376,-1.3476475524902345
1748973436991,9.053323516845703,3.4479299926757814,-1.7393829345703127
1748973437060,9.110205230712891,3.314557342529297,-1.4742842102050782
1748973437123,9.048683166503906,3.2686029052734376,-1.4449452209472657
1748973437198,9.127569122314453,3.3118629455566406,-1.4588662719726564
1748973437261,9.177565155029297,3.193758544921875,-1.4946418762207032
1748973437323,9.238189086914064,3.0993049621582034,-1.4590159606933595
1748973437397,8.945248260498047,3.1463072204589846,-1.265767822265625
1748973437462,9.129664764404298,3.2516880798339844,-1.7286053466796876
1748973437523,9.140592041015626,3.0012588500976562,-1.3873150634765625
1748973437597,8.980125732421875,3.1760952758789065,-1.4304254150390625
1748973437663,9.317524108886719,3.1991473388671876,-1.554217987060547
1748973437723,9.337283020019532,3.177592163085938,-1.413959655761719
1748973437797,9.00721939086914,3.1689102172851564,-1.522034912109375
1748973437862,9.142837371826172,3.2488439941406253,-1.439107360839844
1748973437929,9.123228149414063,3.0892758178710937,-1.470392303466797
1748973437998,9.155111846923829,3.113525390625,-1.6588504028320312
1748973438061,9.224717102050782,3.0311965942382812,-1.597328338623047
1748973438123,9.1729248046875,3.001109161376953,-1.368753662109375
1748973438198,9.157506866455078,3.2407608032226562,-1.4380595397949218
1748973438259,9.22696243286133,2.9597950744628907,-1.5533198547363283
1748973438323,8.975934448242189,3.1105316162109378,-1.8038987731933596
1748973438395,9.160201263427735,3.110681304931641,-1.5843054199218751
1748973438459,9.064400482177735,2.945724334716797,-1.6727714538574219
1748973438523,9.114246826171875,3.119363250732422,-1.648821258544922
1748973438595,9.27067153930664,2.9738658142089847,-1.7907261657714844
1748973438662,9.063352661132813,2.937641143798828,-1.653760986328125
1748973438723,9.235794067382812,3.0886770629882814,-1.5096107482910157
1748973438797,9.20211410522461,3.1160700988769534,-1.6576528930664063
1748973438862,8.972341918945313,3.114722900390625,-1.6344511413574219
1748973438923,8.862919464111329,3.3666490173339847,-1.804647216796875
1748973438991,8.972790985107423,3.485801239013672,-1.7940193176269532
1748973439061,9.276659088134766,3.304677886962891,-1.99265625
1748973439123,9.335037689208985,3.1427146911621096,-1.953138427734375
1748973439197,9.1058642578125,3.1320867919921875,-1.913321228027344
1748973439261,8.95018798828125,3.2659085083007815,-1.8402731323242187
1748973439323,9.03161865234375,3.2597712707519535,-1.8779946899414064
1748973439397,9.110354919433595,3.2611184692382813,-1.9029927062988283
1748973439462,8.995393981933594,3.144061889648438,-1.9016455078125
1748973439523,8.987909545898438,3.2416589355468752,-2.043849792480469
1748973439597,8.942853240966798,3.2133677673339847,-1.9549346923828126
1748973439662,9.078920288085937,3.2223490905761722,-2.079775085449219
1748973439723,8.928483123779298,3.2482452392578125,-1.83697998046875
1748973439796,9.010961608886719,3.323987731933594,-2.0712428283691406
1748973439859,8.972940673828125,3.3591645812988284,-2.19623291015625
1748973439923,8.841513977050782,3.490591278076172,-1.907483367919922
1748973439996,8.958869934082031,3.480562133789063,-1.9260447692871094
1748973440060,9.014105072021485,3.5081048583984376,-2.2843995666503907
1748973440123,8.768316192626953,3.4573603820800782,-2.175426177978516
1748973440198,9.004375305175781,3.353925476074219,-1.881138153076172
1748973440261,9.003177795410156,3.4275723266601563,-2.05253173828125
1748973440329,8.99464553833008,3.4527200317382816,-2.379302215576172
1748973440397,8.90602981567383,3.580254821777344,-2.4069946289062503
1748973440462,8.633296966552734,3.528911590576172,-2.5008494567871096
1748973440523,8.752000122070314,3.5688784790039065,-2.508782958984375
1748973440597,8.937314758300781,3.5549574279785157,-2.3020628356933597
1748973440661,8.72550521850586,3.3750315856933595,-2.242037658691406
1748973440723,9.007818145751953,3.260669403076172,-2.242486724853516
1748973440797,9.060957641601563,3.226989440917969,-2.6433531188964845
1748973440860,9.08281219482422,3.1930101013183596,-2.6728417968750002
1748973440923,8.776698760986328,3.2983909606933595,-2.8636949157714846
1748973440997,8.46444808959961,3.2278875732421874,-2.322570190429688
1748973441059,8.71502700805664,2.5944049072265627,-2.467917938232422
1748973441123,9.069789276123048,3.6281552124023437,-2.78061767578125
1748973441198,8.912616119384767,3.3627571105957035,-3.015179901123047
1748973441261,8.318501586914063,2.8898904418945315,-2.703827362060547
1748973441323,9.517208862304688,2.927761688232422,-2.2112017822265626
1748973441398,9.198371887207031,3.0518536376953125,-2.2315594482421877
1748973441460,8.942853240966798,3.269950103759766,-2.8424391174316406
1748973441523,8.90513168334961,3.564687194824219,-3.1127769470214846
1748973441598,8.29395263671875,3.3787738037109376,-3.2446527099609375
1748973441661,8.52866455078125,3.213816833496094,-3.2298335266113285
1748973441723,8.593330078125,3.5043626403808594,-3.373235321044922
1748973441798,8.46444808959961,3.35302734375,-3.090772705078125
1748973441861,8.618777160644532,3.2849189758300783,-3.108435974121094
1748973441923,8.775351562500001,3.2995884704589846,-3.2054342651367187
1748973441990,9.199868774414062,3.3750315856933595,-3.3817675781250003
1748973442060,9.114995269775392,3.3759297180175785,-3.150797882080078
1748973442123,8.522976379394532,3.2549812316894533,-3.2686029052734376
1748973442198,8.257578277587891,3.204087066650391,-2.7566674804687503
1748973442261,8.630602569580079,3.6706668090820314,-2.987487487792969
1748973442323,8.22494613647461,3.4480796813964845,-2.788102111816406
1748973442398,7.827223205566407,3.028202819824219,-2.445015563964844
1748973442461,9.147777099609376,3.2907568359375,-2.9130921936035157
1748973442524,8.945248260498047,3.675007781982422,-4.193080444335938
1748973442597,9.071136474609375,3.403472442626953,-2.515518951416016
1748973442662,8.63928451538086,2.245031433105469,-1.6630416870117188
1748973442724,9.670639801025391,2.264490966796875,-1.512454833984375
1748973442797,9.879006500244142,2.1670436096191406,-2.1317170715332034
1748973442860,9.657317504882814,1.9251466369628907,-1.8507513427734377
1748973442924,9.303752746582031,1.96152099609375,-2.1077668762207034
1748973442995,9.193881225585939,1.9122734069824219,-2.4077430725097657
1748973443060,9.26962371826172,1.8898200988769531,-2.059267730712891
1748973443124,9.402846679687501,2.2047651672363284,-1.8914666748046876
1748973443196,9.44071792602539,2.298021240234375,-2.242935791015625
1748973443261,8.951834564208985,2.0484901428222657,-2.6667045593261722
1748973443324,8.833879852294922,2.068997497558594,-2.678679656982422
1748973443397,9.256301422119142,2.376907196044922,-2.442470855712891
1748973443460,8.628955993652344,2.2879920959472657,-2.407892761230469
1748973443524,8.213869171142578,2.980452117919922,-2.8827053833007814
1748973443597,8.963959350585938,3.7416192626953126,-3.989803161621094
1748973443660,8.622968444824219,3.6432737731933598,-3.9354661560058597
1748973443723,8.134085083007813,3.301085357666016,-3.759581909179688
1748973443797,8.753646697998047,3.9505847167968753,-3.9149588012695316
1748973443862,7.983498229980469,4.074526977539063,-3.1183154296875
1748973443924,8.094118194580078,4.2255628967285155,-3.179238739013672
1748973443997,8.205037536621095,4.347559204101563,-3.1942076110839843
1748973444062,8.252339172363282,4.12661865234375,-3.522924041748047
1748973444124,8.040829010009766,3.780089263916016,-3.7712576293945315
1748973444196,8.537945251464844,4.083807678222657,-3.1967523193359377
1748973444260,8.297096099853515,4.060905303955078,-3.160228271484375
1748973444324,8.640182647705078,4.302802276611328,-2.809058532714844
1748973444397,8.38870559692383,4.2325982666015625,-2.7502308654785157
1748973444460,8.053103485107423,4.205654296875,-3.1757958984375003
1748973444524,7.924520874023438,4.393064575195313,-3.539539489746094
1748973444597,8.201744384765625,4.499493255615235,-3.459755401611328
1748973444662,8.384214935302735,4.18933822631836,-3.2467483520507816
1748973444724,8.712182922363281,4.359085235595703,-3.014281768798828
1748973444798,8.652157745361329,4.395908660888672,-2.7141558837890627
1748973444862,8.252039794921876,4.707261199951172,-2.6833200073242187
1748973444924,7.724536743164063,4.848717041015625,-2.806813201904297
1748973444997,7.503147125244141,4.663402404785156,-3.0394294738769534
1748973445061,7.552694091796876,4.413272552490235,-2.994672546386719
1748973445123,8.160879364013672,4.372407531738282,-3.1078372192382813
1748973445196,8.482410736083985,4.106410675048829,-3.200793914794922
1748973445262,8.68239486694336,4.077520751953125,-3.2433055114746097
1748973445324,8.757388916015625,4.0758741760253905,-3.1524444580078126
1748973445397,8.496930541992189,4.150419158935547,-2.8855494689941406
1748973445460,8.504564666748047,4.388424224853516,-2.77582763671875
1748973445523,8.373137969970703,4.607119445800781,-2.919379119873047
1748973445596,8.14351547241211,4.756957855224609,-3.108435974121094
1748973445662,7.901468811035157,4.712500305175782,-3.0073960876464847
1748973445723,7.843389587402344,4.609065399169922,-2.7273284912109377
1748973445795,8.055049438476562,4.381538543701172,-2.6038352966308596
1748973445860,8.383316802978516,4.364623718261719,-2.679877166748047
1748973445923,8.543334045410157,4.342769165039063,-2.9264144897460938
1748973445995,8.500972137451173,4.341272277832031,-3.027604064941406
1748973446059,8.326435089111328,4.33259033203125,-2.901416473388672
1748973446123,8.271349639892579,4.457430725097656,-2.3703208923339845
1748973446196,8.221802673339845,4.510270843505859,-1.8905685424804688
1748973446260,8.12585220336914,4.629722442626953,-2.249671783447266
1748973446323,8.62820755004883,4.8473698425292975,-2.1933888244628905
1748973446397,8.392298126220703,4.858895874023438,-1.994751892089844
1748973446462,8.382268981933594,4.584516448974609,-1.96631103515625
1748973446523,8.674012298583985,4.669240264892578,-1.4769786071777344
1748973446596,8.242459716796876,4.382137298583984,-1.5628999328613282
1748973446661,8.133636016845703,4.432881774902344,-1.778302001953125
1748973446723,8.452622680664064,4.743635559082032,-2.1502784729003905
1748973446797,8.401578826904297,4.906796264648437,-2.499053192138672
1748973446861,8.310418395996095,4.6500801086425785,-1.7838404846191407
1748973446923,8.567134552001953,4.882247314453125,-1.6624429321289063
1748973446991,8.370593261718751,5.148094482421875,-2.458786926269531
1748973447059,7.972570953369141,4.706063690185547,-2.6696983337402345
1748973447123,8.258326721191407,4.776267700195313,-2.7225384521484375
1748973447198,8.365952911376954,5.0957034301757815,-2.348466339111328
1748973447263,8.24455535888672,4.921615447998047,-2.372117156982422
1748973447323,8.068671112060548,4.67268310546875,-2.5536895751953126
1748973447397,8.093519439697266,4.892276458740235,-2.5165667724609375
1748973447461,8.134983215332031,4.858746185302735,-2.608026580810547
1748973447523,7.98783920288086,4.546345825195313,-2.687960357666016
1748973447594,8.287815399169922,4.785847778320313,-2.9463230895996095
1748973447660,8.12675033569336,4.743336181640625,-2.8587551879882813
1748973447723,8.073461151123047,4.744234313964844,-2.712359619140625
1748973447796,7.961344299316407,4.702471160888672,-2.465223541259766
1748973447861,8.105943603515625,4.7892906188964846,-2.6680517578125
1748973447924,8.121361541748048,4.818479919433594,-2.937192077636719
1748973447997,8.084837493896485,4.8578480529785155,-2.899021453857422
1748973448062,7.984845428466797,4.869374084472656,-2.772235107421875
1748973448123,7.951015777587891,4.935835876464844,-2.708318023681641
1748973448196,7.754474487304688,4.879702606201172,-2.6614654541015628
1748973448261,7.947423248291016,5.186115417480469,-2.755170593261719
1748973448323,8.02810546875,5.339246978759766,-3.3856594848632815
1748973448397,7.62858627319336,4.9704139709472654,-3.2611184692382813
1748973448459,7.899971923828125,4.739294586181641,-3.161126403808594
1748973448523,7.934100952148438,4.752916259765625,-2.758014678955078
1748973448597,7.999365234375,4.960384826660157,-2.7370582580566407
1748973448660,7.984695739746094,5.019661560058594,-3.0936167907714847
1748973448723,7.672295379638673,5.001549224853516,-3.3127610778808596
1748973448797,7.891289978027344,5.1838700866699226,-3.208128662109375
1748973448860,7.814499664306641,5.2084190368652346,-2.8937823486328127
1748973448923,7.5859249877929695,5.207371215820313,-2.781515808105469
1748973448996,7.529492340087891,5.124443664550782,-2.987337799072266
1748973449060,7.833061065673829,5.195845184326172,-3.2015423583984375
1748973449123,7.843389587402344,4.8719187927246095,-3.234174499511719
1748973449197,7.927664337158204,4.901706848144531,-2.9065058898925784
1748973449260,7.884853363037109,5.265450439453125,-2.9621900939941406
1748973449323,7.402406616210938,5.24269775390625,-3.457061004638672
1748973449396,7.586673431396485,5.382207641601563,-3.3644036865234375
1748973449460,7.240293731689453,5.214855651855469,-3.3117132568359375
1748973449523,7.319479064941406,5.113217010498047,-3.2193553161621096
1748973449599,7.109316101074219,5.054838409423828,-3.428171081542969
1748973449660,7.419171752929688,5.017715606689453,-2.775528259277344
1748973449723,6.435118103027344,4.709356842041016,-3.5833982849121098
1748973449797,8.28152847290039,5.606441345214844,-2.195035400390625
1748973449859,8.453221435546876,5.5887780761718755,-2.7864555358886722
1748973449923,9.249864807128906,5.506449279785157,-1.944606170654297
1748973449996,8.961863708496095,4.490062866210938,-1.234482879638672
1748973450060,10.10024642944336,5.0834289550781255,-2.2695803833007813
1748973450123,9.251212005615235,5.051245880126953,-2.6396109008789064
1748973450196,9.439370727539062,5.560037841796875,-1.0401869201660157
1748973450259,8.779393157958985,4.889881439208985,-0.29069549560546876
1748973450323,8.898695068359375,5.915099487304688,0.12903167724609377
1748973450396,6.522686004638672,3.4441877746582032,0.18336868286132812
1748973450460,7.6257421875,4.233346710205078,-0.7340734863281251
1748973450523,9.269324340820313,4.358785858154297,-1.7411791992187502
1748973450596,8.271199951171875,3.0549971008300782,-1.9935543823242188
1748973450660,8.53435272216797,2.6734405517578126,-1.768572235107422
1748973450723,10.217003631591798,3.5859429931640627,-1.629810791015625
1748973450796,10.133477325439454,3.0961614990234376,-2.143392791748047
1748973450862,9.636510772705078,3.0267059326171877,-2.6120681762695312
1748973450923,9.764644317626953,3.9064265441894532,-2.0541783142089844
1748973450997,9.20450912475586,4.474794616699219,-1.2828323364257812
1748973451060,8.979377288818359,4.659360809326172,-1.37953125
1748973451123,8.264014892578125,4.271816711425782,-1.5640974426269532
1748973451197,8.114625549316406,4.1912841796875,-1.8556910705566407
1748973451260,8.261919250488281,4.203408966064453,-2.0672012329101563
1748973451323,8.697214050292969,4.076173553466797,-2.1019290161132815
1748973451399,9.160800018310548,3.849844207763672,-2.1850062561035157
1748973451460,9.009913787841798,3.805536346435547,-2.033521270751953
1748973451523,8.09606414794922,3.4396971130371097,-0.6882687377929688
1748973451597,8.948990478515626,4.68226318359375,-0.021106109619140626
1748973451659,9.341174926757812,4.923411712646485,0.7511380004882813
1748973451723,9.639055480957031,5.198389892578125,1.363813934326172
1748973451797,9.233099670410157,5.684279479980469,2.049687652587891
1748973451860,7.919281768798829,5.229824523925782,1.3939013671875
1748973451923,7.710466003417969,4.941224670410157,0.2751278686523438
1748973451990,7.7865078735351565,5.3696337890625,-0.9562115478515626
1748973452060,9.43443099975586,7.22143295288086,-3.2492930603027346
1748973452123,9.112450561523438,4.149221649169922,-3.231929168701172
1748973452197,9.170829162597657,0.4938230895996094,-1.936373291015625
1748973452261,11.56165740966797,3.4025743103027346,-0.7551795959472657
1748973452323,10.621612243652343,8.005203094482422,-1.4506333923339845
1748973452397,6.152056732177734,3.921844482421875,-0.5162763977050782
1748973452461,6.036646728515625,5.047503662109375,-0.4866380310058594
1748973452523,5.839656372070313,6.941065979003906,-1.8514997863769531
1748973452596,5.657934265136719,7.7478881835937505,-2.8457322692871094
1748973452659,4.7804589843750005,6.538253631591798,-3.0831385803222657
1748973452723,7.43698471069336,8.451724548339843,-2.921774139404297
1748973452796,9.729467468261719,7.771688690185547,-2.171983337402344
1748973452860,12.800331573486329,8.450527038574219,-1.4165043640136719
1748973452923,7.628885650634766,3.3693434143066407,-0.085023193359375
1748973452994,7.484286346435547,3.530408477783203,0.5480104064941407
1748973453059,8.834478607177735,3.7615278625488284,0.14340179443359377
1748973453123,10.075098724365235,3.4518218994140626,0.4812492370605469
1748973453195,10.67789520263672,4.710704040527344,0.3918850708007813
1748973453261,9.836345214843751,5.378465423583985,-0.21136047363281252
1748973453323,9.125174102783204,5.955515441894532,0.14684463500976563
1748973453397,8.518485717773437,5.87498291015625,-0.13382171630859377
1748973453458,8.92713592529297,6.316414947509766,-0.09340576171875001
1748973453523,9.409283294677735,7.118746490478516,-0.7662565612792969
1748973453596,7.711064758300782,6.31566650390625,-2.4685166931152347
1748973453662,5.029091949462891,4.437522125244141,-4.325554962158203
1748973453723,6.5767236328125005,5.894592132568359,-3.198099517822266
1748973453796,7.373666381835938,6.393055572509766,-1.599723358154297
1748973453861,7.557484130859375,6.167624359130859,-0.20582199096679688
1748973453923,7.0609666442871095,5.827980651855469,0.8267308044433594
1748973453996,6.849007415771485,6.267616424560547,0.2677931213378906
1748973454059,7.28130844116211,7.150480499267578,-1.3091775512695314
1748973454123,6.763834533691407,9.413474578857423,-2.945724334716797
1748973454198,11.481124877929688,7.435487823486328,-1.7539027404785157
1748973454260,13.390254821777344,5.473817138671875,1.0557545471191407
1748973454323,10.242899780273438,4.567901000976563,1.9282901000976564
1748973454397,8.416847076416015,4.9283514404296875,2.4860302734375
1748973454460,7.12039306640625,3.1016999816894533,1.4397061157226563
1748973454523,9.083111572265626,4.162843322753907,0.04445755004882813
1748973454595,10.644963684082033,5.953569488525391,-0.5168751525878906
1748973454660,10.20083724975586,6.570287017822266,-0.5980064392089844
1748973454724,9.379195861816406,7.417225799560547,-0.40236328125000004
1748973454795,5.642216949462891,6.325246582031251,-1.009500732421875
1748973454858,4.452940063476563,6.247109069824219,-1.899100799560547
1748973454923,5.749843139648438,7.982450408935548,-3.6985089111328127
1748973454997,5.964197387695313,10.834469604492188,-4.7770161437988286
1748973455058,8.115823059082032,8.200546875,-4.306993560791016
1748973455123,6.407425689697266,8.124954071044922,-3.2561787414550785
1748973455199,7.294780426025391,8.518186340332031,-1.5717315673828125
1748973455260,7.522007904052734,7.142247619628907,-2.1083656311035157
1748973455323,6.826404418945313,5.553601226806641,-1.913470916748047
1748973455396,8.142767028808594,6.520889739990235,-2.345622253417969
1748973455461,9.647887115478516,4.342170410156251,-0.7084767150878907
1748973455523,12.137210540771486,6.669680328369141,1.1823912048339844
1748973455596,10.891650695800783,7.2566098022460945,1.091081085205078
1748973455660,9.824519805908203,7.5610766601562505,0.77838134765625
1748973455723,8.562793579101562,6.049669647216797,0.7515870666503907
1748973455796,8.709787902832032,6.052962799072266,0.5385800170898438
1748973455860,8.779393157958985,6.253545684814453,0.12648696899414064
1748973455923,7.48967514038086,5.487738189697266,-0.022303619384765626
1748973455995,6.4761328125,6.235583038330079,-0.8461903381347656
1748973456060,3.959116973876953,5.660778350830078,-1.8974542236328127
1748973456123,5.753884735107422,8.608748016357422,-2.517015838623047
1748973456197,9.208401031494141,8.273894348144532,-5.841602325439453
1748973456260,12.209659881591797,8.197852478027345,-5.303920440673829
1748973456323,8.605454864501954,6.486461334228516,-1.6826509094238282
1748973456396,6.788682861328125,6.344406738281251,-0.3104544067382813
1748973456459,7.124883728027344,6.2032502746582034,-0.7782316589355469
1748973456523,7.717052307128907,5.812712402343751,-1.4904505920410156
1748973456599,8.685089263916016,4.706812133789063,-0.887354736328125
1748973456661,10.69091812133789,6.27300521850586,-0.5351371765136719
1748973456723,12.22073684692383,7.073091430664062,-0.32706985473632816
1748973456795,10.300529937744141,5.770649871826172,0.025297393798828127
1748973456861,9.478888549804688,6.410269775390625,0.15417938232421877
1748973456931,8.825048217773437,5.517376556396485,-0.26914031982421877
1748973456991,8.16507064819336,5.094954986572266,-0.5430706787109375
1748973457056,8.05924072265625,5.27188705444336,-0.33260833740234375
1748973457123,6.954238586425782,5.094505920410157,0.23261627197265627
1748973457197,6.0255697631835945,4.9088919067382815,0.01916015625
1748973457260,5.892496490478516,5.184319152832032,-0.38275405883789065
1748973457323,7.703280944824219,7.5735008239746096,-2.36867431640625
1748973457397,8.514893188476563,8.444988555908203,-6.157295837402344
1748973457460,9.503587188720704,6.4250889587402344,-6.910978546142578
1748973457523,12.045151977539064,6.575077056884766,-4.427492980957031
1748973457596,8.69960906982422,4.818629608154297,0.5239105224609375
1748973457659,7.210505676269531,5.115612030029297,1.684746551513672
1748973457723,4.973557434082031,5.068609771728516,1.3445040893554687
1748973457796,3.8901104736328125,6.780150604248047,-0.81191162109375
1748973457860,7.635921020507813,7.056326293945313,-1.129401397705078
1748973457924,10.494526519775391,5.835614776611329,-1.8922151184082032
1748973457997,11.98752182006836,6.416856079101563,-1.2934602355957032
1748973458058,10.240953826904297,4.404590606689453,0.9306147766113282
1748973458124,11.49938690185547,5.207969970703125,0.9794132995605469
1748973458197,9.944420471191407,4.63481185913086,-0.7833210754394532
1748973458258,9.512718200683594,5.450016632080079,-1.1081455993652345
1748973458324,7.952362976074219,5.36484375,-0.3733236694335938
1748973458397,6.077362060546875,5.054988098144531,0.945883026123047
1748973458459,6.7915269470214845,5.042414245605469,0.47900390625
1748973458524,5.971681823730469,5.065166931152344,0.022004241943359377
1748973458597,10.087971954345704,8.402776336669922,-2.850821685791016
1748973458661,10.122400360107422,6.099066925048828,-6.6452810668945315
1748973458724,9.621541900634766,4.925806732177735,-6.899602203369141
1748973458796,8.7993017578125,4.676125946044922,-4.159999237060547
1748973458859,6.9518435668945315,4.648433532714844,-0.19145187377929687
1748973458924,6.390660552978516,3.6107913208007814,2.041754150390625
1748973458997,7.349117431640625,3.074756011962891,1.3648617553710938
1748973459058,8.945547637939454,3.6634817504882813,0.14624588012695314
1748973459124,9.399553527832031,3.446283416748047,-1.3768368530273438
1748973459198,12.387639770507812,4.601131896972657,-1.8497035217285158
1748973459258,11.298804016113282,3.5666331481933597,-2.1245320129394534
1748973459324,10.792856140136719,4.189038848876954,-0.8273295593261719
1748973459398,9.505084075927735,4.052373046875,-0.08337661743164063
1748973459458,8.716523895263672,3.500321044921875,-0.027692413330078127
1748973459524,8.334069213867188,4.051774291992188,-0.506546630859375
1748973459597,7.984845428466797,4.268523559570313,-0.9586065673828126
1748973459658,7.212002563476563,3.905079345703125,-0.6869215393066407
1748973459724,7.567962341308594,4.364174652099609,-0.9228309631347656
1748973459795,9.37455551147461,5.569168853759766,-2.541265411376953
1748973459861,10.64870590209961,6.62222900390625,-2.8383975219726563
1748973459923,7.3094499206542976,4.265230407714844,-4.055965576171875
1748973459996,9.818382568359375,4.923561401367188,-6.400240631103516
1748973460061,8.972641296386719,5.908213806152344,-4.307143249511719
1748973460124,6.074068908691406,4.896168365478516,-0.30865814208984377
1748973460200,5.785618743896484,6.410718841552734,-0.33485366821289064
1748973460259,4.5797264099121096,7.8270735168457035,-0.6698570251464844
1748973460324,5.037923583984376,6.655010833740235,-1.1644285583496095
1748973460398,8.694968719482421,6.098318481445313,-2.734962615966797
1748973460460,12.651540985107422,7.765850830078126,-4.5638594055175785
1748973460524,11.180549926757813,5.308111724853516,-3.3165032958984377
1748973460596,9.711055755615234,4.801714782714844,-1.2109817504882814
1748973460659,7.85805908203125,2.211800537109375,-0.5110372924804688
1748973460724,8.553213500976563,2.6527835083007814,-0.036374359130859374
1748973460797,10.030192108154298,6.529571685791016,0.08996292114257813
1748973460859,10.363997955322267,6.779851226806641,-0.2920426940917969
1748973460924,7.6966946411132815,4.96487548828125,-0.08547225952148438
1748973460996,6.318959655761719,4.572241973876953,-0.4992118835449219
1748973461059,5.283263397216797,5.146447906494141,-1.4820680236816406
1748973461124,6.142326965332032,6.192023620605469,-2.1212388610839845
1748973461195,7.617658996582032,8.526868286132814,-3.280128936767578
1748973461259,10.320438537597656,8.14635955810547,-6.900799713134766
1748973461323,9.394464111328125,7.098837890625,-5.836063842773438
1748973461398,8.252189483642578,5.288502502441407,-1.648671569824219
1748973461458,7.673492889404297,5.68622543334961,1.0029144287109375
1748973461523,6.081553344726562,5.325475616455078,1.3380674743652345
1748973461597,8.007298736572267,3.3627571105957035,0.22348526000976562
1748973461658,8.548872528076172,3.861819305419922,-0.3153941345214844
1748973461724,10.297386474609375,4.0249800109863285,-1.1422746276855469
1748973461802,13.406271514892579,5.440586242675781,-0.4082011413574219
1748973461859,12.812606048583985,6.837930450439454,0.32048355102539067
1748973461927,11.582464141845703,6.485862579345704,0.19055374145507814
1748973461991,9.103469238281251,5.383105773925782,-0.4543052673339844
1748973462057,7.972421264648438,5.360353088378907,-0.33664993286132816
1748973462124,5.968089294433594,3.9450462341308596,-0.42122406005859375
1748973462197,5.510341186523438,2.6806256103515627,0.7050338745117188
1748973462259,7.51796630859375,2.308798828125,0.12828323364257813
1748973462324,9.103469238281251,2.3340962219238284,-1.031205596923828
1748973462398,14.274466094970704,2.4028033447265624,-5.512137451171875
1748973462461,12.342583465576173,4.758005676269532,-4.203858032226563
1748973462524,10.435100097656251,3.011737060546875,-4.960235137939454
1748973462595,5.660179595947266,2.4435186767578125,0.2915936279296875
1748973462659,8.82894012451172,0.8976832580566406,-1.2289443969726563
1748973462723,8.316106567382812,-0.680185546875,-1.7272581481933595
1748973462796,10.44228515625,-0.2118095397949219,-2.3451731872558597
1748973462859,10.73642349243164,-2.396217041015625,-1.725461883544922
1748973462924,12.003837890625,-1.8022521972656251,-2.422113189697266
1748973462998,14.602733459472656,-0.316142578125,2.6923013305664063
1748973463059,11.087892608642578,-1.0975177001953125,2.7066714477539064
1748973463123,9.899214477539063,0.06855743408203126,2.744243316650391
1748973463196,6.407575378417969,-2.449057159423828,1.5898439025878908
1748973463258,5.256169738769532,-2.5231530761718752,1.92799072265625
1748973463323,5.881569213867188,-3.5618431091308596,0.3610491943359375
1748973463396,4.1463775634765625,-0.8581654357910157,2.8886929321289063
1748973463462,9.181307373046875,3.8883142089843754,-1.312321014404297
1748973463523,9.066196746826172,0.6727011108398437,2.4370820617675784
1748973463596,8.978329467773438,0.8131091308593751,4.211043090820313
1748973463660,8.167615356445314,-3.9965391540527344,13.150603179931641
1748973463723,13.511352996826172,4.154161376953125,16.633710021972657
1748973463795,13.380075988769532,3.063978424072266,3.5516642761230472
1748973463858,7.248526611328125,3.716770935058594,0.199984130859375
1748973463924,8.256829833984375,-0.820294189453125,-2.9150381469726563
1748973463995,5.047503662109375,-1.7676741027832032,1.6281642150878908
1748973464059,6.885381774902344,-6.472390594482422,7.687114562988282
1748973464123,9.114995269775392,-7.023245086669922,8.57267303466797
1748973464196,10.21805145263672,-6.530320129394531,8.03618865966797
1748973464259,9.87945556640625,-5.422922973632812,4.745431823730469
1748973464324,6.649921417236328,-2.498604125976563,2.591111755371094
1748973464399,4.893324279785157,-2.282004547119141,1.0397378540039064
1748973464458,6.408024444580079,-4.201463012695313,1.7979112243652344
1748973464524,8.765921173095704,-5.533692626953125,1.3253439331054688
1748973464597,11.788435821533204,-7.084617462158204,0.8607101440429688
1748973464661,12.378957824707031,-6.7722171020507815,1.2234059143066407
1748973464724,10.159822540283203,-4.24831558227539,0.7554789733886719
1748973464795,9.783056030273437,-5.510790252685547,1.7103433227539064
1748973464860,7.457641754150391,-3.027154998779297,1.6395405578613282
1748973464924,7.417076110839844,-3.3509317016601563,0.8855584716796876
1748973464997,7.117548980712891,-2.898123321533203,0.8985813903808594
1748973465059,7.00543212890625,-3.5477723693847656,1.9510427856445314
1748973465123,9.312434692382814,-4.254901885986328,1.4877561950683595
1748973465198,9.41048080444336,-4.398902435302735,1.8479072570800783
1748973465259,9.715696105957031,-5.052443389892578,1.6887881469726564
1748973465324,10.535840606689455,-3.2311807250976563,2.341131591796875
1748973465396,11.190279693603516,-1.7006135559082032,2.595003662109375
1748973465459,7.6685531616210945,-1.533860321044922,2.2495220947265624
1748973465524,6.911726989746094,-2.0315753173828126,0.5084925842285156
1748973465597,6.703809356689454,-3.1219079589843752,2.412533111572266
1748973465659,8.093070373535157,-2.445464630126953,1.4509327697753907
1748973465724,11.765084381103517,-0.6792874145507812,3.5979180908203126
1748973465797,10.297386474609375,-2.422262878417969,4.9247589111328125
1748973465859,11.465856628417969,-2.745740203857422,3.892505493164063
1748973465924,8.829838256835938,-1.6516653442382814,5.1236952209472655
1748973465996,9.876012725830078,-3.813769226074219,4.931195526123047
1748973466059,7.848479003906251,-0.9607022094726563,2.532733154296875
1748973466123,6.8567912292480475,-0.7086264038085938,0.7176077270507812
1748973466197,6.411766662597657,-1.5193405151367188,0.33679962158203125
1748973466259,8.56833206176758,-3.8601727294921875,0.6665638732910156
1748973466324,10.011031951904297,-3.0563442993164065,2.398462371826172
1748973466398,11.189231872558594,-3.6949163818359376,2.1785696411132816
1748973466457,12.181368713378907,-3.3974848937988282,2.259700927734375
1748973466524,11.528426513671876,-2.0218455505371096,1.4934443664550783
1748973466598,8.661139068603516,-1.5778688049316407,1.9116746520996095
1748973466659,6.408323822021485,-1.4209950256347657,2.109712829589844
1748973466724,6.176006927490235,-3.030747528076172,1.6467256164550783
1748973466798,4.52703598022461,-8.215066680908203,-3.2419583129882814
1748973466862,6.9412156677246095,-12.220138092041017,-6.320157165527344
1748973466923,7.731422424316406,-10.006541290283204,-3.638932800292969
1748973466991,9.382039947509766,-10.388546905517579,-1.6262182617187502
1748973467057,10.67654800415039,-9.560169525146485,2.0052301025390626
1748973467123,9.523795166015626,-5.107528839111328,3.6164794921875
1748973467198,8.37298828125,-4.439318389892579,4.009412384033204
1748973467260,8.91186767578125,-4.582420806884766,2.139351196289063
1748973467324,8.57656494140625,-4.671635284423829,1.7076489257812502
1748973467398,8.841813354492189,-5.509892120361329,1.2496014404296876
1748973467461,9.47320037841797,-5.062472534179688,1.2940589904785156
1748973467524,9.212891693115235,-5.120551757812501,1.8938616943359377
1748973467597,9.0579638671875,-7.440128173828126,2.1010308837890626
1748973467660,6.392007751464844,-7.748936004638672,2.109563140869141
1748973467724,8.314010925292969,-7.500901794433594,-3.047213287353516
1748973467796,8.476722564697265,-8.518785095214843,0.6024971008300781
1748973467859,7.741900634765625,-5.070555725097656,0.4604425048828125
1748973467924,5.440885620117188,-4.462969207763672,0.5128335571289063
1748973467995,7.686216430664063,-5.217250671386719,-0.670455780029297
1748973468058,6.564748535156251,-4.839136962890625,-1.3250445556640627
1748973468123,10.067464599609375,-6.938970336914063,-1.9546353149414064
1748973468196,10.780581665039064,-6.806944885253906,-1.3076806640625
1748973468261,11.604917449951172,-8.352331237792969,-0.9431886291503907
1748973468324,9.388775939941407,-4.463867340087891,-1.5007791137695314
1748973468397,8.115823059082032,-7.0593200683593755,-0.08412506103515625
1748973468458,7.547754364013672,-4.203109588623047,-1.184337158203125
1748973468524,6.482120361328126,-4.013753356933594,-0.7372169494628906
1748973468598,6.523584136962891,-4.6536726379394535,-0.1922003173828125
1748973468658,7.006779327392579,-4.852908325195313,-0.30865814208984377
1748973468724,7.932154998779297,-6.229146423339844,-0.3106040954589844
1748973468797,8.82085693359375,-6.487808532714844,-1.7498611450195314
1748973468858,11.196865997314454,-8.108638000488282,-2.402354278564453
1748973468924,9.189091186523438,-3.48954345703125,-2.069446563720703
1748973468997,9.63082260131836,-4.813091125488281,-2.0098704528808593
1748973469060,6.409820709228516,-3.540736999511719,-1.2542417907714845
1748973469123,6.12690902709961,-3.873644714355469,-1.1302995300292968
1748973469196,7.396718444824219,-5.215005340576172,-1.8317408752441406
1748973469259,7.374564514160157,-4.894072723388672,-1.3183085632324218
1748973469324,8.548573150634766,-5.874833221435547,-1.4277310180664062
1748973469396,10.022557983398437,-6.535708923339844,-1.5513739013671877
1748973469459,10.212662658691407,-5.770500183105469,-1.505419464111328
1748973469524,10.06192611694336,-3.835324401855469,-1.6708255004882813
1748973469595,8.292904815673829,-4.330644378662109,0.2674937438964844
1748973469658,10.780282287597657,-1.969903564453125,-2.8532167053222657
1748973469724,8.37688018798828,-2.242935791015625,-1.6798068237304689
1748973469798,7.2564601135253906,-2.938090209960938,0.3576063537597656
1748973469858,8.503666534423829,-3.389850769042969,-1.1061996459960939
1748973469924,8.569230194091798,-3.2431558227539066,-0.43828857421875
1748973469999,9.733059997558595,-4.632716217041016,-1.2588821411132813
1748973470057,9.733658752441407,-5.712720336914063,-1.4078224182128907
1748973470123,11.170969848632813,-5.61437484741211,-3.119363250732422
1748973470198,8.254883880615235,-2.698139190673828,-2.3034100341796875
1748973470260,9.428144073486328,-5.057981872558594,-2.5239015197753907
1748973470324,7.031328277587891,-3.1998957824707035,-1.0803034973144532
1748973470397,7.117399291992188,-3.9345680236816407,-0.9018745422363281
1748973470459,8.132588195800782,-3.8181101989746096,-1.798360290527344
1748973470524,8.041278076171876,-3.7318894958496096,-1.7295034790039063
1748973470597,9.114695892333986,-3.939358062744141,-2.3773562622070314
1748973470659,10.022258605957031,-4.449497222900391,-2.2972727966308595
1748973470724,10.445278930664063,-3.9582188415527346,-2.411934356689453
1748973470796,11.042387237548828,-4.105213165283203,-2.352208557128906
1748973470859,8.800499267578125,-2.8374993896484377,-1.0157876586914063
1748973470924,9.398056640625,-4.364623718261719,-1.1431727600097656
1748973470996,8.203690338134766,-3.404071197509766,-1.2527449035644531
1748973471060,7.749085693359375,-3.319197692871094,-1.0876382446289063
1748973471123,7.951165466308594,-3.795806579589844,-0.8315208435058594
1748973471198,7.309599609375001,-3.506907348632813,-0.661025390625
1748973471258,7.505841522216797,-4.500990142822266,-0.7548802185058594
1748973471324,8.43286376953125,-5.318589935302735,-1.252445526123047
1748973471398,11.476035461425782,-6.360872497558594,-3.0012588500976562
1748973471457,10.485545196533204,-3.8251455688476566,-2.1772224426269533
1748973471524,7.898025970458985,-2.0357666015625,-1.3491444396972656
1748973471598,9.757459259033203,-4.24921371459961,-1.794917449951172
1748973471659,8.83283203125,-3.4096096801757816,-0.06556365966796876
1748973471724,8.088579711914063,-3.553759918212891,-0.6063890075683595
1748973471798,7.549400939941407,-3.53265380859375,-2.120640106201172
1748973471859,7.416028289794922,-3.366050262451172,-2.314786376953125
1748973471927,8.97309036254883,-3.414998474121094,-2.119741973876953
1748973471991,10.202034759521485,-3.6229161071777347,-2.521506500244141
1748973472058,10.050699462890625,-3.141217803955078,-1.5531701660156252
1748973472123,10.145602111816407,-4.2239163208007815,-0.9710307312011719
1748973472198,9.820178833007812,-2.0612136840820314,-2.0517832946777346
1748973472260,9.618099060058594,-4.593348083496094,-0.17408798217773438
1748973472324,9.42245590209961,-3.136128387451172,-1.5667918395996094
1748973472397,8.415050811767578,-2.8638446044921877,-0.8569679260253906
1748973472459,8.197702789306641,-3.980073394775391,0.13516891479492188
1748973472523,7.889942779541016,-3.5401382446289062,-0.3320095825195313
1748973472596,8.009095001220704,-3.772006072998047,-0.29952713012695314
1748973472659,9.38503372192383,-4.270918579101563,-1.2769944763183594
1748973472724,9.438622283935548,-4.917424163818359,-0.7842192077636719
1748973472798,12.059671783447266,-6.481671295166016,-2.7343638610839847
1748973472860,7.526947631835938,-0.9352551269531251,-2.1113594055175784
1748973472924,6.550079040527344,-4.489314422607422,-4.157604217529297
1748973472997,8.750353546142579,-2.1906944274902345,-5.194348297119141
1748973473057,8.446335754394532,-4.86952377319336,-2.4998016357421875
1748973473123,8.678502960205078,-5.593568115234375,-2.9309051513671878
1748973473198,5.8724382019042976,-5.266049194335938,-2.663112030029297
1748973473259,5.646258544921875,-3.8517901611328127,-4.093387756347656
1748973473324,7.167395324707032,-4.950205993652344,-3.0608349609375
1748973473398,10.697803802490235,-5.454656982421875,-3.2395632934570315
1748973473459,11.126362609863282,-4.686304779052735,-2.7919940185546874
1748973473524,10.909763031005859,-2.954855346679688,-3.112178192138672
1748973473598,8.863069152832031,-3.3058753967285157,-0.38694534301757816
1748973473659,8.958869934082031,-4.241878967285157,-0.24563919067382814
1748973473724,7.96343994140625,-2.398312683105469,-1.9592756652832033
1748973473797,8.04487060546875,-3.4874478149414063,-1.1115884399414062
1748973473859,8.228538665771485,-3.2681538391113283,-0.7801776123046875
1748973473924,8.125552825927734,-3.792214050292969,-1.4349160766601563
1748973473996,9.331295471191407,-4.648583221435547,-2.701132965087891
1748973474058,10.06911117553711,-5.609285430908203,-2.438878326416016
1748973474123,11.148217163085938,-6.159690856933594,-2.705324249267578
1748973474196,8.037236480712892,-1.8706599426269532,-1.6377442932128907
1748973474258,7.185208282470703,-1.895508270263672,-2.586471405029297
1748973474324,9.720037078857422,-4.774172058105469,-2.255659332275391
1748973474398,7.856562194824219,-2.954256591796875,-0.19249969482421875
1748973474458,7.7179504394531255,-4.48153060913086,-0.98914306640625
1748973474524,7.199578399658203,-4.016747131347657,-2.5858726501464844
1748973474595,6.824757843017578,-4.137246551513672,-2.242486724853516
1748973474657,8.770860900878906,-5.266198883056641,-3.0526020812988284
1748973474724,10.587333526611328,-5.122198333740235,-3.30752197265625
1748973474801,11.209739227294923,-5.169050903320313,-2.5993446350097655
1748973474860,10.708282012939454,-2.4779470825195316,-3.184178466796875
1748973474924,8.49408645629883,-2.1656964111328127,-1.2481045532226562
1748973474997,9.19298309326172,-3.319347381591797,-1.0451266479492187
1748973475059,8.2819775390625,-2.5902136230468753,-1.102906494140625
1748973475123,8.249046020507812,-3.2564781188964846,-0.46702880859375
1748973475197,8.297994232177734,-2.7749295043945312,-0.8223898315429687
1748973475261,8.96261215209961,-3.91585693359375,-0.9624984741210938
1748973475324,9.111402740478516,-3.7142262268066406,-1.7658778381347657
1748973475397,10.52266799926758,-4.899012451171875,-2.355052642822266
1748973475459,11.54773635864258,-4.860392761230469,-3.1654673767089845
1748973475524,8.84196304321289,-0.839304656982422,-2.032024383544922
1748973475597,9.675579528808594,-3.403921508789063,-2.8762687683105472
1748973475659,7.922275543212891,-2.9151878356933594,-1.1600875854492188
1748973475724,7.344626770019532,-3.33626220703125,-1.313668212890625
1748973475796,7.1313203430175784,-2.9581484985351563,-1.9850221252441407
1748973475858,6.931934967041016,-2.631976776123047,-2.6197023010253906
1748973475924,8.358318786621094,-3.5257681274414066,-3.5137930297851563
1748973475997,10.48434768676758,-3.754043426513672,-3.2524365234375003
1748973476059,12.14649124145508,-3.6943176269531253,-3.6179763793945314
1748973476123,11.046428833007813,-1.206042022705078,-2.844834136962891
1748973476198,10.109078063964844,-3.0362860107421876,-1.144669647216797
1748973476257,10.418634338378906,-1.7875827026367188,-1.9119740295410157
1748973476324,8.711883544921875,-2.3466700744628906,-1.4732363891601563
1748973476397,8.80738494873047,-2.9785061645507813,-0.3276686096191406
1748973476457,8.610693969726563,-2.6095234680175783,-1.7405804443359376
1748973476524,7.075486450195313,-2.5727000427246094,-1.9669097900390626
1748973476597,7.497458953857422,-2.7750791931152343,-2.433190155029297
1748973476658,9.513915710449218,-3.6624339294433597,-2.1366567993164063
1748973476724,12.031829681396484,-3.8709503173828126,-3.7785923767089846
1748973476798,11.009455718994142,-1.5284715270996094,-2.9202772521972657
1748973476859,8.288114776611328,-2.043101348876953,-1.6804055786132814
1748973476924,10.258018341064453,-3.6356396484375,-2.1580622863769534
1748973476990,8.101153564453126,-2.1838087463378906,-1.0789562988281252
1748973477058,7.116800537109375,-2.685864715576172,-0.9644444274902344
1748973477123,7.447163543701172,-2.801125030517578,-2.3077510070800784
1748973477197,8.234376525878906,-3.0386810302734375,-3.2000454711914066
1748973477258,8.473429412841798,-2.587668914794922,-2.545307006835938
1748973477324,10.317594451904297,-3.6646792602539064,-2.532733154296875
1748973477396,10.944790191650391,-3.523223419189453,-1.9455043029785157
1748973477459,12.298425292968751,-2.352807312011719,-3.1748977661132813
1748973477524,10.584788818359376,-2.600691833496094,-1.2898677062988282
1748973477596,9.457033996582032,-1.7556990051269532,-2.039658508300781
1748973477658,8.049510955810547,-2.5107289123535157,-2.118394775390625
1748973477724,7.1596115112304695,-2.4721092224121093,-0.9469308471679688
1748973477798,7.926017761230469,-2.9904812622070316,-2.1749771118164065
1748973477859,7.453450469970703,-2.6887088012695313,-1.8444644165039064
1748973477924,8.180189208984375,-2.751578063964844,-2.2614971923828127
1748973477997,9.989925842285157,-4.188889160156251,-2.6743386840820316
1748973478059,12.46128662109375,-4.136348419189454,-4.09593246459961
1748973478124,10.786120147705079,-2.6948460388183597,-2.7565177917480472
1748973478197,9.246122589111328,-2.7261309814453125,-2.830613708496094
1748973478258,9.165140991210938,-2.9199778747558596,-2.6123675537109374
1748973478324,7.347919921875,-2.6735902404785157,-1.3671070861816408
1748973478398,7.072792053222656,-2.8648924255371093,-2.495460662841797
1748973478457,7.15871337890625,-2.9966184997558596,-2.3082000732421877
1748973478524,7.290589141845704,-2.980751495361328,-2.549348602294922
1748973478597,8.183931427001953,-3.1249017333984375,-3.279979248046875
1748973478658,11.148217163085938,-4.428989868164063,-3.7250038146972657
1748973478724,11.696077880859375,-3.507206726074219,-2.1975801086425784
1748973478797,12.519964599609375,-2.8372000122070316,-2.8568092346191407
1748973478860,9.765542449951173,-2.630629577636719,-1.528920593261719
1748973478924,9.788295135498048,-4.25400375366211,-0.9394464111328126
1748973478996,8.134534149169923,-2.1787193298339846,-1.9664607238769531
1748973479059,6.949598236083984,-2.0770806884765625,-0.22602996826171876
1748973479123,7.05812255859375,-2.7734326171875003,-0.4195774841308594
1748973479195,7.711513824462891,-3.18298095703125,-2.0357666015625
1748973479259,8.8519921875,-3.1043943786621093,-2.259401550292969
1748973479324,11.223660278320313,-5.161566467285157,-2.9392877197265626
1748973479395,11.799063720703126,-4.351900177001953,-3.2817755126953125
1748973479457,9.240284729003907,-2.3538551330566406,-1.8958076477050783
1748973479524,10.267598419189454,-3.4143997192382813,-2.921474761962891
1748973479595,7.421117706298829,-3.013832702636719,-1.977986755371094
1748973479657,5.52815414428711,-3.2287857055664064,-1.717079315185547
1748973479724,6.528523864746094,-4.181404724121094,-1.4257850646972656
1748973479798,7.825876007080079,-4.055815887451172,-2.5956024169921874
1748973479857,8.155789947509765,-3.843557281494141,-2.1270767211914063
1748973479924,10.070757751464845,-3.471281433105469,-4.875361633300781
1748973479996,10.566676483154298,-3.7946090698242188,-3.3687446594238284
1748973480057,10.665620727539062,-2.7857070922851563,-3.9781274414062504
1748973480123,10.149194641113281,-3.6615357971191407,-1.8303936767578126
1748973480196,9.57184524536133,-2.2998175048828124,-2.240391082763672
1748973480260,7.060517578125,-1.4569203186035158,-1.755399627685547
1748973480324,7.388485565185547,-2.596051483154297,-1.555565185546875
1748973480396,8.201145629882813,-3.0961614990234376,-1.7438735961914062
1748973480458,8.299940185546875,-3.073708190917969,-2.123184814453125
1748973480524,9.295370178222656,-3.8615199279785157,-2.496658172607422
1748973480597,9.696386260986328,-3.6839891052246094,-2.9928762817382815
1748973480658,13.14581314086914,-6.2084893798828125,-3.9302270507812502
1748973480724,9.778265991210938,0.18546432495117188,-3.3450938415527345
1748973480795,9.980196075439453,-2.210453338623047,-3.7805383300781252
1748973480859,8.4927392578125,-2.2625450134277343,-2.9969178771972658
1748973480924,6.75200912475586,-3.798201599121094,-1.841470642089844
1748973480995,6.802603912353516,-3.7990997314453128,-2.4963587951660156
1748973481057,7.045997772216797,-3.3757800292968754,-3.070265350341797
1748973481123,8.117769012451172,-4.0056701660156255,-3.3681459045410156
1748973481198,9.30944091796875,-2.9987141418457033,-3.8645137023925784
1748973481257,9.692494354248048,-3.7077896118164064,-3.044668579101563
1748973481324,11.062295837402344,-3.2459999084472657,-3.464096374511719
1748973481398,10.767858123779298,-1.5620018005371095,-3.089425506591797
1748973481457,10.008187866210937,-3.7519477844238285,-1.5049703979492188
1748973481524,8.977281646728516,-1.9293379211425783,-2.172881469726563
1748973481599,7.510182495117188,-1.969753875732422,-1.2472064208984375
1748973481659,7.796686706542969,-2.0133132934570312,-1.6100518798828125
1748973481724,8.732390899658203,-2.5975483703613285,-2.2347029113769534
1748973481798,9.351653137207032,-3.3736843872070312,-2.2709275817871095
1748973481861,8.798553314208984,-3.716471557617188,-2.592458953857422
1748973481924,9.287736053466798,-4.97924560546875,-3.2708482360839843
1748973481990,11.28772705078125,-5.372777252197266,-3.98291748046875
1748973482058,9.636361083984376,-3.882027282714844,-3.4254766845703126
1748973482123,9.176217956542969,-4.85949462890625,-3.8176611328125003
1748973482197,5.958209838867188,-4.843178558349609,-1.3949491882324219
1748973482258,4.296215972900391,-4.209995269775391,-1.620230712890625
1748973482324,6.226601715087891,-4.38093978881836,-1.9561322021484375
1748973482396,8.128995666503906,-5.169499969482422,-3.3489857482910157
1748973482460,10.273286590576172,-5.820047149658204,-3.451073455810547
1748973482524,12.093950500488281,-7.8041711425781255,-2.675386505126953
1748973482597,11.333382110595704,-6.314468994140626,-2.8515701293945312
1748973482660,7.791597290039063,-5.138664093017578,-3.191213836669922
1748973482724,10.116412811279297,-7.060068511962891,-2.0215461730957034
1748973482796,8.189320220947266,-4.436773681640625,-1.0735675048828126
1748973482858,4.884043579101562,-2.6589207458496094,0.23381378173828127
1748973482924,4.5972399902343755,-1.3127700805664062,-0.17603393554687502
1748973482997,5.512736206054687,-2.219734039306641,-0.7442523193359375
1748973483058,7.878566436767579,-2.871179351806641,-0.5929170227050782
1748973483123,10.10024642944336,-4.2818458557128904,-0.671802978515625
1748973483197,11.95638656616211,-4.82596435546875,-1.7154327392578126
1748973483258,12.21025863647461,-5.885311431884766,-1.6916322326660158
1748973483324,11.866423645019532,-6.2562400817871096,-2.4002586364746095
1748973483397,8.69481903076172,-4.580025787353516,0.6515950012207031
1748973483458,5.984854431152344,-5.19240234375,-2.7991790771484375
1748973483524,6.183191986083985,-5.613626403808594,-0.7854167175292969
1748973483597,5.673950958251954,-5.549409942626953,-1.4328204345703126
1748973483659,5.567971343994141,-4.1324565124511725,-1.8723065185546877
1748973483724,6.537056121826172,-4.056115264892578,-2.349364471435547
1748973483797,8.17509979248047,-5.270839233398438,-2.1474343872070314
1748973483857,9.001680908203125,-4.9097900390625,-2.907703399658203
1748973483924,9.377698974609375,-5.326074371337891,-2.6541307067871096
1748973483995,10.298883361816406,-5.511089630126953,-3.311114501953125
1748973484057,8.696465606689454,-4.126319274902344,-1.6732205200195314
1748973484123,9.454489288330079,-5.25706787109375,-2.1215382385253907
1748973484196,9.015003204345703,-4.340972900390625,-1.477577362060547
1748973484258,7.688162384033204,-4.1623942565917975,-1.052611083984375
1748973484324,6.133944396972656,-2.896776123046875,-0.3998185729980469
1748973484396,7.042105865478516,-3.4158966064453127,-1.191372528076172
1748973484460,8.226143646240235,-3.942800903320313,-1.165027313232422
1748973484524,9.138047332763673,-3.4504747009277343,-2.053130493164063
1748973484597,9.648635559082031,-4.194727020263672,-1.6178356933593752
1748973484658,11.783795471191407,-5.790109405517579,-3.110681304931641
1748973484724,11.30643814086914,-5.900579681396485,-2.2267694091796875
1748973484796,10.112071838378906,-3.6133360290527348,-3.013982391357422
1748973484858,8.106841735839843,-2.7750791931152343,-2.043999481201172
1748973484924,8.559949493408203,-3.147205352783203,-1.37953125
1748973484996,7.157216491699219,-2.9907806396484378,-1.1413764953613281
1748973485057,6.79272445678711,-3.464246063232422,-1.4639556884765625
1748973485124,7.4197705078125,-3.8863682556152344,-2.1260289001464843
1748973485197,7.994724884033204,-4.705165557861329,-1.4416520690917969
1748973485257,7.5170681762695315,-3.989803161621094,-2.542163543701172
1748973485324,8.178243255615234,-4.254901885986328,-2.4872277832031253
1748973485397,9.382039947509766,-4.663402404785156,-2.8876451110839847
1748973485457,10.192604370117188,-4.635859680175781,-2.518213348388672
1748973485524,11.632460174560547,-5.211263122558594,-2.745889892578125
1748973485596,10.682984619140626,-4.146527252197266,-2.6457481384277344
1748973485659,9.78170883178711,-4.243076477050781,-1.391356658935547
1748973485724,8.548872528076172,-2.800675964355469,-1.5091616821289062
1748973485797,6.0255697631835945,-2.622247009277344,-0.5498066711425782
1748973485858,6.160738677978516,-2.712209930419922,-0.7689509582519531
1748973485924,7.630681915283204,-4.169878692626954,-0.8846603393554688
1748973485996,8.969048767089845,-3.8121226501464847,-0.9979747009277344
1748973486058,10.37133270263672,-4.902155914306641,-1.4398558044433594
1748973486124,11.05151824951172,-5.734275512695313,-2.114652557373047
1748973486196,11.394904174804688,-6.89092025756836,-2.1534219360351563
1748973486258,8.856782226562501,-5.099595336914063,-2.0246896362304687
1748973486324,8.307873687744141,-4.630919952392579,-1.8862275695800783
1748973486397,7.938591613769532,-2.898871765136719,-3.337010650634766
1748973486458,5.363047485351562,-2.168839874267578,-1.9763401794433595
1748973486524,4.544399871826172,-2.795885925292969,-1.8544935607910158
1748973486598,8.02900360107422,-5.439688110351563,-3.3392559814453127
1748973486658,8.329279174804688,-5.1133666992187505,-3.2430061340332035
1748973486724,8.585396575927735,-5.87782699584961,-3.4494268798828127
1748973486797,9.649533691406251,-6.743925933837891,-3.010240173339844
1748973486858,11.585757293701173,-8.745862884521484,-4.019291839599609
1748973486923,7.428602142333985,-4.469854888916016,-2.7032286071777345
1748973486990,6.697672119140625,-4.729564819335938,-2.4710614013671877
1748973487057,5.667664031982422,-3.842359771728516,-1.4491365051269531
1748973487124,6.693780212402344,-3.9532791137695313,-1.2620256042480469
1748973487197,8.432714080810547,-5.3350556945800784,-0.28261230468750004
1748973487259,8.800948333740235,-3.151246948242188,-0.07888595581054687
1748973487324,9.32096694946289,-3.3286280822753906,0.7334747314453125
1748973487396,10.09111541748047,-3.858226776123047,-1.3346246337890626
1748973487459,12.337494049072266,-4.388573913574219,-1.8191670227050782
1748973487524,10.84075653076172,-5.694158935546875,0.06481521606445313
1748973487595,8.499325561523438,-4.79288314819336,0.09580078125000001
1748973487658,8.750054168701173,-5.2311717224121095,-2.05732177734375
1748973487724,5.4845947265625,-4.742438049316407,-0.8211923217773438
1748973487797,4.300107879638672,-3.2602203369140628,-1.3916560363769532
1748973487858,7.00827621459961,-4.481680297851563,-1.342408447265625
1748973487924,10.913056182861329,-5.5994059753417975,-2.7714866638183597
1748973487996,7.140002288818359,-4.648433532714844,-0.16390914916992189
1748973488058,8.175848236083985,-4.109853515625,-2.6914031982421878
1748973488124,8.516689453125,-4.044888610839844,-1.3391152954101564
1748973488196,9.874665527343751,-4.3822869873046875,-2.0904029846191405
1748973488257,12.04829544067383,-7.485932922363282,-1.9079324340820314
1748973488324,12.136312408447266,-5.154680786132813,-2.7631040954589845
1748973488399,8.950786743164063,-4.950205993652344,-1.4660513305664062
1748973488460,7.601941680908204,-3.5087036132812504,-0.15881973266601562
1748973488524,6.968758392333985,-3.35063232421875,0.018860778808593753
1748973488599,6.55995849609375,-3.5293606567382816,0.5358856201171875
1748973488660,6.831194458007813,-3.3561708068847658,0.961450653076172
1748973488724,8.379873962402344,-4.241130523681641,0.6985972595214844
1748973488798,9.077872467041017,-3.9520816040039066,-0.6092330932617188
1748973488857,9.201665039062501,-3.8681062316894534,-1.1660751342773439
1748973488924,10.054441680908203,-4.488266601562501,-1.1189231872558594
1748973488997,11.652518463134767,-6.28977035522461,-0.4602928161621094
1748973489058,11.554771728515625,-5.757477264404297,-1.281036071777344
1748973489124,8.464597778320313,-5.0602272033691404,-1.1511062622070314
1748973489197,7.500303039550782,-5.485941925048828,-2.6878106689453127
1748973489259,5.472320251464844,-4.550836486816406,-2.093097381591797
1748973489323,4.062701568603516,-3.943399658203125,-1.5828085327148438
1748973489396,6.61070297241211,-5.9267752075195315,-1.17116455078125
1748973489458,8.350235595703126,-6.70889877319336,-0.9283694458007813
1748973489524,7.523504791259766,-5.267396392822266,-1.4425502014160156
1748973489597,7.601043548583985,-4.728067932128907,-2.608026580810547
1748973489657,8.449329528808594,-5.007387084960937,-2.2888902282714847
1748973489724,9.48951644897461,-5.459147644042969,-2.738255767822266
1748973489800,12.31893264770508,-7.056475982666016,-2.332299957275391
1748973489858,10.897638244628906,-5.920188903808594,-2.1442909240722656
1748973489924,7.904312896728516,-6.9940557861328125,-1.4521302795410156
1748973489997,5.7543338012695315,-5.912255401611328,-0.28994705200195314
1748973490057,5.972280578613281,-4.765340423583985,-0.6327342224121094
1748973490124,6.558461608886719,-4.411326599121094,0.10807525634765626
1748973490198,7.052584075927735,-3.161276092529297,0.09804611206054688
1748973490257,8.76143051147461,-4.481380920410157,-1.2759466552734375
1748973490324,8.586893463134766,-3.9712417602539065,-1.3566288757324219
1748973490397,9.292825469970703,-4.8226712036132815,-1.8652711486816407
1748973490457,9.79847396850586,-5.1500404357910154,-1.8221607971191407
1748973490524,10.904673614501954,-6.389612731933594,-1.0054591369628907
1748973490598,10.27508285522461,-4.333488464355469,-2.1272264099121094
1748973490657,9.423803100585937,-3.509601745605469,-2.4508534240722657
1748973490724,8.010442199707033,-4.329297180175781,-2.3260130310058593
1748973490797,5.330115966796876,-3.5549574279785157,-1.354383544921875
1748973490859,5.660778350830078,-3.9576200866699223,-1.580413513183594
1748973490924,8.173752593994141,-5.140460357666016,-2.091899871826172
1748973490997,8.42852279663086,-4.971611480712891,-2.2252725219726566
1748973491057,7.78186752319336,-3.6515066528320315,-1.9471508789062502
1748973491124,7.957901458740235,-3.7052449035644535,-2.6890081787109374
1748973491199,9.170829162597657,-3.8975949096679687,-2.355052642822266
1748973491257,9.639055480957031,-3.224893798828125,-2.717898101806641
1748973491324,9.88379653930664,-4.652924194335938,-3.23088134765625
1748973491398,10.332713012695313,-4.620591430664063,-2.109712829589844
1748973491457,8.611891479492188,-2.927611999511719,-1.6423846435546876
1748973491524,7.619305572509766,-3.789819030761719,-0.4673281860351563
1748973491598,8.822054443359375,-3.7517980957031254,-1.320853271484375
1748973491659,8.940308532714845,-3.6585420227050784,-1.1413764953613281
1748973491724,8.995843048095704,-3.1963032531738285,-1.464404754638672
1748973491799,8.692274322509766,-3.243904266357422,-1.3585748291015625
1748973491858,8.828191680908203,-3.677253112792969,-1.3784834289550782
1748973491924,8.95018798828125,-3.993545379638672,-1.9251466369628907
1748973491990,9.289083251953125,-5.108127593994141,-2.2662872314453124
1748973492057,10.251132659912109,-6.018833770751954,-2.801574096679688
1748973492124,8.24455535888672,-3.553759918212891,-1.5024256896972656
1748973492198,6.847510528564453,-3.485651550292969,-1.640438690185547
1748973492258,9.571695556640625,-5.107678527832031,-3.1449600219726563
1748973492324,7.630831604003907,-4.653073883056641,-1.0624905395507813
1748973492397,7.687264251708985,-4.760700073242187,-2.411485290527344
1748973492458,7.356003112792969,-4.639003143310547,-1.773362274169922
1748973492525,8.2628173828125,-4.2432261657714845,-2.1032762145996093
1748973492597,8.015980682373048,-3.4521212768554688,-2.3215223693847657
1748973492658,8.489745483398439,-4.008963317871094,-1.7955162048339846
1748973492725,10.299332427978516,-5.27143798828125,-2.334994354248047
1748973492798,12.77353729248047,-7.264992370605469,-2.2685325622558596
1748973492859,9.986183624267579,-5.040168914794922,-1.6471746826171876
1748973492924,6.970255279541016,-6.6312103271484375,-2.042502593994141
1748973492994,6.284680938720704,-5.627697143554688,-0.2561174011230469
1748973493057,7.098837890625,-6.05266342163086,0.005239105224609375
1748973493124,7.328011322021485,-5.062322845458985,-0.43529479980468755
1748973493200,7.558382263183594,-4.481979675292969,-0.058977355957031255
1748973493257,8.38825653076172,-4.251758422851562,-0.9514215087890625
1748973493324,8.509803771972656,-4.219575347900391,-0.6668632507324219
1748973493398,8.523275756835938,-4.550237731933594,-0.5508544921875
1748973493457,9.970615997314454,-6.161636810302735,-0.8116122436523437
1748973493527,10.142758026123047,-6.4798750305175785,-1.2341835021972656
1748973493598,9.248367919921876,-6.028563537597656,-0.5822891235351563
1748973493657,7.976462860107422,-5.878874816894531,-1.6914825439453125
1748973493726,7.649542694091798,-5.612877960205078,-1.3061837768554687
1748973493797,7.075636138916016,-5.619464263916016,-0.8851094055175782
1748973493857,6.581214294433594,-5.118007049560547,-1.3015434265136718
1748973493925,6.611750793457031,-4.469256134033204,-0.9199868774414063
1748973493992,6.9518435668945315,-4.602628784179688,-1.5775694274902345
1748973494058,7.837102661132813,-4.6536726379394535,-1.8291961669921877
1748973494124,8.76187957763672,-5.201683044433594,-1.9239491271972657
1748973494196,9.335486755371095,-5.261558532714844,-2.041604461669922
1748973494258,11.76957504272461,-7.363337860107422,-2.0609143066406252
1748973494324,9.308991851806642,-5.353617095947266,-2.2144949340820315
1748973494396,7.385791168212891,-5.288502502441407,-1.8185682678222657
1748973494458,6.23947494506836,-4.101620635986328,-1.1526031494140625
1748973494524,6.4535298156738286,-4.244124298095703,-0.7714956665039063
1748973494597,7.775430908203125,-4.686903533935547,-0.45415557861328126
1748973494657,8.256530456542968,-4.116739196777344,0.14669494628906252
1748973494724,8.382867736816406,-4.097728729248047,-0.38170623779296875
1748973494802,9.473050689697265,-4.626578979492188,-0.8559201049804688
1748973494859,10.112670593261718,-4.894521789550781,-1.1044033813476564
1748973494924,10.655741271972657,-6.776857452392578,-0.8743318176269532
1748973494994,9.387428741455079,-6.928641815185547,-0.199984130859375
1748973495058,8.264164581298829,-7.108717346191407,-1.4629078674316407
1748973495124,6.089935913085938,-6.595734100341797,-2.430795135498047
1748973495198,5.516628112792969,-5.901926879882812,-2.638862457275391
1748973495257,5.176834716796876,-4.944517822265626,-2.5797354125976564
1748973495324,6.886429595947266,-4.375550994873047,-2.048789520263672
1748973495397,8.457861785888673,-4.604874114990235,-2.1139041137695314
1748973495463,8.36625228881836,-4.334536285400391,-1.7657281494140626
1748973495524,8.721463623046876,-4.506229248046875,-2.23934326171875
1748973495598,8.762178955078125,-4.2890309143066405,-2.3113435363769534
1748973495657,10.044562225341798,-6.069578247070313,-2.2339544677734375
1748973495724,9.682016143798828,-4.748126220703125,-3.2156130981445314
1748973495797,9.191186828613281,-4.029470672607422,-3.973038024902344
1748973495857,9.91148895263672,-5.105732574462891,-2.448458404541016
1748973495924,8.024213562011719,-4.607269134521484,-1.2531939697265626
1748973495992,6.532864837646485,-2.78540771484375,-1.2084370422363282
1748973496057,6.346203002929688,-3.8432579040527344,-1.184486846923828
1748973496124,7.700586547851563,-4.349954223632813,0.04655319213867188
1748973496198,8.798703002929688,-5.232219543457031,-0.04580474853515625
1748973496257,9.058712310791016,-4.726421356201172,-0.5158273315429688
1748973496324,8.397237854003906,-4.324207763671875,-1.6697776794433594
1748973496397,11.249556427001954,-7.544610900878907,-3.148253173828125
1748973496457,11.014096069335938,-7.627688140869141,-2.407892761230469
1748973496524,8.061486053466798,-4.887336730957031,-1.8916163635253906
1748973496598,7.3408845520019534,-5.1043853759765625,-3.2467483520507816
1748973496658,4.46955551147461,-4.037104797363281,-2.299069061279297
1748973496724,4.4087818908691405,-3.140768737792969,-2.2580543518066407
1748973496799,6.948849792480469,-4.546046447753906,-2.241887969970703
1748973496859,9.147477722167968,-4.8719187927246095,-2.750829620361328
1748973496924,10.128387908935547,-4.258943481445312,-3.1055918884277345
1748973496990,9.93499008178711,-4.026177520751953,-3.540437622070313
1748973497058,11.526929626464844,-5.996679840087891,-3.1847772216796875
1748973497124,9.75536361694336,-3.4778677368164064,-3.4284704589843753
1748973497198,8.594677276611328,-3.314108276367188,-2.90515869140625
1748973497258,7.872279510498047,-3.3617092895507814,-1.6139437866210937
1748973497324,7.44177474975586,-2.262844390869141,-1.5814613342285158
1748973497399,7.2932835388183594,-2.190095672607422,-1.397344207763672
1748973497459,8.174800415039062,-3.4814602661132814,-1.512454833984375
1748973497526,9.009764099121094,-3.6027081298828127,-2.1544697570800784
1748973497598,9.71943832397461,-3.832630004882813,-2.276016998291016
1748973497658,9.867330780029297,-4.524042205810547,-2.489622802734375
1748973497725,10.959908752441407,-7.130122833251954,-2.4707620239257815
1748973497798,9.294322357177736,-4.995112609863281,-2.5400679016113283
1748973497859,9.215436401367189,-3.9942938232421876,-4.5619134521484375
1748973497925,8.369096374511718,-4.44800033569336,-3.6637811279296875
1748973497995,4.655468902587891,-2.9270132446289066,-2.4867787170410156
1748973498057,4.831951904296875,-1.2241543579101564,-4.535119171142578
1748973498125,7.565417633056641,-3.4431399536132816,-1.8724562072753907
1748973498198,9.596693572998047,-4.382586364746094,-3.2986903381347656
1748973498257,8.810378723144531,-3.9146594238281254,-2.322121124267578
1748973498324,10.259515228271486,-4.4691064453125,-4.234693908691407
1748973498398,11.159743194580079,-4.855003967285157,-3.6286042785644534
1748973498457,9.413923645019532,-3.203188934326172,-3.253783721923828
1748973498524,9.45119613647461,-3.728895721435547,-2.784958648681641
1748973498598,7.718998260498047,-2.5640180969238284,-1.505120086669922
1748973498658,7.301815795898438,-2.6958938598632813,-1.3454022216796875
1748973498725,7.733368377685547,-3.4820590209960938,-1.036893768310547
1748973498797,8.349786529541015,-3.7821849060058597,-1.1370355224609376
1748973498857,8.104596405029298,-3.557502136230469,-0.8890013122558594
1748973498924,8.13483352661133,-3.5319053649902346,-1.3645623779296876
1748973498992,8.59377914428711,-4.259242858886719,-1.9571800231933594
1748973499057,9.687554626464845,-4.198768615722656,-2.7797195434570314
1748973499124,11.035651245117188,-6.594686279296876,-2.345472564697266
1748973499197,10.551108856201173,-6.832391967773438,-2.4742048645019534
1748973499258,9.423803100585937,-4.434528350830078,-2.6743386840820316
1748973499324,8.724307708740234,-4.590054931640625,-2.9545559692382812
1748973499397,7.607180786132813,-4.007466430664063,-1.144519958496094
1748973499457,5.3332594299316405,-3.697610778808594,-0.40745269775390625
1748973499524,5.226830749511719,-3.665577392578125,-1.2433145141601563
1748973499597,7.390581207275391,-4.914729766845704,-1.209335174560547
1748973499658,9.273815002441406,-5.529351654052735,-1.761387176513672
1748973499724,9.415121154785156,-4.971461791992188,-2.2977218627929688
1748973499797,11.514505462646484,-7.075935516357422,-3.0226643371582034
1748973499858,9.370214538574219,-4.46955551147461,-2.0148101806640626
1748973499924,8.3586181640625,-6.006858673095704,-2.6614654541015628
1748973499992,6.688840484619141,-4.832999725341797,-1.5349081420898438
1748973500057,6.789281616210938,-4.384831695556641,-1.4846127319335938
1748973500126,6.893015899658203,-3.9309754943847657,-0.19534378051757814
1748973500198,7.803123321533204,-4.778812408447266,-1.1987072753906252
1748973500257,7.770491180419922,-4.0583605957031255,-0.8957373046875
1748973500324,8.135432281494142,-3.4816099548339845,-1.24541015625
1748973500398,8.879684600830078,-3.473975830078125,-1.7634828186035156
1748973500458,10.089618530273437,-3.89669677734375,-1.9405645751953127
1748973500524,9.752220153808594,-3.7497024536132812,-1.5145504760742188
1748973500598,8.97698226928711,-4.596192169189453,-1.0267149353027345
1748973500658,8.053552551269531,-3.9170544433593752,-1.6859440612792969
1748973500724,9.643097076416016,-5.989494781494141,-2.1243823242187503
1748973500798,11.427386627197267,-6.860084381103516,-2.5200096130371095
1748973500857,10.695708160400391,-5.898034973144531,-2.4673191833496095
1748973500926,8.074359283447267,-4.267026672363281,-1.8516494750976564
1748973500992,7.0064799499511725,-3.083437957763672,-3.2922537231445315
1748973501057,6.67297348022461,-2.5258474731445313,-1.9107765197753908
1748973501124,5.932762756347657,-2.4972569274902345,-2.085912322998047
1748973501199,7.301815795898438,-4.233496398925782,-1.985321502685547
1748973501257,8.41175765991211,-4.251758422851562,-2.5081842041015627
1748973501324,10.36414764404297,-5.060975646972657,-3.539389801025391
1748973501397,9.478738861083984,-4.827610931396484,-2.1031265258789062
1748973501457,12.701836395263673,-6.203699340820313,-3.400628356933594
1748973501524,9.805359649658204,-3.450774078369141,-2.552641754150391
1748973501598,9.128467254638672,-4.190984802246094,-1.8781443786621095
1748973501659,7.792196044921876,-2.762205963134766,-1.5296690368652344
1748973501724,6.486461334228516,-1.9172131347656252,-0.9563612365722657
1748973501798,6.667135620117188,-2.665507049560547,-0.9788145446777344
1748973501859,8.524772644042969,-4.062551879882813,-1.5899935913085939
1748973501924,8.733738098144531,-3.6675233459472656,-1.447489929199219
1748973501990,8.564739532470703,-3.3286280822753906,-1.041534118652344
1748973502057,8.782835998535157,-3.6922219848632816,-1.9990928649902344
1748973502126,9.367071075439453,-4.713997192382813,-2.135010223388672
1748973502199,10.704839172363283,-5.3386482238769535,-2.9820986938476564
1748973502259,9.440119171142578,-3.7592825317382816,-2.5339306640625003
1748973502325,6.945856018066406,-2.216141510009766,-2.1971310424804686
1748973502398,8.870254211425781,-4.8103967285156255,-2.103725280761719
1748973502459,8.4256787109375,-4.258494415283203,-1.6958235168457032
1748973502524,7.898325347900391,-4.480033721923828,-2.4433689880371094
1748973502599,7.110513610839844,-4.698579254150391,-2.3632855224609375
1748973502659,6.7060546875,-4.320465545654297,-2.376009063720703
1748973502725,7.782615966796875,-4.54769302368164,-2.904709625244141
1748973502797,9.110654296875001,-4.579876098632813,-2.891836395263672
1748973502857,9.917326812744141,-4.774022369384766,-2.5599765014648437
1748973502925,10.045610046386718,-4.177812194824219,-2.4050486755371097
1748973502995,9.844727783203126,-3.446283416748047,-2.9666807556152346
1748973503058,9.63561264038086,-2.595752105712891,-2.711461486816406
1748973503125,9.422755279541017,-3.94938720703125,-0.9373507690429688
1748973503199,9.067244567871095,-3.4190400695800784,-0.9648934936523438
1748973503258,8.158035278320312,-3.2132180786132816,-0.7875123596191407
1748973503324,8.50516342163086,-3.744313659667969,-1.4579681396484376
1748973503397,8.720864868164062,-4.189038848876954,-1.345851287841797
1748973503458,9.384734344482423,-4.062252502441407,-1.1276051330566408
1748973503525,9.933642883300783,-4.015549621582031,-1.7119898986816406
1748973503598,11.24551483154297,-6.2191172790527345,-2.6096731567382814
1748973503657,10.67939208984375,-6.317313079833984,-1.9978953552246095
1748973503725,9.906848602294922,-2.8002268981933596,-1.9690054321289063
1748973503797,9.656868438720704,-2.7690916442871094,-2.514920196533203
1748973503857,8.646619262695314,-2.980901184082031,-2.1751268005371096
1748973503924,6.967860260009766,-2.4285498046875,-1.4784754943847658
1748973503992,5.761069793701172,-2.5725503540039063,-0.8791218566894532
1748973504057,7.426057434082032,-3.7675154113769533,-1.0818003845214845
1748973504124,8.659043426513673,-3.798201599121094,-1.6491206359863282
1748973504199,7.912246398925782,-2.6743386840820316,-1.7862355041503908
1748973504258,8.550968170166016,-3.273842010498047,-1.5367044067382813
1748973504324,9.716444549560547,-3.3416510009765625,-2.1906944274902345
1748973504398,12.020453338623048,-4.398902435302735,-2.5039929199218753
1748973504458,14.178665313720703,-5.3528686523437505,-3.138224029541016
1748973504524,10.669662322998047,-2.1076171875000003,-2.250120849609375
1748973504598,9.13026351928711,-3.014880523681641,-2.101629638671875
1748973504657,7.0415071105957034,-1.8815872192382814,-1.620081024169922
1748973504724,6.558162231445313,-1.4135105895996094,-0.8328680419921876
1748973504797,7.286846923828126,-2.7892996215820314,-1.0075547790527344
1748973504859,8.370593261718751,-3.155288543701172,-1.3946498107910157
1748973504924,9.131760406494141,-3.573219451904297,-0.647852783203125
1748973504992,10.879525909423828,-4.25115966796875,-2.176024932861328
1748973505057,11.432925109863282,-6.158193969726563,-2.3568489074707033
1748973505124,8.590036926269532,-5.225633239746094,-1.038240966796875
1748973505198,9.841284942626954,-5.631738739013672,-3.1624736022949222
1748973505258,9.12158157348633,-3.8941520690917972,-3.074905700683594
1748973505324,9.410780181884766,-3.673510894775391,-3.8817279052734377
1748973505398,5.899531860351563,-3.8242474365234376,-2.525099029541016
1748973505457,3.9652542114257816,-3.49433349609375,-1.4046789550781251
1748973505525,5.869145050048829,-4.189787292480469,-2.1775218200683595
1748973505598,7.722740478515625,-5.854924621582032,-2.149679718017578
1748973505658,8.53150863647461,-4.726571044921875,-3.3757800292968754
1748973505724,8.208480377197265,-3.9836659240722656,-3.1130763244628907
1748973505798,8.412356414794923,-3.819906463623047,-3.013982391357422
1748973505857,9.682465209960938,-4.966222686767578,-2.944377136230469
1748973505924,11.633657684326172,-6.134393463134766,-3.2925531005859376
1748973505992,12.650493164062501,-5.756279754638673,-3.5494189453125
1748973506057,9.77976287841797,-3.583997039794922,-3.1642698669433593
1748973506124,9.029822387695313,-4.400698699951172,-2.1380039978027345
1748973506198,6.7106950378417976,-2.791395263671875,-1.1852352905273438
1748973506257,5.520370330810547,-2.2182371520996096,-0.4164340209960938
1748973506324,6.526278533935547,-3.9020855712890627,-0.7836204528808595
1748973506399,8.824748840332031,-4.683460693359375,-1.76512939453125
1748973506457,10.582693176269531,-4.781207427978516,-1.6467256164550783
1748973506524,11.260633392333984,-5.365592193603516,-2.3799009704589844
1748973506598,10.673254852294923,-7.198829956054688,-2.6301805114746095
1748973506659,7.7565701293945315,-5.547613677978516,-2.591710510253906
1748973506724,7.41063949584961,-4.782255249023438,-3.883224792480469
1748973506799,7.1667965698242195,-3.5250196838378907,-3.366798706054688
1748973506859,5.7437059020996095,-3.0663734436035157,-2.1237835693359375
1748973506924,5.479505310058594,-2.9942234802246097,-1.8309924316406252
1748973506990,7.925269317626953,-4.00971176147461,-1.8149757385253906
1748973507057,9.010213165283204,-6.173013153076172,-2.4143293762207034
1748973507124,8.472381591796875,-3.878734130859375,-2.459235992431641
1748973507198,8.802295532226562,-4.866080932617188,-3.1368768310546877
1748973507258,9.211843872070313,-5.386997680664063,-2.4013064575195315
1748973507324,11.717483367919922,-6.820716247558594,-3.7913159179687503
1748973507397,10.788515167236328,-5.76960205078125,-2.9475205993652347
1748973507459,9.114995269775392,-5.087021484375001,-1.884730682373047
1748973507525,7.412735137939453,-3.5040632629394532,-1.4468911743164063
1748973507598,5.277874603271485,-2.1465362548828124,-0.7822732543945313
1748973507658,5.593119049072266,-2.9057574462890625,-0.9966275024414063
1748973507726,7.450307006835938,-4.3593846130371094,-1.385518798828125
1748973507799,9.409133605957031,-5.063220977783203,-1.83697998046875
1748973507858,9.789642333984375,-5.404660949707032,-2.155517578125
1748973507924,9.917626190185548,-6.344556427001954,-3.057541809082031
1748973507994,9.83963836669922,-7.933502197265625,-2.4483087158203127
1748973508058,8.346044311523437,-6.003565521240235,-2.256258087158203
1748973508124,7.738008728027344,-6.146667938232422,-2.348017272949219
1748973508199,6.0607466125488285,-4.8455735778808595,-1.977986755371094
1748973508258,4.624483337402344,-3.922592926025391,-0.9821076965332032
1748973508324,6.3283900451660156,-4.402345275878907,-1.314716033935547
1748973508398,8.252488861083984,-5.722300415039062,-2.185754699707031
1748973508457,8.677155761718751,-4.3301953125,-2.4396267700195313
1748973508525,8.243657226562501,-4.074526977539063,-2.4873774719238284
1748973508597,8.125403137207032,-4.004173278808594,-2.728825378417969
1748973508657,8.05924072265625,-3.8077816772460937,-2.4065455627441406
1748973508724,10.259964294433594,-5.6715559387207035,-3.4194891357421877
1748973508797,11.700418853759766,-7.088808746337891,-2.622247009277344
1748973508858,11.623179473876954,-5.76047103881836,-2.8195367431640626
1748973508924,8.243806915283203,-5.484295349121094,-2.038011932373047
1748973508992,6.962920532226563,-4.139042816162109,-0.9446855163574219
1748973509057,5.3036210632324226,-3.369493103027344,-0.23605911254882814
1748973509124,6.100264434814453,-3.5739678955078125,-0.7647596740722656
1748973509198,7.8094102478027345,-3.4877471923828125,-1.0467732238769532
1748973509257,7.885152740478516,-3.4552647399902345,-0.298179931640625
1748973509324,12.577594757080078,-6.760391693115235,-2.618504791259766
1748973509400,8.399034118652343,-4.033512268066406,-2.1679417419433595
1748973509458,9.491612091064454,-6.6054638671875,-0.9755213928222657
1748973509524,9.466314697265625,-5.507497100830078,-2.006427612304688
1748973509598,9.881551208496095,-5.727240142822266,-1.8724562072753907
1748973509658,7.685917053222656,-6.081104278564453,-1.5495776367187502
1748973509724,7.2090087890625005,-5.439837799072266,-1.5929873657226563
1748973509799,4.644242248535156,-4.8033613586425785,-0.6587800598144532
1748973509858,4.816833343505859,-4.680466918945313,-1.3464500427246096
1748973509925,6.812333679199219,-5.393883361816407,-1.6366964721679689
1748973509992,7.877967681884766,-5.588329010009766,-1.7010626220703127
1748973510058,8.269104309082032,-4.935686187744141,-2.8502229309082034
1748973510124,7.839946746826172,-4.25639877319336,-2.825973358154297
1748973510198,7.957302703857422,-3.988455963134766,-2.947969665527344
1748973510258,8.216713256835938,-4.369413757324219,-2.314936065673828
1748973510324,9.705217895507813,-5.632337493896484,-2.604284362792969
1748973510397,9.71419921875,-5.996380462646485,-2.078727264404297
1748973510458,10.194700012207031,-6.277046813964844,-2.321672058105469
1748973510524,7.564369812011719,-5.7523878479003905,-1.8007553100585938
1748973510597,7.382048950195313,-5.4175341796875,-1.4642550659179687
1748973510657,5.980513458251953,-5.340743865966797,-0.5204676818847657
1748973510725,6.633455657958985,-4.663252716064453,-0.9931846618652345
1748973510798,7.354805603027344,-5.231471099853516,-0.8190966796875
1748973510858,9.01335662841797,-5.242548065185547,-1.0822494506835938
1748973510924,8.850794677734376,-4.655019836425781,-0.9819580078125001
1748973510993,9.024583282470704,-3.8588255310058597,-1.098116455078125
1748973511058,9.115294647216798,-4.233646087646485,-1.18553466796875
1748973511125,8.965306549072267,-4.408183135986328,-1.3718971252441408
1748973511198,9.11260025024414,-5.721551971435547,-0.9262738037109376
1748973511258,9.54415283203125,-5.601202239990235,-1.4926959228515626
1748973511325,11.169772338867189,-6.671177215576172,-1.8770965576171876
1748973511398,8.529263305664063,-5.491330718994141,-0.8581654357910157
1748973511457,7.323969726562501,-6.160738677978516,-2.439327392578125
1748973511524,4.695286102294922,-5.279820556640625,-2.009571075439453
1748973511598,4.673880615234375,-5.182971954345703,-1.6989669799804688
1748973511658,6.3231509399414065,-5.038372650146485,-1.93278076171875
1748973511724,8.17704574584961,-5.870791625976563,-1.936373291015625
1748973511799,8.179889831542969,-5.1572254943847655,-2.534978485107422
1748973511858,8.704099731445313,-5.029091949462891,-2.946921844482422
1748973511924,9.329948272705078,-5.173541564941407,-2.5306375122070315
1748973511990,11.873758392333984,-6.97235092163086,-3.0144314575195312
1748973512058,9.523645477294922,-4.419559478759766,-2.5239015197753907
1748973512124,8.849597167968751,-5.140759735107422,-2.2574555969238284
1748973512198,7.1965846252441406,-3.322790222167969,-1.251098327636719
1748973512259,6.0061102294921875,-2.737657012939453,-0.7722441101074219
1748973512324,6.12451400756836,-3.086880798339844,-1.0171348571777343
1748973512398,7.416028289794922,-4.087549896240235,-1.0159373474121094
1748973512459,9.053323516845703,-4.56056625366211,-1.9226019287109375
1748973512524,10.055788879394532,-4.728666687011719,-1.9258950805664063
1748973512599,9.276659088134766,-4.212539978027344,-2.276466064453125
1748973512658,10.341394958496094,-5.9920394897460945,-1.7907261657714844
1748973512724,10.04276596069336,-5.374274139404297,-1.7408798217773438
1748973512798,9.676777038574219,-4.822521514892578,-1.9404148864746096
1748973512857,9.376800842285157,-3.563489685058594,-2.933749237060547
1748973512925,8.223598937988282,-3.603157196044922,-2.5430616760253906
1748973512994,5.880521392822266,-3.2780332946777344,-1.4635066223144533
1748973513058,5.735772399902344,-3.5738182067871094,-1.717079315185547
1748973513124,6.748715972900391,-4.546345825195313,-2.5343797302246096
1748973513198,8.182733917236328,-5.286406860351563,-2.7355613708496094
1748973513257,8.171058197021484,-4.662653961181641,-2.3679258728027346
1748973513326,8.239915008544923,-3.5798057556152347,-2.520758056640625
1748973513398,9.162446594238281,-3.951632537841797,-1.9940034484863283
1748973513458,13.02217025756836,-6.199358367919922,-3.6443215942382814
1748973513525,10.087223510742188,-2.7930418395996095,-1.7131874084472658
1748973513598,7.450307006835938,-3.3067735290527347,-0.8340655517578125
1748973513658,8.209677886962892,-3.230432281494141,-1.0265652465820314
1748973513724,8.664282531738282,-3.6184254455566407,-1.1009605407714844
1748973513797,8.192763061523438,-3.280877380371094,-0.7430548095703126
1748973513858,8.15593963623047,-2.8767178344726565,-0.5899232482910156
1748973513924,7.736062774658204,-2.5631199645996094,-0.16001724243164064
1748973513992,9.070837097167969,-3.280278625488281,-1.3329780578613282
1748973514058,10.494825897216797,-3.8110748291015626,-1.990111541748047
1748973514124,11.269315338134767,-3.8643640136718753,-2.178270263671875
1748973514198,8.861721954345704,-2.3435266113281252,-1.2323872375488283
1748973514258,11.63455581665039,-6.489455108642578,-0.7264393615722656
1748973514324,10.308014373779297,-2.6626629638671875,-2.5993446350097655
1748973514398,7.93948974609375,-3.510499877929688,-2.279160461425781
1748973514457,5.309608612060547,-3.1831306457519535,-0.26225463867187504
1748973514524,6.160738677978516,-2.878364410400391,-3.3018338012695314
1748973514598,6.850504302978516,-4.450994110107422,-3.014281768798828
1748973514658,9.955048370361329,-5.801635437011719,-3.2819252014160156
1748973514725,11.470347290039063,-4.600383453369141,-3.767066345214844
1748973514799,9.859996032714845,-3.743265838623047,-3.203338623046875
1748973514858,10.68373306274414,-2.139500885009766,-4.567002868652344
1748973514924,10.515632629394531,-3.4456846618652346,-1.8338365173339846
1748973514993,8.34185302734375,-1.2789404296875,-1.8739530944824219
1748973515058,6.436614990234375,-2.1092637634277347,-0.8020321655273438
1748973515124,7.5735008239746096,-3.214265899658203,-1.8615289306640626
1748973515198,10.078391876220703,-4.210893402099609,-2.4406745910644534
1748973515258,11.836934967041016,-5.486840057373048,-2.7225384521484375
1748973515324,10.539882202148439,-5.403613128662109,-2.1448896789550784
1748973515398,7.403753814697266,-1.6173866271972657,-1.3567785644531252
1748973515457,9.256301422119142,-4.3524989318847656,-3.8481976318359377
1748973515524,7.324718170166016,-2.4361839294433594,-2.246228942871094
1748973515597,5.627846832275391,-2.7830126953125003,-1.7239649963378907
1748973515658,6.481671295166016,-3.3283287048339845,-2.7867549133300784
1748973515724,7.449109497070313,-4.316723327636719,-2.7969337463378907
1748973515797,11.111244049072265,-5.272485809326172,-3.719165954589844
1748973515858,11.957883453369142,-4.415966949462891,-2.983894958496094
1748973515924,10.815010070800781,-3.490591278076172,-2.1375549316406253
1748973515994,11.119626617431642,-2.614912261962891,-3.5248699951171876
1748973516058,9.737999725341798,-3.038980407714844,-0.5170248413085938
1748973516125,7.848778381347657,-2.030826873779297,-1.3814772033691407
1748973516199,6.470893707275391,-2.333796844482422,-0.5812413024902344
1748973516258,6.924151153564454,-2.2062620544433593,-0.7188052368164063
1748973516324,8.58225311279297,-3.1666648864746096,-0.4888833618164063
1748973516398,11.871812438964845,-4.698878631591797,-2.0718415832519534
1748973516458,11.66030227661133,-5.408253479003907,-1.653611297607422
1748973516524,10.817704467773439,-5.098547515869141,-0.9867480468750001
1748973516599,7.9448785400390625,-2.078577575683594,-1.041683807373047
1748973516659,9.435478820800782,-4.688101043701172,-2.9184809875488282
1748973516724,7.487579498291016,-3.5019676208496096,-1.2355307006835938
1748973516799,6.33767074584961,-3.049757995605469,-1.7622853088378907
1748973516858,6.560706939697266,-2.8994705200195314,-1.5126045227050782
1748973516924,7.987240447998047,-2.8936326599121096,-3.064277801513672
1748973516990,8.155640258789063,-3.210523681640625,-2.778072967529297
1748973517058,11.86253173828125,-4.549339599609375,-3.76257568359375
1748973517124,11.249107360839844,-3.9517822265625,-2.9228219604492187
1748973517198,10.138866119384765,-2.285746765136719,-2.9268635559082035
1748973517258,9.272617492675781,-2.138602752685547,-1.570983123779297
1748973517324,10.021809539794923,-2.9464727783203126,-1.7092955017089844
1748973517398,8.455466766357421,-2.1450393676757815,-2.2543121337890626
1748973517458,8.079149322509766,-2.4141796875000003,-1.6473243713378907
1748973517525,7.954608306884766,-2.459086303710938,-1.5634986877441408
1748973517599,7.840994567871094,-2.844684448242188,-1.4618600463867188
1748973517658,9.380243682861328,-3.455863494873047,-2.405946807861328
1748973517726,10.584938507080079,-3.819607086181641,-2.6298811340332033
1748973517797,11.26227996826172,-4.717589721679688,-2.2899380493164063
1748973517858,8.452323303222657,-2.0381616210937503,-2.355202331542969
1748973517924,8.89315658569336,-1.9176622009277344,-3.030448150634766
1748973517994,9.392069091796875,-2.139650573730469,-2.7942393493652347
1748973518060,7.5962535095214845,-2.010618896484375,-2.1116587829589846
1748973518124,7.215595092773438,-2.390079803466797,-2.30640380859375
1748973518198,6.855294342041016,-2.161505126953125,-2.1761746215820312
1748973518258,8.266559600830078,-3.1126272583007815,-3.2590228271484376
1748973518324,9.176217956542969,-3.632945251464844,-3.5425332641601566
1748973518395,11.460467834472658,-3.823498992919922,-3.7571868896484375
1748973518458,12.038415985107422,-3.533551940917969,-2.8313621520996097
1748973518524,11.009306030273438,-1.4911990356445313,-2.9891340637207033
1748973518599,9.981543273925782,-1.8640736389160157,-1.9356248474121094
1748973518658,9.279503173828125,-2.5045916748046877,-1.6712745666503908
1748973518724,8.500373382568359,-2.169288940429688,-1.270557861328125
1748973518799,8.299640808105469,-2.8261230468750003,-0.9136999511718751
1748973518858,7.857909393310547,-2.9933253479003907,-0.8580157470703126
1748973518924,8.30637680053711,-2.998265075683594,-1.221310272216797
1748973518992,10.021959228515625,-3.3955389404296876,-1.964814147949219
1748973519057,10.620714111328125,-4.175716552734375,-1.5332615661621094
1748973519124,10.200088806152344,-4.06434814453125,-1.3988410949707033
1748973519198,8.86202133178711,-1.1524534606933594,-2.645448760986328
1748973519258,11.192974090576172,-4.2096958923339844,-3.2457005310058595
1748973519324,7.810458068847657,-3.133583679199219,-3.262914733886719
1748973519399,5.383105773925782,-1.5530204772949219,-2.9404852294921877
1748973519457,6.2879740905761725,-3.815116424560547,-2.288141784667969
1748973519524,7.563022613525391,-4.849465484619141,-2.4159759521484374
1748973519599,7.621550903320313,-4.383185119628907,-3.0910720825195312
1748973519658,10.708282012939454,-5.506748657226563,-3.8708006286621095
1748973519724,11.011701049804689,-4.305646362304688,-2.4984544372558597
1748973519797,10.249935150146484,-2.494562530517578,-4.033063201904297
1748973519858,9.61405746459961,-3.0612840270996093,-2.0468435668945313
1748973519924,10.260263671875,-3.5115476989746095,-1.8851797485351562
1748973519992,8.036038970947265,-2.2218296813964846,-1.6084053039550783
1748973520058,7.424261169433594,-2.219883728027344,-1.2395722961425781
1748973520125,7.773185577392579,-2.4122337341308593,-1.3018428039550782
1748973520197,7.56586669921875,-2.2041664123535156,-0.6857240295410156
1748973520258,9.671238555908204,-3.720513153076172,-0.7942483520507813
1748973520324,10.856773223876953,-3.6815940856933596,-1.4214440917968751
1748973520396,12.475057983398438,-4.418960723876953,-2.548001403808594
1748973520458,10.114915924072266,-2.34472412109375,-2.3237677001953125
1748973520525,9.613009643554689,-1.73159912109375,-2.2100042724609374
1748973520598,9.011710052490235,-2.8132498168945315,-2.4173231506347657
1748973520658,8.112829284667969,-2.721939697265625,-0.7277865600585938
1748973520724,7.205565948486329,-3.537144470214844,-1.2879217529296876
1748973520800,6.351142730712891,-4.232448577880859,-2.225721588134766
1748973520858,5.300327911376954,-3.743116149902344,-2.561772766113281
1748973520924,8.761280822753907,-3.459755401611328,-4.625830535888672
1748973520993,12.057426452636719,-3.7342845153808595,-4.362228698730469
1748973521058,14.02134246826172,-2.68481689453125,-3.390000457763672
1748973521125,10.312055969238282,-0.9377998352050781,-1.8083894348144531
1748973521198,10.275232543945313,-1.6305592346191407,-2.5035438537597656
1748973521258,10.11790969848633,-2.9596453857421876,-0.8470884704589844
1748973521324,9.194180603027345,-2.315834197998047,-1.0315049743652345
1748973521397,8.158484344482423,-2.664758605957031,-1.026265869140625
1748973521458,8.116721191406251,-2.8117529296875,-1.182989959716797
1748973521524,7.223229217529298,-2.5738975524902346,-0.5843847656250001
1748973521597,8.022566986083985,-3.247047729492188,-0.15432907104492188
1748973521659,8.844956817626954,-2.787802734375,-1.3606704711914064
1748973521724,9.813592529296875,-2.5988955688476563,-2.698588256835938
1748973521798,14.089750213623047,-4.811444549560547,-2.6324258422851563
1748973521858,12.544064483642579,-5.412145385742188,-1.0346484375
1748973521924,12.387190704345704,-5.632038116455078,-1.788929901123047
1748973521991,8.084089050292969,-5.558391265869141,-2.74229736328125
1748973522058,4.769681396484375,-5.135071563720703,-0.5941145324707031
1748973522125,4.458478546142579,-3.425776062011719,-1.5160473632812501
1748973522198,5.741011505126953,-4.444407806396485,-2.38304443359375
1748973522259,6.064788208007813,-4.314328308105469,-2.0932470703125
1748973522324,6.7264123535156255,-3.6371365356445313,-1.6263679504394533
1748973522398,12.211306457519532,-6.151907043457031,-4.290527801513672
1748973522458,13.221106567382813,-4.492757263183594,-3.842659149169922
1748973522525,10.397977294921876,-4.055067443847657,-2.312541046142578
1748973522601,7.031627655029297,-1.7209712219238282,-2.196083221435547
1748973522658,11.38921600341797,-4.8084507751464844,-4.4370730590820315
1748973522724,11.839479675292969,-4.95529541015625,-1.6203804016113281
1748973522798,10.988648986816408,-4.216731262207031,-2.601739654541016
1748973522858,7.452252960205079,-2.921025695800781,-0.9910890197753907
1748973522924,5.532046051025391,-1.9510427856445314,-0.6984475708007812
1748973522994,4.908592529296875,-0.8147557067871094,-0.3507206726074219
1748973523058,6.223158874511719,-1.5106585693359376,-0.2465373229980469
1748973523125,9.135203247070313,-2.013163604736328,-1.4480886840820313
1748973523198,11.818972320556641,-1.7871336364746095,-1.776805114746094
1748973523259,12.74674301147461,-2.6014402770996097,-2.402054901123047
1748973523324,12.838651885986328,-1.9455043029785157,-2.6167085266113284
1748973523397,7.970774688720703,0.30761032104492186,-1.7717156982421876
1748973523458,9.440418548583985,-1.3091775512695314,-1.8657202148437502
1748973523525,9.794432373046876,-1.1488609313964844,-2.6394612121582033
1748973523598,8.674012298583985,-1.5696359252929688,-1.3281880187988282
1748973523658,8.563691711425781,-1.6856446838378907,-2.997516632080078
1748973523724,8.101602630615234,-2.312091979980469,-2.946921844482422
1748973523796,8.320148162841797,-2.7210415649414066,-3.339555358886719
1748973523858,10.193352813720704,-3.302582244873047,-3.0493089294433595
1748973523924,11.362721099853516,-2.787653045654297,-2.1514759826660157
1748973523992,11.514655151367188,-0.17872833251953127,-4.189038848876954
1748973524058,9.039252777099609,-2.0386106872558596,0.16076568603515626
1748973524125,10.546917572021485,-2.348166961669922,-2.055974578857422
1748973524198,7.682174835205078,-1.1416758728027345,-1.349294128417969
1748973524258,7.701933746337891,-1.6733702087402345,-0.8399034118652344
1748973524324,8.27613967895508,-2.239492950439453,-1.4618600463867188
1748973524398,9.09718231201172,-2.664758605957031,-1.466949462890625
1748973524457,9.528435516357423,-3.7055442810058596,-1.511107635498047
1748973524524,11.547586669921875,-5.356610870361329,-1.4030323791503907
1748973524599,10.414892120361328,-2.341131591796875,-2.542163543701172
1748973524658,9.148375854492189,-1.910028076171875,-3.50391357421875
1748973524724,7.971223754882813,-4.745731201171875,-2.671195220947266
1748973524798,6.363117828369141,-3.769611053466797,-0.48514114379882817
1748973524858,7.652985534667969,-4.217030639648438,-2.662213897705078
1748973524924,7.991431732177735,-3.9044805908203126,-2.4327410888671874
1748973524992,7.974067840576172,-2.9093499755859376,-2.665057983398438
1748973525058,9.459728393554688,-2.764900360107422,-3.1255004882812503
1748973525125,12.171788635253908,-3.4001792907714847,-3.0793963623046876
1748973525198,10.721304931640626,-1.9966978454589845,-3.847299499511719
1748973525258,9.033265228271485,-3.077749786376953,-1.823657684326172
1748973525324,9.06993896484375,-2.8099566650390626,-2.1207897949218752
1748973525397,7.546257476806641,-1.7757572937011719,-1.5932867431640625
1748973525458,7.776628417968751,-2.6240432739257815,-1.4614109802246094
1748973525524,8.548722839355468,-2.5209077453613284,-1.3751902770996094
1748973525597,9.097930755615234,-3.1027478027343753,-0.4424798583984375
1748973525658,9.779463500976563,-3.8959483337402347,-1.1681707763671876
1748973525724,9.27246780395508,-4.307442626953125,-0.681383056640625
1748973525800,12.293485565185547,-4.648433532714844,-2.4105871582031253
1748973525858,7.545658721923829,-0.5176235961914063,-0.9132508850097657
1748973525924,9.294771423339844,-3.9856118774414067,-2.973267059326172
1748973525992,9.463021545410157,-3.200943603515625,-1.069376220703125
1748973526058,7.8393479919433595,-4.054169311523438,-0.8774752807617188
1748973526124,8.08319091796875,-3.8576280212402345,-1.7524058532714846
1748973526200,7.0714448547363284,-3.500321044921875,-1.4102174377441408
1748973526258,8.511600036621093,-4.2504112243652346,-2.934497680664063
1748973526324,9.014105072021485,-4.12227767944336,-1.9803817749023438
1748973526399,11.179502105712892,-4.198169860839844,-1.969604187011719
1748973526457,10.59691360473633,-3.919599151611328,-0.9211843872070313
1748973526524,8.327183532714844,-2.209405517578125,-0.6990463256835938
1748973526598,9.484876098632814,-3.9134619140625,-0.5562432861328125
1748973526658,9.9297509765625,-3.0039532470703127,-1.342408447265625
1748973526724,8.674161987304688,-2.4780967712402346,-1.0973680114746094
1748973526798,8.414452056884766,-2.9627888488769534,-1.0818003845214845
1748973526859,8.31116683959961,-3.220403137207031,-0.9874964904785156
1748973526925,8.39259750366211,-3.4443374633789063,-1.8191670227050782
1748973526990,9.123377838134767,-4.046385498046876,-1.150806884765625
1748973527058,10.872939605712892,-4.960235137939454,-1.6866925048828125
1748973527125,11.205098876953125,-5.239254913330078,-1.8949095153808595
1748973527197,7.631729736328126,-1.7859361267089844,-1.427281951904297
1748973527259,7.156917114257813,-3.4048196411132814,-1.8250048828125
1748973527324,9.415719909667969,-4.145629119873047,-2.1112097167968753
1748973527401,7.58308090209961,-4.752018127441406,-0.11361373901367187
1748973527458,7.538473663330079,-4.150718536376953,-2.076631622314453
1748973527524,7.239245910644532,-3.417393493652344,-2.5135729980468753
1748973527601,7.655530242919922,-4.046235809326172,-2.4632775878906252
1748973527658,9.758956146240235,-4.311334533691406,-3.269051971435547
1748973527724,9.95085708618164,-5.719905395507813,-2.719095611572266
1748973527800,9.417516174316408,-4.7907875061035154,-1.7348922729492189
1748973527858,9.179211730957032,-4.371359710693359,-3.380420379638672
1748973527924,8.134683837890625,-3.956272888183594,-1.5362553405761719
1748973527996,8.85483627319336,-4.841082916259766,-1.4209950256347657
1748973528059,9.068142700195313,-3.999233551025391,-2.288590850830078
1748973528124,8.089028778076173,-3.5621424865722657,-1.1835887145996093
1748973528199,8.044571228027344,-3.9413040161132815,-1.5941848754882812
1748973528258,7.797884216308594,-3.5652859497070315,-1.0815010070800781
1748973528324,7.4536001586914065,-4.049079895019531,-1.3564791870117188
1748973528397,9.597442016601564,-5.199288024902344,-2.0793260192871097
1748973528458,10.682086486816408,-6.227649536132813,-2.348466339111328
1748973528525,12.050091705322266,-6.517446899414063,-2.3682252502441408
1748973528597,6.146817626953125,0.025746459960937502,-2.209555206298828
1748973528658,9.052425384521484,-5.580545196533204,-1.7709672546386719
1748973528724,9.548793182373048,-2.960992584228516,-3.1748977661132813
1748973528797,7.493567047119141,-2.9192294311523437,-0.5462141418457032
1748973528858,8.828191680908203,-3.6360887145996097,-1.939666442871094
1748973528924,7.8799136352539065,-3.0585896301269533,-1.929038543701172
1748973528992,8.248147888183594,-3.0889764404296876,-2.062261505126953
1748973529058,9.826914825439454,-2.567311248779297,-3.264112243652344
1748973529124,15.13068557739258,-2.1070184326171875,-1.997296600341797
1748973529198,13.673465881347656,-0.45340713500976565,-1.7543518066406252
1748973529258,14.10995819091797,-2.284698944091797,-1.5962805175781252
1748973529325,16.56679916381836,0.6158193969726563,-1.5274237060546876
1748973529400,11.527079315185548,-1.153201904296875,4.210594024658203
1748973529458,4.273313598632813,-2.3299049377441405,4.728666687011719
1748973529524,2.3327490234375,-0.15911911010742188,3.396886138916016
1748973529600,0.20537292480468752,1.5907420349121095,4.849465484619141
1748973529658,0.03742218017578125,3.294199676513672,5.958060150146484
1748973529724,-0.6533912658691406,4.082310791015625,7.609575805664063
1748973529798,-0.880169677734375,4.52898193359375,9.301806793212892
1748973529859,-0.300574951171875,4.113296356201172,9.501042480468751
1748973529924,0.8470884704589844,3.356619873046875,7.701035614013672
1748973529993,0.4935237121582032,2.968327331542969,8.294551391601562
1748973530058,0.3921844482421875,3.3088691711425784,7.506739654541016
1748973530125,0.09175918579101563,3.7687129211425785,7.472161560058594
1748973530197,0.16196319580078125,3.916605377197266,8.657845916748048
1748973530258,-0.2293231201171875,5.174589385986328,8.451275482177735
1748973530324,0.012424163818359375,4.830604705810547,9.124725036621093
1748973530396,0.0449066162109375,5.07549545288086,10.642269287109375
1748973530460,-0.21345611572265627,5.182073822021485,9.391170959472657
1748973530527,-0.8327183532714845,3.5578015136718752,9.900262298583986
1748973530591,-0.6956034851074219,3.1192135620117187,8.652457122802735
1748973530658,-1.5349081420898438,2.977608032226563,8.904383239746094
1748973530724,-1.0816506958007812,2.3593936157226563,8.513096923828126
1748973530796,-1.150806884765625,3.5645375061035156,8.406668243408204
1748973530858,-1.2889695739746094,3.1581326293945313,8.158933410644531
1748973530925,-1.6467256164550783,3.8477485656738284,8.297096099853515
1748973530992,-1.6497193908691408,4.536765747070313,9.596843261718751
1748973531058,-0.8831634521484375,4.236939239501953,10.346035308837891
1748973531124,-0.7542814636230469,4.645589447021485,9.66046096801758
1748973531192,0.11870315551757814,3.018473052978516,9.130862274169923
1748973531258,-0.771046600341797,4.333189086914063,7.953710174560547
1748973531324,0.9366023254394532,3.732188873291016,7.9661343383789065
1748973531392,-1.1596385192871095,3.3630564880371097,7.189249877929688
1748973531458,-0.5135820007324219,4.324507141113282,7.665409698486329
1748973531524,-0.3189866638183594,4.744084625244141,7.6824742126464844
1748973531598,-0.24384292602539065,5.721551971435547,7.970625
1748973531658,-0.22528152465820314,5.982609100341797,8.34469711303711
1748973531724,-0.5288502502441407,6.022725677490235,8.983568572998047
1748973531797,0.42242156982421875,4.779261474609375,7.698341217041016
1748973531858,-0.2136058044433594,3.3051269531250003,4.500541076660157
1748973531927,0.6447093200683595,2.079924774169922,4.404590606689453
1748973531991,3.9842646789550784,0.2966830444335938,5.953120422363281
1748973532058,13.20568862915039,3.597019958496094,14.628629608154297
1748973532124,6.054309997558594,3.795656890869141,13.373639373779298
1748973532199,1.2689112854003908,2.89078857421875,7.178621978759766
1748973532258,0.27931915283203124,2.496508483886719,3.259322204589844
1748973532325,0.5536985778808594,0.9621990966796875,1.2805870056152344
1748973532401,7.573650512695313,0.6542893981933594,5.213059387207031
1748973532457,14.521751861572266,-2.3405328369140626,2.804418182373047
1748973532524,17.583934020996093,-0.5842350769042969,1.9754420471191407
1748973532600,14.528487854003908,-3.992347869873047,0.9930349731445313
1748973532659,9.590406646728516,-1.4244378662109376,-1.1428733825683595
1748973532724,6.886429595947266,-2.20341796875,-0.6634204101562501
1748973532800,7.384144592285157,-2.3340962219238284,-0.458646240234375
1748973532858,9.710457000732422,-3.869902496337891,-1.0756631469726563
1748973532924,11.065289611816407,-3.763473815917969,-1.954186248779297
1748973532993,12.214749298095704,-4.4123744201660156,-2.0811222839355468
1748973533058,11.272608489990235,-3.490441589355469,-1.7573455810546876
1748973533124,8.861572265625,-3.124003601074219,-0.9279203796386719
1748973533198,8.567134552001953,-3.4970278930664063,-0.6698570251464844
1748973533258,8.112978973388673,-2.7006838989257815,-1.9155665588378907
1748973533324,7.212751007080079,-2.477647705078125,-1.0190808105468752
1748973533396,8.128845977783204,-3.4820590209960938,-1.1581416320800781
1748973533458,8.45681396484375,-3.498824157714844,-1.165027313232422
1748973533524,9.57334213256836,-4.594246215820313,-1.6947756958007814
1748973533596,10.254575500488281,-5.786516876220704,-1.2960049438476564
1748973533658,10.407407684326172,-4.377347259521485,-2.6397605895996095
1748973533724,9.361233215332032,-1.9941531372070314,-2.8803103637695315
1748973533796,9.68261489868164,-3.859424285888672,-2.8898904418945315
1748973533860,5.884263610839844,-2.4394770812988282,-1.3329780578613282
1748973533924,5.42516830444336,-3.4227822875976566,-1.8266514587402345
1748973533993,7.286098480224609,-4.448898468017578,-2.285746765136719
1748973534058,8.68478988647461,-4.298311614990235,-2.5099804687500002
1748973534124,10.908266143798828,-5.381309509277344,-3.08718017578125
1748973534201,12.650044097900391,-5.201084289550781,-2.810705108642578
1748973534258,9.654473419189454,-2.558180236816406,-2.096240844726563
1748973534324,8.874146118164063,-4.578379211425782,-0.037721557617187505
1748973534400,7.295977935791016,-2.471959533691406,-0.8232879638671875
1748973534458,7.049590301513672,-2.3022125244140628,-1.0629396057128906
1748973534524,7.884104919433594,-2.841690673828125,-1.2714559936523437
1748973534598,9.224717102050782,-3.6576438903808595,-1.0972183227539063
1748973534659,10.753038940429688,-4.6607080078125005,-2.3751109313964847
1748973534724,9.86792953491211,-4.800517272949219,-1.5690371704101562
1748973534798,10.062674560546876,-3.5172358703613282,-2.0158580017089847
1748973534858,8.979077911376953,-3.2299832153320316,-2.9714707946777343
1748973534924,8.856931915283203,-3.5178346252441406,-2.2050645446777346
1748973534993,5.540278930664063,-3.36021240234375,-0.7900570678710938
1748973535058,6.431974639892578,-3.527414703369141,-1.5741265869140626
1748973535125,7.410340118408204,-3.697610778808594,-3.0024563598632814
1748973535196,9.153914337158204,-3.9091209411621097,-2.6864634704589845
1748973535258,11.971355438232422,-4.544848937988282,-3.4398468017578128
1748973535324,13.05614959716797,-4.600982208251954,-2.635569305419922
1748973535396,10.273286590576172,-2.1763243103027343,-1.572030944824219
1748973535460,8.899144134521485,-3.5090029907226565,0.9750723266601563
1748973535524,9.447304229736329,-2.5328828430175783,-1.120719451904297
1748973535596,12.571607208251955,-1.2487033081054688,2.3682252502441408
1748973535659,12.679083709716798,-2.0407063293457033,3.9904019165039064
1748973535724,11.993060302734376,-4.241878967285157,8.100704498291016
1748973535801,8.83612518310547,-4.710554351806641,8.686436462402344
1748973535858,3.6449203491210938,-1.7754579162597657,6.9781887817382815
1748973535924,3.123853912353516,-0.23516098022460938,8.079448699951172
1748973535993,4.255051574707031,1.204545135498047,5.382357330322266
1748973536058,2.2215303039550784,2.988684997558594,6.068530426025391
1748973536124,2.0302281188964844,2.7566674804687503,5.766907653808594
1748973536198,1.3715977478027344,3.9872584533691406,6.204597473144531
1748973536258,1.4551240539550783,4.61325668334961,6.305038604736328
1748973536324,0.7771838378906251,5.733377380371094,7.531887359619141
1748973536398,0.5731581115722657,6.386020202636719,8.509055328369142
1748973536457,-0.037571868896484374,6.750362548828125,8.812474365234376
1748973536524,1.0120454406738282,4.907993774414063,9.469308471679687
1748973536597,-0.64905029296875,4.951702880859375,7.564519500732422
1748973536659,-0.326920166015625,4.482428741455078,7.992030487060547
1748973536724,0.5866300964355469,4.475992126464844,6.975344696044922
1748973536796,-0.021106109619140626,4.567901000976563,7.057823181152344
1748973536859,-0.042810974121093755,4.9530500793457035,7.287595367431641
1748973536938,-0.0963995361328125,5.459596710205078,7.277865600585938
1748973536991,-0.49711624145507816,6.201903076171876,8.194858703613281
1748973537058,0.3251239013671875,5.478008422851563,8.635093231201171
1748973537124,0.6640191650390626,5.688770141601562,10.700647888183594
1748973537198,1.713636474609375,4.770130462646485,9.797875213623048
1748973537258,1.5623011779785156,4.138294372558594,9.306447143554688
1748973537324,1.2147239685058595,3.7314404296875003,6.397396545410157
1748973537403,0.1622625732421875,4.247267761230469,6.358776855468751
1748973537457,1.1153306579589843,4.381388854980469,7.371121673583985
1748973537524,0.9880952453613282,5.401367797851563,8.363707580566407
1748973537599,1.063388671875,5.678441619873047,10.472971343994141
1748973537658,1.5229330444335938,4.811145172119141,10.421328735351564
1748973537724,0.33260833740234375,4.793182525634766,9.39221878051758
1748973537798,-0.6956034851074219,4.61999267578125,9.166937255859375
1748973537858,0.7092251586914062,2.7714866638183597,10.181078338623047
1748973537924,1.7106427001953126,2.8430378723144534,6.8737060546875
1748973537994,0.7463479614257813,4.100123748779297,6.006259918212891
1748973538058,0.22602996826171876,5.062322845458985,7.421117706298829
1748973538125,0.5728587341308594,4.440216522216797,8.612490234375
1748973538197,-0.5742059326171876,5.194647674560547,10.257269897460938
1748973538259,0.19788848876953127,5.521418151855469,12.955858154296875
1748973538325,4.173471221923828,0.9165440368652344,11.065738677978516
1748973538396,2.940784606933594,2.239043884277344,7.230264587402344
1748973538457,1.8365309143066406,2.591261444091797,7.0257897949218755
1748973538524,1.418899383544922,3.370540924072266,7.720794525146485
1748973538597,1.8064434814453125,3.933370513916016,8.643475799560548
1748973538658,1.7536033630371095,4.098327484130859,8.411158905029298
1748973538724,0.7542814636230469,4.595892791748047,9.227860565185548
1748973538799,1.2376263427734375,4.714296569824219,10.391840057373047
1748973538858,0.1681004333496094,4.612657928466797,11.065588989257813
1748973538924,0.12214599609375,3.7152740478515627,9.413474578857423
1748973538992,-0.21704864501953125,3.3673974609375,9.341174926757812
1748973539058,1.4492861938476562,2.977757720947266,8.253985748291017
1748973539125,0.7048841857910156,3.150199127197266,7.1597611999511726
1748973539202,-0.03338058471679688,3.781586151123047,7.517816619873047
1748973539258,0.30985565185546876,4.446802825927735,8.403674468994142
1748973539324,-0.07170089721679689,5.269641723632812,10.101443939208984
1748973539398,-0.34143997192382813,5.349874877929688,10.25352767944336
1748973539457,-0.0622705078125,5.277275848388673,10.284962310791016
1748973539524,2.1764739990234374,3.703298950195313,8.155789947509765
1748973539598,0.6905140686035156,4.153712310791016,7.06336166381836
1748973539658,1.545685729980469,3.3808694458007813,7.022796020507813
1748973539724,0.4781057739257813,4.129612426757813,6.35398681640625
1748973539797,0.37631744384765625,4.733157348632813,7.254065093994141
1748973539858,0.6342311096191406,4.950804748535156,7.565118255615235
1748973539925,-0.0544866943359375,5.791905670166016,9.256002044677734
1748973539992,0.3806584167480469,5.864654388427734,9.615404663085938
1748973540058,-0.48933242797851567,5.797294464111328,9.635013885498047
1748973540125,-1.1642788696289064,5.00124984741211,10.190508728027345
1748973540196,-0.5152285766601563,3.463347930908203,9.663155364990235
1748973540258,-0.30910720825195315,2.9322523498535156,9.39087158203125
1748973540324,0.5538482666015625,3.103795623779297,8.003556518554689
1748973540400,-0.3894900512695313,3.550616455078125,6.76877426147461
1748973540457,-0.48573989868164064,3.7648210144042973,7.662715301513672
1748973540524,-0.33664993286132816,4.73016357421875,8.183781738281251
1748973540601,-1.7513580322265625,6.151308288574219,7.840695190429688
1748973540658,-3.310964813232422,7.438331909179688,9.642049255371095
1748973540724,-0.7806266784667969,5.643863525390625,12.865745544433594
1748973540801,1.9592756652832033,3.0864317321777346,12.006083221435548
1748973540858,2.0242405700683594,2.5965005493164064,7.415279846191407
1748973540924,2.2182371520996096,2.3367906188964844,4.594395904541016
1748973540993,3.1298414611816407,1.9941531372070314,3.2522868347167972
1748973541058,4.480782165527344,1.8739530944824219,2.719245300292969
1748973541125,5.4533097839355476,3.3548236083984375,1.436862030029297
1748973541198,8.679700469970703,3.891757049560547,4.154311065673828
1748973541258,7.413333892822266,3.4923875427246096,3.9953416442871097
1748973541324,10.07629623413086,0.29488677978515626,2.2341041564941406
1748973541397,10.882669372558594,-0.5264552307128907,-3.155288543701172
1748973541460,11.54638916015625,-2.9740155029296877,-3.486549682617188
1748973541525,10.604697418212892,-6.470294952392578,-0.346080322265625
1748973541596,14.444512481689454,-6.130651245117188,-2.156565399169922
1748973541658,11.172915802001954,-2.4527993774414063,-0.7741900634765625
1748973541724,9.469158782958985,-5.102289733886719,-1.6539106750488282
1748973541798,8.849447479248047,-5.458548889160157,0.13067825317382814
1748973541858,9.538015594482422,-4.902006225585938,-1.1000624084472657
1748973541937,10.549312591552734,-5.761518859863282,-1.700164489746094
1748973541991,8.734037475585938,-3.160377960205078,-1.7161811828613283
1748973542058,6.316714324951172,-4.8368916320800786,-0.468226318359375
1748973542124,7.024442596435547,-5.345982971191407,-1.0650352478027345
1748973542199,6.264472961425781,-4.875211944580078,-1.199605407714844
1748973542258,7.2664892578125,-5.5727613830566405,-1.8761984252929689
1748973542324,7.13476318359375,-5.206922149658204,-2.334844665527344
1748973542401,7.841892700195313,-5.852529602050781,-1.3434562683105469
1748973542462,12.144994354248048,-5.768853607177735,-3.9368133544921875
1748973542525,9.352850646972657,-3.8470001220703125,-2.4041505432128907
1748973542598,10.273286590576172,-3.679648132324219,-3.053500213623047
1748973542660,9.81568817138672,-5.58802963256836,-0.9785151672363281
1748973542724,9.179062042236328,-4.004023590087891,-1.8281483459472656
1748973542800,7.688312072753907,-3.7173696899414064,-1.1907737731933594
1748973542859,7.193890228271485,-4.309837646484375,-1.3504916381835939
1748973542924,6.725214843750001,-3.693269805908203,-1.1334429931640626
1748973542997,8.270900573730469,-5.354365539550781,-1.6040643310546876
1748973543058,9.529034271240235,-6.371949462890625,-1.3311817932128907
1748973543125,11.53965316772461,-6.698719940185547,-2.2742207336425784
1748973543197,7.374564514160157,-2.432142333984375,-3.276985473632813
1748973543258,8.249345397949218,-5.078189849853516,-2.611319732666016
1748973543324,6.975793762207031,-4.152065734863282,0.17393829345703127
1748973543397,7.891140289306641,-4.071682891845703,-1.8766474914550781
1748973543458,8.02765640258789,-4.067491607666016,-2.633024597167969
1748973543524,8.074359283447267,-4.1338037109375,-2.243085479736328
1748973543596,10.554102630615235,-5.9251286315917975,-3.158731384277344
1748973543658,11.507170715332032,-6.0044636535644536,-2.954855346679688
1748973543725,10.433303833007812,-4.0478823852539065,-3.742218017578125
1748973543797,7.2865475463867195,-4.14383285522461,-0.9702822875976563
1748973543858,7.4661740112304695,-4.4614723205566404,-1.4947915649414063
1748973543924,6.519542541503907,-3.702550506591797,-1.7504598999023437
1748973544000,6.915020141601563,-3.977828063964844,-1.3455519104003908
1748973544058,7.642357635498048,-4.0195912170410155,-2.1670436096191406
1748973544125,8.288264465332032,-4.146676940917969,-1.6995657348632813
1748973544196,10.292297058105468,-5.822142791748047,-3.6576438903808595
1748973544258,10.380763092041017,-6.333928527832032,-1.9034417724609376
1748973544324,8.752149810791016,-3.0359866333007814,-2.0706440734863283
1748973544396,9.301058349609375,-4.492308197021485,-4.0300694274902344
1748973544457,7.922574920654298,-4.152065734863282,-3.237767028808594
1748973544524,6.50292709350586,-4.947511596679687,-1.7229171752929688
1748973544596,6.223607940673828,-4.549339599609375,-2.867736511230469
1748973544658,6.680008850097656,-4.169130249023437,-2.7425967407226564
1748973544724,7.717501373291016,-4.268972625732422,-2.7292744445800783
1748973544797,9.924362182617188,-4.762047271728516,-3.046315155029297
1748973544858,12.171189880371095,-5.6152729797363286,-2.9988638305664064
1748973544925,10.474917297363282,-3.3853601074218753,-2.575544128417969
1748973544995,8.395142211914063,-4.811145172119141,-0.798739013671875
1748973545058,8.80454086303711,-3.9198985290527344,-1.7943186950683594
1748973545125,7.3374417114257815,-3.304677886962891,-0.9809101867675781
1748973545196,7.749085693359375,-3.8583764648437504,-1.567390594482422
1748973545258,7.551047515869141,-3.729195098876953,-0.8390052795410157
1748973545324,7.355853424072266,-3.6818934631347657,-1.67890869140625
1748973545403,9.790091400146485,-5.416636047363282,-2.5701553344726564
1748973545458,12.58867172241211,-6.804549865722657,-3.194357299804688
1748973545524,9.337582397460938,-0.5516029357910156,-2.5535398864746095
1748973545600,9.887389068603516,-2.8156448364257813,-2.002535705566406
1748973545658,9.153315582275392,-2.218686218261719,-1.721719665527344
1748973545724,7.718549194335938,-1.246457977294922,-1.0785072326660157
1748973545798,7.29762451171875,-1.5429913330078127,-1.5979270935058594
1748973545858,6.790778503417969,-0.9898915100097657,-2.327958984375
1748973545924,9.565408630371094,-1.8694624328613283,-2.1507275390625002
1748973545998,13.437706146240235,-1.768572235107422,-2.707719268798828
1748973546058,13.761632537841798,-1.6115487670898438,-3.160078582763672
1748973546125,11.6350048828125,-1.8359321594238283,-1.3858181762695314
1748973546197,9.475745086669923,-2.2676344299316407,-0.7110214233398438
1748973546260,7.586374053955079,-1.2970527648925783,-0.6891668701171876
1748973546324,6.945856018066406,-0.8710386657714844,-0.22977218627929688
1748973546397,9.157806243896484,-2.6699977111816406,-0.8726852416992188
1748973546459,8.739575958251953,-2.6472450256347657,-1.1081455993652345
1748973546524,8.188422088623048,-3.0620324707031252,-0.8289761352539063
1748973546595,9.961185607910156,-1.6075071716308595,-0.07619155883789062
1748973546658,15.185621337890625,-4.467310180664063,-2.2914349365234377
1748973546724,9.876012725830078,0.4984634399414063,-1.473984832763672
1748973546799,10.109527130126954,-3.483555908203125,-2.5812322998046877
1748973546858,8.719667358398437,-2.7141558837890627,-2.0278330993652345
1748973546942,6.575376434326172,-3.3977842712402344,-1.4343173217773437
1748973546991,6.490652618408204,-3.775748291015625,-1.43701171875
1748973547058,7.326514434814453,-4.308789825439454,-0.8235873413085938
1748973547125,8.379424896240234,-4.007466430664063,-2.920426940917969
1748973547196,9.875413970947266,-4.395908660888672,-3.486549682617188
1748973547258,9.925859069824218,-3.497626647949219,-3.0778994750976563
1748973547324,11.140583038330078,-4.274062042236328,-3.126548309326172
1748973547399,9.733209686279297,-3.0515542602539063,-1.3843212890625
1748973547457,9.146130523681641,-3.4398468017578128,-0.9369017028808594
1748973547524,7.964038696289063,-2.4099884033203125,-0.5195695495605469
1748973547597,7.667954406738281,-1.9999909973144532,-0.9942324829101563
1748973547658,9.985435180664062,-1.6862434387207033,-1.5224839782714845
1748973547725,10.350076904296875,-1.663490753173828,-1.7405804443359376
1748973547798,9.918524322509766,-3.6745587158203126,-1.4630575561523438
1748973547859,10.37612274169922,-4.818629608154297,-2.5036935424804687
1748973547924,10.721304931640626,-5.200934600830078,-2.5379722595214846
1748973547998,8.971443786621094,-3.1591804504394534,-1.1443702697753906
1748973548059,8.295000457763672,-5.119204559326172,-2.5240512084960938
1748973548125,5.772895202636719,-3.280727691650391,-1.2587324523925782
1748973548196,6.618037719726563,-3.563489685058594,-1.2768447875976563
1748973548259,7.629933471679688,-4.109254760742187,-1.08973388671875
1748973548324,9.001531219482422,-4.115841064453125,-1.7648300170898439
1748973548396,9.93543914794922,-4.127965850830078,-2.6737399291992188
1748973548457,11.028466186523438,-5.062622222900391,-2.219135284423828
1748973548524,12.731923828125,-5.188211059570313,-3.787573699951172
1748973548601,8.52103042602539,-2.326312408447266,-1.2100836181640626
1748973548658,8.857081604003907,-4.426744537353516,-0.29219238281250004
1748973548724,7.161856842041016,-2.195783843994141,-1.4778767395019532
1748973548800,7.239694976806641,-3.0424232482910156,-0.7653584289550782
1748973548858,8.719517669677735,-2.434537353515625,-1.3787828063964844
1748973548924,9.301956481933594,-4.102069702148437,-0.729283447265625
1748973548999,12.147089996337892,-7.241341552734375,-1.9441571044921877
1748973549058,11.464659118652344,-5.684878234863281,-2.7247837829589847
1748973549125,7.976313171386719,-2.927611999511719,-1.4894027709960938
1748973549199,9.156908111572266,-5.258864135742188,-2.7189459228515624
1748973549258,6.065087585449219,-4.886737976074219,-0.6893165588378907
1748973549324,6.046975250244141,-4.4228526306152345,-1.0788066101074218
1748973549399,7.030430145263672,-4.2819955444335935,-1.355730743408203
1748973549458,9.102122039794923,-4.858746185302735,-1.9616706848144532
1748973549524,9.557026062011719,-4.499193878173829,-2.092049560546875
1748973549597,10.559341735839844,-5.1784812927246096,-2.193538513183594
1748973549658,11.900402984619141,-5.516029357910156,-2.479743347167969
1748973549724,9.921817474365234,-3.089425506591797,-2.3679258728027346
1748973549796,9.07323211669922,-4.351301422119141,-1.1819421386718751
1748973549858,7.71480697631836,-3.0731094360351565,-1.3219010925292969
1748973549924,6.72566390991211,-2.382445678710938,-0.8345146179199219
1748973549997,6.390660552978516,-2.544708251953125,-1.0867401123046876
1748973550058,7.823031921386719,-3.8779856872558596,-1.2624746704101564
1748973550125,10.061327362060547,-5.416486358642579,-2.2305116271972656
1748973550197,11.111543426513672,-6.659950561523438,-2.465373229980469
1748973550258,11.027867431640626,-7.686964874267579,-2.228715362548828
1748973550325,7.622149658203125,-2.817740478515625,-2.622396697998047
1748973550400,8.336613922119142,-5.150190124511719,-2.461930389404297
1748973550458,6.724316711425781,-3.344345397949219,-1.9606228637695313
1748973550524,4.910089416503906,-2.429447937011719,-1.3198054504394532
1748973550599,6.352639617919922,-4.536017303466797,-1.5880476379394532
1748973550658,6.8972071838378906,-4.307292938232422,-1.2754975891113283
1748973550724,12.845836944580078,-7.129075012207031,-3.3615596008300783
1748973550798,11.476185150146485,-5.3545152282714845,-2.7734326171875003
1748973550858,11.02711898803711,-4.945415954589844,-2.8460316467285156
1748973550924,9.274563446044922,-4.530628509521485,-2.0947439575195315
1748973550997,9.035211181640625,-5.150639190673829,-1.2400213623046876
1748973551060,9.11589340209961,-4.408033447265625,-1.0639874267578127
1748973551125,8.079448699951172,-3.42727294921875,-1.2084370422363282
1748973551197,2.9094996643066406,-0.3046165466308594,-0.3649411010742188
1748973551258,5.847290496826172,-3.819756774902344,-1.077609100341797
1748973551324,13.643677825927735,-6.93882064819336,-3.300037536621094
1748973551396,7.2176907348632815,-4.033512268066406,0.3059637451171875
1748973551458,9.769284667968751,-9.636211395263672,-0.6487509155273438
1748973551524,8.164172515869142,-4.0426432800292975,-4.589007110595704
1748973551601,8.40696762084961,-5.204078063964844,-2.6364674377441406
1748973551658,7.881410522460938,-4.700375518798828,-2.106569366455078
1748973551725,6.304739227294922,-4.444856872558594,-1.2639715576171875
1748973551802,6.430926818847657,-3.949237518310547,-1.1587403869628907
1748973551858,6.917564849853516,-3.8246965026855473,-3.2591725158691407
1748973551945,9.482780456542969,-6.382128295898438,-2.5610243225097657
1748973551991,8.853040008544923,-4.216132507324219,-2.544708251953125
1748973552058,8.288563842773438,-3.9145097351074223,-2.0839663696289064
1748973552125,8.127798156738281,-4.247567138671875,-1.9636166381835938
1748973552198,15.108980712890625,-9.263336791992188,-4.991520080566406
1748973552258,11.048524475097658,-4.7907875061035154,-2.773282928466797
1748973552324,7.760462036132813,-6.460265808105469,-0.19235000610351563
1748973552401,5.454207916259766,-3.3030313110351566,-1.2368778991699219
1748973552458,4.4282414245605475,-2.0076251220703125,-0.6613247680664063
1748973552524,5.3738250732421875,-2.9865893554687504,-0.8443940734863282
1748973552597,10.845995635986329,-6.070177001953125,-2.6496400451660156
1748973552658,9.994117126464845,-7.110064544677734,-1.3082794189453126
1748973552724,11.699670410156251,-9.620494079589845,-2.8023225402832033
1748973552797,9.03206771850586,-4.313579864501953,-2.7906468200683596
1748973552858,8.658594360351563,-5.6874229431152346,-2.8972251892089846
1748973552925,6.858737182617188,-4.460125122070313,-1.3322296142578125
1748973552996,4.771926727294922,-3.2626153564453126,-1.030906219482422
1748973553058,4.835843811035157,-3.8850210571289066,-1.2072395324707033
1748973553125,7.8498262023925784,-6.398893432617188,-2.357747039794922
1748973553196,8.555309143066406,-6.215375061035156,-1.1561956787109375
1748973553258,9.391620025634767,-6.710395660400391,-2.4742048645019534
1748973553324,11.593092041015625,-7.978259124755859,-1.9465521240234376
1748973553397,7.300917663574219,-4.937332763671876,-0.7957452392578125
1748973553458,8.654403076171876,-5.439837799072266,-1.639241180419922
1748973553524,6.787635040283203,-3.377875671386719,-0.3441343688964844
1748973553596,6.268664245605469,-2.1559666442871093,-0.629740447998047
1748973553658,6.370901641845704,-3.049907684326172,-0.5231620788574219
1748973553724,8.95063705444336,-5.557343444824219,-1.7242643737792969
1748973553797,8.650960235595704,-6.8813401794433595,-0.4881349182128906
1748973553858,7.991132354736329,-7.491172027587891,-1.445543975830078
1748973553924,10.575358428955079,-8.80454086303711,-1.7709672546386719
1748973553997,7.455246734619141,-6.418802032470704,-2.5102798461914064
1748973554058,7.8939843750000005,-7.4925192260742195,-3.152893524169922
1748973554125,5.356012115478516,-4.652624816894532,-2.603236541748047
1748973554198,3.4919384765625003,-2.9669801330566408,-1.149609375
1748973554260,5.251978454589844,-4.559518432617188,-0.980760498046875
1748973554324,7.979456634521485,-6.671177215576172,-1.2494517517089845
1748973554397,9.892029418945313,-6.769073638916016,-2.4339385986328126
1748973554458,11.784244537353516,-8.928782501220704,-3.4016761779785156
1748973554524,9.930798797607423,-5.432802429199219,-2.668201446533203
1748973554596,7.595954132080078,-6.024072875976563,-1.1605366516113282
1748973554658,6.9448081970214846,-5.068011016845704,-0.20926483154296877
1748973554724,6.698719940185547,-3.299887847900391,-1.9570303344726563
1748973554796,6.199957122802735,-3.3211436462402344,-1.7429754638671875
1748973554858,6.623127136230469,-4.694537658691407,-0.6340814208984376
1748973554924,7.319628753662109,-5.145400085449219,-1.7907261657714844
1748973554992,7.9275146484375005,-6.006858673095704,-1.4251863098144533
1748973555058,9.287286987304688,-6.760990447998047,-2.23934326171875
1748973555125,11.419004058837892,-8.729546813964845,-2.736010437011719
1748973555199,8.844657440185546,-5.991291046142578,-2.774630126953125
1748973555258,8.870254211425781,-5.281317443847657,-1.9468515014648438
1748973555324,8.11956527709961,-4.458628234863282,-2.492766265869141
1748973555399,7.137756958007813,-4.96487548828125,-1.6066090393066408
1748973555458,6.322252807617188,-4.850513305664062,-1.1169772338867188
1748973555524,5.7929534912109375,-4.137994995117188,-2.211950225830078
1748973555600,6.875202941894532,-4.866529998779297,-1.0891351318359375
1748973555658,8.059390411376954,-5.6203623962402345,-1.555565185546875
1748973555724,9.033714294433594,-6.426136779785157,-1.8497035217285158
1748973555798,9.69878128051758,-7.327113189697266,-2.166145477294922
1748973555858,11.952644348144531,-7.324568481445313,-2.3620880126953128
1748973555924,8.095914459228515,-6.077811126708984,-2.012564849853516
1748973555997,7.327861633300782,-4.795876922607422,-1.2852273559570313
1748973556058,5.829627227783203,-3.6444712829589845,0.3629951477050781
1748973556125,6.706204376220703,-2.8205845642089846,-0.4680766296386719
1748973556197,7.8321629333496094,-2.8601023864746096,-0.839304656982422
1748973556258,8.82654510498047,-3.567231903076172,-0.3031196594238281
1748973556324,10.44423110961914,-4.163741455078125,-0.7123686218261719
1748973556398,11.416010284423828,-4.458628234863282,-0.8381071472167969
1748973556458,11.400292968750001,-5.978567504882813,-0.8690927124023438
1748973556524,9.053323516845703,-3.3500335693359378,0.32168106079101566
1748973556599,9.069789276123048,-4.358336791992188,-1.175804901123047
1748973556658,7.732619934082032,-4.646936645507813,-0.8672964477539062
1748973556724,6.442303161621094,-3.531156921386719,-0.5987548828125
1748973556802,5.462590484619141,-3.1621742248535156,-1.1311976623535156
1748973556858,7.5733511352539065,-4.022135925292969,0.8539741516113282
1748973556938,8.148904266357423,-4.474495239257813,0.08696914672851563
1748973556991,9.576335906982422,-4.709805908203125,-0.21764739990234377
1748973557059,11.027268676757814,-5.71975570678711,0.7210505676269532
1748973557125,13.279335479736329,-5.9936860656738284,-0.32257919311523436
1748973557197,9.736951904296875,-6.822961578369141,-0.7026388549804687
1748973557258,8.106841735839843,-4.209396514892578,1.488504638671875
1748973557324,6.374943237304688,-2.596201171875,0.6845265197753907
1748973557399,5.916746063232422,-1.3536351013183594,1.0184820556640626
1748973557458,6.722520446777344,-2.408491516113281,0.6644682312011719
1748973557524,8.733438720703125,-2.119143218994141,1.7190252685546876
1748973557597,12.99582504272461,-3.5377432250976564,1.011895751953125
1748973557658,13.34070785522461,-4.025429077148438,-0.47615982055664063
1748973557724,10.887908477783204,-5.75044189453125,1.632205810546875
1748973557797,8.543034667968751,-3.7453614807128908,-0.8180488586425781
1748973557858,8.518036651611329,-5.6979011535644535,-1.9981947326660157
1748973557924,6.204447784423828,-2.561323699951172,-2.951711883544922
1748973558000,5.830375671386719,-2.4704626464843753,-0.2555186462402344
1748973558058,8.84525619506836,-2.8436366271972657,-0.6411167907714844
1748973558125,10.5045556640625,-1.6657360839843751,-2.584076385498047
1748973558197,7.411837005615235,-2.9856912231445314,-3.156785430908203
1748973558258,9.74249038696289,-4.210743713378906,-0.59635986328125
1748973558324,9.694889373779297,-2.9957203674316406,0.3052153015136719
1748973558400,14.254856872558594,-5.043312377929688,0.5736071777343751
1748973558458,12.441827087402345,-2.441872100830078,-1.332828369140625
1748973558524,10.222093048095704,-4.001628570556641,0.17393829345703127
1748973558596,6.671476593017578,-0.6914122009277344,0.7146139526367188
1748973558658,6.001619567871094,1.112486572265625,-1.3455519104003908
1748973558725,6.8620303344726565,-1.1193722534179689,-0.13382171630859377
1748973558799,11.584260406494142,-5.891298980712891,-0.9714797973632813
1748973558860,10.975626068115234,-5.353018341064454,-0.4317022705078125
1748973558925,10.150392150878906,-4.468208312988281,-0.6902146911621094
1748973558998,12.128678283691407,-5.705235900878907,-1.8345849609375
1748973559058,9.155860290527345,-3.0409263610839847,-0.4183799743652344
1748973559125,10.51024383544922,-5.930966491699219,-2.468965759277344
1748973559198,5.991141357421875,-4.833897857666016,-1.1114387512207031
1748973559258,3.556154937744141,-4.254602508544922,-2.2950274658203127
1748973559325,4.3524989318847656,-3.2825239562988284,-2.518363037109375
1748973559398,8.554261322021485,-5.103187866210938,-3.4408946228027344
1748973559458,9.57903030395508,-3.9839653015136722,-3.2145652770996094
1748973559524,9.488618316650392,-3.7257522583007816,-2.8973748779296877
1748973559598,9.083410949707032,-3.1488519287109376,-1.505120086669922
1748973559658,12.870236206054688,-3.6212695312500003,-4.620292053222657
1748973559725,12.28495330810547,-4.886588287353516,-3.3022828674316407
1748973559798,6.81906967163086,-0.8915460205078125,-0.7842192077636719
1748973559858,7.119794311523438,-3.3895513916015627,-1.834435272216797
1748973559924,8.397686920166016,-3.489393768310547,-1.3965957641601563
1748973559997,9.294621734619142,-2.129471740722656,-1.8055453491210938
1748973560058,9.542356567382813,-1.6384927368164064,-1.0240205383300782
1748973560125,9.483229522705079,-2.282603302001953,-1.114881591796875
1748973560197,9.195976867675782,-3.0889764404296876,-1.8938616943359377
1748973560258,8.845705261230469,-4.004772033691406,-1.783092041015625
1748973560324,10.551258544921875,-4.184847564697266,-1.4795233154296876
1748973560397,9.676028594970704,-1.2458592224121094,-1.9190093994140627
1748973560458,10.133926391601562,-3.4802627563476562,-2.2052142333984377
1748973560524,10.252629547119142,-2.3070025634765625,-3.471281433105469
1748973560597,8.05250473022461,-2.115700378417969,-2.474803619384766
1748973560658,6.526278533935547,-2.86204833984375,-2.238145751953125
1748973560724,6.8725085449218755,-2.908601531982422,-2.2698797607421874
1748973560799,8.211324462890625,-3.1856753540039064,-2.947670288085938
1748973560858,10.666668548583985,-3.247197418212891,-2.5330325317382814
1748973560925,15.69261703491211,-6.652915191650391,-3.1657667541503907
1748973560998,11.945309600830079,-0.863404541015625,-2.0520826721191407
1748973561058,8.731642456054688,-2.812800750732422,-1.7675244140625002
1748973561125,6.901697845458985,-0.6963519287109375,-0.30252090454101566
1748973561198,6.2562400817871096,-1.756746826171875,-0.28889923095703124
1748973561258,6.956034851074219,-2.2805076599121095,-0.3031196594238281
1748973561325,9.03161865234375,-2.974763946533203,-0.5658233642578125
1748973561398,11.260783081054688,-4.4051893615722655,-1.2934602355957032
1748973561458,11.726764068603517,-4.572691040039063,-1.417552185058594
1748973561524,13.565390625000001,-8.77580062866211,-0.4938230895996094
1748973561598,8.547525329589844,-2.8756700134277344,-0.7717950439453125
1748973561658,7.590715026855469,-4.962630157470703,-3.337310028076172
1748973561725,6.067482604980469,-3.0409263610839847,-2.1513262939453126
1748973561799,4.001179504394531,-2.033521270751953,-1.9404148864746096
1748973561858,5.373376007080078,-2.868934020996094,-0.26120681762695314
1748973561938,9.69743408203125,-4.7258226013183595,-3.206781463623047
1748973561991,9.095535736083985,-3.4958303833007816,-1.6649876403808594
1748973562059,11.504326629638673,-2.898871765136719,-4.069886627197266
1748973562125,14.24647430419922,-5.080884246826172,-3.6045043945312503
1748973562198,11.236533508300782,-2.409090270996094,-2.4433689880371094
1748973562258,10.009834442138672,-4.518952789306641,-1.2036470031738282
1748973562324,6.762038269042969,-1.1776011657714844,-1.8776953125
1748973562399,3.697461090087891,-0.5749543762207031,1.473835144042969
1748973562458,5.681136016845703,-2.519261169433594,-0.3531156921386719
1748973562525,10.843899993896486,-6.402935028076172,-2.136507110595703
1748973562599,11.472742309570313,-7.427554321289063,0.19534378051757814
1748973562658,9.712852020263673,-7.13760726928711,-1.99265625
1748973562725,9.670939178466798,-9.070837097167969,-1.4976356506347657
1748973562799,8.607999572753906,-4.221221923828125,-3.7091368103027347
1748973562858,7.42979965209961,-3.9390586853027347,-3.781586151123047
1748973562925,4.590054931640625,-3.7603303527832033,-1.8733543395996095
1748973562998,4.1692799377441405,-3.583098907470703,-1.816622314453125
1748973563058,5.973328399658204,-6.838379516601563,-0.113763427734375
1748973563125,7.49880615234375,-6.303990783691407,-1.9335292053222657
1748973563199,10.582244110107423,-6.009852447509766,-3.0849348449707032
1748973563258,12.34722381591797,-8.037386169433594,-2.581980743408203
1748973563325,10.795700225830078,-4.861141204833984,-2.8192373657226564
1748973563398,8.11193115234375,-5.173541564941407,-2.1999751281738282
1748973563458,6.730603637695313,-3.9782771301269535,-1.0855426025390627
1748973563524,6.078559570312501,-2.2481748962402346,-1.3334271240234377
1748973563599,6.189927978515625,-3.713477783203125,-0.8391549682617188
1748973563658,8.419691162109375,-4.897665252685547,-1.0780581665039064
1748973563724,9.621990966796876,-5.616470489501953,-2.2013223266601565
1748973563798,9.913734283447265,-7.459288330078126,-1.7077986145019532
1748973563858,10.03079086303711,-8.61922622680664,-2.1918919372558596
1748973563925,8.076604614257812,-7.2616992187500005,-1.0530601501464845
1748973563997,7.612120513916016,-5.855972442626953,-2.3935226440429687
1748973564058,7.651638336181641,-6.375092926025391,-1.886077880859375
1748973564125,5.6187158203125005,-4.511767730712891,-2.0134629821777343
1748973564197,4.2381367492675786,-4.0124061584472654,-1.3994398498535157
1748973564258,6.028713226318359,-4.961432647705078,-1.407223663330078
1748973564325,7.477550354003907,-4.743186492919922,-2.7999275207519534
1748973564398,7.825576629638673,-6.0044636535644536,-2.4897724914550783
1748973564458,10.552156677246094,-6.790928192138672,-3.4254766845703126
1748973564525,10.19215530395508,-6.660998382568359,-2.9520112609863283
1748973564598,9.567204895019533,-5.4477713012695315,-2.813848571777344
1748973564658,7.153474273681641,-3.9797740173339844,-2.2924827575683593
1748973564724,7.635621643066407,-3.9710920715332034,-1.9383192443847657
1748973564799,8.657696228027344,-4.268523559570313,-1.5563136291503907
1748973564858,8.100105743408204,-3.493884429931641,-0.91250244140625
1748973564925,7.876171417236328,-4.506678314208985,-0.671802978515625
1748973564999,7.6880126953125005,-5.035079498291016,-0.7705975341796876
1748973565058,7.233857116699219,-4.142335968017578,-0.7002438354492188
1748973565125,8.425529022216796,-5.072501678466797,-0.8137078857421876
1748973565197,11.281739501953126,-7.443571014404298,-2.4572900390625003
1748973565258,10.473570098876953,-7.8094102478027345,-2.0520826721191407
1748973565325,9.494007110595703,-6.538702697753907,-2.9967681884765627
1748973565398,7.960146789550782,-4.851561126708985,-3.158731384277344
1748973565458,7.152127075195313,-3.8815782165527346,-2.508633270263672
1748973565525,4.781207427978516,-2.6568251037597657,-1.8844313049316408
1748973565597,5.239105224609375,-3.5250196838378907,-1.115929412841797
1748973565658,8.287815399169922,-6.072122955322266,-2.4035517883300783
1748973565725,9.097481689453126,-5.286107482910157,-3.1425650024414065
1748973565798,8.627309417724609,-5.2876043701171875,-3.4215847778320314
1748973565858,8.981472930908204,-5.6926620483398445,-3.2819252014160156
1748973565925,10.232421569824218,-5.868995361328126,-4.068240051269531
1748973565998,9.323511657714844,-3.9615119934082035,-3.4191897583007815
1748973566058,8.512647857666016,-3.642375640869141,-3.0647268676757813
1748973566125,8.050409088134765,-3.7594322204589847,-1.720671844482422
1748973566198,6.820267181396485,-2.7502308654785157,-1.7271084594726562
1748973566258,7.047195281982423,-3.4352064514160157,-1.5010784912109376
1748973566325,8.166717224121093,-4.143084411621094,-2.1656964111328127
1748973566399,8.262967071533204,-3.4551150512695314,-2.664459228515625
1748973566458,8.686137084960938,-4.020189971923829,-2.284998321533203
1748973566525,8.994346160888671,-4.668791198730469,-2.9753627014160156
1748973566599,10.068362731933595,-5.986950073242188,-3.6315980529785157
1748973566658,10.345436553955079,-7.029532012939454,-3.2337254333496097
1748973566725,8.721613311767578,-4.308640136718751,-2.921474761962891
1748973566798,8.088280334472657,-4.919968872070313,-3.2394136047363284
1748973566859,6.259832611083985,-4.307742004394531,-2.3143373107910157
1748973566935,4.401147766113281,-2.456092529296875,-1.9425105285644533
1748973566991,5.09226058959961,-2.647694091796875,-3.484454040527344
1748973567059,9.099277954101563,-5.21919662475586,-4.139791259765625
1748973567125,8.233179016113281,-6.370153198242188,-5.313201141357422
1748973567198,7.694000244140625,-4.336033172607422,-1.5977774047851563
1748973567259,9.121880950927736,-5.355413360595703,-2.5008494567871096
1748973567325,12.240046691894532,-7.080725555419923,-3.942800903320313
1748973567400,10.497220916748047,-5.372328186035157,-3.758683776855469
1748973567458,9.153016204833985,-4.080813903808594,-3.289259948730469
1748973567525,7.831115112304688,-4.604125671386719,-2.0300784301757813
1748973567599,6.4358665466308596,-3.517984313964844,-1.0109976196289063
1748973567658,5.590274963378906,-3.1322364807128906,-1.1606863403320313
1748973567725,7.135960693359375,-4.580624542236328,-1.4186000061035158
1748973567799,8.321495361328125,-5.029541015625,-2.0793260192871097
1748973567858,9.065448303222656,-6.475084991455079,-2.089804229736328
1748973567925,9.038654022216797,-8.18572769165039,-1.9708016967773438
1748973567997,7.562423858642578,-7.644752655029297,-1.272653503417969
1748973568059,9.23235122680664,-8.626560974121094,-3.862867126464844
1748973568125,7.987689514160157,-6.479725341796875,-2.9331504821777346
1748973568197,6.46460678100586,-4.769980773925782,-3.776646423339844
1748973568258,3.4718801879882815,-3.2160621643066407,-1.9309844970703125
1748973568325,2.019600219726563,-4.260590057373047,-1.4253359985351564
1748973568397,6.831493835449219,-5.941893768310547,-1.8074913024902344
1748973568458,8.672964477539063,-8.04097869873047,-1.316063232421875
1748973568525,8.815468139648438,-6.362219696044922,-2.865341491699219
1748973568596,11.054062957763673,-8.867859191894532,-3.6374359130859375
1748973568658,9.00003433227539,-6.220913543701172,-3.4802627563476562
1748973568725,7.725135498046876,-6.866071929931641,-3.347788238525391
1748973568800,4.883744201660156,-4.393663330078125,-2.312241668701172
1748973568858,5.617218933105469,-3.676055603027344,-0.6132746887207031
1748973568925,4.674030303955078,-4.217479705810547,-0.6607260131835938
1748973568992,7.410340118408204,-6.814129943847656,-2.1513262939453126
1748973569058,8.446635131835938,-7.569010162353516,-1.8739530944824219
1748973569125,8.696465606689454,-7.350314941406251,-2.312541046142578
1748973569192,10.184820556640625,-10.854078826904297,-1.7027091979980469
1748973569259,7.1033285522460945,-5.330115966796876,-2.287093963623047
1748973569325,7.083569641113281,-7.348967742919922,-3.2251931762695314
1748973569402,3.8511914062500003,-5.080135803222657,-1.4629078674316407
1748973569458,5.344186706542969,-1.4337185668945314,-5.945037231445313
1748973569525,5.204078063964844,-4.988675994873047,-2.782863006591797
1748973569598,7.167245635986329,-6.775061187744141,-1.8492544555664063
1748973569659,7.574249267578125,-6.509064331054688,-2.222428436279297
1748973569725,8.469986572265626,-6.442153472900391,-3.2454011535644534
1748973569799,9.2351953125,-7.608977050781251,-2.4737557983398437
1748973569858,11.734697570800781,-9.166488189697267,-4.299808502197266
1748973569925,8.46923812866211,-6.257437591552734,-2.132764892578125
1748973569993,6.457721099853516,-5.606141967773437,-1.1476634216308594
1748973570059,4.612358551025391,-4.417164459228516,-1.489552459716797
1748973570125,4.4457550048828125,-4.037404174804688,-0.8077203369140625
1748973570196,6.2605810546875,-5.468128967285157,-1.0316546630859376
1748973570258,7.784561920166016,-6.10011474609375,-1.931583251953125
1748973570325,9.180858306884765,-7.752229156494141,-2.7812164306640628
1748973570397,8.988657989501954,-7.7918966674804695,-3.280727691650391
1748973570458,9.756261749267578,-10.18452117919922,-3.2060330200195315
1748973570525,8.013136596679688,-5.544170837402344,-2.3812481689453127
1748973570596,7.931855621337891,-6.567293243408203,-3.6645295715332034
1748973570658,6.143823852539063,-3.985162811279297,-4.32824935913086
1748973570725,1.6610957336425782,-1.8071919250488282,-2.672542419433594
1748973570797,4.299958190917969,-2.8984226989746094,-1.7652790832519532
1748973570858,7.759114837646485,-8.497080230712891,-2.0939955139160156
1748973570925,7.7758799743652345,-6.635700988769532,-3.164868621826172
1748973570999,8.117319946289063,-4.843777313232422,-3.740870819091797
1748973571059,9.872120819091798,-5.829776916503906,-4.3716590881347654
1748973571126,10.088870086669923,-5.984704742431641,-3.736829223632813
1748973571196,8.386310577392578,-3.823049926757813,-4.096980285644531
1748973571259,7.688761138916016,-4.565805358886719,-2.697690124511719
1748973571325,8.304879913330078,-4.387226715087891,-2.800975341796875
1748973571399,7.522157592773438,-4.418062591552735,-2.175575866699219
1748973571459,7.418872375488282,-4.984484710693359,-2.465822296142578
1748973571525,7.052883453369141,-5.096002807617188,-2.046095123291016
1748973571597,6.441405029296876,-4.503235473632813,-2.04295166015625
1748973571658,6.786886596679688,-5.059927825927734,-2.3164329528808594
1748973571725,8.256530456542968,-6.331234130859375,-2.7894493103027345
1748973571796,10.330018615722656,-8.243657226562501,-2.990032196044922
1748973571859,8.621172180175781,-3.4443374633789063,-2.208058319091797
1748973571941,8.521329803466797,-4.823419647216797,-3.333418121337891
1748973571991,8.069868621826172,-4.826862487792969,-2.2158421325683593
1748973572059,7.1807176208496095,-4.414320373535157,-1.9007473754882813
1748973572125,7.660919036865235,-5.089566192626953,-2.950963439941406
1748973572197,6.393055572509766,-5.206473083496094,-2.3137385559082033
1748973572258,7.4362362670898445,-5.332510986328125,-3.6336936950683594
1748973572325,8.014633483886719,-5.806575164794922,-3.430566101074219
1748973572398,8.528963928222657,-6.047274627685547,-2.3559507751464843
1748973572458,10.23676254272461,-6.294111328125,-3.3581167602539064
1748973572525,8.957971801757813,-4.100423126220703,-2.7018814086914062
1748973572601,7.860005035400391,-5.929020538330079,-0.4908293151855469
1748973572659,8.246351623535157,-5.513933715820313,-1.539847869873047
1748973572725,7.811805267333985,-5.105732574462891,-1.8354830932617188
1748973572800,7.469616851806641,-5.431006164550782,-1.6455281066894532
1748973572859,7.452552337646485,-5.404511260986329,-1.6916322326660158
1748973572925,6.326444091796875,-4.754263458251954,-1.5164964294433594
1748973572993,6.328539733886719,-5.3528686523437505,-1.7142352294921877
1748973573059,8.007598114013673,-6.966213684082032,-1.909878387451172
1748973573125,10.327174530029298,-8.034093017578126,-3.014730834960938
1748973573197,8.78298568725586,-4.9936157226562505,-1.1283535766601562
1748973573258,7.271578674316407,-3.4491275024414065,-2.156415710449219
1748973573325,8.758287048339843,-6.365662536621094,-1.7392332458496094
1748973573397,7.863747253417969,-4.6695396423339846,0.30386810302734374
1748973573458,7.227869567871094,-5.248086547851563,-1.0017169189453126
1748973573525,5.107379150390625,-5.76765609741211,-2.0246896362304687
1748973573597,5.764213256835938,-5.823190612792969,-2.5997937011718752
1748973573658,7.509733428955078,-6.027665405273438,-2.344574432373047
1748973573725,10.547965393066407,-6.257736968994141,-2.102677459716797
1748973573799,13.260774078369142,-4.598736877441406,-4.399800567626953
1748973573858,8.543783111572266,-6.05745346069336,-0.5863307189941407
1748973573925,9.310488739013673,-4.250560913085938,-2.149080963134766
1748973573995,8.204139404296875,-6.41910140991211,0.27722351074218754
1748973574059,8.315208435058594,-4.726720733642578,-0.9988728332519532
1748973574125,7.119494934082032,-5.225483551025391,-0.5974076843261719
1748973574199,7.242838439941407,-5.312752075195313,-0.7734416198730469
1748973574259,7.383695526123048,-4.8455735778808595,-0.5769003295898438
1748973574325,7.266339569091797,-4.857249298095703,-1.5376025390625
1748973574399,7.618706817626953,-5.676345977783203,-1.52083740234375
1748973574458,8.338260498046875,-5.9691371154785156,-1.6064593505859375
1748973574525,10.389145660400391,-7.82018783569336,-2.465522918701172
1748973574599,8.664581909179688,-3.1183154296875,-1.731449432373047
1748973574659,8.866811370849609,-4.462819519042969,-3.2117211914062502
1748973574725,8.545130310058594,-3.9531294250488282,-0.2966830444335938
1748973574798,7.1658984375,-3.639232177734375,-0.22647903442382813
1748973574859,7.485184478759766,-4.183799743652344,-1.2304412841796875
1748973574925,7.549400939941407,-4.722828826904297,-3.416645050048828
1748973574996,7.0802764892578125,-5.752238159179687,-3.210373992919922
1748973575059,9.850266265869141,-4.952151947021485,-6.434369659423829
1748973575125,8.40262664794922,-6.9624714660644536,-2.0288809204101566
1748973575196,8.753047943115234,-5.503605194091797,-1.991309051513672
1748973575258,7.598798217773438,-5.560037841796875,0.2513273620605469
1748973575325,9.06844207763672,-5.1678533935546875,0.3046165466308594
1748973575397,7.341333618164063,-3.7488043212890627,-0.4635859680175782
1748973575458,6.5080165100097656,-4.4122247314453125,0.09789642333984376
1748973575526,7.002588043212891,-4.826712799072266,-0.3237767028808594
1748973575592,6.9120263671875,-4.729564819335938,-0.8596623229980469
1748973575659,8.151598663330079,-5.8053776550292975,-2.1501287841796874
1748973575725,9.305249633789064,-7.9590989685058595,-1.3069322204589844
1748973575800,10.607242126464845,-7.974217529296875,-0.7741900634765625
1748973575859,8.526568908691406,-4.4315345764160154,-2.6291326904296874
1748973575925,6.776558074951172,-7.268435211181641,-1.688339080810547
1748973576000,4.520150299072266,-6.318061523437501,-0.22662872314453125
1748973576059,5.444627838134766,-5.971681823730469,-1.184187469482422
1748973576126,5.307512969970704,-5.893095245361328,-0.8175997924804688
1748973576199,5.899082794189454,-4.920268249511719,-2.1189935302734377
1748973576259,8.766070861816406,-6.66578842163086,-1.9293379211425783
1748973576325,9.92825408935547,-7.100484466552735,-2.9187803649902344
1748973576398,10.288105773925782,-7.157366180419922,-2.455194396972656
1748973576459,7.7300752258300784,-6.2510009765625005,-1.3307327270507814
1748973576525,8.595575408935547,-9.422306213378906,-0.425115966796875
1748973576596,6.242169342041016,-5.779331817626954,-1.1895762634277345
1748973576658,5.465733947753907,-4.560715942382813,-0.9294172668457031
1748973576725,5.797893218994141,-3.726201324462891,-2.496658172607422
1748973576796,5.81316146850586,-7.302564239501954,-1.1171269226074219
1748973576858,6.99630111694336,-7.855963439941407,-0.4034111022949219
1748973576934,7.342531127929687,-8.01762725830078,-1.7958155822753907
1748973576991,9.631121978759767,-9.239685974121095,-1.6203804016113281
1748973577059,7.946225738525391,-5.335804138183594,0.02125579833984375
1748973577125,7.6333763122558596,-8.334817657470703,-2.5999433898925783
1748973577198,7.145091705322266,-5.054988098144531,-2.6508375549316407
1748973577259,1.1463162231445314,-6.966513061523438,0.6415658569335938
1748973577325,6.018833770751954,-6.60785888671875,-3.976780242919922
1748973577398,6.017187194824219,-5.704038391113282,-1.7211209106445313
1748973577458,7.088808746337891,-6.301595764160156,-2.2873933410644534
1748973577525,8.572373657226564,-7.090155944824219,-3.3174014282226563
1748973577599,9.57004898071289,-8.774154052734376,-3.3286280822753906
1748973577659,8.53390365600586,-5.936205596923829,-2.3975642395019534
1748973577725,8.177644500732422,-8.792266387939453,-2.0676502990722656
1748973577799,7.536827087402344,-4.259991302490235,-1.5147001647949219
1748973577861,5.576503601074219,-3.845203857421875,-1.1033555603027345
1748973577925,5.901328125,-3.5654356384277346,-1.9856208801269533
1748973577994,7.3693254089355476,-5.885311431884766,-0.6822811889648438
1748973578059,9.492061157226564,-5.529800720214844,-0.1407073974609375
1748973578125,9.770482177734376,-4.920417938232422,-2.3845413208007815
1748973578197,11.07591751098633,-4.781207427978516,-3.8766384887695313
1748973578259,9.80131805419922,-1.4495855712890626,-3.778891754150391
1748973578325,10.573262786865236,-4.652624816894532,-5.748645629882812
1748973578396,6.381080474853516,-2.9894334411621095,-2.5054898071289062
1748973578459,5.16171615600586,-2.4336392211914064,-4.290527801513672
1748973578525,5.272186431884766,-1.665586395263672,-4.726720733642578
1748973578598,6.435267791748047,-1.7119898986816406,-5.143454132080079
1748973578659,7.617658996582032,-1.2602293395996094,-5.676495666503906
1748973578726,8.359815673828125,-1.1220666503906251,-6.358477478027344
1748973578800,9.800120544433595,-2.370919647216797,-5.996230773925782
1748973578859,10.759625244140626,-1.6781602478027344,-6.198460235595704
1748973578925,11.436068572998048,-1.811532897949219,-4.82596435546875
1748973578999,9.996961212158203,-0.7372169494628906,-4.644841003417969
1748973579058,8.985963592529297,-0.6671626281738282,-3.0855335998535156
1748973579126,7.967780914306641,0.13127700805664064,-2.1966819763183594
1748973579199,10.934910736083985,1.0385403442382812,-1.7881814575195314
1748973579260,10.567125549316406,-0.8622070312500001,-1.4663507080078126
1748973579325,9.91148895263672,-1.6227754211425782,-1.2774435424804689
1748973579399,8.108787689208985,-3.6754568481445316,-1.9356248474121094
1748973579458,10.135872344970704,-5.604944458007813,-2.0136126708984374
1748973579525,9.495953063964844,-3.6369868469238282,-2.2971231079101564
1748973579599,10.325977020263672,-4.597838745117188,-3.3287777709960937
1748973579659,8.442144470214844,-3.3914973449707033,-3.0325437927246095
1748973579725,6.812932434082032,-4.108955383300781,-1.52562744140625
1748973579797,7.503296813964844,-3.3185989379882814,-0.9389973449707032
1748973579858,7.883805541992188,-2.8792625427246095,-1.5763719177246094
1748973579925,9.23564437866211,-3.097808074951172,-1.4263838195800782
1748973579992,10.557395782470703,-2.542313232421875,-1.6176860046386718
1748973580059,10.553354187011719,-2.5939558410644534,-1.500330047607422
1748973580126,11.757749633789063,-4.048780517578125,-1.530267791748047
1748973580197,11.4817236328125,-3.432811431884766,-1.28612548828125
1748973580259,10.010882263183595,-4.995861053466797,-0.46717849731445316
1748973580325,8.98027542114258,-3.4980757141113283,-0.5685177612304688
1748973580401,8.264164581298829,-2.6191035461425782,-1.730102233886719
1748973580458,8.021668853759767,-2.887794799804688,-1.2690609741210939
1748973580525,8.002508697509766,-3.3353640747070314,-0.27078689575195314
1748973580601,6.770720214843751,-3.1028974914550784,-1.1166778564453126
1748973580659,7.115902404785157,-4.006119232177735,-2.2180874633789065
1748973580725,11.324999542236329,-6.114634552001953,-3.1391221618652345
1748973580800,12.216844940185547,-3.219954071044922,-3.4950819396972657
1748973580859,11.75999496459961,-2.0576211547851564,-4.313130798339844
1748973580925,9.780960388183594,-2.4625291442871093,-1.8830841064453125
1748973580992,6.973249053955079,-2.504741363525391,-1.1756552124023438
1748973581060,6.5660957336425785,-2.2740710449218753,-1.9380198669433595
1748973581126,7.2377490234375,-2.296374664306641,-3.1597792053222657
1748973581197,7.1419482421875005,-2.6756858825683594,-2.239492950439453
1748973581258,9.077872467041017,-3.420986022949219,-3.939208374023438
1748973581326,10.213560791015626,-3.1954051208496095,-3.997137908935547
1748973581396,11.49938690185547,-5.392835540771484,-3.4362542724609377
1748973581458,10.504855041503907,-3.25004150390625,-2.3945704650878907
1748973581525,10.97682357788086,-5.85103271484375,-1.568588104248047
1748973581599,7.862699432373048,-2.1201910400390624,-1.5272740173339845
1748973581659,7.426057434082032,-2.3617886352539066,-1.6772621154785157
1748973581725,8.000562744140625,-3.2428564453125,-1.1603869628906252
1748973581798,8.305628356933594,-3.7664675903320313,-0.9439370727539063
1748973581859,8.231532440185548,-4.245920562744141,-0.6503974914550782
1748973581938,8.760233001708984,-5.522765350341797,-1.7359400939941407
1748973581991,11.137589263916016,-8.39589065551758,-2.3179298400878907
1748973582059,8.884025573730469,-2.1320164489746096,-2.4572900390625003
1748973582126,10.549462280273438,-5.254373474121094,-4.3983036804199225
1748973582198,6.753655700683594,-2.105970611572266,-2.2604493713378906
1748973582259,5.954766998291016,-3.6122882080078127,-0.19968475341796876
1748973582325,8.027955780029297,-4.353995819091797,-1.4970368957519533
1748973582399,7.183711395263672,-3.151546325683594,-1.8146763610839844
1748973582458,8.448880462646486,-4.306843872070313,-3.564687194824219
1748973582525,10.224637756347656,-4.0565643310546875,-4.783303070068359
1748973582599,8.425978088378907,-6.010600891113282,-0.16016693115234376
1748973582661,11.066636810302734,-5.341641998291016,-1.921853485107422
1748973582725,8.90992172241211,-6.400090942382813,-0.17064514160156252
1748973582798,9.213939514160156,-5.6273977661132815,-1.46335693359375
1748973582859,7.821684722900391,-3.919299774169922,-1.1009605407714844
1748973582926,6.863676910400391,-3.999383239746094,-1.084644470214844
1748973582993,6.635850677490235,-4.505480804443359,0.11406280517578125
1748973583059,7.121141510009766,-4.612059173583985,-0.2606080627441406
1748973583126,8.03094955444336,-6.190526733398438,-1.6194822692871094
1748973583198,8.81322280883789,-7.144343261718751,-0.5794450378417969
1748973583259,11.446995849609376,-8.208779754638673,-1.6832496643066408
1748973583325,8.85438720703125,-4.012256469726562,-2.139051818847656
1748973583399,7.6896592712402345,-5.51572998046875,-1.8449134826660156
1748973583458,6.551126861572266,-5.8263340759277344,0.7825726318359375
1748973583525,6.021228790283203,-5.555098114013672,0.21225860595703125
1748973583599,6.327042846679688,-5.195695495605469,-1.473835144042969
1748973583659,5.647156677246094,-5.937103729248047,-0.8812174987792969
1748973583725,9.01724853515625,-4.86907470703125,-3.356470184326172
1748973583798,8.988657989501954,-6.673272857666016,0.5581892395019532
1748973583859,7.843539276123047,-6.624923400878907,-2.268981628417969
1748973583925,8.247848510742188,-6.864275665283204,-0.7373666381835938
1748973583993,7.709118804931641,-5.9348583984375,-0.81191162109375
1748973584059,7.542664947509766,-4.152215423583985,-1.9137702941894532
1748973584126,6.736890563964844,-5.297334136962891,-0.9779164123535157
1748973584199,7.263944549560547,-5.390440521240235,0.11316467285156251
1748973584259,7.318281555175782,-4.851112060546876,-0.5653742980957032
1748973584325,7.374863891601563,-6.5863037109375,-0.23366409301757815
1748973584399,8.127798156738281,-8.716224517822265,-0.41508682250976564
1748973584459,10.047106933593751,-9.300010528564453,-0.9553134155273438
1748973584525,7.785609741210938,-5.317093048095703,-3.061583404541016
1748973584599,6.913672943115235,-6.234834594726562,-3.004402313232422
1748973584659,5.027145996093751,-6.3581781005859375,0.22947280883789065
1748973584725,5.288502502441407,-6.706354064941406,-1.2707075500488283
1748973584797,3.351380767822266,-6.263724517822266,-0.2860551452636719
1748973584859,6.230194244384766,-6.226751403808594,-1.4114149475097657
1748973584925,9.593699798583986,-3.167263641357422,-4.051624603271485
1748973584993,12.671748962402344,-7.217990112304688,0.12214599609375
1748973585059,9.307644653320313,-9.113797760009765,0.5851332092285156
1748973585126,4.7611491394042975,-8.010591888427735,2.612816619873047
1748973585199,8.759334869384766,-10.629246368408204,0.25956024169921876
1748973585259,8.521180114746095,-6.719077606201172,3.2590228271484376
1748973585325,4.6695396423339846,-5.329517211914062,-0.12843292236328124
1748973585399,4.346810760498047,-4.475393371582031,-1.0234217834472656
1748973585458,6.280489654541016,-5.987997894287109,-1.7127383422851563
1748973585526,5.701942749023438,-5.105582885742188,-0.8020321655273438
1748973585593,6.9801347351074226,-9.590706024169922,-1.1503578186035157
1748973585659,9.130712585449219,-10.317893829345703,-2.1139041137695314
1748973585725,8.820707244873047,-7.1085676574707035,0.7788304138183594
1748973585799,8.583600311279298,-9.546398162841797,-2.0908520507812502
1748973585859,6.252198486328125,-4.919070739746094,-0.17962646484375
1748973585925,4.2837918090820315,-5.187911682128907,0.3418890380859375
1748973585993,0.662222900390625,-6.894213409423829,-1.5367044067382813
1748973586059,6.9501969909667976,-4.606820068359375,-3.4952316284179688
1748973586126,8.571924591064453,-9.965526580810547,-1.836680603027344
1748973586199,8.293653259277344,-6.670428771972657,-3.3081207275390625
1748973586259,6.376739501953125,-7.193291473388673,-2.2817051696777346
1748973586326,7.928412780761719,-7.785460052490235,-2.604284362792969
1748973586393,7.813900909423828,-7.604785766601563,-1.8112335205078125
1748973586458,8.755442962646486,-7.0943472290039065,-0.5547463989257813
1748973586526,7.365433502197266,-5.053341522216797,-1.8806890869140627
1748973586598,6.859934692382813,-4.474495239257813,-1.6175363159179688
1748973586659,7.071893920898438,-5.153183898925781,-0.5530998229980469
1748973586725,7.5257501220703125,-2.8033703613281253,-0.30985565185546876
1748973586797,7.975265350341798,-4.156107330322266,-1.3454022216796875
1748973586859,9.099427642822267,-3.18298095703125,-0.7932005310058594
1748973586935,10.982661437988282,-4.113595733642578,-1.8016534423828126
1748973586992,13.447884979248048,-3.6883300781250004,-4.119283905029297
1748973587059,9.45598617553711,0.001347198486328125,-1.8106347656250001
1748973587126,9.781409454345704,-2.1571641540527344,-2.720442810058594
1748973587198,7.724087677001953,-2.7294241333007814,-1.477427673339844
1748973587259,7.558232574462891,-2.921774139404297,-1.462009735107422
1748973587326,7.940836944580078,-2.6408084106445315,-3.0611343383789062
1748973587398,7.39866439819336,-2.4156765747070312,-2.994373168945313
1748973587459,8.338559875488281,-3.2907568359375,-3.5819013977050784
1748973587526,9.606123962402345,-3.1656170654296876,-4.274211730957031
1748973587598,12.363839263916017,-6.79751449584961,-2.944676513671875
1748973587659,10.530302124023438,-3.6278558349609376,-1.8658699035644533
1748973587726,9.157955932617188,-2.332898712158203,-2.3143373107910157
1748973587793,8.828341369628907,-0.8077203369140625,-1.5096107482910157
1748973587859,7.292086029052735,0.11256591796875001,-1.6305592346191407
1748973587926,8.310867462158203,-1.0356962585449219,-1.1942166137695314
1748973587993,9.974208526611328,-1.9616706848144532,-1.254840545654297
1748973588059,9.316176910400392,-2.585273895263672,-1.1927197265625
1748973588126,10.215656433105469,-4.87865478515625,-2.7177484130859377
1748973588199,12.140054626464844,-6.179749145507813,-4.319417724609375
1748973588259,8.644523620605469,-1.0077044677734375,-3.292852478027344
1748973588326,10.933413848876954,-5.817053375244141,-3.8957986450195317
1748973588399,6.99151107788086,-1.6398399353027344,-0.9148974609375
1748973588458,5.179529113769531,-2.6743386840820316,-2.8800109863281254
1748973588525,4.355642395019531,-2.6135650634765626,-2.877615966796875
1748973588599,7.352410583496094,-4.5674519348144536,-4.860392761230469
1748973588659,9.748328247070313,-4.872517547607422,-4.428989868164063
1748973588726,10.646460571289063,-5.889951782226563,-3.835324401855469
1748973588799,9.805808715820312,-4.397704925537109,-3.713178405761719
1748973588859,7.7838134765625,-3.605552215576172,-1.9688557434082032
1748973588925,9.91972183227539,-4.23005355834961,-3.23088134765625
1748973588993,7.9590989685058595,-1.2689112854003908,-3.2221994018554687
1748973589059,8.267607421875,-3.3581167602539064,-1.8520985412597657
1748973589126,7.993377685546875,-3.3723371887207034,-1.3498928833007813
1748973589199,6.511758728027344,-3.071612548828125,-1.7251625061035156
1748973589259,8.582552490234375,-5.667813720703125,-2.159259796142578
1748973589326,9.36542449951172,-6.382128295898438,-0.355660400390625
1748973589393,11.22395965576172,-7.1349128723144535,-0.7644602966308595
1748973589458,9.619595947265626,-7.029981079101563,-1.2949571228027343
1748973589526,7.689808959960938,-6.171366577148437,-2.1113594055175784
1748973589597,5.320236511230469,-4.6643005371093755,-0.20193008422851563
1748973589659,5.068460083007813,-5.871240692138672,-1.0687774658203126
1748973589726,4.577181701660156,-7.143894195556641,-0.09505233764648438
1748973589793,7.260501708984376,-7.687264251708985,-0.6240522766113281
1748973589859,7.3531590270996094,-6.567293243408203,-0.18561401367187502
1748973589926,9.103020172119141,-6.840475158691406,-2.511327667236328
1748973589993,8.510552215576173,-6.695875854492188,-2.1315673828125
1748973590059,8.916358337402345,-6.050418090820313,-0.7083270263671876
1748973590125,9.043593750000001,-6.857539672851563,-0.1824705505371094
1748973590199,8.372688903808594,-4.453389129638672,-1.8365309143066406
1748973590259,7.943980407714844,-4.11943359375,-2.189796295166016
1748973590326,7.812404022216797,-4.489314422607422,-1.2856764221191408
1748973590399,7.0962931823730475,-4.437372436523438,-0.5059478759765625
1748973590458,6.631509704589844,-4.033961334228516,-0.8848100280761719
1748973590526,7.2140982055664065,-5.605243835449219,-1.141226806640625
1748973590598,9.831405487060547,-8.57985809326172,-2.2950274658203127
1748973590659,9.930349731445313,-6.8258056640625,-2.689157867431641
1748973590725,8.322992248535156,-4.0689884948730475,-3.8600230407714844
1748973590799,7.981552276611328,-5.470823364257813,-2.4301963806152345
1748973590859,6.5996260070800785,-3.380270690917969,-1.6830999755859375
1748973590926,7.4449182128906255,-4.326902160644531,-2.1341120910644533
1748973590993,7.0645591735839846,-4.783153381347656,-1.5331118774414063
1748973591059,7.3866893005371095,-4.3384281921386725,-3.253184967041016
1748973591126,7.724686431884766,-4.647685089111328,-2.979254608154297
1748973591193,10.186766510009766,-4.145030364990235,-4.7946794128417976
1748973591259,7.7424993896484375,-7.763156433105469,0.35131942749023437
1748973591326,9.756261749267578,-7.026238861083985,-3.266656951904297
1748973591399,8.697363739013673,-5.675597534179688,-0.2496807861328125
1748973591459,7.4625814819335945,-6.408323822021485,0.3565585327148438
1748973591526,7.337741088867188,-4.399351501464844,-1.1430230712890626
1748973591593,7.17787353515625,-4.969964904785156,-0.9824070739746095
1748973591659,7.389533386230469,-4.8791038513183596,-0.3668870544433594
1748973591726,7.380851440429688,-5.420078887939454,-1.818867645263672
1748973591793,7.803871765136719,-5.8528289794921875,-1.37234619140625
1748973591859,7.5717045593261725,-4.9566426086425786,-2.378104705810547
1748973591932,8.173902282714844,-5.07744140625,-1.9359242248535158
1748973591992,9.514664154052735,-4.85949462890625,-1.9008970642089844
1748973592059,9.80850311279297,-6.619684295654297,-1.2624746704101564
1748973592126,8.767567749023438,-4.200714569091797,0.45879592895507815
1748973592198,8.526568908691406,-6.671476593017578,-4.299209747314453
1748973592259,8.01762725830078,-5.275928649902344,-0.10343490600585938
1748973592326,7.609276428222657,-5.276078338623047,-0.32213012695312504
1748973592398,7.904312896728516,-4.531077575683594,-0.9003776550292969
1748973592459,7.296127624511719,-4.848417663574219,-2.084864501953125
1748973592526,6.7808990478515625,-4.701573028564454,-2.0815713500976565
1748973592593,8.591833190917969,-4.786596221923828,-3.5717225646972657
1748973592658,9.063801727294923,-4.435276794433594,-3.1919622802734375
1748973592726,12.172088012695314,-5.206473083496094,-4.292773132324219
1748973592800,8.754095764160157,-3.1260992431640626,-1.9719992065429688
1748973592859,7.74354721069336,-4.071383514404297,0.2528242492675781
1748973592926,6.769223327636719,-2.4189697265625,-1.0313552856445314
1748973592993,6.975045318603516,-4.888085174560547,-1.7720150756835937
1748973593059,6.872807922363282,-3.3392559814453127,-1.469194793701172
1748973593126,7.229216766357422,-3.3961376953125,-1.7964143371582033
1748973593200,5.781427459716797,-1.4169534301757813,-2.777923278808594
1748973593259,6.968159637451172,-2.532134399414063,-2.784210205078125
1748973593326,9.12113250732422,-3.6238142395019532,-4.048930206298828
1748973593393,8.342152404785157,-3.492836608886719,-3.484603729248047
1748973593459,17.163458404541018,-9.68111801147461,-5.426365814208984
1748973593526,15.43395492553711,-7.2106553649902345,-8.48271011352539
1748973593593,9.558373260498048,-3.2840208435058593,-5.177583160400391
1748973593659,7.562573547363281,-5.545218658447266,-2.2123992919921878
1748973593726,7.522157592773438,-2.2472767639160156,-1.3337265014648438
1748973593799,8.391699371337891,-4.575684814453125,2.027084655761719
1748973593859,7.297025756835938,-4.588258666992187,2.675087127685547
1748973593926,5.195396118164063,-5.548811187744141,1.5197895812988282
1748973593992,5.422024841308594,-6.200406188964844,-0.07738906860351563
1748973594059,3.9068756103515625,-6.275998992919922,1.67890869140625
1748973594126,5.775888977050782,-6.047574005126953,4.390968933105469
1748973594193,4.729115753173828,-4.55293212890625,4.8714697265625
1748973594259,5.389991455078126,-5.308411102294922,4.982239379882813
1748973594326,4.905598754882813,-5.828729095458985,5.367837524414063
1748973594393,5.8917480468750005,-7.149732055664063,3.9197488403320313
1748973594459,6.283333740234375,-8.982520751953125,6.277046813964844
1748973594526,4.154311065673828,-6.2719573974609375,5.5420751953125
1748973594599,2.8587551879882813,-5.522016906738282,5.684728546142578
1748973594659,2.216291198730469,-3.270099792480469,5.428910522460938
1748973594726,2.4674688720703126,-3.959865417480469,6.199508056640625
1748973594799,3.1966026306152346,-5.103187866210938,8.531957702636719
1748973594859,3.2477961730957032,-6.1785516357421875,9.648336181640625
1748973594926,-0.2956352233886719,-3.583847351074219,11.378737792968751
1748973594992,3.2226484680175784,-7.5028477478027344,6.746021575927735
1748973595059,0.7310797119140625,-3.9100190734863283,8.8472021484375
1748973595126,0.5300477600097656,-2.199376373291016,10.919792175292969
1748973595199,0.5412744140625,-2.1164488220214843,9.833650817871094
1748973595259,0.5051994323730469,-2.181713104248047,10.791059875488282
1748973595326,-0.44262954711914065,-2.013013916015625,9.744735717773438
1748973595396,-0.47900390625,-1.0702743530273438,10.239756317138673
1748973595458,0.11660751342773439,0.05957611083984375,8.832083587646485
1748973595526,-0.8153544616699219,0.1484912109375,8.8855224609375
1748973595598,6.0641894531250005,-0.36479141235351564,13.061089324951173
1748973595659,4.678520965576172,8.843010864257813,16.196768646240237
1748973595726,-3.864064636230469,9.284293212890626,2.8586054992675782
1748973595793,-3.6973114013671875,5.302722930908203,3.4871484375
1748973595859,-2.122136993408203,5.514532470703125,10.165061645507812
1748973595926,2.9428802490234376,4.825365600585938,10.353220367431641
1748973595994,4.406686248779297,5.078938293457031,8.040379943847658
1748973596059,0.1395098876953125,8.289461975097657,8.112080841064454
1748973596126,1.1337423706054688,9.184750213623047,5.758674774169922
1748973596199,1.8323396301269532,7.033573608398438,4.6324168395996095
1748973596259,3.1924113464355472,4.533622283935547,4.311334533691406
1748973596326,3.203188934326172,5.155279541015625,4.223167877197266
1748973596397,5.682483215332032,3.0338909912109377,4.434079284667969
1748973596459,7.976612548828125,0.12843292236328124,3.2160621643066407
1748973596526,8.369096374511718,-0.21270767211914063,-0.3779640197753906
1748973596598,11.815230102539063,-3.0291009521484376,-2.511028289794922
1748973596659,8.324938201904297,-0.8541238403320313,-6.386169891357422
1748973596726,7.00064208984375,-2.125729522705078,-4.268972625732422
1748973596792,12.429402923583986,-4.029320983886719,-5.2558703613281255
1748973596859,9.896819458007814,-3.7137771606445313,-5.769003295898438
1748973596929,6.693780212402344,-4.203558654785157,-2.1239332580566406
1748973596992,9.516909484863282,-2.8265721130371095,-4.588707733154297
1748973597059,8.360264739990235,-4.300706634521484,-3.799548797607422
1748973597126,6.217321014404297,-5.015769653320313,-4.397555236816406
1748973597197,7.608378295898438,-4.5973896789550786,-5.306315460205078
1748973597259,8.500672760009767,-3.8778359985351565,-4.8246171569824226
1748973597326,8.04921157836914,-2.9556037902832033,-3.9579194641113284
1748973597393,8.23018524169922,-4.116739196777344,-3.6193235778808597
1748973597459,8.60530517578125,-3.0058992004394534,-4.34980453491211
1748973597526,8.009693756103516,-3.0858329772949222,-4.563110961914063
1748973597599,8.506809997558594,-2.700234832763672,-4.69184326171875
1748973597659,8.511899414062501,-3.080893249511719,-4.077371063232422
1748973597726,8.710536346435548,-3.4085618591308595,-4.08395736694336
1748973597799,8.567733306884765,-3.6555482482910158,-2.902613983154297
1748973597861,8.49992431640625,-2.8410919189453128,-3.09676025390625
1748973597925,8.88312744140625,-3.5551071166992188,-3.322790222167969
1748973597993,8.945996704101564,-3.7116815185546876,-3.4362542724609377
1748973598059,8.666827239990235,-3.5920802307128907,-3.513643341064453
1748973598126,8.370593261718751,-3.826941833496094,-3.446732482910156
1748973598198,8.249944152832033,-3.992048492431641,-2.9704229736328127
1748973598259,8.525670776367187,-1.9917581176757813,-4.086801452636719
1748973598326,8.176596679687501,-3.648662567138672,-3.5895355224609378
1748973598392,8.178093566894532,-2.7303222656250004,-4.074077911376953
1748973598458,8.625513153076172,-2.761008453369141,-4.918921051025391
1748973598526,8.257428588867189,-2.152224426269531,-3.9004389953613283
1748973598598,8.620124359130859,-1.1439212036132813,-3.624562683105469
1748973598659,7.2510713195800784,-1.0689271545410157,-3.088377685546875
1748973598725,9.122030639648438,-2.4746539306640627,-5.256918182373047
1748973598794,8.59138412475586,-4.1499700927734375,-4.619094543457032
1748973598859,8.270900573730469,-4.435276794433594,-5.1397119140625005
1748973598926,8.088579711914063,-2.181713104248047,-5.1784812927246096
1748973598993,8.88746841430664,-3.1497500610351565,-3.8080810546875004
1748973599059,8.562494201660156,-3.7510496520996095,-3.1620245361328125
1748973599126,7.880213012695313,-3.3943414306640625,-3.293750610351563
1748973599192,9.0867041015625,-3.057990875244141,-4.29427001953125
1748973599259,8.77774658203125,-3.0120364379882814,-4.7434858703613285
1748973599326,7.920628967285157,-2.7059230041503906,-4.541555786132813
1748973599395,7.483238525390625,-2.7565177917480472,-3.879632263183594
1748973599459,7.890242156982422,-3.3344659423828125,-3.729793853759766
1748973599526,8.64212860107422,-2.907703399658203,-4.692591705322266
1748973599598,7.76989242553711,-2.2803579711914064,-4.367767181396484
1748973599659,8.412805480957031,-2.750530242919922,-4.007017364501953
1748973599726,8.766519927978516,-3.2492930603027346,-3.8335281372070313
1748973599798,8.443341979980469,-3.0093420410156253,-3.953877868652344
1748973599859,8.13303726196289,-2.8066635131835938,-3.967050476074219
1748973599926,8.303832092285157,-3.382815399169922,-4.472399597167969
1748973599992,7.685168609619141,-3.1581326293945313,-4.2944197082519535
1748973600059,7.952961730957032,-3.2491433715820315,-4.178410949707032
1748973600126,8.862171020507812,-3.2855177307128907,-4.1623942565917975
1748973600198,8.561596069335938,-2.6458978271484375,-3.9483393859863285
1748973600259,8.499175872802734,-2.837798767089844,-4.0478823852539065
1748973600325,8.305179290771484,-3.0922695922851564,-4.1570054626464845
1748973600399,8.288414154052735,-3.160976715087891,-4.708009643554687
1748973600459,8.137827301025391,-3.1464569091796877,-4.698878631591797
1748973600526,7.947722625732422,-3.0291009521484376,-4.241429901123047
1748973600598,8.373287658691407,-3.076252899169922,-4.1923320007324225
1748973600659,8.377778320312501,-2.950364685058594,-4.330494689941406
1748973600726,8.235124969482422,-2.9894334411621095,-4.434228973388672
1748973600799,8.121062164306641,-3.0612840270996093,-4.467459869384766
1748973600859,8.165968780517579,-3.1021490478515625,-4.421056365966797
1748973600926,8.223898315429688,-3.0865814208984377,-4.386178894042969
1748973600993,8.195457458496094,-2.96742919921875,-4.342320098876954
1748973601059,8.237519989013672,-3.071313171386719,-4.396657104492188
1748973601126,8.264314270019531,-2.9053083801269532,-4.221670989990234
1748973601198,8.147108001708984,-3.223546600341797,-4.235741729736328
1748973601259,8.340206451416016,-3.2865655517578127,-4.472549285888672
1748973601326,8.269703063964844,-3.3584161376953126,-4.3295965576171875
1748973601396,8.36146224975586,-3.406466217041016,-4.2415795898437505
1748973601459,8.168363800048828,-2.9401858520507815,-4.189038848876954
1748973601526,8.332572326660157,-3.0564939880371096,-4.2819955444335935
1748973601598,8.352031860351563,-3.2284863281250002,-4.640050964355469
1748973601659,8.084987182617187,-3.071612548828125,-4.351151733398438
1748973601726,8.371341705322266,-3.0250593566894532,-4.505780181884766
1748973601798,8.138575744628907,-3.030747528076172,-4.717739410400391
1748973601859,8.016878814697266,-3.1921119689941406,-4.580325164794922
1748973601938,8.107290802001954,-3.0225146484375003,-4.442012786865234
1748973601992,8.11761932373047,-2.857108612060547,-4.254752197265625
1748973602059,8.04337371826172,-2.7500811767578126,-4.371210021972656
1748973602126,8.068072357177735,-3.1690599060058595,-4.569697265625
1748973602198,8.237519989013672,-3.018473052978516,-4.959636383056641
1748973602259,7.569608917236328,-2.745889892578125,-4.623136138916016
1748973602326,8.271199951171875,-3.3352143859863284,-4.924908599853516
1748973602393,8.021070098876953,-3.143163757324219,-4.396657104492188
1748973602458,9.82392105102539,-3.6375856018066406,-5.090015258789062
1748973602526,7.284152526855469,-2.6146128845214847,-4.1058119201660155
1748973602595,6.118526458740234,-2.4709117126464846,-4.640649719238281
1748973602660,7.9680802917480476,-3.810326385498047,-4.841681671142578
1748973602726,8.398734741210937,-3.4349070739746095,-4.4933560180664065
1748973602798,9.522747344970703,-2.714754638671875,-5.066514129638672
1748973602859,9.143286437988282,-2.8472291564941408,-4.3417213439941404
1748973602926,8.381969604492188,-3.1795381164550784,-4.163292388916016
1748973602993,7.521259460449219,-3.1831306457519535,-4.039799194335938
1748973603059,7.736811218261719,-3.3028816223144535,-4.565955047607422
1748973603126,8.230783996582032,-2.927761688232422,-4.745581512451172
1748973603192,8.408165130615235,-2.768642578125,-4.540507965087891
1748973603258,8.338709564208985,-2.852168884277344,-4.308789825439454
1748973603326,8.117469635009765,-2.9569509887695316,-4.360582122802734
1748973603392,8.11238021850586,-2.953807525634766,-4.664450225830079
1748973603459,8.161927185058595,-2.957699432373047,-4.688550109863281
1748973603526,8.277037811279298,-2.9523106384277344,-4.530029754638672
1748973603592,8.240064697265625,-2.853516082763672,-4.412973175048828
1748973603659,8.240214385986329,-2.897524566650391,-4.53661605834961
1748973603726,8.152197418212891,-3.0382319641113282,-4.5285328674316405
1748973603796,8.101452941894532,-2.9713211059570312,-4.530179443359375
1748973603859,8.201445007324219,-2.9159362792968753,-4.505780181884766
1748973603926,8.246651000976563,-2.915786590576172,-4.484374694824219
1748973603994,8.20339096069336,-2.944377136230469,-4.4863206481933595
1748973604059,8.137677612304689,-2.9092002868652345,-4.5074267578125005
1748973604126,8.232280883789063,-3.0392797851562503,-4.450095977783203
1748973604195,8.169561309814453,-2.920876007080078,-4.559967498779297
1748973604260,8.17225570678711,-2.9785061645507813,-4.50787582397461
1748973604326,8.297395477294922,-3.0000613403320315,-4.513863372802734
1748973604398,8.148006134033203,-2.940934295654297,-4.501738586425781
1748973604458,8.16941162109375,-2.94347900390625,-4.4614723205566404
1748973604526,8.197553100585939,-2.9689260864257814,-4.426744537353516
1748973604597,8.26611053466797,-3.0021569824218752,-4.494852905273437
1748973604659,8.174501037597656,-2.980901184082031,-4.516707458496094
1748973604726,8.064330139160157,-2.9695248413085937,-4.408482513427734
1748973604793,8.45681396484375,-3.043920135498047,-4.505929870605469
1748973604859,8.265511779785157,-2.8228298950195314,-4.55772216796875
1748973604926,8.071066131591797,-3.0328431701660157,-4.369264068603516
1748973604999,8.19904998779297,-3.1795381164550784,-4.397555236816406
1748973605059,8.29589859008789,-2.9451255798339844,-4.515809326171875
1748973605126,8.329279174804688,-2.8638446044921877,-4.505929870605469
1748973605201,8.219407653808593,-3.030747528076172,-4.416266326904297
1748973605259,8.132438507080078,-3.133583679199219,-4.41881103515625
1748973605326,8.195008392333985,-3.0816416931152344,-4.520000610351563
1748973605396,8.198151855468751,-2.90515869140625,-4.504582672119141
1748973605458,8.182733917236328,-2.883603515625,-4.322261810302734
1748973605526,8.109685821533203,-2.931653594970703,-4.284091186523438
1748973605594,8.151149597167969,-2.9502149963378907,-4.559368743896485
1748973605659,8.255931701660156,-3.031645660400391,-4.587959289550781
1748973605726,8.205486602783203,-3.0088929748535156,-4.468956756591797
1748973605795,8.138575744628907,-2.9891340637207033,-4.421505432128907
1748973605862,8.243657226562501,-2.991529083251953,-4.527185668945313
1748973605926,8.156239013671875,-2.9464727783203126,-4.592749328613282
1748973605998,8.192313995361328,-2.979104919433594,-4.473148040771485
1748973606059,8.155191192626953,-2.9794042968750003,-4.378544769287109
1748973606126,8.255332946777344,-3.0722113037109375,-4.467459869384766
1748973606197,8.190517730712891,-3.0358369445800784,-4.503534851074219
1748973606260,8.127049713134767,-2.910846862792969,-4.397106170654297
1748973606326,8.245154113769532,-3.017574920654297,-4.531826019287109
1748973606393,8.129744110107422,-3.1500494384765627,-4.471351776123047
1748973606458,8.140521697998047,-2.9931756591796876,-4.5902046203613285
1748973606526,8.255482635498048,-2.954256591796875,-4.497547302246094
1748973606593,8.227191467285156,-3.1466065979003908,-4.4017465209960935
1748973606659,8.184380493164063,-3.066672821044922,-4.45713134765625
1748973606726,8.170758819580078,-2.9521609497070314,-4.510121154785156
1748973606801,8.266409912109376,-3.01053955078125,-4.524491271972656
1748973606859,8.251441040039063,-3.0790969848632814,-4.608017578125001
1748973606936,7.967331848144531,-3.097957763671875,-4.234693908691407
1748973606992,8.300838317871094,-3.1067893981933596,-4.601880340576172
1748973607059,8.233628082275391,-2.804118804931641,-4.812492370605469
1748973607126,8.293353881835937,-2.9484187316894532,-4.483925628662109
1748973607199,8.360713806152344,-3.0349388122558594,-4.3119332885742185
1748973607259,8.232729949951173,-3.0050010681152344,-4.4087818908691405
1748973607326,8.12630126953125,-2.9283604431152344,-4.668192443847657
1748973607396,7.985743560791016,-2.8885432434082032,-4.522844696044922
1748973607462,8.171507263183594,-2.7830126953125003,-4.560416564941407
1748973607526,8.209977264404298,-2.7340644836425785,-4.575235748291016
1748973607598,8.17030975341797,-2.9785061645507813,-4.543651428222656
1748973607659,8.099506988525391,-3.1130763244628907,-4.602928161621094
1748973607725,8.188721466064454,-2.937641143798828,-4.504432983398438
1748973607800,8.304580535888672,-2.7267297363281253,-4.558021545410156
1748973607859,8.217162322998048,-2.781366119384766,-4.568799133300781
1748973607926,8.183632049560547,-3.1689102172851564,-4.490960998535156
1748973607992,8.03618865966797,-2.9562025451660157,-4.50503173828125
1748973608059,8.204588470458985,-3.0084439086914063,-4.84512451171875
1748973608126,8.169710998535157,-2.9099487304687504,-4.465962982177735
1748973608192,8.304281158447266,-2.9330007934570315,-4.245471496582032
1748973608259,8.202492828369142,-2.6800268554687503,-4.4499462890625
1748973608326,8.361312561035156,-3.0422735595703125,-4.644841003417969
1748973608399,8.189170532226562,-3.0228140258789065,-4.577032012939453
1748973608458,8.156239013671875,-2.9201275634765627,-4.5514352416992185
1748973608526,8.299491119384767,-2.8627967834472656,-4.487368469238281
1748973608596,8.231083374023438,-2.8660899353027345,-4.41402099609375
1748973608659,8.263565826416016,-2.8542645263671877,-4.612059173583985
1748973608726,8.206684112548828,-2.8621980285644533,-4.542154541015625
1748973608793,8.106991424560547,-2.8740234375,-4.578678588867188
1748973608859,8.153394927978516,-2.7524761962890625,-4.739593963623047
1748973608926,8.24889633178711,-2.681374053955078,-4.684508514404297
1748973608995,8.160130920410158,-2.7767257690429688,-4.583618316650391
1748973609059,8.220305786132814,-2.7895989990234376,-4.677922210693359
1748973609126,8.136929168701172,-2.7687922668457032,-4.638554077148438
1748973609195,8.067174224853517,-2.7379563903808597,-4.709805908203125
1748973609259,8.120912475585937,-2.8383975219726563,-4.720733184814454
1748973609326,8.139473876953126,-2.864143981933594,-4.553830261230469
1748973609393,8.319399719238282,-2.847528533935547,-4.69663330078125
1748973609459,7.990533599853516,-2.724484405517578,-4.674778747558594
1748973609526,8.089477844238282,-2.700234832763672,-4.606670379638672
1748973609597,8.301736450195312,-2.7351123046875,-4.785997467041016
1748973609659,8.121211853027344,-2.694546661376953,-4.758305053710938
1748973609726,8.102051696777345,-2.882256317138672,-4.68271224975586
1748973609798,8.161627807617188,-2.760110321044922,-4.7009742736816404
1748973609859,8.15309555053711,-2.6770330810546876,-4.629722442626953
1748973609926,8.213270416259766,-2.7809170532226566,-4.631369018554688
1748973609993,8.095315704345703,-2.714305572509766,-4.689148864746094
1748973610059,8.237969055175782,-2.7403514099121096,-4.808899841308594
1748973610126,8.095016326904297,-2.732567596435547,-4.600982208251954
1748973610193,8.212222595214843,-2.8636949157714846,-4.582420806884766
1748973610259,8.23692123413086,-2.701282653808594,-4.713248748779297
1748973610326,8.141270141601563,-2.780467987060547,-4.645888824462891
1748973610395,8.193212127685547,-2.8669880676269535,-4.650229797363282
1748973610459,8.172704772949219,-2.7093658447265625,-4.6942382812500005
1748973610526,8.211923217773437,-2.7467880249023438,-4.657863922119141
1748973610598,8.19860092163086,-2.781964874267578,-4.624483337402344
1748973610659,8.176297302246095,-2.778971099853516,-4.640649719238281
1748973610726,8.267607421875,-2.7692413330078125,-4.782404937744141
1748973610794,8.0999560546875,-2.775378570556641,-4.598736877441406
1748973610859,8.170758819580078,-2.7725344848632814,-4.650978240966797
1748973610926,8.208180999755859,-2.7866052246093753,-4.614603881835937
1748973610998,8.159532165527343,-2.837948455810547,-4.627926177978516
1748973611059,8.227490844726564,-2.8596533203125003,-4.746030578613282
1748973611126,8.11193115234375,-2.7596612548828126,-4.575385437011719
1748973611197,8.237969055175782,-2.7869046020507815,-4.6044250488281255
1748973611259,8.192313995361328,-2.7963349914550784,-4.691244506835938
1748973611326,8.141868896484375,-2.8598030090332034,-4.64394287109375
1748973611393,8.165519714355469,-2.8566595458984376,-4.546944580078125
1748973611458,8.261919250488281,-2.814746704101563,-4.67313217163086
1748973611526,8.099506988525391,-2.7213409423828128,-4.6166995239257815
1748973611593,8.212521972656251,-2.9810508728027347,-4.6413981628417975
1748973611659,8.161029052734376,-2.8232789611816407,-4.599784698486328
1748973611726,8.15070053100586,-2.711012420654297,-4.6223876953125
1748973611794,8.24739944458008,-2.9536578369140627,-4.612059173583985
1748973611859,8.117319946289063,-2.809208221435547,-4.599335632324219
1748973611929,8.205935668945314,-2.8735743713378907,-4.586013336181641
1748973611992,8.223299560546875,-2.8339068603515627,-4.637356567382812
1748973612059,8.14635955810547,-2.8972251892089846,-4.5848158264160155
1748973612126,8.18467987060547,-2.8123516845703125,-4.62478271484375
1748973612199,8.217611389160156,-2.8110044860839847,-4.572691040039063
1748973612259,8.20623504638672,-2.9728179931640626,-4.6394522094726565
1748973612326,8.10908706665039,-2.8720774841308594,-4.535268859863281
1748973612394,8.165519714355469,-2.8101063537597657,-4.613406372070313
1748973612459,8.190368041992189,-2.8460316467285156,-4.561763763427734
1748973612526,8.224347381591798,-2.910697174072266,-4.5708947753906255
1748973612598,8.150401153564454,-2.9327014160156253,-4.499193878173829
1748973612660,8.125253448486328,-2.825823669433594,-4.578229522705079
1748973612726,8.240214385986329,-2.8924351501464844,-4.598736877441406
1748973612796,8.2244970703125,-2.8707302856445316,-4.578678588867188
1748973612859,8.163274383544922,-2.861150207519531,-4.579427032470703
1748973612926,8.19904998779297,-2.903961181640625,-4.517455902099609
1748973612993,8.17614761352539,-2.840343475341797,-4.569397888183594
1748973613059,8.300688629150391,-2.8885432434082032,-4.782704315185547
1748973613126,8.12435531616211,-2.6602679443359376,-4.675227813720704
1748973613192,8.0999560546875,-2.9988638305664064,-4.139791259765625
1748973613259,8.240214385986329,-2.9322523498535156,-4.535418548583984
1748973613326,8.18662582397461,-2.6369165039062503,-4.796775054931641
1748973613392,8.276439056396486,-2.8433372497558596,-4.608915710449219
1748973613459,8.181985473632812,-2.941832427978516,-4.391717376708985
1748973613526,8.106692047119141,-2.8517198181152343,-4.552033996582032
1748973613593,8.246651000976563,-2.884651336669922,-4.655618591308594
1748973613659,8.19336181640625,-2.8297155761718753,-4.552183685302735
1748973613726,8.225544891357423,-2.8304640197753907,-4.497696990966797
1748973613792,8.256979522705079,-2.864143981933594,-4.619244232177735
1748973613859,8.130642242431641,-2.852318572998047,-4.575086059570313
1748973613926,8.20907913208008,-2.851121063232422,-4.5602668762207035
1748973613995,8.196954345703125,-2.801723785400391,-4.5584706115722655
1748973614061,8.22210205078125,-2.844834136962891,-4.573888549804688
1748973614126,8.140372009277344,-2.8898904418945315,-4.588707733154297
1748973614198,8.250093841552735,-2.8996202087402345,-4.567152557373047
1748973614259,8.23692123413086,-2.7497817993164064,-4.585713958740235
1748973614326,8.175848236083985,-2.8740234375,-4.58691146850586
1748973614392,8.149053955078125,-2.9069549560546877,-4.5848158264160155
1748973614459,8.200696563720703,-2.8226802062988283,-4.5744873046875005
1748973614526,8.263416137695312,-2.843786315917969,-4.5690985107421875
1748973614599,8.173004150390625,-2.888094177246094,-4.589456176757813
1748973614659,8.135132904052735,-2.8598030090332034,-4.580474853515625
1748973614726,8.25563232421875,-2.8238777160644535,-4.581822052001954
1748973614792,8.193062438964844,-2.7771748352050785,-4.583019561767578
1748973614859,8.115972747802735,-2.8364515686035157,-4.531526641845703
1748973614926,8.264913024902345,-2.8855494689941406,-4.602030029296875
1748973614994,8.142168273925781,-2.796035614013672,-4.559817810058594
1748973615059,8.173153839111329,-2.9092002868652345,-4.595892791748047
1748973615126,8.269852752685548,-2.912194061279297,-4.575984191894531
1748973615200,8.134983215332031,-2.8201354980468754,-4.504732360839844
1748973615259,8.294701080322266,-2.8792625427246095,-4.631818084716797
1748973615326,8.090974731445312,-2.852019195556641,-4.544848937988282
1748973615395,8.22015609741211,-2.921923828125,-4.558919677734376
1748973615459,8.204738159179687,-2.7704388427734377,-4.599934387207031
1748973615526,8.134983215332031,-2.8364515686035157,-4.53377197265625
1748973615594,8.258626098632813,-2.9187803649902344,-4.531526641845703
1748973615660,8.148155822753907,-2.901566162109375,-4.559668121337891
1748973615726,8.15983154296875,-2.9797036743164065,-4.543950805664062
1748973615797,8.246800689697267,-2.8931835937500003,-4.4914100646972654
1748973615859,8.239016876220704,-2.795885925292969,-4.520299987792969
1748973615926,8.226293334960937,-2.90515869140625,-4.554429016113281
1748973615993,8.110284576416015,-2.9764105224609376,-4.498894500732422
1748973616059,8.255033569335938,-2.9430299377441407,-4.534819793701172
1748973616126,8.166268157958985,-2.8120523071289063,-4.513563995361328
1748973616193,8.236172790527345,-2.971919860839844,-4.502337341308594
1748973616259,8.197553100585939,-2.9141400146484377,-4.460274810791016
1748973616326,8.154891815185547,-2.908302154541016,-4.542004852294922
1748973616398,8.211474151611329,-2.95784912109375,-4.51940185546875
1748973616459,8.21776107788086,-2.8996202087402345,-4.448898468017578
1748973616526,8.269852752685548,-2.8629464721679687,-4.555626525878907
1748973616593,8.146658935546876,-2.7867549133300784,-4.642595672607422
1748973616659,8.34230209350586,-3.1186148071289064,-4.490212554931641
1748973616726,7.970625,-2.941083984375,-4.2731639099121095
1748973616794,8.434510345458985,-3.0764025878906254,-4.611310729980469
1748973616861,8.087382202148438,-2.797083435058594,-4.516108703613281
1748973616933,8.228089599609376,-3.0014085388183593,-4.36896469116211
1748973616992,8.088280334472657,-2.9186306762695313,-4.528383178710937
1748973617059,8.271349639892579,-2.9062065124511722,-4.50503173828125
1748973617126,8.334518280029297,-2.9211753845214847,-4.4704536437988285
1748973617198,8.35427719116211,-2.971919860839844,-4.361629943847657
1748973617259,8.376131744384766,-2.951412506103516,-4.325554962158203
1748973617326,8.193661193847657,-2.8663893127441407,-4.402195587158204
1748973617394,8.316855010986329,-2.9978160095214847,-4.444557495117188
1748973617461,8.239915008544923,-2.8262727355957034,-4.441713409423828
1748973617526,8.208031311035157,-2.834056549072266,-4.486470336914063
1748973617597,8.14067138671875,-2.8800109863281254,-4.540058898925781
1748973617659,8.132438507080078,-2.9267138671875,-4.5548780822753905
1748973617726,8.357869720458984,-2.781964874267578,-4.5689488220214844
1748973617793,8.171656951904298,-2.814447326660156,-4.435576171875001
1748973617859,8.173902282714844,-3.061433715820313,-4.42360107421875
1748973617926,8.265811157226564,-2.908451843261719,-4.574187927246094
1748973617994,8.209677886962892,-2.9196784973144534,-4.512516174316406
1748973618059,8.249794464111329,-3.0461654663085938,-4.4616220092773435
1748973618126,8.179590454101563,-2.852168884277344,-4.46671142578125
1748973618200,8.23452621459961,-3.0097911071777346,-4.50024169921875
1748973618259,8.211174774169923,-3.0359866333007814,-4.534819793701172
1748973618326,8.164920959472656,-2.8063641357421876,-4.494254150390625
1748973618399,8.474626922607422,-3.019820251464844,-4.451443176269532
1748973618459,8.052654418945313,-2.90036865234375,-4.432881774902344
1748973618526,8.219856719970704,-3.1105316162109378,-4.558620300292969
1748973618594,8.091423797607423,-2.8207342529296877,-4.473896484375
1748973618659,8.33601516723633,-3.017874298095703,-4.50787582397461
1748973618726,8.197852478027345,-3.024759979248047,-4.411176910400391
1748973618795,8.084388427734375,-2.9527597045898437,-4.436623992919922
1748973618861,8.28721664428711,-3.0518536376953125,-4.472848663330078
1748973618926,8.228089599609376,-2.893932037353516,-4.455634460449219
1748973618994,8.145760803222657,-2.8795619201660156,-4.506378936767578
1748973619061,8.28152847290039,-3.057242431640625,-4.455484771728516
1748973619126,8.133785705566407,-3.005599822998047,-4.447401580810547
1748973619193,8.28961166381836,-3.084635467529297,-4.45713134765625
1748973619259,8.089477844238282,-2.921774139404297,-4.452940063476563
1748973619326,8.249944152832033,-2.991529083251953,-4.528682556152344
1748973619393,8.218210144042969,-3.0162277221679688,-4.436174926757813
1748973619459,8.179291076660157,-2.914888458251953,-4.480033721923828
1748973619526,8.227191467285156,-3.05843994140625,-4.496200103759766
1748973619593,8.136929168701172,-2.9650341796875,-4.443809051513672
1748973619659,8.19381088256836,-2.9136909484863285,-4.498744812011719
1748973619726,8.283324737548828,-2.842738494873047,-4.3806404113769535
1748973619793,8.296197967529297,-2.902613983154297,-4.218078460693359
1748973619859,8.256829833984375,-3.1195129394531254,-4.563110961914063
1748973619926,8.021818542480469,-3.0600865173339846,-4.598287811279297
1748973619993,8.137078857421875,-3.001707916259766,-4.489464111328125
1748973620059,8.530161437988282,-2.934647369384766,-4.4247985839843755
1748973620126,8.3202978515625,-2.8931835937500003,-4.069437561035157
1748973620193,8.292306060791017,-3.0530511474609376,-4.377946014404297
1748973620259,7.960146789550782,-2.8973748779296877,-4.525389404296876
1748973620326,8.363707580566407,-3.091521148681641,-4.476590881347656
1748973620394,8.222251739501953,-3.0895751953125004,-4.439468078613282
1748973620459,8.195008392333985,-2.8960276794433595,-4.3137295532226565
1748973620526,8.390801239013673,-2.949316864013672,-4.439617767333985
1748973620593,8.18662582397461,-2.976709899902344,-4.359234924316406
1748973620659,8.198451232910157,-2.9800030517578127,-4.417912902832032
1748973620726,8.307574310302735,-3.0121861267089844,-4.592449951171875
1748973620793,8.256380767822266,-3.0540989685058597,-4.4827281188964845
1748973620859,8.16746566772461,-2.8722271728515625,-4.462071075439454
1748973620926,8.09606414794922,-2.8366012573242188,-4.433330841064453
1748973620993,8.356223144531251,-3.0165270996093754,-4.502337341308594
1748973621059,8.344098358154298,-3.034040679931641,-4.483925628662109
1748973621126,8.049960021972657,-3.024610290527344,-4.4192601013183594
1748973621193,8.174351348876954,-3.007695465087891,-4.460873565673828
1748973621259,8.332572326660157,-2.946921844482422,-4.495751037597657
1748973621326,8.247549133300781,-2.9523106384277344,-4.465663604736329
1748973621393,8.239615631103517,-3.090623016357422,-4.4228526306152345
1748973621459,8.171806640625,-2.9153375244140625,-4.4614723205566404
1748973621526,8.256680145263672,-2.9511131286621097,-4.50982177734375
1748973621593,8.208031311035157,-2.895129547119141,-4.45518539428711
1748973621659,8.221054229736328,-2.953807525634766,-4.472998352050782
1748973621726,8.263865203857423,-3.049757995605469,-4.417164459228516
1748973621793,8.173902282714844,-2.886896667480469,-4.48781753540039
1748973621859,8.176896057128907,-2.940634918212891,-4.465364227294922
1748973621933,8.234825592041016,-3.010838928222656,-4.422253875732422
1748973621992,8.210875396728516,-2.9665310668945315,-4.451742553710938
1748973622059,8.171507263183594,-2.9749136352539063,-4.47434555053711
1748973622126,8.293054504394531,-3.0292506408691406,-4.453389129638672
1748973622194,8.238567810058594,-2.9499156188964846,-4.4634182739257815
1748973622259,8.20773193359375,-3.011287994384766,-4.527485046386719
1748973622326,8.207133178710938,-2.991080017089844,-4.438420257568359
1748973622393,8.23931625366211,-3.000809783935547,-4.498894500732422
1748973622459,8.157137145996094,-2.981649627685547,-4.517904968261719
1748973622526,8.22210205078125,-3.0561946105957034,-4.400399322509766
1748973622593,8.195008392333985,-2.910996551513672,-4.420008544921875
1748973622659,8.165819091796875,-2.9475205993652347,-4.443359985351563
1748973622726,8.231083374023438,-3.0597871398925784,-4.508175201416016
1748973622793,8.165220336914063,-2.9530590820312503,-4.514162750244141
1748973622859,8.213869171142578,-3.0349388122558594,-4.360282745361328
1748973622926,8.282576293945313,-2.975512390136719,-4.5690985107421875
1748973622993,8.202043762207031,-3.0392797851562503,-4.551734619140626
1748973623059,8.079598388671876,-3.0768516540527346,-4.43318115234375
1748973623126,8.218060455322266,-3.0460157775878907,-4.479734344482422
1748973623193,8.236172790527345,-3.0984068298339844,-4.4315345764160154
1748973623259,8.119714965820313,-3.053799591064453,-4.446952514648438
1748973623326,8.192313995361328,-3.081192626953125,-4.465364227294922
1748973623393,8.19904998779297,-3.156336364746094,-4.434079284667969
1748973623459,8.207582244873047,-3.1210098266601562,-4.413422241210938
1748973623526,8.227041778564454,-3.1496003723144534,-4.413571929931641
1748973623593,8.196505279541016,-3.0299990844726565,-4.490511932373047
1748973623659,8.37298828125,-3.1123278808593753,-4.385729827880859
1748973623726,7.687114562988282,-3.007845153808594,-4.338128814697265
1748973623793,8.086334381103516,-3.2013926696777344,-4.550387420654297
1748973623859,8.704249420166017,-2.9618907165527344,-4.40923095703125
1748973623926,8.152496795654297,-2.65607666015625,-4.098177795410156
1748973623993,8.244854736328126,-3.5051110839843753,-4.549189910888672
1748973624059,7.819289703369141,-3.2971934509277347,-4.908442840576172
1748973624126,8.11477523803711,-2.9321026611328125,-4.462071075439454
1748973624193,8.972042541503907,-2.7262806701660156,-4.080963592529297
1748973624259,8.299790496826173,-2.817441101074219,-3.869004364013672
1748973624326,7.689808959960938,-3.236719207763672,-4.408931579589844
1748973624393,7.895780639648438,-3.1368768310546877,-4.499044189453125
1748973624459,9.204209747314454,-3.3822166442871096,-4.817731475830079
1748973624526,8.75903549194336,-2.741997985839844,-4.162543945312501
1748973624594,7.672894134521485,-2.621049499511719,-3.390299835205078
1748973624659,8.186027069091796,-3.473676452636719,-4.153712310791016
1748973624726,8.052804107666017,-3.150648193359375,-4.387975158691407
1748973624793,8.85244125366211,-3.1192135620117187,-4.451742553710938
1748973624859,8.626111907958984,-2.634671173095703,-4.312681732177735
1748973624926,8.179889831542969,-2.90515869140625,-3.7854780578613285
1748973624993,8.444389801025391,-3.3007859802246093,-3.9284307861328127
1748973625059,8.122858428955078,-3.151396636962891,-4.026776275634766
1748973625126,8.429121551513672,-3.0488598632812502,-4.471651153564453
1748973625193,8.40457260131836,-2.8933332824707034,-4.254452819824219
1748973625259,8.365054779052734,-3.0421238708496094,-3.94938720703125
1748973625326,8.552914123535157,-3.001109161376953,-4.26552978515625
1748973625393,8.19381088256836,-3.171155548095703,-3.969595184326172
1748973625459,8.224197692871094,-3.022215270996094,-4.178710327148438
1748973625526,8.31835189819336,-3.014132080078125,-4.304748229980469
1748973625594,8.36101318359375,-3.1963032531738285,-4.221670989990234
1748973625659,8.112679595947267,-2.9020152282714844,-4.016148376464844
1748973625726,8.616531829833985,-3.4717304992675784,-4.847519531250001
1748973625793,8.541986846923828,-2.9163853454589845,-5.801635437011719
1748973625859,8.452622680664064,-1.5115567016601563,-4.269272003173828
1748973625926,8.932225341796876,-0.24683670043945313,-3.732787628173828
1748973625993,10.0063916015625,1.1073971557617188,-5.441184997558594
1748973626059,10.114466857910157,3.6537519836425782,-4.513863372802734
1748973626126,10.457852783203126,2.7704388427734377,-3.7842805480957034
1748973626194,8.962911529541016,5.300477600097657,1.0234217834472656
1748973626259,5.398673400878907,3.271446990966797,4.013154602050782
1748973626326,1.0615924072265626,3.952530670166016,6.645879821777344
1748973626394,1.6886384582519531,3.5449282836914064,7.905510406494141
1748973626459,1.327738952636719,5.0286428833007815,7.459438018798829
1748973626526,1.1389814758300782,4.746329956054688,8.575966186523438
1748973626593,1.452279968261719,4.5110192871093755,8.648265838623047
1748973626659,0.30177246093750004,3.7425173950195316,9.163195037841797
1748973626726,0.3950285339355469,4.286785583496094,9.062454528808594
1748973626793,-0.08038284301757813,4.482578430175781,9.119036865234376
1748973626859,0.09864486694335937,4.441713409423828,8.552015991210938
1748973626932,-0.36404296875000003,4.411476287841797,7.727530517578125
1748973626992,-0.8196954345703126,4.947960662841797,8.662186889648439
1748973627060,-0.8375083923339844,5.027744750976563,8.209677886962892
1748973627126,-1.3022918701171875,4.886588287353516,7.558082885742188
1748973627193,-1.2386741638183594,4.577181701660156,7.68367172241211
1748973627259,2.077529754638672,4.88583984375,8.574469299316407
1748973627326,5.519023132324219,5.976920928955079,8.010741577148439
1748973627395,3.650758209228516,7.343728637695313,5.276826782226562
1748973627459,4.668192443847657,2.491868133544922,2.564616851806641
1748973627526,5.4366943359375,-1.9341279602050783,-3.575464782714844
1748973627595,8.452173614501953,-4.408931579589844,-2.0145108032226564
1748973627661,14.198274536132812,-4.221371612548828,-0.9160949707031251
1748973627726,13.598022766113282,-1.4322216796875,-7.860005035400391
1748973627793,7.178023223876954,-2.3011647033691407,-2.3736140441894533
1748973627859,7.916138305664063,-4.043391723632813,-2.11001220703125
1748973627926,8.076155548095704,-3.2120205688476564,-2.9389883422851564
1748973627992,8.164771270751954,-2.279908905029297,-4.4264451599121095
1748973628059,9.429042205810548,-2.5640180969238284,-4.725672912597656
1748973628126,9.607022094726563,-3.126548309326172,-3.632945251464844
1748973628192,7.354356536865235,-2.9491671752929687,-2.3737637329101564
1748973628259,8.620423736572267,-2.5728497314453125,-3.0849348449707032
1748973628326,9.029972076416016,-3.5124458312988285,-2.6878106689453127
1748973628394,8.847052459716798,-2.941982116699219,-2.9211753845214847
1748973628459,9.10436737060547,-4.0143521118164065,-3.005300445556641
1748973628526,8.16986068725586,-3.236719207763672,-3.0362860107421876
1748973628593,8.061785430908204,-4.372706909179688,-2.755170593261719
1748973628659,8.690927124023437,-5.396877136230469,-3.782933349609375
1748973628726,8.261919250488281,-5.140909423828125,-4.166585540771485
1748973628793,8.502469024658204,-3.7163218688964847,-3.648662567138672
1748973628859,8.838520202636719,-3.787573699951172,-3.3546739196777344
1748973628926,8.513545989990234,-3.5878889465332033,-3.2468980407714847
1748973628996,8.213719482421876,-3.9149588012695316,-2.8946804809570312
1748973629061,8.547525329589844,-3.47996337890625,-3.4555641174316407
1748973629126,8.156239013671875,-3.833079071044922,-3.160527648925781
1748973629195,8.42852279663086,-3.524121551513672,-3.4024246215820315
1748973629259,8.58943817138672,-3.2997381591796877,-3.357218627929688
1748973629326,9.780661010742188,-3.2144155883789063,-3.861968994140625
1748973629393,8.460705871582032,-3.027005310058594,-3.7208125305175783
1748973629459,7.865244140625,-3.612587585449219,-3.1949560546875
1748973629526,8.655600585937501,-3.083288269042969,-3.8705012512207033
1748973629593,8.465046844482423,-3.942351837158203,-2.3938220214843753
1748973629659,7.955955505371094,-3.1498997497558596,-2.865191802978516
1748973629726,8.559500427246094,-3.2684532165527345,-3.462749176025391
1748973629793,8.290809173583984,-3.393892364501953,-3.121458892822266
1748973629859,8.406368865966797,-3.0231134033203126,-3.3979339599609375
1748973629926,8.699309692382814,-3.2855177307128907,-3.5988162231445315
1748973629993,8.58809097290039,-3.5820510864257815,-4.135899353027344
1748973630059,8.907377014160156,-2.9220735168457033,-4.164190521240235
1748973630126,8.865015106201172,-2.9056077575683594,-3.650159454345703
1748973630194,7.888894958496095,-3.526666259765625,-3.340004425048828
1748973630259,8.504414978027345,-3.3843122863769532,-3.2298335266113285
1748973630326,8.539741516113281,-3.0921199035644533,-3.4220338439941407
1748973630394,8.523275756835938,-3.464395751953125,-3.7507502746582033
1748973630459,8.44528793334961,-3.367098083496094,-3.5428326416015627
1748973630526,7.9995149230957034,-3.702550506591797,-3.2718960571289064
1748973630594,7.901169433593751,-3.4645454406738283,-3.4382002258300783
1748973630659,8.139623565673828,-2.888094177246094,-3.2227981567382815
1748973630726,8.79346389770508,-3.4483790588378906,-3.4254766845703126
1748973630795,9.01335662841797,-2.468816070556641,-2.797981567382813
1748973630863,9.40329574584961,-2.712209930419922,-3.229683837890625
1748973630925,9.379644927978516,-2.214045867919922,-3.713477783203125
1748973630994,8.66323471069336,-2.559078369140625,-3.6080969238281253
1748973631059,8.549321594238283,-2.7723847961425783,-2.834505615234375
1748973631126,9.113199005126953,-2.7400520324707034,-3.0563442993164065
1748973631192,9.246871032714845,-2.54111572265625,-3.0991552734375003
1748973631259,8.997190246582031,-2.4876768493652346,-2.9092002868652345
1748973631326,8.692573699951172,-2.575394439697266,-2.778971099853516
1748973631393,9.130413208007813,-2.120490417480469,-3.2313304138183594
1748973631459,9.20016815185547,-2.571951599121094,-3.621119842529297
1748973631526,8.640631713867188,-2.5307872009277346,-3.920347595214844
1748973631594,8.487200775146485,-2.604284362792969,-3.746558990478516
1748973631659,8.788075103759766,-2.5938061523437503,-3.6176770019531252
1748973631726,8.915310516357422,-2.468067626953125,-3.653302917480469
1748973631794,8.617130584716797,-2.671344909667969,-3.496878204345703
1748973631859,8.844058685302734,-2.5935067749023437,-3.7206628417968752
1748973631931,8.719966735839844,-2.647544403076172,-3.4587075805664065
1748973631992,8.765472106933593,-2.5209077453613284,-3.517086181640625
1748973632060,8.596024475097657,-2.635569305419922,-3.5850448608398438
1748973632126,8.681646423339844,-2.5566833496093753,-3.603306884765625
1748973632194,8.604407043457032,-2.8635452270507815,-3.6157310485839846
1748973632260,8.570427703857423,-2.768492889404297,-3.938310241699219
1748973632326,8.72640335083008,-2.412084045410156,-3.763174438476563
1748973632395,9.003776550292969,-2.614014129638672,-3.7745507812500003
1748973632460,8.628057861328125,-2.467917938232422,-3.9142103576660157
1748973632526,8.728798370361329,-2.4108865356445315,-3.783532104492188
1748973632594,8.651409301757813,-3.0520033264160156,-3.1027478027343753
1748973632660,8.823850708007813,-2.384990386962891,-3.874842224121094
1748973632726,9.17097885131836,-2.8330087280273437,-3.519630889892578
1748973632792,8.566386108398438,-3.1531929016113285,-3.801943817138672
1748973632859,9.140891418457032,-2.588117980957031,-2.979104919433594
1748973632926,8.051307220458984,-3.1088850402832033,-3.149300994873047
1748973632993,8.86770950317383,-3.1031968688964846,-3.3220417785644534
1748973633059,8.875044250488282,-2.9844937133789062,-3.2395632934570315
1748973633126,8.541388092041016,-3.2560290527343754,-3.2822245788574222
1748973633194,8.687334594726563,-3.4084121704101564,-3.5057098388671877
1748973633260,8.72026611328125,-3.1521450805664064,-3.4407449340820313
1748973633326,8.755892028808594,-3.2117211914062502,-3.1653176879882814
1748973633394,8.953181762695312,-3.403023376464844,-3.3244367980957032
1748973633460,8.762029266357422,-3.013832702636719,-3.2477961730957032
1748973633526,8.540190582275391,-2.925366668701172,-3.035537567138672
1748973633593,8.960965576171876,-2.8255242919921875,-2.7370582580566407
1748973633659,8.629554748535156,-3.1079869079589844,-3.044219512939453
1748973633726,8.743318176269531,-3.0196705627441407,-3.036735076904297
1748973633793,8.808582458496094,-2.988535308837891,-2.963537292480469
1748973633859,9.099277954101563,-2.8469297790527346,-3.087479553222656
1748973633926,8.932225341796876,-2.9964688110351565,-3.053500213623047
1748973633995,8.808432769775392,-2.9916787719726563,-3.0063482666015626
1748973634061,8.807085571289063,-3.0255084228515625,-2.8928842163085937
1748973634126,8.818611602783204,-2.9175828552246097,-3.0382319641113282
1748973634194,8.907377014160156,-3.010689239501953,-3.2241453552246093
1748973634261,8.918154602050782,-2.874173126220703,-3.1665151977539066
1748973634326,8.803493041992187,-2.717898101806641,-3.0121861267089844
1748973634392,8.908125457763672,-2.8219317626953124,-2.9906309509277347
1748973634459,8.922495574951173,-2.8556117248535156,-3.0725106811523437
1748973634526,8.83088607788086,-2.801125030517578,-3.1295420837402346
1748973634593,8.924142150878907,-2.715652770996094,-3.0072463989257816
1748973634659,8.878187713623047,-2.824476470947266,-3.0261071777343753
1748973634726,8.947493591308595,-2.7764263916015626,-3.034040679931641
1748973634794,8.890013122558594,-2.7402017211914065,-2.9166847229003907
1748973634859,8.873397674560547,-2.628384246826172,-3.064577178955078
1748973634926,8.999585266113282,-2.7255322265625,-3.0623318481445314
1748973634993,8.969348144531251,-2.6101222229003906,-2.954855346679688
1748973635059,8.886270904541016,-2.5725503540039063,-3.004102935791016
1748973635126,8.8855224609375,-2.6107209777832034,-3.1078372192382813
1748973635194,9.001980285644532,-2.5210574340820315,-3.1786399841308595
1748973635259,9.003926239013673,-2.5212071228027346,-3.1058912658691407
1748973635326,8.915011138916016,-2.4993525695800782,-3.0455667114257814
1748973635400,8.936566314697266,-2.4721092224121093,-3.0801448059082035
1748973635459,9.042994995117187,-2.5643174743652346,-3.2205528259277347
1748973635526,8.766968994140626,-2.578238525390625,-3.112028503417969
1748973635595,8.95348114013672,-2.5233027648925783,-3.130440216064453
1748973635660,8.969348144531251,-2.3893313598632813,-3.199446716308594
1748973635726,9.055419158935548,-2.465223541259766,-3.2386651611328126
1748973635794,8.88881561279297,-2.6165588378906253,-3.081192626953125
1748973635860,8.872499542236328,-2.621348876953125,-3.088227996826172
1748973635926,8.978329467773438,-2.4782464599609377,-3.1457084655761722
1748973635993,8.987909545898438,-2.4999513244628906,-3.171155548095703
1748973636059,8.880133666992188,-2.4746539306640627,-3.1341824340820312
1748973636126,9.075477447509765,-2.508333892822266,-3.124003601074219
1748973636193,8.87639144897461,-2.4836352539062503,-3.1027478027343753
1748973636259,8.937314758300781,-2.5342300415039065,-3.1799871826171877
1748973636326,8.913963317871094,-2.4562422180175782,-3.1677127075195313
1748973636393,9.02443359375,-2.474803619384766,-3.1641201782226562
1748973636459,8.958121490478517,-2.5078848266601566,-3.1211595153808593
1748973636526,8.890162811279298,-2.528841247558594,-3.1257998657226564
1748973636593,8.942703552246094,-2.5234524536132814,-3.1593301391601565
1748973636659,8.977581024169922,-2.498304748535156,-3.17340087890625
1748973636726,8.976682891845703,-2.4903712463378906,-3.1726524353027346
1748973636794,8.838520202636719,-2.4867787170410156,-3.0250593566894532
1748973636859,9.008716278076172,-2.539768524169922,-3.130140838623047
1748973636931,8.986712036132813,-2.4173231506347657,-3.109783172607422
1748973636992,8.968749389648439,-2.6315277099609378,-3.1295420837402346
1748973637060,8.896898803710938,-2.6469456481933595,-3.1027478027343753
1748973637126,8.964258728027344,-2.4974066162109376,-3.1296917724609377
1748973637194,9.011859741210937,-2.3881338500976566,-3.1729518127441407
1748973637261,8.912765808105469,-2.5065376281738283,-3.1196626281738284
1748973637326,8.950487365722656,-2.6373655700683596,-3.0027557373046876
1748973637394,8.82085693359375,-2.3839425659179687,-3.0886770629882814
1748973637460,9.195677490234376,-2.5234524536132814,-3.257376251220703
1748973637526,8.746910705566407,-2.622247009277344,-2.992277526855469
1748973637593,8.96306121826172,-2.562371520996094,-3.2180081176757813
1748973637660,8.907227325439454,-2.542462921142578,-3.0856832885742187
1748973637726,8.907826080322266,-2.3547532653808596,-3.0982571411132813
1748973637793,9.102271728515625,-2.7223887634277344,-3.1066397094726566
1748973637859,8.71068603515625,-2.6411077880859377,-3.1054421997070314
1748973637926,9.011111297607423,-2.462828521728516,-3.2217503356933594
1748973637993,9.049880676269531,-2.423610076904297,-3.057092742919922
1748973638059,9.134005737304689,-2.8455825805664063,-2.9960197448730472
1748973638126,8.671766967773438,-2.6146128845214847,-3.2488439941406253
1748973638193,8.99853744506836,-2.4264541625976563,-3.2156130981445314
1748973638259,8.984766082763672,-2.6240432739257815,-2.928659820556641
1748973638326,8.959019622802735,-2.5939558410644534,-2.931354217529297
1748973638394,8.926088104248047,-2.638114013671875,-3.089425506591797
1748973638459,8.881480865478515,-2.646197204589844,-3.066822509765625
1748973638526,8.85872817993164,-2.47884521484375,-3.103795623779297
1748973638595,9.107510833740236,-2.746937713623047,-3.091521148681641
1748973638660,8.9046826171875,-2.449805603027344,-3.21651123046875
1748973638726,8.95452896118164,-2.728076934814453,-2.9786558532714844
1748973638794,8.920250244140625,-2.74708740234375,-2.8692333984375002
1748973638860,8.859326934814453,-2.361638946533203,-2.97700927734375
1748973638926,9.354796600341798,-2.403252410888672,-3.2635134887695316
1748973638994,8.896449737548828,-2.788700866699219,-3.308569793701172
1748973639059,8.291258239746094,-2.376009063720703,-3.0561946105957034
1748973639126,8.869056701660156,-2.8469297790527346,-2.9702732849121096
1748973639193,9.39042251586914,-2.5249493408203127,-3.0558952331542972
1748973639259,8.835975494384765,-2.3282583618164066,-3.047362976074219
1748973639326,8.925189971923828,-2.5051904296875,-3.0461654663085938
1748973639393,9.064400482177735,-2.6396109008789064,-3.1183154296875
1748973639460,8.965306549072267,-2.6900559997558595,-3.013683013916016
1748973639526,8.85723129272461,-2.4034020996093752,-3.1786399841308595
1748973639593,9.116192779541016,-2.511926422119141,-3.000510406494141
1748973639659,8.909622344970703,-3.0120364379882814,-3.144361267089844
1748973639726,8.803193664550781,-2.7165509033203126,-3.063080291748047
1748973639793,8.85438720703125,-2.642604675292969,-3.1521450805664064
1748973639859,9.191486206054687,-2.3499632263183594,-3.271297302246094
1748973639926,8.889264678955078,-2.763702850341797,-2.884801025390625
1748973639994,8.757089538574219,-2.5830285644531252,-3.0433213806152346
1748973640059,8.775201873779297,-2.4765998840332033,-3.227438507080078
1748973640126,9.01575164794922,-2.9608428955078128,-3.2299832153320316
1748973640193,8.991202697753907,-2.8665390014648438,-3.1186148071289064
1748973640259,8.475375366210939,-2.439177703857422,-3.073857879638672
1748973640326,9.161997528076173,-2.518662414550781,-3.2539334106445312
1748973640400,9.083410949707032,-2.7678941345214847,-3.0195208740234376
1748973640460,8.645870819091797,-2.8963270568847657,-2.8234286499023438
1748973640526,8.720116424560548,-2.515818328857422,-3.070115661621094
1748973640595,8.751700744628907,-2.1763243103027343,-3.288062438964844
1748973640660,9.411678314208984,-2.5866210937500003,-3.190315704345703
1748973640726,8.777596893310548,-2.6685008239746093,-2.992427215576172
1748973640793,8.757837982177735,-2.806962890625,-3.335962829589844
1748973640859,8.963809661865234,-2.9089009094238283,-3.4518218994140626
1748973640927,8.843609619140626,-2.571801910400391,-3.1497500610351565
1748973640992,8.732540588378907,-2.042652282714844,-2.7357110595703125
1748973641060,9.204808502197267,-2.2138961791992187,-2.801723785400391
1748973641126,8.813821563720703,-2.4273522949218753,-3.2443533325195313
1748973641193,8.656648406982422,-2.6569747924804688,-3.3561708068847658
1748973641259,8.738228759765626,-2.501897277832031,-3.5652859497070315
1748973641326,9.022038574218751,-2.3303540039062502,-3.4504747009277343
1748973641394,8.941655731201172,-2.3405328369140626,-3.1810350036621093
1748973641459,8.89360565185547,-2.5077351379394535,-3.127296752929688
1748973641527,8.863667907714845,-2.526595916748047,-3.292852478027344
1748973641594,8.927285614013673,-2.468666381835938,-3.4254766845703126
1748973641659,8.881929931640625,-2.4578887939453127,-3.3726365661621096
1748973641726,8.92713592529297,-2.390079803466797,-3.271297302246094
1748973641794,8.928782501220704,-2.4231610107421875,-3.3307237243652343
1748973641860,8.828191680908203,-2.479743347167969,-3.3099169921875
1748973641935,8.926836547851563,-2.4096890258789063,-3.3323703002929688
1748973641992,8.819809112548828,-2.4234603881835937,-3.327729949951172
1748973642060,8.906179504394531,-2.510878601074219,-3.3651521301269534
1748973642127,8.803193664550781,-2.4077430725097657,-3.3099169921875
1748973642194,8.969048767089845,-2.466720428466797,-3.3028816223144535
1748973642259,8.886121215820314,-2.4914190673828127,-3.338507537841797
1748973642326,8.872649230957032,-2.481240234375,-3.3748818969726564
1748973642393,8.843759307861328,-2.525548095703125,-3.3328193664550785
1748973642459,8.92039993286133,-2.495460662841797,-3.3184492492675783
1748973642527,8.920250244140625,-2.431693267822266,-3.2874636840820313
1748973642593,8.826694793701172,-2.5222549438476562,-3.2958462524414065
1748973642659,8.884923706054687,-2.465223541259766,-3.4410443115234375
1748973642727,8.875792694091798,-2.488724670410156,-3.3007859802246093
1748973642793,8.916358337402345,-2.4745042419433596,-3.2687525939941406
1748973642859,8.897347869873048,-2.472258911132813,-3.3317715454101564
1748973642926,8.846453704833985,-2.551593933105469,-3.3382081604003906
1748973642994,8.866661682128907,-2.528242492675781,-3.3271311950683597
1748973643060,8.925189971923828,-2.436782684326172,-3.3714390563964844
1748973643127,8.860374755859375,-2.5204586791992187,-3.2994387817382815
1748973643194,8.872200164794922,-2.502645721435547,-3.3702415466308597
1748973643260,8.909173278808595,-2.4843836975097657,-3.280278625488281
1748973643326,8.83807113647461,-2.511028289794922,-3.3382081604003906
1748973643401,8.852890319824219,-2.5222549438476562,-3.344195709228516
1748973643460,8.901688842773439,-2.4245082092285157,-3.3632061767578127
1748973643526,8.900191955566406,-2.505340118408203,-3.322790222167969
1748973643593,8.834179229736328,-2.5171655273437503,-3.3079710388183594
1748973643660,8.871002655029297,-2.5247996520996097,-3.345692596435547
1748973643727,8.884324951171875,-2.482288055419922,-3.309617614746094
1748973643795,8.89360565185547,-2.498155059814453,-3.3341665649414063
1748973643859,8.887318725585938,-2.50279541015625,-3.3358131408691407
1748973643926,8.853189697265625,-2.488275604248047,-3.330873413085938
1748973643994,8.887318725585938,-2.5068370056152345,-3.3584161376953126
1748973644060,8.909173278808595,-2.518961791992188,-3.283122711181641
1748973644127,8.854087829589844,-2.4364833068847656,-3.3483869934082033
1748973644192,8.895850982666015,-2.5679100036621096,-3.3423994445800784
1748973644260,8.920250244140625,-2.438728637695313,-3.2226484680175784
1748973644326,8.897347869873048,-2.587968292236328,-3.2425570678710938
1748973644393,8.838969268798829,-2.5197102355957033,-3.31470703125
1748973644459,8.922345886230469,-2.498753814697266,-3.3329690551757816
1748973644526,8.83328109741211,-2.5547373962402347,-3.240611114501953
1748973644594,8.89704849243164,-2.455194396972656,-3.211571502685547
1748973644660,8.988358612060548,-2.6674530029296877,-3.3412019348144533
1748973644726,8.835526428222657,-2.612816619873047,-3.3379087829589844
1748973644793,8.863368530273437,-2.445464630126953,-3.2724948120117188
1748973644860,8.943302307128906,-2.502496032714844,-3.2236962890625
1748973644926,8.85917724609375,-2.429298248291016,-3.287164306640625
1748973644994,8.846753082275391,-2.6649082946777347,-3.2856674194335938
1748973645060,8.841513977050782,-2.5403672790527345,-3.3582664489746095
1748973645127,8.93432098388672,-2.4694148254394532,-3.367098083496094
1748973645202,8.897647247314454,-2.492766265869141,-3.2443533325195313
1748973645260,8.796158294677735,-2.5292903137207032,-3.293750610351563
1748973645326,8.91755584716797,-2.5487498474121093,-3.376827850341797
1748973645395,8.860075378417969,-2.52195556640625,-3.300037536621094
1748973645459,8.889414367675782,-2.5700056457519533,-3.284769287109375
1748973645526,8.933273162841797,-2.5054898071289062,-3.3497341918945316
1748973645593,8.85333938598633,-2.5929080200195314,-3.3889526367187504
1748973645659,8.825197906494141,-2.566113739013672,-3.313659210205078
1748973645727,8.919651489257813,-2.4641757202148438,-3.2985406494140626
1748973645792,8.857081604003907,-2.518512725830078,-3.3332684326171877
1748973645860,8.83283203125,-2.5331822204589844,-3.340752868652344
1748973645927,8.891060943603517,-2.519410858154297,-3.3555720520019534
1748973645993,8.901688842773439,-2.591261444091797,-3.37458251953125
1748973646060,8.8472021484375,-2.5295896911621094,-3.3224908447265626
1748973646126,8.858428802490234,-2.422113189697266,-3.269051971435547
1748973646193,8.837472381591798,-2.505040740966797,-3.323838043212891
1748973646260,8.894054718017578,-2.6122178649902343,-3.3753309631347657
1748973646326,8.711284790039063,-2.5179139709472658,-3.322939910888672
1748973646400,8.973389739990235,-2.4914190673828127,-3.3500335693359378
1748973646460,8.880882110595703,-2.4539968872070315,-3.267704772949219
1748973646527,8.846453704833985,-2.5471032714843753,-3.386856994628906
1748973646595,8.858279113769532,-2.681523742675781,-3.3578173828125
1748973646660,8.824898529052735,-2.6197023010253906,-3.2397129821777346
1748973646727,8.947194213867188,-2.432142333984375,-3.247197418212891
1748973646794,8.915609893798829,-2.4204666137695314,-3.279829559326172
1748973646860,8.860823822021485,-2.5644671630859377,-3.392395477294922
1748973646938,8.819060668945314,-2.514471130371094,-3.134930877685547
1748973646992,8.863218841552735,-2.598745880126953,-3.1566357421875
1748973647060,8.953181762695312,-2.551593933105469,-3.3666490173339847
1748973647126,8.799152069091797,-2.627186737060547,-3.2783326721191406
1748973647194,9.070687408447267,-2.7759773254394533,-3.509751434326172
1748973647260,8.744815063476564,-2.4194187927246094,-3.2353720092773437
1748973647326,8.942553863525392,-2.5138723754882815,-3.359763336181641
1748973647392,8.985514526367188,-2.3796015930175782,-3.3883538818359376
1748973647459,8.88836654663086,-2.7069708251953126,-3.2623159790039065
1748973647527,8.666078796386719,-2.616409149169922,-3.037932586669922
1748973647593,8.954828338623047,-2.588117980957031,-3.2721954345703126
1748973647660,8.835227050781251,-2.661764831542969,-3.2088771057128906
1748973647727,8.92039993286133,-2.454595642089844,-3.3825160217285157
1748973647793,8.915160827636718,-2.508483581542969,-3.2012429809570313
1748973647860,8.874744873046875,-2.571951599121094,-3.100352783203125
1748973647927,8.934620361328125,-2.4936643981933595,-3.250191192626953
1748973647993,8.853040008544923,-2.621648254394531,-3.28357177734375
1748973648060,8.935368804931642,-2.4605831909179687,-3.280727691650391
1748973648127,8.964408416748046,-2.540966033935547,-3.1930101013183596
1748973648194,8.89749755859375,-2.4565415954589844,-3.150797882080078
1748973648260,9.052275695800782,-2.639012145996094,-3.244952087402344
1748973648326,9.058562622070314,-2.6734405517578126,-3.1129266357421876
1748973648394,9.21408920288086,-2.5583299255371097,-3.3865576171875
1748973648460,8.83043701171875,-2.7415489196777347,-3.409010925292969
1748973648527,8.65515151977539,-2.7195446777343752,-3.467389526367188
1748973648602,8.973689117431642,-2.0546273803710937,-2.958896942138672
1748973648662,9.399553527832031,-2.492167510986328,-3.3495845031738285
1748973648726,8.791368255615234,-2.611918487548828,-3.1892678833007815
1748973648794,8.884923706054687,-2.6866131591796876,-3.3391062927246096
1748973648860,8.88357650756836,-2.3845413208007815,-3.4108071899414063
1748973648927,8.713380432128906,-2.359992370605469,-3.1858250427246095
1748973648993,8.711584167480469,-2.5497976684570314,-2.9428802490234376
1748973649060,9.198371887207031,-2.308798828125,-3.3579670715332033
1748973649127,9.335636444091797,-2.1034259033203124,-3.557651824951172
1748973649194,8.684939575195314,-2.445165252685547,-3.1701077270507816
1748973649260,8.92189682006836,-2.5969496154785157,-3.218606872558594
1748973649326,8.922944641113281,-2.415227508544922,-3.211122436523438
1748973649394,9.05556884765625,-2.4264541625976563,-3.2024404907226565
1748973649459,9.003626861572267,-2.6792784118652344,-3.224893798828125
1748973649527,8.68957992553711,-2.741099853515625,-3.356470184326172
1748973649593,8.65365463256836,-2.7271788024902346,-3.105142822265625
1748973649660,9.179361419677734,-2.2866448974609375,-3.2468980407714847
1748973649727,9.061406707763672,-2.2314097595214846,-3.138373718261719
1748973649793,8.896898803710938,-2.4110362243652346,-2.981350250244141
1748973649860,8.809929656982423,-2.4804917907714845,-2.979254608154297
1748973649927,9.022787017822266,-2.5405169677734376,-3.045267333984375
1748973649993,8.989406433105469,-2.309996337890625,-3.1891181945800784
1748973650060,8.979526977539063,-2.343227233886719,-3.040177917480469
1748973650127,8.990454254150391,-2.5548870849609377,-3.050057373046875
1748973650194,9.058562622070314,-2.4562422180175782,-2.9895831298828126
1748973650260,8.936566314697266,-2.3040087890625003,-3.0470635986328127
1748973650326,8.999435577392578,-2.442620544433594,-3.1716046142578125
1748973650393,8.972940673828125,-2.365081787109375,-3.066822509765625
1748973650460,8.920549621582031,-2.525398406982422,-3.0596374511718754
1748973650527,8.97309036254883,-2.3740631103515626,-3.0734088134765627
1748973650594,9.010213165283204,-2.4096890258789063,-3.0461654663085938
1748973650660,9.05167694091797,-2.418670349121094,-3.188669128417969
1748973650727,8.944050750732423,-2.4337889099121095,-3.0683193969726563
1748973650794,8.992998962402345,-2.465672607421875,-3.0864317321777346
1748973650860,8.961414642333985,-2.501448211669922,-3.1163694763183596
1748973650927,9.096583557128907,-2.3044578552246096,-3.0799951171875
1748973650994,9.035660247802735,-2.425556030273438,-2.8560607910156253
1748973651060,9.231153717041016,-2.5267456054687503,-3.35063232421875
1748973651127,8.955127716064453,-2.3571482849121095,-3.3449441528320314
1748973651194,8.992998962402345,-2.521805877685547,-2.9044102478027347
1748973651260,8.973689117431642,-2.5521926879882812,-3.0491592407226564
1748973651326,9.19253402709961,-2.0971389770507813,-3.1379246520996094
1748973651394,8.768465881347657,-2.3213726806640627,-2.844684448242188
1748973651460,8.99135238647461,-2.6217979431152343,-3.184178466796875
1748973651527,9.203311614990234,-2.1043240356445314,-3.1820828247070314
1748973651594,9.059011688232422,-2.339035949707031,-2.955005035400391
1748973651660,8.969946899414063,-2.435884552001953,-3.1940579223632812
1748973651727,9.015601959228515,-2.446362762451172,-3.140918426513672
1748973651794,9.030870208740234,-2.4141796875000003,-3.007695465087891
1748973651860,9.037755889892578,-2.3535557556152344,-2.9099487304687504
1748973651930,8.99808837890625,-2.472707977294922,-3.053500213623047
1748973651992,8.973988494873048,-2.3047572326660157,-3.176694030761719
1748973652059,8.999734954833984,-2.298919372558594,-3.194806365966797
1748973652127,8.947942657470703,-2.420017547607422,-3.0816416931152344
1748973652193,8.931027832031251,-2.369572448730469,-3.108286285400391
1748973652260,8.927285614013673,-2.2097048950195313,-3.158731384277344
1748973652326,9.138047332763673,-2.3778053283691407,-3.0972093200683597
1748973652395,8.84525619506836,-2.5152195739746097,-3.0225146484375003
1748973652459,8.89315658569336,-2.253563690185547,-3.180436248779297
1748973652527,9.27875473022461,-2.0073257446289063,-3.283721466064453
1748973652594,8.797655181884766,-2.4281007385253908,-2.973267059326172
1748973652660,8.704399108886719,-2.647544403076172,-3.1394215393066407
1748973652727,9.339228973388673,-2.3101460266113283,-3.434158630371094
1748973652794,8.498876495361328,-2.518063659667969,-2.643951873779297
1748973652860,8.855285339355468,-2.6204507446289065,-3.073857879638672
1748973652927,9.295669555664062,-2.063009948730469,-3.3194970703125
1748973652994,9.248667297363282,-2.4459136962890624,-3.050955505371094
1748973653060,8.78732666015625,-2.5068370056152345,-2.9761111450195314
1748973653127,8.946745147705078,-2.352807312011719,-3.2226484680175784
1748973653194,8.942104797363282,-2.5966502380371095,-3.1713052368164063
1748973653260,8.987610168457032,-2.382894744873047,-3.10155029296875
1748973653326,9.023535461425782,-2.335742797851563,-3.143163757324219
1748973653393,8.973988494873048,-2.5463548278808594,-3.2000454711914066
1748973653460,8.849896545410157,-2.380499725341797,-3.23088134765625
1748973653527,8.988657989501954,-2.416125640869141,-3.112178192138672
1748973653593,9.00811752319336,-2.3930735778808594,-3.2395632934570315
1748973653660,8.96979721069336,-2.4264541625976563,-3.263214111328125
1748973653727,8.906329193115235,-2.501747589111328,-3.1358290100097657
1748973653793,8.879085845947266,-2.3966661071777344,-3.107537841796875
1748973653860,9.015601959228515,-2.481389923095703,-3.2216006469726564
1748973653927,8.97413818359375,-2.4170237731933595,-3.2352223205566406
1748973654000,8.89704849243164,-2.431842956542969,-3.174598388671875
1748973654060,9.014554138183595,-2.4327410888671874,-3.1988479614257814
1748973654127,8.908574523925783,-2.3631358337402344,-3.157683563232422
1748973654193,8.935518493652344,-2.4911196899414065,-3.13987060546875
1748973654260,9.01290756225586,-2.415077819824219,-3.224444732666016
1748973654326,8.911568298339844,-2.4035517883300783,-3.174598388671875
1748973654393,8.867110748291015,-2.5929080200195314,-3.0936167907714847
1748973654459,9.04733596801758,-2.4275019836425784,-3.197201385498047
1748973654527,8.930728454589843,-2.3475682067871095,-3.193608856201172
1748973654593,8.916508026123047,-2.4333398437500002,-3.130140838623047
1748973654660,8.989406433105469,-2.522105255126953,-3.212769012451172
1748973654727,8.932524719238282,-2.4647744750976566,-3.1316377258300783
1748973654794,8.971443786621094,-2.3846910095214846,-3.1531929016113285
1748973654860,8.944649505615235,-2.474953308105469,-3.225941619873047
1748973654927,9.03835464477539,-2.505938873291016,-3.186423797607422
1748973654994,8.868457946777344,-2.3333477783203125,-3.084186401367188
1748973655060,8.855435028076172,-2.3728656005859374,-3.1883697509765625
1748973655127,9.011710052490235,-2.448458404541016,-3.2332763671875
1748973655194,8.863368530273437,-2.4544459533691407,-3.2299832153320316
1748973655260,8.971593475341797,-2.5093817138671874,-3.2645613098144532
1748973655326,8.909023590087891,-2.362237701416016,-3.1470556640625
1748973655394,9.078770599365235,-2.3858885192871093,-3.2901580810546878
1748973655460,8.793912963867188,-2.540816345214844,-3.216361541748047
1748973655527,9.003776550292969,-2.399360504150391,-3.283272399902344
1748973655594,8.91471176147461,-2.410437469482422,-3.164868621826172
1748973655660,8.958869934082031,-2.559078369140625,-3.165018310546875
1748973655727,8.813372497558595,-2.446063385009766,-3.193459167480469
1748973655793,8.928782501220704,-2.4013064575195315,-3.193459167480469
1748973655859,8.948990478515626,-2.4912693786621096,-3.1808853149414062
1748973655927,8.916957092285157,-2.3933729553222656,-3.181484069824219
1748973655994,8.98461639404297,-2.4674688720703126,-3.1846275329589844
1748973656059,8.820258178710938,-2.5391697692871094,-3.116968231201172
1748973656127,9.0052734375,-2.458487548828125,-3.2988400268554687
1748973656193,8.942254486083986,-2.471510467529297,-3.2126193237304688
1748973656260,8.926836547851563,-2.512225799560547,-3.0470635986328127
1748973656326,8.96306121826172,-2.5030947875976564,-3.2540830993652343
1748973656393,8.851692810058594,-2.398911437988281,-3.271446990966797
1748973656460,8.906778259277344,-2.5533901977539064,-3.204236755371094
1748973656527,8.94824203491211,-2.4758514404296874,-3.133583679199219
1748973656594,8.968749389648439,-2.4240591430664065,-3.236719207763672
1748973656660,8.897647247314454,-2.4339385986328126,-3.3437466430664062
1748973656727,8.931626586914064,-2.518662414550781,-3.216361541748047
1748973656801,8.844507751464844,-2.4263044738769532,-3.209176483154297
1748973656860,8.975335693359375,-2.5129742431640625,-3.2364198303222658
1748973656929,8.861272888183594,-2.492017822265625,-3.2135174560546877
1748973656992,8.972790985107423,-2.4002586364746095,-3.3391062927246096
1748973657060,8.901688842773439,-2.4433689880371094,-3.2828233337402346
1748973657127,8.924890594482422,-2.461930389404297,-3.1957044982910157
1748973657194,8.879385223388672,-2.5247996520996097,-3.188818817138672
1748973657260,8.894204406738282,-2.456092529296875,-3.283272399902344
1748973657326,8.86591323852539,-2.4351361083984377,-3.2921040344238284
1748973657393,8.967551879882812,-2.5300387573242187,-3.259322204589844
1748973657460,8.909622344970703,-2.4456143188476562,-3.27638671875
1748973657527,8.913364562988281,-2.5644671630859377,-3.2995884704589846
1748973657594,8.871002655029297,-2.484533386230469,-3.2656091308593753
1748973657660,8.862769775390625,-2.3905288696289064,-3.314407653808594
1748973657727,8.812324676513672,-2.5595274353027344,-3.3425491333007815
1748973657793,8.93192596435547,-2.470312957763672,-3.386707305908203
1748973657860,9.007967834472657,-2.4706123352050784,-3.298989715576172
1748973657927,8.897198181152344,-2.225122833251953,-3.1856753540039064
1748973657994,8.946745147705078,-2.4364833068847656,-3.254232788085938
1748973658060,8.868907012939454,-2.581980743408203,-3.290457458496094
1748973658127,8.745413818359376,-2.4062461853027344,-3.355122985839844
1748973658194,9.071735229492187,-2.3710693359375,-3.266806640625
1748973658260,8.931626586914064,-2.3129901123046874,-3.384012908935547
1748973658326,8.860973510742188,-2.5116270446777347,-3.4185910034179687
1748973658393,8.939410400390626,-2.6134153747558595,-3.4203872680664062
1748973658460,8.865164794921876,-2.208956451416016,-3.3115635681152344
1748973658527,8.97458724975586,-2.2481748962402346,-3.277434539794922
1748973658593,8.959917755126954,-2.4795936584472655,-3.2687525939941406
1748973658660,8.590336303710938,-2.011666717529297,-3.2554302978515626
1748973658727,9.271719360351563,-2.2733226013183594,-2.8789631652832033
1748973658793,9.009614410400392,-2.569556579589844,-2.8334577941894534
1748973658860,8.994795227050782,-2.8337571716308596,-3.5941758728027344
1748973658927,8.607550506591798,-2.2778132629394534,-3.935765533447266
1748973658993,8.850794677734376,-2.3833438110351564,-3.300187225341797
1748973659060,8.808432769775392,-2.348166961669922,-2.7626550292968752
1748973659127,9.047785034179688,-2.1076171875000003,-2.9557534790039064
1748973659194,9.011859741210937,-2.9273126220703127,-3.3512310791015625
1748973659260,9.097781066894532,-3.0722113037109375,-4.053420867919922
1748973659326,8.240813140869141,-1.7312997436523438,-3.3985327148437503
1748973659393,9.102122039794923,-2.1655467224121097,-3.018473052978516
1748973659460,9.040300598144531,-2.3451731872558597,-2.886896667480469
1748973659527,9.046437835693359,-2.4400758361816406,-3.326532440185547
1748973659594,8.874146118164063,-2.265389099121094,-3.647015991210938
1748973659660,8.931027832031251,-2.871179351806641,-3.8649627685546877
1748973659727,8.007298736572267,-2.2564077758789063,-3.344046020507813
1748973659793,9.025331726074219,-2.186503143310547,-3.2193553161621096
1748973659864,9.256600799560548,-2.4156765747070312,-2.997366943359375
1748973659927,9.348509674072266,-2.3141876220703126,-3.714375915527344
1748973659993,8.661288757324218,-2.7729835510253906,-3.6577935791015626
1748973660060,8.720565490722656,-2.6794281005859375,-3.4311648559570314
1748973660126,8.777447204589844,-2.3239173889160156,-3.3521292114257815
1748973660193,8.957073669433594,-2.3402334594726564,-3.260519714355469
1748973660260,8.850195922851563,-2.805615692138672,-3.6157310485839846
1748973660326,8.669222259521485,-2.1409977722167968,-4.133953399658203
1748973660400,8.671467590332032,-2.9127928161621095,-4.3254052734375
1748973660460,9.498348083496094,-2.855012969970703,-5.009482727050782
1748973660527,10.6961572265625,-2.4043002319335938,-4.00447265625
1748973660604,10.25741958618164,-0.863404541015625,-4.381538543701172
1748973660660,9.93738510131836,0.9666897583007813,-2.3327490234375
1748973660727,11.159443817138673,2.8735743713378907,-0.38470001220703126
1748973660793,8.330626373291016,3.552562408447266,1.1120375061035157
1748973660860,2.7735823059082034,5.734574890136719,5.397326202392579
1748973660927,0.8268804931640625,4.245920562744141,5.392386474609375
1748973661002,-0.9376501464843751,3.733685760498047,8.113428039550781
1748973661060,-1.8830841064453125,4.443060607910157,9.285939788818359
1748973661127,-0.468226318359375,4.059258728027344,8.09651321411133
1748973661194,-0.7355703735351563,5.538033599853516,8.398734741210937
1748973661260,-1.3467494201660157,5.457950134277344,7.601193237304688
1748973661326,-0.9545649719238282,4.943769378662109,7.4800950622558595
1748973661393,-0.6447093200683595,5.806126098632813,7.6227484130859375
1748973661460,0.027991790771484375,5.999823303222657,7.48488510131836
1748973661527,0.11630813598632814,6.039341125488281,7.554190979003907
1748973661594,0.3811074829101563,6.034551086425782,7.834408264160157
1748973661660,0.6357279968261719,6.141428833007812,7.594906311035157
1748973661727,0.3526666259765625,6.539151763916016,7.5251513671875
1748973661800,0.6337820434570313,6.616241455078125,6.727909240722656
1748973661860,0.23665786743164063,6.715185699462891,6.996151428222657
1748973661943,0.4581971740722656,6.605314178466797,7.143295440673828
1748973661993,0.5465135192871095,6.750811614990234,7.010820922851563
1748973662060,0.6613247680664063,6.831793212890625,7.054829406738282
1748973662127,0.4385879516601563,6.776258697509766,6.89092025756836
1748973662192,0.30177246093750004,7.031927032470703,6.719227294921875
1748973662260,0.1197509765625,7.233108673095703,6.407126312255859
1748973662326,0.2652484130859375,7.086413726806641,6.3276416015625
1748973662393,0.3592529296875,7.614964599609375,5.995182952880859
1748973662460,0.6518943786621094,7.5013508605957036,6.017486572265625
1748973662527,0.6515950012207031,7.628286895751954,6.0820024108886726
1748973662594,0.6309379577636719,7.6368191528320315,5.9745259094238286
1748973662660,0.7152127075195313,7.784711608886719,5.592220916748047
1748973662727,0.8017327880859375,8.03813461303711,5.479355621337891
1748973662793,0.8231382751464844,8.083340606689454,5.337899780273438
1748973662859,0.9936337280273438,8.04487060546875,5.175487518310547
1748973662927,1.0189311218261718,8.31700469970703,5.233866119384766
1748973662994,1.174757080078125,8.152197418212891,5.0374745178222655
1748973663060,1.0559042358398438,8.201145629882813,4.903054046630859
1748973663127,1.2353810119628907,8.499325561523438,4.892126770019532
1748973663200,1.3549822998046877,8.257877655029297,4.889731750488282
1748973663259,1.2311897277832031,8.418343963623048,4.828359375000001
1748973663326,1.23822509765625,8.17899169921875,4.904700622558594
1748973663394,1.2350816345214843,8.341703338623047,4.785548400878906
1748973663460,1.2210108947753906,8.284222869873048,4.922812957763672
1748973663527,1.294208679199219,8.279732208251954,4.982538757324219
1748973663600,1.3001962280273438,8.33317108154297,4.832700347900391
1748973663660,1.3094769287109376,8.350984039306642,4.791685638427735
1748973663727,1.3480966186523438,8.28152847290039,4.81159423828125
1748973663794,1.2365785217285157,8.28961166381836,4.918921051025391
1748973663861,1.2986993408203125,8.302185516357422,4.91263412475586
1748973663927,1.324146423339844,8.3202978515625,4.837939453125
1748973663992,1.3748908996582032,8.338410186767579,4.799469451904297
1748973664060,1.3465997314453126,8.311017150878907,4.905149688720703
1748973664127,1.3748908996582032,8.283324737548828,4.940326538085937
1748973664201,1.3391152954101564,8.296946411132813,4.823120269775391
1748973664260,1.3031900024414063,8.24455535888672,4.9530500793457035
1748973664326,1.3558804321289064,8.282276916503907,4.908442840576172
1748973664394,1.3789324951171875,8.291108551025392,4.87865478515625
1748973664460,1.36276611328125,8.337362365722656,4.810845794677735
1748973664527,1.3683045959472657,8.230634307861328,4.941074981689454
1748973664595,1.336271209716797,8.231083374023438,5.001998291015625
1748973664660,1.3454022216796875,8.297545166015626,4.912783813476563
1748973664727,1.3799803161621094,8.243956604003907,4.932692413330078
1748973664800,1.364113311767578,8.17030975341797,5.022805023193359
1748973664860,1.341061248779297,8.225544891357423,5.019212493896485
1748973664927,1.3105247497558594,8.249794464111329,5.03238510131836
1748973665001,1.3500425720214844,8.20294189453125,5.016967163085938
1748973665060,1.4067745971679688,8.213270416259766,5.0093330383300785
1748973665126,1.2867242431640626,8.171058197021484,5.0338819885253905
1748973665199,1.274000701904297,8.16896255493164,5.112618255615234
1748973665260,1.3483959960937502,8.1670166015625,5.098098449707032
1748973665326,1.3503419494628908,8.228089599609376,5.0674122619628905
1748973665394,1.3837225341796875,8.127199401855469,5.084925842285156
1748973665460,1.3262420654296876,8.158484344482423,5.122797088623047
1748973665527,1.312470703125,8.158933410644531,5.178930358886719
1748973665593,1.385369110107422,8.092471618652343,5.153483276367187
1748973665660,1.3549822998046877,8.151299285888673,5.131628723144532
1748973665727,1.3180091857910157,8.133636016845703,5.160368957519531
1748973665793,1.2771441650390625,8.099207611083985,5.148094482421875
1748973665860,1.2769944763183594,8.026758270263672,5.328319702148438
1748973665927,1.268162841796875,8.055498504638672,5.3229309082031255
1748973665993,1.300345916748047,8.07361083984375,5.226231994628907
1748973666060,1.222507781982422,8.041128387451172,5.339845733642578
1748973666127,1.2027488708496095,8.043673095703125,5.355712738037109
1748973666193,1.3413606262207032,7.974965972900391,5.382656707763672
1748973666260,1.289568328857422,8.028255157470703,5.302273864746094
1748973666326,1.2627740478515626,8.056097259521485,5.295986938476563
1748973666394,1.1970606994628907,7.975265350341798,5.385650482177734
1748973666460,1.2868739318847657,8.00610122680664,5.332660675048828
1748973666527,1.2960049438476564,8.02615951538086,5.3931349182128905
1748973666593,1.2783416748046876,7.9890367126464845,5.328469390869141
1748973666660,1.219214630126953,8.007598114013673,5.345384216308594
1748973666727,1.274150390625,7.971373443603516,5.320386199951172
1748973666803,1.2731025695800782,7.9820013427734375,5.350623321533203
1748973666860,1.2097842407226562,8.023465118408204,5.400619354248047
1748973666934,0.9553134155273438,7.694299621582032,5.253924407958984
1748973666993,1.1888278198242188,7.21185287475586,4.609364776611328
1748973667060,2.5866210937500003,6.817423095703125,4.549339599609375
1748973667127,5.539829864501954,5.9850041198730475,5.316045227050782
1748973667193,7.618108062744141,5.053341522216797,7.002737731933594
1748973667260,7.268734588623047,4.159699859619141,4.473597106933594
1748973667326,7.088958435058594,3.490441589355469,2.3135888671875002
1748973667393,8.694669342041015,3.274141387939453,2.2335054016113283
1748973667459,10.225386199951172,2.6861640930175783,0.6530918884277344
1748973667527,10.508896636962891,1.1922706604003908,-0.8276289367675782
1748973667593,9.869725799560547,0.8008346557617188,-0.659827880859375
1748973667660,9.794881439208984,0.3908372497558594,-0.47915359497070314
1748973667727,10.17643798828125,0.03547622680664063,-1.1624826049804688
1748973667800,9.495204620361328,-0.5062472534179687,-1.102906494140625
1748973667860,9.040599975585938,-1.0181826782226564,-1.515747985839844
1748973667927,8.626111907958984,-2.2107527160644533,-2.2469773864746094
1748973667994,10.124945068359375,-2.4134312438964844,-2.424657897949219
1748973668060,11.231593780517578,-3.0681697082519532,-2.1137544250488283
1748973668127,9.649683380126953,-2.755469970703125,-0.7885601806640625
1748973668200,8.671766967773438,-2.864593048095703,-1.2434642028808593
1748973668260,9.143585815429688,-2.9608428955078128,-1.6661851501464844
1748973668326,9.228309631347656,-2.9520112609863283,-1.5275733947753907
1748973668399,9.345216522216797,-2.6255401611328124,-0.6165678405761719
1748973668459,9.40658889770508,-2.6872119140625,-0.5974076843261719
1748973668527,9.51107162475586,-2.827021179199219,-0.9035211181640626
1748973668593,9.43682601928711,-2.8084597778320313,-0.86939208984375
1748973668660,9.237889709472658,-2.957998809814453,-0.7259902954101562
1748973668727,9.328451385498047,-2.8131001281738284,-0.7887098693847656
1748973668801,9.330397338867188,-2.6830206298828125,-0.5777984619140625
1748973668860,9.521998901367189,-2.7654991149902344,-0.6762936401367188
1748973668927,9.40808578491211,-2.5056394958496093,-0.604742431640625
1748973668993,9.33099609375,-2.76145751953125,-0.06331832885742188
1748973669060,9.341324615478516,-2.6072781372070315,-0.707728271484375
1748973669127,9.453890533447266,-2.654879150390625,-0.4327500915527344
1748973669193,9.621990966796876,-2.3632855224609375,-0.5873785400390625
1748973669260,9.320218505859376,-2.4956103515625,-0.3418890380859375
1748973669326,9.519304504394531,-2.318977661132813,-0.8099656677246094
1748973669394,10.509495391845704,-0.9792636108398438,-0.29458740234375
1748973669460,12.54601043701172,-3.673810272216797,-0.3394940185546875
1748973669527,9.075327758789063,-2.2100042724609374,-0.7090754699707031
1748973669594,5.407505035400391,-0.7734416198730469,0.00089813232421875
1748973669660,7.048392791748047,-2.6671536254882815,0.5977070617675782
1748973669727,9.241482238769532,-2.4270529174804687,1.3024415588378906
1748973669800,13.74352020263672,1.495689697265625,-1.0066566467285156
1748973669860,11.86866897583008,-4.016298065185547,-2.8098069763183595
1748973669927,9.195827178955078,-1.6131953430175783,1.7621356201171876
1748973669999,9.505533142089844,-0.2567161560058594,-0.42945693969726567
1748973670060,9.115743713378906,-0.9711804199218751,0.5011578369140626
1748973670126,8.982520751953125,-0.43768981933593754,2.461780700683594
1748973670200,9.152267761230469,-0.417930908203125,0.5215155029296875
1748973670259,9.442663879394532,-0.5227130126953126,0.26150619506835937
1748973670326,9.433083801269532,-1.0431806945800781,0.4343966674804688
1748973670393,10.003397827148438,-1.2570858764648438,0.2935395812988281
1748973670460,10.090366973876954,-0.9581575012207032,0.6002517700195312
1748973670526,9.825417938232423,-0.8126600646972657,-0.6218069458007813
1748973670592,9.297465820312501,-1.162781982421875,0.2878514099121094
1748973670660,9.501341857910157,-0.7906558227539063,-0.5135820007324219
1748973670727,9.618248748779298,-1.400787048339844,-0.22662872314453125
1748973670793,10.309660949707032,-1.5036231994628908,-1.041534118652344
1748973670860,9.903705139160158,-1.4079721069335938,-0.8747808837890625
1748973670927,9.29507080078125,-1.7344432067871094,-0.8062234497070313
1748973670993,9.23848846435547,-1.520538024902344,-1.132694549560547
1748973671060,9.389225006103516,-2.325713653564453,-0.6825805664062501
1748973671127,9.488917694091798,-2.1417462158203127,-0.7291337585449219
1748973671200,9.546847229003907,-2.361189880371094,-0.7247927856445313
1748973671260,9.594148864746094,-2.4734564208984375,-0.9312135314941407
1748973671327,9.561965789794922,-2.4174728393554688,-0.7884104919433594
1748973671393,9.566007385253906,-2.864143981933594,-0.3908372497558594
1748973671460,9.207652587890626,-2.651885375976563,-0.6445596313476563
1748973671527,9.35210220336914,-2.904709625244141,-0.5786965942382812
1748973671600,9.667795715332032,-2.7238856506347657,-0.7529342651367188
1748973671660,9.555529174804688,-2.9436286926269535,-0.6858737182617188
1748973671726,9.173373870849609,-2.7571165466308596,-0.7545808410644531
1748973671799,9.32949920654297,-2.5080345153808596,-0.8638536071777344
1748973671860,9.465416564941407,-2.8336074829101565,-0.4614903259277344
1748973671929,9.31512908935547,-2.624642028808594,-0.7846682739257813
1748973671993,9.512867889404298,-3.0124855041503906,-0.9535171508789063
1748973672060,9.427844696044922,-2.718197479248047,-1.038240966796875
1748973672127,9.32426010131836,-2.5451573181152347,-0.6884184265136719
1748973672193,9.410181427001953,-2.674937438964844,-0.5289999389648438
1748973672260,9.331145782470704,-2.5340803527832034,-0.6938072204589845
1748973672327,9.421258392333986,-2.5914111328125,-0.9196875
1748973672393,9.62453567504883,-2.801723785400391,-1.1707154846191408
1748973672460,9.067394256591797,-2.4035517883300783,-0.9142987060546875
1748973672527,9.467811584472656,-2.8193870544433595,-0.7926017761230469
1748973672593,9.362879791259767,-2.480940856933594,-1.0972183227539063
1748973672660,9.42634780883789,-2.7535240173339846,-0.890797576904297
1748973672727,9.246571655273438,-2.62733642578125,-1.0092013549804688
1748973672793,9.396410064697266,-2.694546661376953,-1.0674302673339844
1748973672860,9.469607849121095,-2.7036776733398438,-1.1023077392578124
1748973672927,9.282946014404297,-2.720891876220703,-0.9479786682128907
1748973673000,9.298962707519532,-2.797233123779297,-1.0532098388671876
1748973673060,9.303004302978517,-2.7906468200683596,-1.08973388671875
1748973673127,9.342971191406251,-2.7788214111328124,-1.1189231872558594
1748973673200,9.374705200195313,-2.7729835510253906,-1.0987152099609376
1748973673260,9.364376678466797,-2.8464807128906253,-0.9994715881347657
1748973673326,9.29117889404297,-2.78061767578125,-1.1003617858886718
1748973673399,9.258397064208985,-2.8110044860839847,-1.0837463378906251
1748973673460,9.32381103515625,-2.8190876770019533,-1.1249107360839845
1748973673527,9.329349517822266,-2.840642852783203,-1.146166534423828
1748973673594,9.26243865966797,-2.834056549072266,-1.1487112426757813
1748973673660,9.349557495117187,-2.904260559082031,-1.2006532287597658
1748973673727,9.328152008056641,-2.825075225830078,-1.1475137329101563
1748973673793,9.260343017578126,-2.8048672485351562,-1.1666738891601562
1748973673860,9.348359985351562,-2.8400440979003907,-1.1873309326171875
1748973673927,9.157357177734376,-2.922971649169922,-1.0600955200195312
1748973673993,9.136700134277344,-2.998265075683594,-1.2469070434570313
1748973674060,9.2878857421875,-3.0743069458007812,-1.370849304199219
1748973674127,9.212891693115235,-3.170856170654297,-1.3343252563476564
1748973674193,9.051078186035157,-3.2108230590820312,-1.2070898437500002
1748973674260,9.20016815185547,-3.337010650634766,-1.4036311340332033
1748973674327,9.32665512084961,-3.500021667480469,-1.368753662109375
1748973674401,9.073980560302735,-3.507356414794922,-1.30049560546875
1748973674460,9.037007446289063,-3.4105078125,-1.387913818359375
1748973674527,8.835825805664063,-3.3691937255859377,-1.3281880187988282
1748973674601,9.148375854492189,-3.737278289794922,-1.4247372436523438
1748973674660,9.046138458251953,-3.5331028747558597,-1.4367123413085938
1748973674727,9.00287841796875,-3.4959800720214846,-1.4386582946777344
1748973674800,9.123527526855469,-3.61408447265625,-1.361418914794922
1748973674860,9.022337951660157,-3.473676452636719,-1.361418914794922
1748973674927,8.88836654663086,-3.5320550537109376,-1.2222084045410158
1748973674999,9.114995269775392,-3.646566925048828,-1.4126124572753906
1748973675060,9.082063751220703,-3.7015026855468753,-1.4376104736328126
1748973675126,8.939410400390626,-3.4456846618652346,-1.3844709777832032
1748973675194,9.01245849609375,-3.4778677368164064,-1.235830078125
1748973675261,9.081315307617189,-3.466940460205078,-1.3106744384765625
1748973675327,9.13550262451172,-3.552712097167969,-1.297950897216797
1748973675393,8.97847915649414,-3.579057312011719,-1.3157638549804689
1748973675460,9.020541687011718,-3.574117584228516,-1.3868659973144533
1748973675527,9.006920013427735,-3.4661920166015627,-1.4174024963378906
1748973675593,9.039851531982423,-3.502716064453125,-1.3955479431152344
1748973675660,9.05990982055664,-3.593128051757813,-1.265618133544922
1748973675727,9.061855773925782,-3.545527038574219,-1.4165043640136719
1748973675800,8.9142626953125,-3.5712734985351564,-1.3238470458984375
1748973675860,8.869356079101562,-3.39374267578125,-1.24780517578125
1748973675927,9.29222671508789,-3.57576416015625,-1.4036311340332033
1748973676000,8.990154876708985,-3.5175352478027344,-1.3153147888183594
1748973676060,8.891360321044923,-3.682941284179688,-1.1401789855957032
1748973676127,9.071735229492187,-3.4552647399902345,-1.5390994262695312
1748973676199,9.11873748779297,-3.6106416320800783,-1.4151571655273438
1748973676260,8.99419647216797,-3.498973846435547,-1.265767822265625
1748973676327,9.14702865600586,-3.4215847778320314,-1.3837225341796875
1748973676400,8.980874176025392,-3.5684294128417973,-1.2952565002441407
1748973676460,8.995094604492188,-3.589685211181641,-1.3560301208496095
1748973676527,9.035061492919922,-3.5687287902832034,-1.4247372436523438
1748973676601,9.080417175292968,-3.5160383605957035,-1.5018269348144533
1748973676660,8.989705810546875,-3.557352447509766,-1.414109344482422
1748973676727,8.903335418701172,-3.500321044921875,-1.289568328857422
1748973676798,9.046437835693359,-3.476520538330078,-1.354233856201172
1748973676860,9.079369354248048,-3.5215768432617187,-1.5322137451171876
1748973676931,9.018745422363281,-3.539539489746094,-1.4638059997558595
1748973676993,8.996741180419923,-3.5904336547851563,-1.302591247558594
1748973677060,9.047785034179688,-3.5798057556152347,-1.428629150390625
1748973677127,8.991951141357422,-3.5648368835449222,-1.3720468139648438
1748973677194,8.987310791015625,-3.5651362609863284,-1.385369110107422
1748973677260,9.056466979980469,-3.606300659179688,-1.4783258056640625
1748973677327,8.951535186767579,-3.5820510864257815,-1.3509407043457031
1748973677400,9.062005462646486,-3.5592984008789066,-1.4679972839355468
1748973677460,8.999884643554688,-3.600313110351563,-1.3271401977539063
1748973677527,8.951086120605469,-3.5254687500000004,-1.4527290344238282
1748973677600,9.068591766357422,-3.623365173339844,-1.3904585266113283
1748973677660,9.013057250976562,-3.532803497314453,-1.3820759582519533
1748973677727,8.988807678222656,-3.609893188476563,-1.3871653747558594
1748973677800,8.994346160888671,-3.5521133422851565,-1.432071990966797
1748973677860,9.08430908203125,-3.5914814758300784,-1.2747491455078126
1748973677927,9.030570831298828,-3.542084197998047,-1.3995895385742188
1748973677999,8.94060791015625,-3.5711238098144533,-1.4051280212402344
1748973678060,9.103618927001953,-3.660637664794922,-1.3834231567382813
1748973678127,8.909023590087891,-3.4099090576171878,-1.3714480590820313
1748973678201,9.221873016357423,-3.7344342041015626,-1.415306854248047
1748973678265,8.921298065185548,-3.5811529541015625,-1.3930032348632813
1748973678326,8.935219116210938,-3.4709820556640625,-1.4028826904296876
1748973678398,9.232650604248047,-3.710783386230469,-1.4114149475097657
1748973678464,8.913514251708985,-3.5471736145019532,-1.4043795776367187
1748973678527,8.791517944335938,-3.387306060791016,-1.4299763488769532
1748973678593,9.097332000732422,-3.626957702636719,-1.4325210571289064
1748973678660,9.047635345458986,-3.5727703857421877,-1.3868659973144533
1748973678727,8.977281646728516,-3.463048553466797,-1.4817686462402344
1748973678793,9.11110336303711,-3.6718643188476565,-1.3593232727050781
1748973678860,8.926686859130859,-3.642525329589844,-1.2832814025878907
1748973678927,8.978778533935547,-3.8148170471191407,-1.3308824157714845
1748973678998,8.96171401977539,-3.6024087524414066,-1.5200889587402344
1748973679066,9.13984359741211,-3.754043426513672,-1.3888119506835939
1748973679127,9.0483837890625,-3.669918365478516,-1.154249725341797
1748973679201,8.991951141357422,-3.6959642028808597,-1.2111314392089845
1748973679266,8.955726470947265,-3.6751574707031254,-1.4353651428222658
1748973679327,9.04598876953125,-3.5607952880859375,-1.3648617553710938
1748973679400,8.832682342529298,-3.449726257324219,-1.3121713256835938
1748973679460,8.981173553466798,-3.584146728515625,-1.495540008544922
1748973679527,8.916058959960939,-3.5057098388671877,-1.1599378967285157
1748973679601,8.88791748046875,-3.766916656494141,-1.2545411682128906
1748973679665,9.050479431152343,-3.8338275146484375,-1.562600555419922
1748973679727,8.929680633544923,-3.8243971252441407,-1.3389656066894533
1748973679800,9.036109313964845,-3.9125637817382812,-1.341061248779297
1748973679867,8.97743133544922,-3.8847216796875004,-1.483864288330078
1748973679927,8.867110748291015,-3.9844143676757815,-1.3030403137207032
1748973679998,8.993448028564453,-4.040248260498047,-1.4352154541015625
1748973680064,8.803642730712891,-3.7697607421875,-1.38192626953125
1748973680127,8.929830322265625,-3.882027282714844,-1.36037109375
1748973680193,8.955576782226563,-3.739673309326172,-1.4133609008789063
1748973680260,8.884175262451173,-3.697610778808594,-1.4419514465332033
1748973680333,9.11304931640625,-3.7606297302246094,-1.4591656494140626
1748973680393,8.852890319824219,-3.684438171386719,-1.431024169921875
1748973680465,8.813971252441407,-3.7616775512695315,-1.7139358520507812
1748973680527,8.852740631103517,-3.4742752075195313,-1.9440074157714844
1748973680593,8.825197906494141,-3.437900848388672,-1.779349822998047
1748973680660,9.616751861572267,-4.117337951660156,-1.5729290771484377
1748973680727,8.343948669433594,-3.464096374511719,-1.4709910583496095
1748973680799,8.925489349365234,-4.545597381591797,-1.3120216369628908
1748973680866,13.471236419677735,-4.0601568603515625,3.507057037353516
1748973680927,9.983638916015625,-0.28500732421875,1.5317646789550783
1748973680999,9.55223602294922,5.548811187744141,-1.1904743957519532
1748973681066,3.0060488891601564,7.326065368652344,2.2776635742187503
1748973681127,0.269439697265625,6.738537139892578,2.4745042419433596
1748973681193,-0.65863037109375,5.725294189453125,4.382137298583984
1748973681260,1.3356724548339844,5.349874877929688,8.86920639038086
1748973681327,2.604883117675781,7.766150207519532,7.278913421630859
1748973681400,3.321742401123047,9.919572143554689,6.708000640869141
1748973681466,4.210594024658203,7.430997161865235,5.5974600219726565
1748973681527,4.7961763000488284,6.497987365722657,4.560715942382813
1748973681593,6.753356323242188,4.7048661804199226,1.222657470703125
1748973681660,6.5255300903320315,2.2704785156250002,2.2474264526367187
1748973681727,9.483229522705079,0.09580078125000001,3.7845799255371095
1748973681793,7.046596527099609,-0.35895355224609377,-0.7952961730957032
1748973681860,6.994654541015626,1.2988490295410158,-1.5203883361816406
1748973681930,12.00189193725586,-4.591402130126953,-0.6429130554199219
1748973681993,12.84733383178711,-1.77949951171875,-9.641001434326173
1748973682060,6.44020751953125,-3.044219512939453,-0.8187973022460938
1748973682127,9.33863021850586,-2.750530242919922,-4.150419158935547
1748973682198,8.749305725097656,-3.426075439453125,-2.7267297363281253
1748973682266,9.146280212402344,-2.9728179931640626,-2.491718444824219
1748973682327,9.576784973144532,-2.7714866638183597,-3.097359008789063
1748973682393,8.973539428710938,-2.542163543701172,-2.3197261047363282
1748973682460,9.543853454589843,-3.165018310546875,-3.240611114501953
1748973682527,10.123597869873047,-0.48978149414062505,-3.728746032714844
1748973682593,8.985514526367188,-0.8286767578125,-3.5082545471191406
1748973682660,9.072034606933594,-0.49786468505859377,-3.9068756103515625
1748973682727,9.98049545288086,1.6998651123046875,-3.956422576904297
1748973682800,7.979606323242188,0.7929011535644531,-0.44801834106445315
1748973682866,9.328900451660157,0.5203179931640626,-3.3525782775878907
1748973682927,8.806786193847657,1.8000068664550781,-3.5067576599121097
1748973682999,9.22516616821289,1.9908599853515625,-4.175417175292969
1748973683064,8.922794952392579,1.5679893493652344,-3.93980712890625
1748973683127,8.637787628173829,1.7160314941406252,-3.699257354736328
1748973683198,8.566685485839844,2.1260289001464843,-4.0124061584472654
1748973683264,8.941356353759765,1.9492465209960939,-4.329895935058594
1748973683327,8.835526428222657,1.9535874938964846,-3.613934783935547
1748973683393,8.449329528808594,1.7555493164062501,-4.10745849609375
1748973683464,7.642058258056641,0.34323623657226565,-4.418361968994141
1748973683527,9.379046173095704,0.022303619384765626,-3.938759307861328
1748973683597,10.700198822021484,2.1498294067382813,-5.0940568542480476
1748973683665,9.795330505371094,-0.41808059692382815,-2.542462921142578
1748973683727,8.690927124023437,-0.030386810302734376,-1.7919236755371095
1748973683797,9.485474853515626,0.06466552734375,-1.59029296875
1748973683866,9.82287322998047,-0.07229965209960938,-4.077071685791016
1748973683927,9.634265441894533,-1.1211685180664064,-3.9353164672851566
1748973683993,10.994037780761719,1.5760725402832032,-4.187691650390625
1748973684060,10.044262847900391,1.3605207824707033,-1.355730743408203
1748973684127,9.03835464477539,-0.29877868652343753,0.8903485107421876
1748973684200,10.192454681396486,3.100352783203125,2.243085479736328
1748973684267,11.933184814453126,-0.5748046875,4.099824371337891
1748973684327,7.558681640625,0.7473957824707032,6.147266693115235
1748973684400,5.077142028808594,-0.9083111572265625,3.1729518127441407
1748973684465,3.8109251403808595,-0.26000930786132814,6.5960334777832035
1748973684527,3.103795623779297,3.1723530578613284,5.6679634094238285
1748973684600,4.4704536437988285,7.634573822021485,10.608739013671876
1748973684666,6.588249664306641,6.592291259765625,8.141419830322267
1748973684727,5.704337768554688,4.029770050048828,6.901548156738282
1748973684801,4.508923645019531,1.798509979248047,7.067552947998047
1748973684865,4.163292388916016,2.4770489501953126,7.6685531616210945
1748973684927,4.8612908935546875,1.9676582336425783,6.62222900390625
1748973685000,4.997357940673829,2.961291961669922,7.5717045593261725
1748973685066,6.163582763671875,3.544179840087891,7.93754379272461
1748973685127,6.581513671875,2.6764343261718753,8.165819091796875
1748973685193,4.084256744384766,2.7089167785644532,6.903045043945313
1748973685260,7.740104370117188,2.968477020263672,7.194638671875
1748973685327,4.941224670410157,1.8402731323242187,7.315736846923828
1748973685399,4.792583770751953,2.3126907348632812,8.097710723876954
1748973685466,5.2099159240722654,3.4687367248535157,8.275989990234375
1748973685527,4.341571655273437,2.4924668884277343,8.465795288085937
1748973685600,4.003275146484375,2.571801910400391,8.119265899658204
1748973685665,4.073179779052735,3.6347415161132814,8.535101165771485
1748973685727,4.42599609375,2.4641757202148438,7.773784332275391
1748973685799,4.284839630126953,3.7556900024414066,8.862769775390625
1748973685867,5.893694000244141,3.3022828674316407,7.729775848388672
1748973685927,4.612358551025391,2.5834776306152345,6.902296600341797
1748973685999,5.271288299560547,1.6693286132812502,11.759396209716797
1748973686065,4.270619201660156,1.5840060424804687,8.951535186767579
1748973686127,5.006938018798828,1.2542417907714845,8.311316528320313
1748973686200,4.756359100341797,1.4060261535644532,8.362360382080078
1748973686265,5.044659576416016,1.2008029174804689,8.363557891845703
1748973686327,4.917424163818359,1.3346246337890626,8.830287322998048
1748973686400,4.45518539428711,2.313289489746094,7.683072967529298
1748973686464,4.814737701416016,1.3715977478027344,8.137677612304689
1748973686527,4.795876922607422,1.2543914794921875,8.718918914794923
1748973686597,4.821473693847657,1.2319381713867188,7.971223754882813
1748973686666,4.636308746337891,1.2437635803222657,8.40981170654297
1748973686727,4.911735992431641,1.0141410827636719,8.55306381225586
1748973686798,4.656816101074219,1.1951147460937501,8.505462799072266
1748973686865,4.834346923828125,1.1835887145996093,8.237969055175782
1748973686937,4.599485321044922,1.2557386779785158,8.594677276611328
1748973686993,4.719086608886719,1.1928694152832031,8.409512329101563
1748973687060,4.725523223876953,1.205742645263672,8.418643341064454
1748973687127,4.724625091552735,1.2277468872070314,8.4544189453125
1748973687200,4.657714233398438,1.154549102783203,8.459208984375
1748973687265,4.677024078369141,1.1618838500976563,8.507558441162109
1748973687334,4.713099060058594,1.1527528381347656,8.4687890625
1748973687400,4.700076141357422,1.1629316711425781,8.439150695800782
1748973687467,4.747976531982422,1.13763427734375,8.361312561035156
1748973687527,4.715045013427734,1.2722044372558594,8.388106842041015
1748973687599,4.765939178466797,1.2335847473144532,8.356372833251953
1748973687666,4.6729824829101565,1.2826826477050781,8.473878479003906
1748973687727,4.772375793457032,1.1852352905273438,8.363108825683595
1748973687800,4.821324005126954,1.1816427612304687,8.341553649902345
1748973687866,4.712649993896485,1.169667663574219,8.451275482177735
1748973687927,4.8174320983886725,1.2843292236328125,8.392298126220703
1748973687998,5.241350555419922,1.2015513610839845,7.701634368896484
1748973688065,4.450994110107422,0.7083270263671876,8.836723937988282
1748973688127,4.86233871459961,0.8355624389648438,8.315657501220704
1748973688198,4.747677154541016,1.0407856750488282,8.48510513305664
1748973688265,4.824168090820312,1.0818003845214845,8.411458282470704
1748973688327,4.836292877197266,1.0337503051757813,8.396190032958986
1748973688397,4.7698310852050785,1.1518547058105468,8.46160400390625
1748973688467,4.821922760009766,1.0277627563476563,8.446635131835938
1748973688527,4.7785130310058594,1.2003538513183594,8.366102600097657
1748973688601,4.786895599365234,1.1618838500976563,8.420439605712891
1748973688665,4.743635559082032,1.1005114746093752,8.451724548339843
1748973688727,4.796924743652344,1.1088940429687502,8.370443572998047
1748973688798,4.7181884765625,1.1576925659179689,8.450227661132812
1748973688867,4.793332214355469,1.1620335388183594,8.330776062011719
1748973688927,4.671784973144532,1.0575508117675783,8.49663116455078
1748973689001,4.762047271728516,1.038240966796875,8.416098632812501
1748973689065,4.73974365234375,1.0493179321289063,8.426726531982423
1748973689127,4.714595947265625,1.1341914367675783,8.459807739257814
1748973689200,4.685556335449219,1.1226654052734375,8.518036651611329
1748973689266,4.710853729248047,1.107846221923828,8.395740966796875
1748973689327,4.618944854736329,1.0978170776367189,8.538843383789063
1748973689400,4.697531433105469,1.0433303833007812,8.477770385742188
1748973689465,4.65397201538086,1.1067984008789062,8.488697662353516
1748973689527,4.679119720458985,1.1249107360839845,8.425079956054688
1748973689601,4.635859680175781,1.1154803466796877,8.537645874023438
1748973689667,4.670437774658203,1.0844947814941406,8.45292205810547
1748973689727,4.637955322265626,1.1088940429687502,8.491392059326172
1748973689799,4.661306762695313,1.0623408508300782,8.482410736083985
1748973689865,4.667144622802734,1.1151809692382812,8.459957427978516
1748973689927,4.657564544677735,1.0829978942871095,8.449778594970704
1748973689999,4.650229797363282,1.1175759887695313,8.45007797241211
1748973690065,4.6378056335449225,1.184486846923828,8.478518829345704
1748973690127,4.620292053222657,1.1138337707519532,8.487051086425781
1748973690201,4.670587463378906,1.005908203125,8.499325561523438
1748973690265,4.688999176025391,1.0976673889160158,8.42283462524414
1748973690327,4.673730926513672,1.1276051330566408,8.439450073242188
1748973690402,4.642445983886719,1.1639794921875,8.47118408203125
1748973690465,4.657863922119141,1.1066487121582032,8.479416961669923
1748973690526,4.686304779052735,1.1217672729492187,8.440497894287109
1748973690599,4.661905517578125,1.1409274291992189,8.472231903076173
1748973690664,4.666695556640625,1.1150312805175782,8.476572875976563
1748973690726,4.627477111816407,1.0807525634765625,8.486302642822267
1748973690800,4.678520965576172,1.1430230712890626,8.381670227050781
1748973690867,4.605023803710938,1.0877879333496094,8.504714355468751
1748973690926,4.649481353759766,1.056053924560547,8.444389801025391
1748973690999,4.623884582519532,1.137484588623047,8.477321319580078
1748973691064,4.616998901367188,1.1141331481933594,8.50276840209961
1748973691126,4.610262908935547,1.1561956787109375,8.499325561523438
1748973691200,4.62957275390625,1.1069480895996093,8.495283966064454
1748973691266,4.598287811279297,1.1142828369140625,8.506510620117188
1748973691333,4.605472869873047,1.1403286743164063,8.488847351074218
1748973691400,4.607568511962891,1.1651770019531251,8.507558441162109
1748973691467,4.587510223388672,1.0665321350097656,8.469836883544922
1748973691527,4.691244506835938,1.1165281677246095,8.408614196777345
1748973691601,4.543501739501953,1.1743080139160156,8.59617416381836
1748973691667,4.662055206298828,1.0660830688476564,8.43136688232422
1748973691726,4.652175750732422,1.0882369995117187,8.436007232666016
1748973691800,4.6114604187011725,1.089584197998047,8.513396301269532
1748973691865,4.592300262451172,1.1379336547851564,8.509654083251954
1748973691931,4.624333648681641,1.1150312805175782,8.457562408447266
1748973691994,4.6166995239257815,1.148262176513672,8.46250213623047
1748973692061,4.630919952392579,1.1319461059570313,8.496481475830079
1748973692126,4.615951080322266,1.076561279296875,8.48690139770508
1748973692201,4.605772247314453,1.1255094909667969,8.511150970458985
1748973692270,4.636458435058594,1.0852432250976562,8.47402816772461
1748973692327,4.612358551025391,1.1273057556152344,8.512647857666016
1748973692400,4.655019836425781,1.1282038879394531,8.441845092773438
1748973692465,4.627926177978516,1.09452392578125,8.474327545166016
1748973692526,4.64199691772461,1.1186238098144532,8.477471008300782
1748973692602,4.780159606933594,1.0903326416015626,8.340206451416016
1748973692666,4.274810485839844,1.123114471435547,8.851094055175782
1748973692726,4.434678039550781,1.1648776245117187,8.580157470703126
1748973692800,4.567002868652344,1.0475216674804688,8.520731048583984
1748973692866,4.427642669677734,1.009500732421875,8.634793853759765
1748973692926,4.3733056640625,0.9954299926757812,8.719218292236329
1748973692999,4.483626251220703,0.9195378112792969,8.585845642089843
1748973693068,4.524491271972656,1.122964782714844,8.513246612548828
1748973693126,4.330943756103516,0.9827064514160156,8.719817047119141
1748973693201,4.639003143310547,1.016536102294922,8.390801239013673
1748973693266,4.41686508178711,1.0919792175292968,8.64886459350586
1748973693327,4.375700683593751,0.9479786682128907,8.619824981689453
1748973693401,4.561614074707031,0.9964778137207032,8.521629180908203
1748973693465,4.566703491210938,1.0870394897460938,8.543633422851563
1748973693526,4.48153060913086,1.061143341064453,8.534652099609376
1748973693600,4.3894720458984375,0.9937834167480469,8.604257354736328
1748973693666,4.493954772949219,0.9837542724609375,8.585546264648437
1748973693726,4.529131622314454,1.0888357543945313,8.514444122314453
1748973693799,4.529281311035157,0.9662406921386719,8.551866302490234
1748973693865,4.53422103881836,1.0356962585449219,8.527616729736328
1748973693926,4.462669830322266,1.0591973876953125,8.592431945800781
1748973693998,4.458628234863282,0.959205322265625,8.538094940185548
1748973694062,4.620591430664063,1.0809022521972658,8.479416961669923
1748973694126,4.496200103759766,1.0891351318359375,8.60485610961914
1748973694196,4.530778198242188,1.08015380859375,8.561296691894531
1748973694262,4.5984375,1.0136920166015626,8.450826416015625
1748973694327,4.512965240478516,1.0746153259277345,8.532855834960937
1748973694398,4.550836486816406,1.0840457153320313,8.548872528076172
1748973694462,4.550686798095703,1.081351318359375,8.535849609375001
1748973694529,4.558769989013672,0.9871971130371094,8.462651824951172
1748973694598,4.597689056396485,0.9422904968261719,8.548423461914062
1748973694662,4.598587188720703,1.0831475830078126,8.496780853271485
1748973694729,4.60128158569336,1.0918295288085937,8.504864044189453
1748973694798,4.57927734375,1.0913804626464845,8.541238403320312
1748973694862,4.614304504394531,1.0636880493164063,8.49992431640625
1748973694926,4.586312713623047,1.021475830078125,8.453520812988282
1748973694997,4.615352325439454,1.017733612060547,8.489745483398439
1748973695062,4.626429290771485,0.9578581237792969,8.474626922607422
1748973695126,4.604125671386719,0.969833221435547,8.505462799072266
1748973695195,4.579427032470703,1.0509645080566408,8.53435272216797
1748973695262,4.5918511962890625,1.1175759887695313,8.506360931396484
1748973695329,4.602778472900391,1.0571017456054688,8.542136535644532
1748973695397,4.605173492431641,1.0524613952636719,8.508306884765625
1748973695462,4.6223876953125,1.059796142578125,8.486302642822267
1748973695526,4.588108978271484,1.0403366088867188,8.53345458984375
1748973695597,4.5831692504882815,1.025068359375,8.520731048583984
1748973695662,4.604125671386719,1.0815010070800781,8.502469024658204
1748973695726,4.5884083557128905,1.0600955200195312,8.532257080078125
1748973695797,4.581822052001954,1.0553054809570312,8.546178131103517
1748973695862,4.58646240234375,1.07296875,8.537346496582032
1748973695929,4.602778472900391,1.0141410827636719,8.508905639648438
1748973695997,4.587809600830078,1.0841954040527344,8.5406396484375
1748973696062,4.577630767822266,1.1023077392578124,8.521180114746095
1748973696126,4.600982208251954,1.0843450927734375,8.495733032226562
1748973696197,4.592449951171875,1.0538085937500001,8.51519256591797
1748973696262,4.588857421875001,1.0346484375,8.52192855834961
1748973696327,4.553830261230469,1.0581495666503906,8.531957702636719
1748973696398,4.587659912109375,1.0671308898925782,8.504265289306641
1748973696462,4.5918511962890625,1.0618917846679687,8.526868286132814
1748973696527,4.578079833984376,1.07296875,8.521778869628907
1748973696595,4.575984191894531,1.0684780883789062,8.544232177734376
1748973696662,4.602329406738281,1.081351318359375,8.513545989990234
1748973696727,4.575235748291016,1.0660830688476564,8.525820465087891
1748973696795,4.59649154663086,1.0482701110839845,8.493787078857423
1748973696862,4.626728668212891,1.0822494506835938,8.501421203613281
1748973696943,4.674778747558594,1.1115884399414062,8.533155212402344
1748973696993,4.4863206481933595,0.983155517578125,8.783285064697266
1748973697061,4.462071075439454,1.4355148315429689,8.673114166259767
1748973697127,4.732708282470703,1.32923583984375,8.292755126953125
1748973697196,4.478985900878906,0.6818321228027344,8.494984588623048
1748973697262,4.650978240966797,0.6147715759277345,8.407865753173828
1748973697327,4.68226318359375,0.7363188171386719,8.48076416015625
1748973697394,4.622986450195313,1.094673614501953,8.509055328369142
1748973697461,4.44081527709961,1.5491285705566407,8.248297576904298
1748973697527,4.61999267578125,1.1636801147460938,8.508755950927736
1748973697599,4.638554077148438,1.0301577758789062,8.499774627685547
1748973697662,4.448599090576172,0.9819580078125001,8.523126068115236
1748973697727,4.5267366027832034,1.055006103515625,8.501870269775392
1748973697798,4.627926177978516,0.9289682006835938,8.535999298095703
1748973697862,4.557572479248047,1.0359956359863283,8.524622955322267
1748973697927,4.5457470703125,0.9490264892578125,8.567284240722657
1748973697998,4.544998626708985,0.7988887023925781,8.966953125
1748973698062,4.760700073242187,0.8842112731933595,8.114625549316406
1748973698127,4.492757263183594,1.2389735412597658,8.36430633544922
1748973698198,4.022285614013672,1.85135009765625,7.9309574890136725
1748973698262,4.1553588867187505,1.951641540527344,8.439300384521484
1748973698327,4.659510498046875,1.1337423706054688,8.097261657714844
1748973698398,4.7804589843750005,2.3201751708984375,8.776549072265626
1748973698462,3.0889764404296876,5.101690979003907,9.739795989990235
1748973698527,3.134781188964844,7.0653076171875,8.796906738281251
1748973698598,1.260828094482422,6.197861480712891,8.591533813476563
1748973698662,1.4992822265625,8.21342010498047,6.293512573242188
1748973698727,0.13157638549804687,7.219786376953126,7.9381425476074226
1748973698798,-1.2482542419433595,5.862409057617188,5.597310333251953
1748973698862,-2.052232360839844,3.4242791748046875,4.518952789306641
1748973698927,-2.7231372070312503,4.002975769042969,5.316793670654297
1748973698998,-2.6542803955078127,6.8073939514160156,13.58065887451172
1748973699062,-4.400698699951172,5.924380187988281,7.474257202148438
1748973699127,-5.41319320678711,4.036356353759766,11.699071655273437
1748973699198,-2.1905447387695314,6.553521881103516,9.861343231201172
1748973699262,-3.137176208496094,5.732928314208984,8.131839752197266
1748973699327,-1.2751982116699219,4.153861999511719,8.316705322265625
1748973699398,0.664617919921875,3.1861244201660157,7.833959197998047
1748973699462,0.2183958435058594,2.8876451110839847,7.649243316650391
1748973699527,-3.2073802185058597,2.549049224853516,8.979676666259767
1748973699598,-1.8684146118164064,5.922284545898438,8.79256576538086
1748973699662,-1.4163546752929688,4.640649719238281,8.19470901489258
1748973699727,0.037571868896484374,5.098846893310547,8.29829360961914
1748973699797,-0.8756790161132812,5.223238220214844,8.768465881347657
1748973699862,-0.7717950439453125,4.820276184082031,8.872948608398438
1748973699927,-0.23126907348632814,4.809348907470703,8.213719482421876
1748973699995,-0.6828799438476563,4.943020935058594,8.365503845214844
1748973700062,-0.6146218872070313,5.1007928466796875,8.660091247558594
1748973700127,-0.47795608520507815,5.053790588378907,8.310867462158203
1748973700194,-0.4872367858886719,5.004992065429688,8.393645324707032
1748973700261,-0.09610015869140626,5.144352264404297,8.21342010498047
1748973700327,-0.080233154296875,5.09465560913086,8.067024536132813
1748973700398,-0.1634600830078125,5.192102966308594,8.255332946777344
1748973700460,-0.06571334838867188,5.255570983886719,8.070467376708985
1748973700527,-0.0016465759277343752,5.316494293212891,8.199349365234376
1748973700599,0.08951385498046875,5.533093872070313,8.385711822509766
1748973700661,0.18950592041015626,5.450914764404297,8.041128387451172
1748973700727,-0.05748046875,5.429209899902344,8.254734191894531
1748973700794,0.16585510253906252,5.395230560302735,7.839797058105469
1748973700862,0.10942245483398438,5.451064453125,8.148305511474609
1748973700927,0.03577560424804688,5.445825347900391,7.916737060546875
1748973700998,-0.005239105224609375,5.372627563476563,7.7742333984375005
1748973701062,-0.19444564819335938,5.5482124328613285,8.084388427734375
1748973701127,-0.17438735961914065,5.579647064208984,8.199798431396484
1748973701196,-0.26150619506835937,5.6026991271972655,8.17030975341797
1748973701262,-0.07439529418945313,5.4073553466796875,7.80536865234375
1748973701327,-0.13965957641601562,5.630541229248047,8.036338348388671
1748973701396,-0.28021728515625,5.725294189453125,8.010591888427735
1748973701462,-0.14415023803710938,5.642516326904297,7.828420715332031
1748973701527,-0.15328125,5.767057342529297,7.800279235839844
1748973701595,-0.16121475219726564,5.887257385253907,7.784412231445313
1748973701662,-0.08786727905273438,5.887706451416016,7.665260009765626
1748973701727,-0.10448272705078125,6.085744628906251,7.644602966308594
1748973701794,0.0017962646484375,5.9567129516601565,7.540569305419922
1748973701860,0.00089813232421875,6.239774322509766,7.485633544921876
1748973701948,0.00508941650390625,6.311624908447266,7.39821533203125
1748973701993,-0.054187316894531254,6.252946929931641,7.403604125976563
1748973702061,-0.001047821044921875,6.363417205810547,7.331454162597657
1748973702127,-0.0197589111328125,6.3583277893066406,7.348219299316407
1748973702194,-0.04176315307617188,6.401438140869141,7.409741363525391
1748973702262,0.000449066162109375,6.3947021484375,7.4836875915527346
1748973702327,0.20866607666015627,6.727011108398438,6.906787261962891
1748973702399,0.042810974121093755,6.145620117187501,7.216792602539063
1748973702462,-0.15073654174804688,6.616840209960938,7.514074401855469
1748973702527,-0.0484991455078125,6.124364318847657,7.134164428710938
1748973702599,0.012573852539062501,6.21312973022461,7.234455871582032
1748973702662,0.09205856323242188,6.233038330078125,7.4765025329589845
1748973702732,-0.20058288574218752,6.703959045410157,7.2688842773437505
1748973702809,0.009580078125,5.959706726074219,7.152127075195313
1748973702861,-0.08891510009765625,6.447093200683594,7.824229431152344
1748973702928,0.02484832763671875,6.395899658203125,7.227719879150391
1748973702996,0.004041595458984375,6.413113861083985,7.412884826660156
1748973703062,0.008232879638671876,6.442003784179688,7.283254394531251
1748973703128,0.0814306640625,6.442153472900391,7.0204010009765625
1748973703195,-0.0031434631347656253,6.578968963623047,7.293882293701172
1748973703261,0.20372634887695312,6.50726806640625,7.221882019042969
1748973703329,0.11795471191406251,6.490353240966797,7.234904937744141
1748973703396,0.14085708618164064,6.432124328613281,7.260352020263673
1748973703461,0.24548950195312502,6.488706665039063,7.169041900634766
1748973703528,0.24698638916015625,6.549629974365235,7.170389099121094
1748973703596,0.1945953369140625,6.4975382995605475,7.137158203125001
1748973703662,0.18905685424804688,6.464157714843751,7.274422760009766
1748973703727,0.13696517944335937,6.6295637512207035,7.273374938964844
1748973703798,0.2149530029296875,6.529721374511719,7.06336166381836
1748973703862,0.16630416870117187,6.559509429931641,7.227420501708985
1748973703927,0.12678634643554687,6.547684020996094,7.2036199951171875
1748973703998,0.264649658203125,6.546486511230469,7.114106140136719
1748973704062,0.09580078125000001,6.603817291259766,7.015760650634766
1748973704127,0.31210098266601566,6.616840209960938,7.0238438415527344
1748973704194,0.1387614440917969,6.785988464355469,7.229516143798828
1748973704274,0.15118560791015626,6.847211151123047,7.326664123535156
1748973704327,0.11047027587890626,6.489155731201172,7.120243377685547
1748973704393,0.14699432373046875,6.561455383300782,7.015760650634766
1748973704460,0.16495697021484376,6.697821807861328,7.128326568603516
1748973704527,0.09789642333984376,6.558311920166016,7.069498901367188
1748973704595,0.3004252624511719,6.418951721191407,6.9271449279785156
1748973704661,0.10463241577148438,5.787864074707032,6.914271697998047
1748973704727,-0.9521699523925782,5.6380256652832035,7.703879699707032
1748973704795,-1.7573455810546876,6.940317535400391,7.0126171875
1748973704860,-1.1156300354003907,7.512727203369141,7.713010711669923
1748973704948,-0.5665718078613281,6.385271759033204,7.736661529541016
1748973704993,-0.3872447204589844,5.905369720458984,6.784641265869141
1748973705061,-0.6018983459472657,6.460864562988282,8.09082504272461
1748973705127,-0.2471360778808594,6.487808532714844,8.021519165039063
1748973705195,0.6122268676757813,5.173840942382813,7.072342987060547
1748973705260,0.3906875610351563,6.0589503479003906,7.546257476806641
1748973705327,0.37212615966796875,5.909411315917969,7.639663238525391
1748973705395,0.25102798461914066,6.140979766845703,7.548053741455078
1748973705462,0.5337899780273437,6.133794708251953,7.367229766845703
1748973705527,-0.13412109375,5.936804351806641,8.645870819091797
1748973705594,1.1356883239746094,5.402415618896485,7.66930160522461
1748973705661,0.5866300964355469,5.369035034179688,8.404422912597656
1748973705727,0.4914280700683594,5.639372863769531,7.033872985839844
1748973705794,0.4291575622558594,5.232668609619141,5.171445922851563
1748973705860,-1.751657409667969,6.785838775634766,5.464237060546875
1748973705927,-2.4077430725097657,7.316036224365234,14.314133605957032
1748973705993,-4.548142089843751,8.543034667968751,8.035140838623047
1748973706061,-4.506678314208985,8.092022552490235,3.436703338623047
1748973706127,-2.7300228881835937,6.454427947998047,6.142925720214844
1748973706196,-3.5628909301757816,5.588927764892579,4.4914100646972654
1748973706262,-6.954837341308594,4.984185333251953,6.312073974609375
1748973706327,-7.12039306640625,4.114942932128907,8.021070098876953
1748973706395,-3.6564463806152347,1.0232720947265626,5.988746337890626
1748973706462,0.525706787109375,4.31627426147461,9.294921112060548
1748973706527,2.8589048767089844,6.790179748535157,9.279802551269531
1748973706594,0.9147477722167969,6.618037719726563,8.99419647216797
1748973706660,0.13187576293945313,5.09226058959961,5.541476440429688
1748973706727,-2.0947439575195315,7.636519775390625,7.976462860107422
1748973706798,-2.6262886047363283,2.9916787719726563,7.768395538330078
1748973706862,0.590372314453125,5.051994323730469,8.09082504272461
1748973706938,0.04445755004882813,5.531147918701172,10.086026000976563
1748973706993,-0.8649014282226563,1.1636801147460938,5.686375122070313
1748973707061,-0.06511459350585938,7.832911376953126,10.97442855834961
1748973707127,-0.5758525085449219,4.800966339111328,8.563392333984375
1748973707199,-1.4054273986816408,2.872526550292969,8.757987670898437
1748973707260,-0.7092251586914062,4.698728942871094,8.977880401611328
1748973707327,-1.1132350158691406,4.661606140136719,9.206604766845704
1748973707397,-0.6912625122070313,3.7065921020507813,8.191116485595703
1748973707462,-0.6523434448242188,4.207151184082031,9.11828842163086
1748973707527,-0.4040098571777344,4.029021606445313,8.338110809326173
1748973707599,-0.6171665954589844,4.053570556640625,8.876840515136719
1748973707662,-0.6312373352050782,4.103716278076172,8.881780242919922
1748973707727,-0.48035110473632814,4.087998962402344,8.538843383789063
1748973707796,-0.6635700988769532,4.1254211425781255,8.729995880126953
1748973707862,-0.6776408386230469,4.138294372558594,8.788224792480468
1748973707927,-0.690963134765625,4.1234751892089845,8.838819580078125
1748973707998,-0.3538641357421875,3.99249755859375,8.741222534179688
1748973708060,-0.46193939208984375,4.155658264160157,8.720864868164062
1748973708127,-0.6935078430175782,4.138144683837891,8.78627883911133
1748973708194,-0.6149212646484375,4.102967834472657,8.85438720703125
1748973708262,-0.4260140991210938,4.1817041015625005,8.624764709472657
1748973708327,-0.45161087036132813,4.066892852783203,8.887169036865235
1748973708395,-0.4369413757324219,4.248914337158204,8.662785644531251
1748973708462,-0.5284011840820313,4.1324565124511725,8.61817840576172
1748973708527,-0.2118095397949219,3.94938720703125,8.817264404296875
1748973708598,-0.239501953125,4.0529718017578125,8.707692260742188
1748973708662,-0.4722679138183594,4.102069702148437,8.668922882080079
1748973708727,-0.6120771789550782,4.286037139892579,8.828191680908203
1748973708801,-0.6137237548828125,4.205354919433594,8.803792419433595
1748973708861,-0.5291496276855469,4.212989044189453,8.692573699951172
1748973708927,-0.4477189636230469,4.092339935302735,8.795858917236329
1748973708998,-0.39428009033203126,4.127217407226563,8.849447479248047
1748973709061,-0.24698638916015625,4.026177520751953,8.816665649414062
1748973709127,-0.41613464355468754,4.180955657958984,8.679700469970703
1748973709198,-0.3426374816894531,4.202361145019531,8.757239227294923
1748973709261,-0.4956193542480469,4.108506317138672,8.819958801269532
1748973709327,-0.35102005004882814,4.13664779663086,8.801247711181642
1748973709395,-0.40086639404296875,4.15580795288086,8.787176971435548
1748973709462,-0.3945794677734375,4.14862289428711,8.824748840332031
1748973709528,-0.4017645263671875,4.165986785888672,8.763975219726563
1748973709595,-0.3860472106933594,4.139042816162109,8.692274322509766
1748973709661,-0.33485366821289064,4.104913787841797,8.76666961669922
1748973709729,-0.41284149169921874,4.116739196777344,8.80454086303711
1748973709798,-0.3435356140136719,4.14143783569336,8.769214324951172
1748973709861,-0.39697448730468754,4.177662506103516,8.781937866210939
1748973709927,-0.27812164306640624,4.201163635253907,8.658294982910157
1748973709995,-0.3656895446777344,4.079915771484375,8.719068603515625
1748973710061,-0.3339555358886719,4.063300323486328,8.913813629150392
1748973710127,-0.27452911376953126,4.153712310791016,8.699309692382814
1748973710197,-0.3477268981933594,4.180506591796875,8.774004364013672
1748973710262,-0.4314028930664063,4.141288146972657,8.762478332519532
1748973710327,-0.3418890380859375,4.1022193908691404,8.737180938720703
1748973710395,-0.4944218444824219,4.178710327148438,8.71832015991211
1748973710461,-0.4153861999511719,4.111051025390625,8.771908721923829
1748973710528,-0.520916748046875,4.19846923828125,8.718469848632813
1748973710598,-0.3023712158203125,4.087998962402344,8.695866851806642
1748973710661,-0.4272116088867188,4.086053009033203,8.750802612304687
1748973710727,-0.3180885314941406,4.147724761962891,8.673114166259767
1748973710796,-0.3299139404296875,4.0667431640625,8.81322280883789
1748973710861,-0.5548960876464843,4.098177795410156,8.83373016357422
1748973710928,-0.5481600952148438,4.128265228271484,8.826395416259766
1748973710994,-0.49831375122070315,4.165088653564453,8.67371292114258
1748973711060,-0.4053570556640625,4.044738922119141,8.783584442138672
1748973711128,-0.659678192138672,4.115691375732422,8.794062652587892
1748973711197,-0.6388714599609375,4.1604483032226565,8.89315658569336
1748973711261,-0.27138565063476566,4.052672424316406,8.743767242431641
1748973711327,-0.5947132873535157,4.102818145751954,8.742719421386719
1748973711399,-0.5861810302734375,4.180805969238281,8.83328109741211
1748973711460,-0.5372328186035157,4.123175811767578,8.659492492675781
1748973711527,-0.5071453857421875,4.050726470947266,8.779393157958985
1748973711598,-0.4956193542480469,4.164639587402344,8.743617553710937
1748973711661,-0.48559020996093755,4.077371063232422,8.818162536621093
1748973711728,-0.44682083129882816,4.080364837646485,8.808582458496094
1748973711799,-0.59396484375,4.076472930908204,8.74511444091797
1748973711862,-0.532891845703125,4.134701843261719,8.775201873779297
1748973711936,-0.6330335998535157,4.142335968017578,8.660390625
1748973711993,-0.5947132873535157,4.0707847595214846,8.771908721923829
1748973712061,-0.3441343688964844,4.068539428710937,8.844507751464844
1748973712127,-0.5568420410156251,4.1324565124511725,8.648714904785157
1748973712199,-0.621357879638672,4.088597717285157,8.798104248046876
1748973712262,-0.5966592407226563,4.135899353027344,8.837322692871094
1748973712327,-0.5243595886230469,4.1411384582519535,8.75514358520508
1748973712399,-0.5282514953613282,4.094136199951172,8.772657165527344
1748973712462,-0.5234614562988281,4.116140441894531,8.748108215332032
1748973712528,-0.51492919921875,4.089645538330078,8.78448257446289
1748973712598,-0.6066883850097656,4.136049041748047,8.697513427734375
1748973712662,-0.5409750366210938,4.094136199951172,8.826395416259766
1748973712727,-0.5933660888671876,4.1270677185058595,8.773106231689454
1748973712799,-0.5824388122558594,4.104015655517578,8.815468139648438
1748973712862,-0.6041436767578126,4.108656005859375,8.807684326171875
1748973712927,-0.5333409118652344,4.104614410400391,8.73792938232422
1748973712996,-0.5542973327636719,4.084107055664063,8.742869110107423
1748973713061,-0.5444178771972656,4.093687133789063,8.833430786132812
1748973713128,-0.5242098999023438,4.121678924560547,8.773555297851562
1748973713194,-0.528101806640625,4.094884643554687,8.6987109375
1748973713261,-0.5760021972656251,4.0706350708007815,8.766070861816406
1748973713327,-0.6436614990234375,4.109254760742187,8.768765258789063
1748973713399,-0.6328839111328125,4.1254211425781255,8.748856658935548
1748973713462,-0.4454736328125,4.115541687011719,8.704848175048829
1748973713528,-0.6062393188476562,4.105662231445312,8.766370239257814
1748973713597,-0.5888754272460938,4.060755615234375,8.805289306640626
1748973713661,-0.5608836364746094,4.1022193908691404,8.788075103759766
1748973713728,-0.6206094360351563,4.119583282470703,8.795409851074218
1748973713798,-0.5351371765136719,4.126319274902344,8.829089813232422
1748973713861,-0.5794450378417969,4.059109039306641,8.821455688476563
1748973713928,-0.4989125061035157,4.110452270507813,8.775351562500001
1748973713997,-0.6270460510253907,4.106710052490235,8.78448257446289
1748973714061,-0.5921685791015625,4.146527252197266,8.778495025634767
1748973714128,-0.5309458923339844,4.102818145751954,8.712482299804687
1748973714198,-0.5691165161132813,4.087400207519531,8.781638488769532
1748973714261,-0.5390290832519532,4.042194213867187,8.844208374023438
1748973714328,-0.5596861267089844,4.13425277709961,8.75334732055664
1748973714398,-0.6319857788085937,4.150718536376953,8.72460708618164
1748973714461,-0.4843927001953125,4.053420867919922,8.795409851074218
1748973714528,-0.5697152709960938,4.102967834472657,8.781937866210939
1748973714598,-0.7461982727050782,4.027524719238281,9.002728729248048
1748973714661,-0.5902226257324219,4.110901336669922,8.738528137207032
1748973714727,-0.3818559265136719,4.108656005859375,8.750952301025391
1748973714799,-0.5421725463867187,4.132905578613282,8.721912689208985
1748973714861,-0.6282435607910156,4.056863708496094,8.854686584472656
1748973714927,-0.6830296325683594,4.081861724853516,8.798253936767578
1748973714997,-0.5737568664550782,4.144880676269532,8.738827514648438
1748973715061,-0.6092330932617188,4.06240219116211,8.778045959472657
1748973715127,-0.6045927429199219,4.13425277709961,8.787925415039062
1748973715194,-0.5797444152832032,4.091441802978516,8.823551330566406
1748973715261,-0.6111790466308594,4.086651763916016,8.705297241210937
1748973715328,-0.6246510314941407,4.115990753173828,8.738228759765626
1748973715399,-0.6683601379394531,4.139192504882812,8.771160278320313
1748973715461,-0.6768923950195312,4.092339935302735,8.808582458496094
1748973715527,-0.5303471374511719,4.090843048095703,8.74945541381836
1748973715598,-0.49517028808593755,4.101770324707031,8.774453430175782
1748973715661,-0.5590873718261719,4.0829095458984375,8.783285064697266
1748973715727,-0.5984555053710938,4.098477172851562,8.7609814453125
1748973715798,-0.6794371032714844,4.1094044494628905,8.79496078491211
1748973715861,-0.6132746887207031,4.118086395263672,8.776698760986328
1748973715928,-0.5671705627441407,4.135599975585937,8.713380432128906
1748973715998,-0.5692662048339844,4.079616394042969,8.815917205810548
1748973716061,-0.59396484375,4.11509262084961,8.758885803222658
1748973716127,-0.5375321960449219,4.085154876708985,8.782536621093751
1748973716198,-0.6533912658691406,4.1433837890625,8.74945541381836
1748973716261,-0.5813909912109375,4.089196472167969,8.790919189453126
1748973716327,-0.5608836364746094,4.077969818115235,8.770411834716798
1748973716394,-0.5851332092285156,4.129612426757813,8.757538604736329
1748973716460,-0.6345304870605469,4.156257019042969,8.752449188232422
1748973716527,-0.6161187744140625,4.148922271728516,8.762328643798828
1748973716594,-0.51971923828125,4.086651763916016,8.781039733886718
1748973716661,-0.5198689270019532,4.115691375732422,8.7609814453125
1748973716727,-0.5583389282226563,4.093387756347656,8.824299774169923
1748973716794,-0.5378315734863282,4.145928497314453,8.743617553710937
1748973716861,-0.6132746887207031,4.092489624023438,8.818162536621093
1748973716949,-0.5560935974121094,4.11748764038086,8.735384674072266
1748973716993,-0.5295986938476562,4.101770324707031,8.748856658935548
1748973717061,-0.599802703857422,4.101620635986328,8.853938140869142
1748973717128,-0.4677772521972656,4.176614685058594,8.71742202758789
1748973717197,-0.5578898620605469,4.087699584960938,8.779243469238281
1748973717261,-0.5936654663085937,4.099375305175782,8.8184619140625
1748973717327,-0.5912704467773438,4.131109313964844,8.77819564819336
1748973717399,-0.5333409118652344,4.14098876953125,8.73074432373047
1748973717462,-0.5557942199707031,4.051175537109375,8.84001708984375
1748973717528,-0.6236032104492187,4.177662506103516,8.741222534179688
1748973717599,-0.45460464477539064,4.096231842041016,8.817114715576173
1748973717661,-0.49247589111328127,4.120331726074219,8.689280548095704
1748973717727,-0.5777984619140625,4.024231567382813,8.858877868652344
1748973717799,-0.6882687377929688,4.268822937011719,8.72640335083008
1748973717861,-0.5194198608398438,3.9996826171875,8.406219177246093
1748973717927,-0.39353164672851565,4.16778305053711,8.631051635742187
1748973717996,-0.6017486572265626,4.0529718017578125,8.896749114990234
1748973718061,-0.53887939453125,4.1146435546875,8.712332611083985
1748973718127,-0.5673202514648438,4.158652038574219,8.663384399414063
1748973718199,-0.5764512634277345,4.135599975585937,8.796307983398439
1748973718261,-0.6439608764648438,4.163741455078125,8.734486541748048
1748973718328,-0.6093827819824219,4.115541687011719,8.835227050781251
1748973718398,-0.5077441406250001,4.13859375,8.808283081054688
1748973718462,-0.60114990234375,4.07392822265625,8.844956817626954
1748973718527,-0.63468017578125,4.142036590576172,8.794362030029298
1748973718598,-0.4477189636230469,4.139042816162109,8.664432220458984
1748973718662,-0.5462141418457032,4.138144683837891,8.764573974609375
1748973718727,-0.7165599060058594,4.129911804199219,8.812324676513672
1748973718798,-0.5992039489746094,4.116589508056641,8.835077362060547
1748973718861,-0.5460644531250001,4.118685150146485,8.741222534179688
1748973718927,-0.5307962036132813,4.0971299743652345,8.812324676513672
1748973718999,-0.5258564758300781,4.097429351806641,8.77624969482422
1748973719061,-0.5935157775878906,4.157604217529297,8.727301483154298
1748973719127,-0.6373745727539063,4.151616668701172,8.775351562500001
1748973719198,-0.57719970703125,4.1306602478027346,8.744066619873047
1748973719261,-0.5179229736328125,4.1147932434082035,8.75664047241211
1748973719327,-0.5635780334472656,4.114942932128907,8.779093780517579
1748973719398,-0.5791456604003906,4.108057250976563,8.790320434570313
1748973719461,-0.5777984619140625,4.141737213134766,8.752748565673828
1748973719527,-0.5766009521484375,4.136348419189454,8.749754791259766
1748973719599,-0.5647755432128907,4.131259002685547,8.771908721923829
1748973719661,-0.5709127807617188,4.127666473388672,8.800948333740235
1748973719727,-0.5295986938476562,4.121080169677734,8.762328643798828
1748973719798,-0.5803431701660157,4.135599975585937,8.752000122070314
1748973719861,-0.5866300964355469,4.147575073242188,8.78627883911133
1748973719927,-0.6060896301269532,4.157903594970703,8.744216308593751
1748973719994,-0.51971923828125,4.086202697753906,8.81217498779297
1748973720060,-0.5456153869628907,4.126319274902344,8.752449188232422
1748973720127,-0.5779481506347657,4.177961883544922,8.782386932373047
1748973720197,-0.5542973327636719,4.149371337890625,8.779991912841798
1748973720261,-0.5020559692382813,4.05476806640625,8.748257904052736
1748973720327,-0.5572911071777344,4.127965850830078,8.772058410644531
1748973720398,-0.7349716186523438,4.195325775146484,8.803493041992187
1748973720460,-0.6915618896484376,4.183200988769531,8.720864868164062
1748973720527,-0.4914280700683594,4.112398223876953,8.785829772949219
1748973720599,-0.43604324340820316,4.079017639160156,8.774004364013672
1748973720661,-0.46104125976562504,4.079017639160156,8.795260162353516
1748973720727,-0.5385800170898438,4.129013671875001,8.748557281494142
1748973720798,-0.6201603698730469,4.176464996337891,8.731941833496094
1748973720861,-0.6363267517089845,4.154909820556641,8.775501251220703
1748973720928,-0.6248007202148438,4.120481414794922,8.7993017578125
1748973720998,-0.544866943359375,4.132606201171876,8.715326385498047
1748973721061,-0.5730084228515625,4.1146435546875,8.788224792480468
1748973721127,-0.6183641052246094,4.112547912597656,8.750952301025391
1748973721194,-0.5505551147460938,4.132007446289062,8.749605102539062
1748973721261,-0.5984555053710938,4.138893127441406,8.72071517944336
1748973721327,-0.5716612243652344,4.127666473388672,8.801247711181642
1748973721399,-0.5529501342773437,4.117337951660156,8.741671600341798
1748973721461,-0.5650749206542969,4.117337951660156,8.774453430175782
1748973721527,-0.5598358154296875,4.133953399658203,8.748108215332032
1748973721599,-0.6396199035644532,4.150718536376953,8.747808837890625
1748973721661,-0.6268963623046875,4.1305105590820315,8.804840240478516
1748973721727,-0.5433700561523438,4.134701843261719,8.726103973388673
1748973721799,-0.5638774108886719,4.151616668701172,8.771609344482423
1748973721861,-0.60114990234375,4.121678924560547,8.79735580444336
1748973721957,-0.5752537536621094,4.142036590576172,8.764873352050781
1748973721993,-0.5989045715332032,4.133055267333985,8.75948455810547
1748973722060,-0.5694158935546876,4.124822387695312,8.765921173095704
1748973722127,-0.5890251159667969,4.128414916992187,8.76053237915039
1748973722199,-0.5920188903808594,4.124523010253906,8.7801416015625
1748973722261,-0.6099815368652344,4.139641571044922,8.762478332519532
1748973722327,-0.5846841430664063,4.116739196777344,8.774752807617189
1748973722399,-0.552052001953125,4.152664489746094,8.766519927978516
1748973722461,-0.5599855041503906,4.112398223876953,8.779991912841798
1748973722527,-0.6334826660156251,4.150718536376953,8.785680084228517
1748973722599,-0.6062393188476562,4.137845306396485,8.77101058959961
1748973722661,-0.5797444152832032,4.116290130615234,8.804391174316407
1748973722727,-0.5842350769042969,4.124373321533203,8.781788177490235
1748973722799,-0.5777984619140625,4.096980285644531,8.750203857421875
1748973722861,-0.6167175292968751,4.131708068847656,8.744365997314453
1748973722928,-0.6252497863769532,4.123026123046875,8.787925415039062
1748973722998,-0.5789959716796875,4.130211181640625,8.749605102539062
1748973723061,-0.6020480346679687,4.096980285644531,8.775201873779297
1748973723127,-0.5941145324707031,4.125271453857422,8.770411834716798
1748973723196,-0.5989045715332032,4.117188262939453,8.77624969482422
1748973723261,-0.6285429382324219,4.127217407226563,8.756490783691406
1748973723327,-0.6116281127929688,4.125570831298829,8.765322418212891
1748973723395,-0.6053411865234375,4.108057250976563,8.762478332519532
1748973723461,-0.5989045715332032,4.107159118652344,8.789122924804689
1748973723527,-0.585582275390625,4.11748764038086,8.763675842285156
1748973723596,-0.6224057006835938,4.10311752319336,8.791218566894532
1748973723660,-0.6201603698730469,4.117936706542969,8.760233001708984
1748973723727,-0.5571414184570312,4.1499700927734375,8.719367980957031
1748973723796,-0.5363346862792969,4.104015655517578,8.778944091796875
1748973723860,-0.6554869079589845,4.117936706542969,8.789871368408203
1748973723927,-0.6030958557128907,4.146527252197266,8.732390899658203
1748973723998,-0.6096821594238282,4.129762115478516,8.790919189453126
1748973724061,-0.5613327026367188,4.086951141357422,8.77729751586914
1748973724127,-0.5670208740234375,4.115841064453125,8.757388916015625
1748973724198,-0.6143225097656251,4.139791259765625,8.779692535400391
1748973724261,-0.6189628601074219,4.130061492919922,8.75379638671875
1748973724328,-0.5767506408691406,4.1050634765625,8.762029266357422
1748973724398,-0.6198609924316406,4.139491882324219,8.77340560913086
1748973724461,-0.6195616149902344,4.116290130615234,8.776399383544922
1748973724527,-0.6039939880371094,4.123026123046875,8.787027282714844
1748973724599,-0.5599855041503906,4.094734954833984,8.75664047241211
1748973724661,-0.6221063232421875,4.092190246582032,8.794212341308594
1748973724727,-0.59396484375,4.14143783569336,8.754245452880859
1748973724798,-0.6471043395996094,4.136348419189454,8.768914947509765
1748973724861,-0.5777984619140625,4.130959625244141,8.749305725097656
1748973724927,-0.5810916137695313,4.110751647949219,8.787925415039062
1748973724997,-0.6246510314941407,4.109853515625,8.788075103759766
1748973725060,-0.6098318481445313,4.125121765136719,8.74750946044922
1748973725127,-0.6164181518554688,4.108057250976563,8.781638488769532
1748973725198,-0.6057902526855469,4.12661865234375,8.738378448486328
1748973725261,-0.5950126647949219,4.115990753173828,8.771609344482423
1748973725327,-0.6132746887207031,4.119732971191406,8.786578216552735
1748973725398,-0.5942642211914063,4.113595733642578,8.741671600341798
1748973725461,-0.6288423156738282,4.0859033203125,8.801996154785156
1748973725527,-0.6306385803222656,4.1128472900390625,8.792266387939453
1748973725598,-0.63228515625,4.110601959228516,8.797056427001953
1748973725660,-0.6198609924316406,4.165837097167969,8.738528137207032
1748973725727,-0.6090834045410156,4.143533477783203,8.755293273925782
1748973725798,-0.5683680725097656,4.046834564208985,8.834029541015626
1748973725860,-0.5384303283691406,4.076921997070313,8.846902770996094
1748973725927,-0.5870791625976562,4.035158843994141,8.829987945556642
1748973725998,-0.6914122009277344,4.103716278076172,8.730444946289063
1748973726060,-0.5932164001464844,4.124073944091797,8.750054168701173
1748973726127,-0.6206094360351563,4.1656874084472655,8.798104248046876
1748973726195,-0.6556365966796875,4.095034332275391,8.810678100585937
1748973726260,-0.5650749206542969,4.053869934082032,8.85154312133789
1748973726327,-0.5948629760742188,4.1129969787597656,8.753646697998047
1748973726399,-0.6316864013671876,4.1376956176757815,8.761131134033203
1748973726460,-0.6351292419433594,4.1076081848144534,8.809630279541016
1748973726527,-0.6352789306640625,4.093687133789063,8.78732666015625
1748973726599,-0.7336244201660157,4.168082427978516,8.775650939941407
1748973726661,-0.5686674499511719,4.014202423095703,8.869805145263673
1748973726727,-0.6129753112792969,4.105961608886719,8.687783660888673
1748973726799,-0.5040019226074219,3.999532928466797,8.909622344970703
1748973726861,-0.5057981872558595,4.153263244628906,8.814270629882813
1748973726971,-0.8231382751464844,4.102668457031251,8.718769226074219
1748973726993,-0.8223898315429687,4.112398223876953,8.799451446533203
1748973727060,-0.5739065551757813,4.184697875976562,8.787176971435548
1748973727127,-0.7779322814941406,4.0724313354492185,8.77385467529297
1748973727196,-0.5390290832519532,4.013304290771485,8.91860366821289
1748973727260,-0.6108796691894531,4.128265228271484,8.687783660888673
1748973727327,-0.9156459045410157,4.106260986328126,8.81217498779297
1748973727398,-0.7334747314453125,4.15775390625,8.790320434570313
1748973727461,-0.6144721984863282,4.067641296386719,8.790919189453126
1748973727527,-0.6228547668457032,4.063300323486328,8.817713470458985
1748973727599,-0.756826171875,4.103566589355469,8.770112457275392
1748973727661,-0.5700146484375,4.1623942565917975,8.609795837402345
1748973727727,-0.942440185546875,4.050576782226563,9.296417999267579
1748973727799,-0.6879693603515625,4.029171295166016,9.011859741210937
1748973727861,-0.5034031677246094,4.149521026611328,8.704997863769531
1748973727927,-0.3550616455078125,4.089346160888672,8.465346221923829
1748973727998,-0.5529501342773437,4.123026123046875,8.718170471191407
1748973728061,-1.1201206970214845,4.305796051025391,8.858578491210938
1748973728127,-0.7608677673339844,4.325255584716797,8.599617004394531
1748973728198,-0.8355624389648438,4.046684875488282,9.831704864501953
1748973728261,-0.559237060546875,4.367168426513672,8.718769226074219
1748973728327,-0.6086343383789062,4.005819854736329,8.910670166015626
1748973728398,-0.5478607177734375,4.084406433105469,8.761131134033203
1748973728461,-0.757873992919922,4.129612426757813,8.832083587646485
1748973728527,-0.6902146911621094,4.204307098388672,8.758137359619141
1748973728598,-0.6288423156738282,4.110452270507813,8.807684326171875
1748973728661,-0.5812413024902344,4.108656005859375,8.77580062866211
1748973728727,-0.5695655822753907,4.111051025390625,8.748557281494142
1748973728798,-0.6683601379394531,4.139641571044922,8.712332611083985
1748973728861,-0.7475454711914062,4.193379821777344,8.671018524169922
1748973728927,-0.6581813049316406,4.068539428710937,8.79735580444336
1748973728998,-0.5593867492675781,4.070036315917969,8.735684051513672
1748973729061,-0.5989045715332032,4.138743438720703,8.790769500732422
1748973729127,-0.681233367919922,4.141587524414063,8.81457000732422
1748973729198,-0.6933581542968751,4.067042541503906,8.77729751586914
1748973729261,-0.59635986328125,4.09308837890625,8.723708953857422
1748973729327,-0.5282514953613282,4.087998962402344,8.321046295166017
1748973729396,-0.6048921203613281,4.205354919433594,8.725654907226563
1748973729460,-0.4501139831542969,4.147275695800781,8.767268371582032
1748973729527,-0.5863307189941407,4.0426432800292975,8.844058685302734
1748973729599,-0.8397537231445313,4.156556396484375,8.799152069091797
1748973729660,-0.8089178466796876,4.171674957275391,8.82609603881836
1748973729727,-0.6375242614746094,4.133953399658203,8.754095764160157
1748973729799,-0.5869294738769532,4.08350830078125,8.78059066772461
1748973729860,-0.6503974914550782,4.097279663085938,8.79211669921875
1748973729927,-0.6640191650390626,4.0989262390136725,8.773704986572266
1748973729998,-0.6328839111328125,4.1112007141113285,8.732091522216797
1748973730061,-0.6210585021972657,4.1463775634765625,8.801846466064454
1748973730128,-0.6289920043945313,4.093238067626953,8.75619140625
1748973730198,-0.7232958984375001,4.02123779296875,8.926986236572265
1748973730261,-0.7390132141113281,4.153562622070313,8.747060394287109
1748973730327,-0.5755531311035157,4.102967834472657,8.74511444091797
1748973730398,-0.5441184997558594,4.163142700195313,8.62925537109375
1748973730461,-0.7117698669433594,4.082310791015625,8.82894012451172
1748973730528,-0.8340655517578125,4.2026605224609375,8.734486541748048
1748973730598,-0.5593867492675781,4.106710052490235,8.591683502197267
1748973730661,-0.5569917297363282,3.8178108215332034,9.151968383789063
1748973730728,-0.6640191650390626,4.152365112304688,8.791967010498047
1748973730797,-0.7940986633300782,4.255800018310547,8.645421752929687
1748973730861,-0.5905220031738282,4.105512542724609,8.63883544921875
1748973730928,-0.6604266357421875,3.9484890747070316,8.770711212158204
1748973730998,-0.5483097839355469,4.232298889160156,8.593479766845704
1748973731061,-0.6348298645019531,4.066593475341797,8.808732147216798
1748973731128,-0.670455780029297,4.101770324707031,8.784931640625
1748973731194,-0.6695576477050782,4.123026123046875,8.799750823974609
1748973731261,-0.5777984619140625,4.166884918212891,8.756041717529298
1748973731327,-0.6444099426269532,4.094585266113281,8.775501251220703
1748973731397,-0.6343807983398437,4.140090637207032,8.768465881347657
1748973731461,-0.6060896301269532,4.156855773925781,8.76906463623047
1748973731528,-0.5513035583496094,4.141886901855469,8.765472106933593
1748973731599,-0.6480024719238282,4.097728729248047,8.811127166748047
1748973731661,-0.6758445739746094,4.203109588623047,8.73508529663086
1748973731728,-0.6721023559570313,4.210144958496094,8.74900634765625
1748973731799,-0.6072871398925782,4.106710052490235,8.819060668945314
1748973731861,-0.5444178771972656,4.061054992675781,8.79496078491211
1748973731948,-0.5766009521484375,4.121080169677734,8.781339111328126
1748973731993,-0.6233038330078126,4.154909820556641,8.790320434570313
1748973732061,-0.5890251159667969,4.126468963623047,8.774004364013672
1748973732128,-0.5769003295898438,4.114044799804688,8.758736114501954
1748973732199,-0.628692626953125,4.151167602539063,8.779692535400391
1748973732261,-0.6559359741210938,4.147874450683594,8.984915771484376
1748973732327,-0.631087646484375,4.182901611328125,8.695118408203125
1748973732399,-0.6159690856933594,4.131857757568359,8.789272613525391
1748973732461,-0.5980064392089844,4.152664489746094,8.757688293457031
1748973732528,-0.6361770629882812,4.129313049316407,8.849597167968751
1748973732599,-0.5529501342773437,4.128115539550781,8.769364013671876
1748973732661,-0.6099815368652344,4.149670715332031,8.769962768554688
1748973732728,-0.5986051940917969,4.099524993896485,8.716823272705078
1748973732796,-0.6140231323242188,4.103267211914063,8.78627883911133
1748973732861,-0.6005511474609375,4.071533203125,8.825946350097656
1748973732928,-0.5827381896972657,4.215982818603516,8.73748031616211
1748973732998,-0.5695655822753907,4.075275421142578,8.9142626953125
1748973733061,-0.5610333251953126,4.123325500488281,8.707093505859376
1748973733128,-0.6391708374023438,4.074526977539063,8.810678100585937
1748973733198,-0.6426136779785157,4.127965850830078,8.746611328125
1748973733261,-0.6673123168945313,4.163891143798828,8.777447204589844
1748973733327,-0.6144721984863282,4.043691101074219,8.799900512695313
1748973733398,-0.6387217712402344,4.1112007141113285,8.855285339355468
1748973733461,-0.5679190063476562,4.121229858398438,8.760233001708984
1748973733528,-0.6770420837402344,4.167184295654297,8.746611328125
1748973733598,-0.7006929016113281,4.128414916992187,8.860823822021485
1748973733661,-0.6638694763183595,4.106859741210938,8.827892303466797
1748973733728,-0.6242019653320313,4.122726745605469,8.772806854248048
1748973733796,-0.6545887756347657,4.066294097900391,8.899892578125
1748973733861,-0.6957531738281251,4.4334805297851565,8.48405731201172
1748973733928,-0.27991790771484376,3.61887451171875,9.23280029296875
1748973733998,-0.6480024719238282,4.160897369384766,8.724158020019532
1748973734061,-1.2361294555664064,4.292922821044922,9.004974060058593
1748973734128,-0.9108558654785157,4.3189686584472655,8.733738098144531
1748973734198,-0.5542973327636719,4.062851257324219,8.719517669677735
1748973734261,-0.4697232055664063,4.103267211914063,8.73508529663086
1748973734327,-0.5610333251953126,4.047433319091797,8.822653198242188
1748973734398,-0.6382727050781251,4.069437561035157,8.830137634277344
1748973734461,-0.7075785827636719,4.109703826904297,8.79061981201172
1748973734528,-0.7831713867187501,4.190236358642578,8.741222534179688
1748973734599,-0.7280859375000001,4.1288639831542975,8.778794403076173
1748973734661,-0.6216572570800781,4.076173553466797,8.803493041992187
1748973734728,-0.5773493957519532,4.079017639160156,8.77385467529297
1748973734798,-0.6518943786621094,4.1183857727050786,8.796307983398439
1748973734861,-0.7083270263671876,4.134402465820313,8.756341094970704
1748973734928,-0.6996450805664063,4.1200323486328125,8.804690551757814
1748973734997,-0.6716532897949219,4.1022193908691404,8.798104248046876
1748973735061,-0.6207591247558594,4.087849273681641,8.772208099365235
1748973735128,-0.6059399414062501,4.094435577392578,8.764124908447267
1748973735194,-0.670455780029297,4.122427368164063,8.774154052734376
1748973735261,-0.680185546875,4.138444061279297,8.769364013671876
1748973735327,-0.6614744567871094,4.144431610107422,8.767567749023438
1748973735398,-0.6264472961425781,4.108057250976563,8.766070861816406
1748973735461,-0.5852828979492187,4.114194488525391,8.766968994140626
1748973735528,-0.6066883850097656,4.120930480957031,8.792266387939453
1748973735596,-0.6441105651855469,4.145629119873047,8.765023040771485
1748973735661,-0.6447093200683595,4.135300598144531,8.761280822753907
1748973735728,-0.6126759338378907,4.144281921386719,8.761729888916015
1748973735797,-0.6248007202148438,4.1427850341796875,8.75469451904297
1748973735861,-0.6168672180175782,4.11703857421875,8.791068878173828
1748973735928,-0.6135740661621094,4.105512542724609,8.778944091796875
1748973735998,-0.6484515380859376,4.138294372558594,8.768465881347657
1748973736061,-0.6381230163574219,4.14098876953125,8.776549072265626
1748973736128,-0.6279441833496094,4.1270677185058595,8.769813079833984
1748973736197,-0.6234535217285156,4.122427368164063,8.774154052734376
1748973736261,-0.6280938720703125,4.124523010253906,8.755592651367188
1748973736327,-0.6042933654785156,4.1023690795898435,8.762628021240236
1748973736395,-0.65384033203125,4.14862289428711,8.75903549194336
1748973736461,-0.6756948852539063,4.159999237060547,8.775201873779297
1748973736528,-0.5519023132324219,4.115990753173828,8.778495025634767
1748973736599,-0.5769003295898438,4.1112007141113285,8.776549072265626
1748973736661,-0.6715036010742188,4.099524993896485,8.82654510498047
1748973736728,-0.6429130554199219,4.1321571350097654,8.74227035522461
1748973736799,-0.650247802734375,4.121529235839844,8.787925415039062
1748973736861,-0.6149212646484375,4.1270677185058595,8.782386932373047
1748973736942,-0.6135740661621094,4.127666473388672,8.771609344482423
1748973736994,-0.6331832885742188,4.123924255371094,8.797655181884766
1748973737061,-0.6424639892578126,4.127965850830078,8.741072845458985
1748973737128,-0.6577322387695312,4.14577880859375,8.718170471191407
1748973737196,-0.6159690856933594,4.130809936523438,8.712182922363281
1748973737261,-0.5842350769042969,4.1041653442382815,8.74616226196289
1748973737327,-0.6361770629882812,4.0830592346191406,8.810229034423829
1748973737399,-0.6280938720703125,4.163292388916016,8.741671600341798
1748973737461,-0.6517446899414063,4.1254211425781255,8.839418334960937
1748973737528,-0.6249504089355469,4.1129969787597656,8.733289031982423
1748973737599,-0.6276448059082032,4.129013671875001,8.769513702392578
1748973737661,-0.6480024719238282,4.108506317138672,8.788224792480468
1748973737728,-0.6372248840332032,4.1242236328125,8.746611328125
1748973737796,-0.671802978515625,4.139042816162109,8.753497009277345
1748973737861,-0.6385720825195312,4.115242309570313,8.79885269165039
1748973737928,-0.6014492797851563,4.111051025390625,8.763077087402344
1748973737998,-0.65384033203125,4.124672698974609,8.761131134033203
1748973738061,-0.6803352355957032,4.144132232666016,8.75858642578125
1748973738128,-0.6400689697265626,4.1146435546875,8.80214584350586
1748973738198,-0.6363267517089845,4.133354644775391,8.736282806396485
1748973738261,-0.6370751953125,4.092938690185547,8.807983703613282
1748973738327,-0.6366261291503906,4.144431610107422,8.764124908447267
1748973738395,-0.6242019653320313,4.091741180419922,8.775650939941407
1748973738461,-0.6914122009277344,4.129163360595704,8.761131134033203
1748973738528,-0.6387217712402344,4.1427850341796875,8.782237243652345
1748973738596,-0.623902587890625,4.114493865966797,8.791817321777344
1748973738661,-0.5899232482910156,4.123624877929688,8.77340560913086
1748973738727,-0.6348298645019531,4.133204956054688,8.79017074584961
1748973738798,-0.6331832885742188,4.13140869140625,8.751401367187501
1748973738861,-0.6631210327148438,4.150419158935547,8.761580200195313
1748973738928,-0.6845265197753907,4.128714294433594,8.77490249633789
1748973738998,-0.6312373352050782,4.107009429931641,8.813821563720703
1748973739061,-0.6180647277832032,4.121978302001954,8.749156036376954
1748973739128,-0.6264472961425781,4.121379547119141,8.781189422607422
1748973739194,-0.6271957397460938,4.137994995117188,8.806337127685547
1748973739261,-0.6400689697265626,4.112547912597656,8.781039733886718
1748973739327,-0.6414161682128906,4.129163360595704,8.757388916015625
1748973739398,-0.6456074523925781,4.140390014648438,8.787626037597656
1748973739461,-0.6508465576171876,4.110601959228516,8.781937866210939
1748973739528,-0.6387217712402344,4.117188262939453,8.767567749023438
1748973739598,-0.6221063232421875,4.121678924560547,8.79017074584961
1748973739661,-0.6650669860839844,4.105213165283203,8.743617553710937
1748973739728,-0.6316864013671876,4.126918029785156,8.769663391113282
1748973739798,-0.6421646118164063,4.113895111083985,8.775201873779297
1748973739861,-0.6363267517089845,4.122876434326172,8.783883819580078
1748973739928,-0.6370751953125,4.126169586181641,8.765921173095704
1748973739995,-0.6593788146972657,4.127965850830078,8.764274597167969
1748973740061,-0.6592291259765626,4.117637329101563,8.760682067871095
1748973740128,-0.6451583862304687,4.124822387695312,8.788973236083985
1748973740197,-0.6325845336914063,4.122876434326172,8.756490783691406
1748973740261,-0.6617738342285157,4.1305105590820315,8.762628021240236
1748973740327,-0.640667724609375,4.1218286132812505,8.783734130859376
1748973740397,-0.662222900390625,4.125121765136719,8.767418060302735
1748973740461,-0.6747967529296875,4.143982543945313,8.743467864990235
1748973740528,-0.6444099426269532,4.110751647949219,8.794062652587892
1748973740597,-0.6376739501953125,4.1112007141113285,8.76816650390625
1748973740661,-0.6637197875976563,4.120182037353516,8.791517944335938
1748973740728,-0.6867718505859375,4.1393421936035155,8.753946075439453
1748973740797,-0.652642822265625,4.124373321533203,8.800199890136719
1748973740861,-0.6412664794921875,4.1321571350097654,8.756041717529298
1748973740928,-0.6616241455078126,4.115691375732422,8.802445220947266
1748973740997,-0.6463558959960938,4.124822387695312,8.77774658203125
1748973741061,-0.6391708374023438,4.116290130615234,8.767867126464845
1748973741128,-0.6803352355957032,4.146227874755859,8.743018798828125
1748973741197,-0.6589297485351563,4.124073944091797,8.799002380371094
1748973741261,-0.662073211669922,4.113446044921875,8.764723663330079
1748973741327,-0.6581813049316406,4.123924255371094,8.823251953125
1748973741396,-0.6547384643554688,4.175267486572266,8.762178955078125
1748973741461,-0.6581813049316406,4.0529718017578125,8.751251678466797
1748973741528,-0.6137237548828125,4.145180053710938,8.712033233642579
1748973741596,-0.6563850402832031,4.157304840087891,8.769214324951172
1748973741661,-0.6500981140136719,4.083358612060547,8.799451446533203
1748973741728,-0.5933660888671876,4.1270677185058595,8.77340560913086
1748973741798,-0.6882687377929688,4.161945190429687,8.765921173095704
1748973741861,-0.7044351196289063,4.165537719726562,8.731193389892578
1748973741945,-0.5363346862792969,4.0900946044921875,8.726852416992188
1748973741994,-0.5553451538085937,3.892505493164063,8.885372772216797
1748973742061,-0.7768844604492188,4.270170135498047,8.807983703613282
1748973742128,-0.5763015747070312,4.078418884277344,8.774303741455078
1748973742194,-0.4834945678710938,4.071832580566406,8.738677825927734
1748973742261,-0.7442523193359375,4.136198730468751,8.790470123291016
1748973742327,-0.7580236816406251,4.178410949707032,8.768914947509765
1748973742398,-0.7126679992675782,4.113146667480469,8.77340560913086
1748973742461,-0.591420135498047,4.1433837890625,8.73269027709961
1748973742528,-0.6484515380859376,4.0935374450683595,8.793164520263673
1748973742598,-0.6611750793457032,4.1147932434082035,8.774453430175782
1748973742661,-0.7655081176757813,4.157454528808594,8.736881561279297
1748973742728,-0.6918612670898437,4.126468963623047,8.765023040771485
1748973742798,-0.5815406799316406,4.110901336669922,8.765172729492187
1748973742861,-0.7349716186523438,4.096680908203125,8.84331024169922
1748973742928,-0.7385641479492188,4.123175811767578,8.810229034423829
1748973742995,-0.6472540283203125,4.117188262939453,8.782237243652345
1748973743061,-0.7035369873046875,4.098626861572265,8.799152069091797
1748973743128,-0.6891668701171876,4.135001220703125,8.804091796875001
1748973743198,-0.6577322387695312,4.098626861572265,8.752748565673828
1748973743261,-0.6210585021972657,4.135599975585937,8.78298568725586
1748973743327,-0.6875202941894532,4.093986511230469,8.889713745117188
1748973743398,-0.8452922058105469,4.142186279296875,8.781638488769532
1748973743461,-0.6497987365722656,4.122726745605469,8.694669342041015
1748973743528,-0.6878196716308594,4.112398223876953,8.753946075439453
1748973743598,-0.5890251159667969,4.020938415527344,8.832382965087891
1748973743661,-0.5421725463867187,4.110152893066407,8.748407592773438
1748973743728,-0.6908134460449219,4.090693359375,8.793613586425781
1748973743798,-0.6716532897949219,4.096980285644531,8.67520980834961
1748973743861,-0.7119195556640625,4.183051300048828,8.79166763305664
1748973743928,-0.7732919311523437,4.1376956176757815,8.85723129272461
1748973743998,-0.7658074951171875,4.089346160888672,8.861123199462892
1748973744061,-0.6686595153808594,4.13140869140625,8.774752807617189
1748973744128,-0.6111790466308594,4.098177795410156,8.735684051513672
1748973744198,-0.6129753112792969,4.108506317138672,8.82130599975586
1748973744261,-0.7295828247070313,4.098477172851562,8.873247985839845
1748973744327,-0.7204518127441406,4.156107330322266,8.743018798828125
1748973744395,-0.6632707214355469,4.131857757568359,8.803343353271485
1748973744461,-0.6331832885742188,4.084107055664063,8.778794403076173
1748973744528,-0.7249424743652344,4.112098846435547,8.726253662109375
1748973744598,-0.670455780029297,4.142485656738281,8.674461364746094
1748973744661,-0.6867718505859375,4.135599975585937,8.842112731933595
1748973744728,-0.7247927856445313,4.071682891845703,8.86052444458008
1748973744798,-0.741258544921875,4.134851531982422,8.751700744628907
1748973744861,-0.5873785400390625,4.1077578735351565,8.65365463256836
1748973744928,-0.6442602539062501,4.110901336669922,8.89749755859375
1748973744997,-0.7182064819335938,4.130809936523438,8.776100006103515
1748973745061,-0.726888427734375,4.139192504882812,8.685388641357422
1748973745128,-0.6210585021972657,4.1338037109375,8.69631591796875
1748973745197,-0.587977294921875,4.0989262390136725,8.793314208984375
1748973745261,-0.7119195556640625,4.1077578735351565,8.7609814453125
1748973745327,-0.6581813049316406,4.135450286865234,8.686436462402344
1748973745397,-0.6209088134765626,4.142186279296875,8.681496734619142
1748973745460,-0.5457650756835938,4.095633087158204,8.689879302978516
1748973745528,-0.690963134765625,4.103267211914063,8.772058410644531
1748973745597,-0.7035369873046875,4.157155151367188,8.887318725585938
1748973745661,-0.7078779602050782,4.165986785888672,8.82370101928711
1748973745728,-0.5369334411621094,4.117787017822266,8.712332611083985
1748973745794,-0.6457571411132813,4.095184020996094,8.769513702392578
1748973745861,-0.738713836669922,4.1640408325195315,8.799601135253907
1748973745928,-0.5725593566894531,4.147724761962891,8.688981170654298
1748973745995,-0.6659651184082032,4.138743438720703,8.718170471191407
1748973746061,-0.6167175292968751,4.080664215087891,8.73942626953125
1748973746128,-0.6590794372558594,4.182452545166016,8.707093505859376
1748973746194,-0.6357279968261719,4.096531219482422,8.892857208251954
1748973746261,-0.6108796691894531,4.124822387695312,8.739276580810547
1748973746327,-0.6144721984863282,4.070186004638672,8.849597167968751
1748973746394,-0.6855743408203125,4.157604217529297,8.778045959472657
1748973746461,-0.6912625122070313,4.14383285522461,8.780740356445312
1748973746528,-0.6500981140136719,4.117787017822266,8.767268371582032
1748973746596,-0.6423143005371094,4.1183857727050786,8.786129150390625
1748973746661,-0.5921685791015625,4.10311752319336,8.736282806396485
1748973746728,-0.6667135620117188,4.130211181640625,8.75903549194336
1748973746796,-0.683778076171875,4.127666473388672,8.776698760986328
1748973746861,-0.6457571411132813,4.115990753173828,8.777896270751954
1748973746945,-0.5798941040039063,4.113895111083985,8.713380432128906
1748973746994,-0.591420135498047,4.100423126220703,8.778944091796875
1748973747061,-0.7021897888183594,4.182901611328125,8.735234985351562
1748973747128,-0.6869215393066407,4.151616668701172,8.751251678466797
1748973747198,-0.6330335998535157,4.123774566650391,8.75229949951172
1748973747261,-0.609532470703125,4.108656005859375,8.765771484375
1748973747327,-0.643062744140625,4.141288146972657,8.764573974609375
1748973747398,-0.6489006042480469,4.130959625244141,8.788524169921875
1748973747460,-0.6508465576171876,4.152365112304688,8.77580062866211
1748973747528,-0.611927490234375,4.135899353027344,8.758885803222658
1748973747599,-0.6330335998535157,4.111799468994141,8.778495025634767
1748973747661,-0.6701564025878907,4.127816162109375,8.797505493164063
1748973747728,-0.6520440673828125,4.139641571044922,8.755442962646486
1748973747798,-0.6560856628417969,4.1393421936035155,8.762328643798828
1748973747861,-0.6417155456542969,4.121379547119141,8.762178955078125
1748973747928,-0.6698570251464844,4.13425277709961,8.778345336914063
1748973747998,-0.6150709533691406,4.12227767944336,8.791068878173828
1748973748061,-0.6517446899414063,4.139641571044922,8.760682067871095
1748973748128,-0.6499484252929688,4.122726745605469,8.793912963867188
1748973748198,-0.6554869079589845,4.126019897460938,8.781339111328126
1748973748261,-0.6521937561035157,4.132905578613282,8.777447204589844
1748973748327,-0.632135467529297,4.120780792236328,8.734037475585938
1748973748398,-0.6548881530761719,4.121229858398438,8.765771484375
1748973748461,-0.6661148071289062,4.122577056884766,8.7993017578125
1748973748528,-0.6551875305175782,4.139042816162109,8.72790023803711
1748973748597,-0.6354286193847657,4.092789001464844,8.773106231689454
1748973748661,-0.6707551574707031,4.1288639831542975,8.799451446533203
1748973748728,-0.6643185424804687,4.140390014648438,8.735384674072266
1748973748798,-0.681233367919922,4.136049041748047,8.762927398681642
1748973748861,-0.6393205261230469,4.129911804199219,8.749605102539062
1748973748928,-0.6842271423339844,4.134701843261719,8.782835998535157
1748973748997,-0.6429130554199219,4.131109313964844,8.805588684082032
1748973749061,-0.6521937561035157,4.143084411621094,8.764424285888673
1748973749128,-0.6566844177246094,4.113446044921875,8.774453430175782
1748973749197,-0.6366261291503906,4.126918029785156,8.76622055053711
1748973749261,-0.6682104492187501,4.145629119873047,8.773555297851562
1748973749327,-0.641865234375,4.119732971191406,8.75185043334961
1748973749397,-0.6818321228027344,4.157604217529297,8.745264129638672
1748973749461,-0.5740562438964844,4.0778201293945315,8.841663665771485
1748973749528,-0.6515950012207031,4.135599975585937,8.729397125244141
1748973749597,-0.7150630187988282,4.121678924560547,8.79451171875
1748973749661,-0.6514453125,4.144581298828125,8.772208099365235
1748973749728,-0.6445596313476563,4.114942932128907,8.79061981201172
1748973749794,-0.63228515625,4.108206939697266,8.749305725097656
1748973749861,-0.6566844177246094,4.136947174072266,8.763975219726563
1748973749928,-0.6734495544433594,4.128714294433594,8.764573974609375
1748973749997,-0.6803352355957032,4.128414916992187,8.76861557006836
1748973750061,-0.6301895141601562,4.1218286132812505,8.760382690429688
1748973750128,-0.6336323547363282,4.124822387695312,8.773704986572266
1748973750195,-0.6640191650390626,4.1242236328125,8.79166763305664
1748973750261,-0.6562353515625,4.136797485351563,8.76861557006836
1748973750327,-0.6494993591308594,4.1254211425781255,8.757388916015625
1748973750397,-0.6768923950195312,4.1483235168457036,8.744216308593751
1748973750461,-0.6256988525390625,4.1182360839843755,8.740174713134767
1748973750528,-0.6631210327148438,4.1234751892089845,8.788374481201172
1748973750597,-0.6614744567871094,4.124373321533203,8.742569732666016
1748973750661,-0.6601272583007813,4.1323068237304685,8.743168487548829
1748973750728,-0.6125262451171876,4.139940948486329,8.799152069091797
1748973750797,-0.6480024719238282,4.129313049316407,8.704848175048829
1748973750861,-0.6442602539062501,4.125121765136719,8.750203857421875
1748973750928,-0.6632707214355469,4.127217407226563,8.754993896484375
1748973750997,-0.6631210327148438,4.127516784667969,8.812923431396484
1748973751061,-0.6854246520996095,4.152065734863282,8.779093780517579
1748973751128,-0.6613247680664063,4.129163360595704,8.775201873779297
1748973751195,-0.6849755859375001,4.125121765136719,8.750652923583985
1748973751261,-0.6503974914550782,4.1076081848144534,8.746761016845703
1748973751327,-0.6903643798828125,4.15580795288086,8.778794403076173
1748973751397,-0.6939569091796876,4.1305105590820315,8.770112457275392
1748973751460,-0.678838348388672,4.129013671875001,8.772208099365235
1748973751528,-0.6400689697265626,4.089346160888672,8.755892028808594
1748973751599,-0.6966513061523438,4.137396240234375,8.760233001708984
1748973751661,-0.6903643798828125,4.121229858398438,8.794661407470704
1748973751728,-0.678988037109375,4.121379547119141,8.768914947509765
1748973751799,-0.6770420837402344,4.101470947265625,8.786727905273438
1748973751861,-0.6933581542968751,4.134701843261719,8.791517944335938
1748973751943,-0.6685098266601562,4.1323068237304685,8.74511444091797
1748973751994,-0.6795867919921875,4.111649780273438,8.777147827148438
1748973752061,-0.7036866760253907,4.154311065673828,8.789272613525391
1748973752128,-0.678988037109375,4.111649780273438,8.768914947509765
1748973752199,-0.6601272583007813,4.098626861572265,8.764424285888673
1748973752261,-0.7125183105468751,4.130211181640625,8.780740356445312
1748973752327,-0.6960525512695312,4.1242236328125,8.760831756591797
1748973752399,-0.6825805664062501,4.109554138183594,8.75948455810547
1748973752460,-0.700543212890625,4.1128472900390625,8.754844207763671
1748973752528,-0.6851252746582032,4.1254211425781255,8.771759033203125
1748973752599,-0.6700067138671876,4.098028106689453,8.747659149169923
1748973752661,-0.7117698669433594,4.130211181640625,8.76143051147461
1748973752728,-0.6661148071289062,4.093986511230469,8.790769500732422
1748973752799,-0.63228515625,4.09787841796875,8.761580200195313
1748973752861,-0.7798782348632813,4.157454528808594,8.752898254394532
1748973752928,-0.6572831726074219,4.168830871582031,8.729097747802735
1748973752999,-0.6447093200683595,4.1077578735351565,8.733887786865235
1748973753061,-0.662073211669922,4.125121765136719,8.758736114501954
1748973753128,-0.6417155456542969,4.1182360839843755,8.780440979003906
1748973753199,-0.662222900390625,4.159250793457032,8.741222534179688
1748973753261,-0.6566844177246094,4.114044799804688,8.77295654296875
1748973753327,-0.6557862854003906,4.156257019042969,8.744515686035157
1748973753399,-0.6483018493652344,4.109703826904297,8.792416076660157
1748973753461,-0.6899153137207031,4.1623942565917975,8.730894012451172
1748973753528,-0.662222900390625,4.14577880859375,8.766968994140626
1748973753599,-0.6575825500488282,4.1782612609863286,8.620124359130859
1748973753661,-0.63947021484375,4.105213165283203,8.866811370849609
1748973753728,-0.6691085815429688,4.075574798583984,8.811875610351564
1748973753798,-0.6583309936523438,4.1002734375,8.746910705566407
1748973753861,-0.7217990112304687,4.158202972412109,8.697513427734375
1748973753928,-0.7791297912597657,4.136947174072266,8.821156311035157
1748973753997,-0.7045848083496095,4.082460479736328,8.781788177490235
1748973754061,-0.6577322387695312,4.12661865234375,8.76622055053711
1748973754128,-0.6336323547363282,4.168381805419922,8.711584167480469
1748973754199,-0.6701564025878907,4.10311752319336,8.861123199462892
1748973754261,-0.6559359741210938,4.057911529541016,8.76816650390625
1748973754327,-0.6327342224121094,4.123026123046875,8.737630004882813
1748973754399,-0.7520361328125,4.142186279296875,8.78732666015625
1748973754460,-0.7664062500000001,4.1852966308593755,8.742120666503906
1748973754528,-0.7848179626464844,4.132755889892579,8.756790161132812
1748973754598,-0.6209088134765626,4.11030258178711,8.76816650390625
1748973754661,-0.5828878784179687,4.101620635986328,8.76143051147461
1748973754728,-0.6755451965332031,4.10790756225586,8.809181213378906
1748973754799,-0.7108717346191407,4.1306602478027346,8.739575958251953
1748973754861,-0.7054829406738281,4.133204956054688,8.774154052734376
1748973754928,-0.6640191650390626,4.17496810913086,8.756341094970704
1748973754996,-0.4986131286621094,4.080514526367188,8.757089538574219
1748973755061,-0.5715115356445313,4.082460479736328,8.890911254882813
1748973755128,-0.5248086547851563,4.0865020751953125,8.751700744628907
1748973755194,-0.6340814208984376,4.1305105590820315,8.815617828369142
1748973755261,-0.8006849670410157,4.179009704589844,8.765921173095704
1748973755327,-0.6914122009277344,4.169429626464844,8.70065689086914
1748973755395,-0.7502398681640625,4.130360870361328,8.79451171875
1748973755461,-0.6677613830566407,4.0882983398437505,8.824449462890625
1748973755528,-0.7138655090332031,4.142635345458984,8.78343475341797
1748973755598,-0.7451504516601563,4.15775390625,8.775351562500001
1748973755661,-0.7617658996582032,4.117787017822266,8.73269027709961
1748973755728,-0.7723937988281251,4.081412658691407,8.791817321777344
1748973755798,-0.8503816223144531,4.14577880859375,8.789571990966797
1748973755861,-0.6906637573242188,4.134402465820313,8.738677825927734
1748973755928,-0.6830296325683594,4.104913787841797,8.72026611328125
1748973755996,-0.9241781616210938,4.0859033203125,8.877439270019531
1748973756061,-0.6412664794921875,4.075724487304687,8.827293548583985
1748973756128,-0.7180567932128906,4.074826354980469,8.840765533447266
1748973756198,-0.6932084655761719,4.180506591796875,8.751401367187501
1748973756261,-0.7319778442382813,4.097728729248047,8.915609893798829
1748973756327,-0.7319778442382813,4.133204956054688,8.819210357666016
1748973756398,-0.7141648864746094,4.163591766357422,8.71637420654297
1748973756461,-0.6514453125,4.14383285522461,8.773704986572266
1748973756528,-0.6741979980468751,4.140539703369141,8.775950317382813
1748973756599,-0.7171586608886719,4.122577056884766,8.76337646484375
1748973756661,-0.7081773376464844,4.1447309875488285,8.772806854248048
1748973756728,-0.741258544921875,4.20131332397461,8.729546813964845
1748973756799,-0.6174659729003906,4.037104797363281,8.796457672119141
1748973756861,-0.8535250854492188,4.055965576171875,8.963809661865234
1748973756938,-0.7027885437011719,4.138294372558594,8.61204116821289
1748973756994,-0.7743397521972657,4.161645812988281,8.757089538574219
1748973757061,-0.6653663635253907,4.169579315185547,8.750802612304687
1748973757128,-0.6381230163574219,4.1433837890625,8.774303741455078
1748973757199,-0.6295907592773438,4.187242584228516,8.685987396240234
1748973757261,-0.7102729797363282,4.171674957275391,8.794062652587892
1748973757327,-0.6686595153808594,4.178860015869141,8.788973236083985
1748973757399,-0.6210585021972657,4.1605979919433596,8.678952026367188
1748973757461,-0.62031005859375,4.159400482177735,8.729846191406251
1748973757528,-0.6068380737304688,4.180955657958984,8.76771743774414
1748973757595,-0.591420135498047,4.127965850830078,8.778944091796875
1748973757661,-0.6728507995605469,4.150868225097656,8.742869110107423
1748973757728,-0.7035369873046875,4.186793518066406,8.681646423339844
1748973757796,-0.6879693603515625,4.189487915039063,8.772657165527344
1748973757861,-0.6099815368652344,4.146676940917969,8.789871368408203
1748973757928,-0.6985972595214844,4.142036590576172,8.792715454101563
1748973757999,-0.6725514221191407,4.128414916992187,8.736432495117189
1748973758061,-0.6926097106933594,4.156257019042969,8.757987670898437
1748973758128,-0.6722520446777344,4.1481738281250005,8.750203857421875
1748973758199,-0.7271878051757813,4.154011688232422,8.793763275146485
1748973758261,-0.7262896728515625,4.145329742431641,8.778794403076173
1748973758327,-0.6738986206054688,4.161795501708984,8.737330627441407
1748973758399,-0.5918692016601563,4.103416900634766,8.750054168701173
1748973758461,-0.7405101013183594,4.1499700927734375,8.792266387939453
1748973758528,-0.6935078430175782,4.1393421936035155,8.72505615234375
1748973758599,-0.6816824340820313,4.1270677185058595,8.754095764160157
1748973758661,-0.7255412292480469,4.135150909423828,8.755742340087892
1748973758728,-0.7116201782226563,4.1288639831542975,8.781937866210939
1748973758796,-0.6851252746582032,4.133504333496094,8.748108215332032
1748973758861,-0.7066804504394532,4.129762115478516,8.768465881347657
1748973758928,-0.7399113464355469,4.1588017272949225,8.750054168701173
1748973758998,-0.6994953918457032,4.148473205566407,8.788973236083985
1748973759061,-0.6685098266601562,4.159699859619141,8.720864868164062
1748973759128,-0.6905140686035156,4.118086395263672,8.803642730712891
1748973759198,-0.7122189331054688,4.1323068237304685,8.763226776123048
1748973759261,-0.700393524169922,4.153562622070313,8.746311950683594
1748973759327,-0.6441105651855469,4.125570831298829,8.773255920410156
1748973759398,-0.6782395935058594,4.151017913818359,8.73792938232422
1748973759461,-0.6529421997070313,4.1183857727050786,8.80169677734375
1748973759528,-0.6369255065917969,4.129762115478516,8.743018798828125
1748973759599,-0.6701564025878907,4.17017807006836,8.718619537353517
1748973759662,-0.6933581542968751,4.1338037109375,8.805438995361328
1748973759728,-0.6936575317382813,4.163142700195313,8.782237243652345
1748973759799,-0.6033952331542969,4.1534129333496095,8.728349304199218
1748973759861,-0.6421646118164063,4.109853515625,8.783135375976563
1748973759928,-0.7098239135742188,4.148473205566407,8.808582458496094
1748973759998,-0.7138655090332031,4.146976318359375,8.747808837890625
1748973760061,-0.6685098266601562,4.161346435546875,8.726702728271485
1748973760127,-0.6212081909179688,4.1427850341796875,8.74227035522461
1748973760198,-0.6683601379394531,4.1605979919433596,8.714428253173828
1748973760261,-0.6914122009277344,4.15580795288086,8.828191680908203
1748973760327,-0.6463558959960938,4.156406707763672,8.74616226196289
1748973760396,-0.7441026306152344,4.165537719726562,8.783734130859376
1748973760461,-0.640518035888672,4.198169860839844,8.715476074218751
1748973760528,-0.6316864013671876,4.099524993896485,8.783883819580078
1748973760594,-0.6427633666992187,4.140839080810547,8.745413818359376
1748973760661,-0.7063810729980469,4.166286163330079,8.78627883911133
1748973760728,-0.7319778442382813,4.182452545166016,8.728199615478516
1748973760798,-0.6780899047851563,4.153562622070313,8.784781951904296
1748973760861,-0.6709048461914063,4.164340209960938,8.765621795654297
1748973760928,-0.6918612670898437,4.12946273803711,8.791817321777344
1748973760998,-0.6759942626953125,4.182302856445313,8.735534362792968
1748973761061,-0.692010955810547,4.15775390625,8.758137359619141
1748973761128,-0.6511459350585938,4.147724761962891,8.726253662109375
1748973761198,-0.6867718505859375,4.169429626464844,8.767867126464845
1748973761261,-0.6496490478515625,4.161645812988281,8.755892028808594
1748973761327,-0.6725514221191407,4.163292388916016,8.743168487548829
1748973761398,-0.683778076171875,4.178410949707032,8.70679412841797
1748973761461,-0.6499484252929688,4.1623942565917975,8.780291290283204
1748973761528,-0.6668632507324219,4.1727227783203125,8.771759033203125
1748973761599,-0.6674620056152344,4.173471221923828,8.786129150390625
1748973761661,-0.6584806823730469,4.149670715332031,8.777596893310548
1748973761728,-0.65384033203125,4.165388031005859,8.702602844238282
1748973761799,-0.6815327453613281,4.137845306396485,8.78298568725586
1748973761861,-0.6767427062988282,4.143084411621094,8.782237243652345
1748973761947,-0.647852783203125,4.150119781494141,8.728498992919922
1748973761994,-0.681233367919922,4.136947174072266,8.743018798828125
1748973762061,-0.6866221618652344,4.169579315185547,8.733139343261719
1748973762127,-0.6959028625488282,4.164190521240235,8.753047943115234
1748973762195,-0.6565347290039063,4.1529638671875,8.724008331298828
1748973762261,-0.6487509155273438,4.138294372558594,8.774453430175782
1748973762327,-0.6774911499023438,4.156556396484375,8.763226776123048
1748973762399,-0.7128176879882813,4.148473205566407,8.76337646484375
1748973762461,-0.7048841857910156,4.161645812988281,8.742569732666016
1748973762528,-0.6825805664062501,4.155957641601563,8.772208099365235
1748973762599,-0.6721023559570313,4.1411384582519535,8.710386657714844
1748973762661,-0.6773414611816406,4.125121765136719,8.766819305419922
1748973762728,-0.7222480773925781,4.16778305053711,8.7609814453125
1748973762799,-0.7313790893554688,4.1553588867187505,8.756341094970704
1748973762861,-0.6887178039550782,4.157155151367188,8.759634246826172
1748973762928,-0.6676116943359376,4.136049041748047,8.764873352050781
1748973762994,-0.67300048828125,4.133953399658203,8.748108215332032
1748973763061,-0.6902146911621094,4.156706085205078,8.736731872558595
1748973763128,-0.7081773376464844,4.175417175292969,8.716972961425782
1748973763194,-0.6875202941894532,4.129612426757813,8.759634246826172
1748973763261,-0.6146218872070313,4.126468963623047,8.739126892089844
1748973763327,-0.6587800598144532,4.1529638671875,8.727002105712891
1748973763399,-0.7348219299316406,4.1620948791503904,8.761580200195313
1748973763461,-0.6738986206054688,4.144880676269532,8.758137359619141
1748973763528,-0.6749464416503906,4.124523010253906,8.788224792480468
1748973763599,-0.7265890502929688,4.151466979980469,8.767268371582032
1748973763661,-0.6864724731445313,4.14383285522461,8.75903549194336
1748973763728,-0.6846762084960938,4.140390014648438,8.743617553710937
1748973763796,-0.700393524169922,4.148024139404297,8.760233001708984
1748973763861,-0.6927593994140625,4.143084411621094,8.760233001708984
1748973763928,-0.7041357421875001,4.146976318359375,8.764274597167969
1748973763996,-0.6900650024414063,4.141737213134766,8.76053237915039
1748973764061,-0.689615936279297,4.138444061279297,8.769813079833984
1748973764128,-0.6968009948730469,4.144281921386719,8.75185043334961
1748973764199,-0.6956034851074219,4.145928497314453,8.756790161132812
1748973764261,-0.6979985046386719,4.134851531982422,8.779243469238281
1748973764327,-0.6930587768554688,4.1411384582519535,8.744815063476564
1748973764399,-0.7131170654296876,4.152814178466797,8.755293273925782
1748973764461,-0.7054829406738281,4.148772583007813,8.760083312988282
1748973764528,-0.7078779602050782,4.144281921386719,8.757089538574219
1748973764599,-0.7168592834472657,4.144581298828125,8.75619140625
1748973764661,-0.6999444580078126,4.144581298828125,8.756341094970704
1748973764728,-0.6933581542968751,4.137246551513672,8.74466537475586
1748973764796,-0.7009922790527344,4.146826629638672,8.776399383544922
1748973764861,-0.7030879211425781,4.149071960449219,8.738378448486328
1748973764928,-0.7009922790527344,4.14143783569336,8.76666961669922
1748973764998,-0.6911128234863282,4.16972900390625,8.753497009277345
1748973765061,-0.7036866760253907,4.127217407226563,8.774303741455078
1748973765128,-0.6900650024414063,4.142186279296875,8.739575958251953
1748973765198,-0.6953041076660157,4.150419158935547,8.751700744628907
1748973765261,-0.7044351196289063,4.154311065673828,8.753946075439453
1748973765327,-0.692010955810547,4.147575073242188,8.767567749023438
1748973765398,-0.681233367919922,4.141587524414063,8.761729888916015
1748973765461,-0.6783892822265626,4.149521026611328,8.74900634765625
1748973765528,-0.6756948852539063,4.1534129333496095,8.755293273925782
1748973765595,-0.6685098266601562,4.15056884765625,8.735534362792968
1748973765661,-0.7045848083496095,4.159101104736329,8.73897720336914
1748973765728,-0.67060546875,4.142635345458984,8.785530395507813
1748973765798,-0.6930587768554688,4.146676940917969,8.749156036376954
1748973765861,-0.6906637573242188,4.153861999511719,8.740923156738281
1748973765928,-0.6912625122070313,4.144132232666016,8.763077087402344
1748973765998,-0.6827302551269532,4.164340209960938,8.746611328125
1748973766061,-0.6867718505859375,4.1499700927734375,8.74750946044922
1748973766128,-0.6905140686035156,4.1674836730957034,8.744365997314453
1748973766198,-0.6821315002441407,4.137396240234375,8.784183197021484
1748973766261,-0.6803352355957032,4.145030364990235,8.768016815185547
1748973766327,-0.7078779602050782,4.133654022216797,8.748407592773438
1748973766398,-0.6451583862304687,4.145479431152344,8.750802612304687
1748973766461,-0.6807843017578126,4.1534129333496095,8.729097747802735
1748973766528,-0.7033872985839844,4.1427850341796875,8.748557281494142
1748973766599,-0.6926097106933594,4.143084411621094,8.776399383544922
1748973766661,-0.6953041076660157,4.152215423583985,8.784632263183594
1748973766728,-0.7008425903320313,4.143683166503907,8.757837982177735
1748973766796,-0.6783892822265626,4.1305105590820315,8.739725646972657
1748973766861,-0.6975494384765626,4.139791259765625,8.775950317382813
1748973766942,-0.7092251586914062,4.139192504882812,8.766370239257814
1748973766994,-0.7280859375000001,4.159550170898438,8.759933624267578
1748973767062,-0.7167095947265625,4.156406707763672,8.744216308593751
1748973767128,-0.680185546875,4.138294372558594,8.762328643798828
1748973767197,-0.7180567932128906,4.129911804199219,8.75469451904297
1748973767261,-0.6807843017578126,4.151317291259766,8.732540588378907
1748973767327,-0.7119195556640625,4.163292388916016,8.749305725097656
1748973767399,-0.70892578125,4.14098876953125,8.738528137207032
1748973767461,-0.7086264038085938,4.152365112304688,8.753646697998047
1748973767528,-0.7021897888183594,4.154760131835937,8.752748565673828
1748973767599,-0.7027885437011719,4.13425277709961,8.763226776123048
1748973767661,-0.6854246520996095,4.138144683837891,8.766370239257814
1748973767728,-0.7240443420410156,4.137396240234375,8.758287048339843
1748973767799,-0.7237449645996095,4.16014892578125,8.732540588378907
1748973767861,-0.7246430969238281,4.146227874755859,8.738827514648438
1748973767928,-0.6914122009277344,4.146078186035156,8.776848449707032
1748973767999,-0.7075785827636719,4.118834838867188,8.783734130859376
1748973768061,-0.7204518127441406,4.149371337890625,8.73269027709961
1748973768128,-0.7393125915527344,4.152514801025391,8.743168487548829
1748973768199,-0.7366181945800782,4.15056884765625,8.74750946044922
1748973768261,-0.6725514221191407,4.1002734375,8.820258178710938
1748973768327,-0.6794371032714844,4.127217407226563,8.73613311767578
1748973768399,-0.7635621643066407,4.173770599365235,8.773106231689454
1748973768461,-0.683778076171875,4.150868225097656,8.73792938232422
1748973768528,-0.6894662475585938,4.125271453857422,8.753497009277345
1748973768598,-0.7150630187988282,4.130061492919922,8.76053237915039
1748973768661,-0.6927593994140625,4.155508575439454,8.734486541748048
1748973768728,-0.7098239135742188,4.138144683837891,8.701704711914063
1748973768796,-0.6753955078125,4.099674682617188,8.746311950683594
1748973768861,-0.7105723571777344,4.136198730468751,8.766968994140626
1748973768928,-0.7432044982910156,4.168681182861328,8.76053237915039
1748973768999,-0.7179071044921875,4.161196746826172,8.748407592773438
1748973769061,-0.6982978820800781,4.142485656738281,8.76053237915039
1748973769128,-0.65863037109375,4.17451904296875,8.722960510253907
1748973769199,-0.7372169494628906,4.12227767944336,8.79780487060547
1748973769261,-0.6469546508789062,4.1481738281250005,8.776698760986328
1748973769328,-0.6815327453613281,4.092489624023438,8.787027282714844
1748973769399,-0.7418572998046875,4.134402465820313,8.76816650390625
1748973769461,-0.7608677673339844,4.195176086425781,8.746611328125
1748973769528,-0.69216064453125,4.117787017822266,8.731043701171876
1748973769596,-0.6908134460449219,4.116589508056641,8.722960510253907
1748973769661,-0.7168592834472657,4.163591766357422,8.760233001708984
1748973769728,-0.6884184265136719,4.1499700927734375,8.76337646484375
1748973769798,-0.6722520446777344,4.136498107910157,8.750054168701173
1748973769862,-0.6890171813964844,4.122427368164063,8.773106231689454
1748973769928,-0.6649172973632813,4.156706085205078,8.778345336914063
1748973769998,-0.7092251586914062,4.199517059326172,8.738079071044922
1748973770062,-0.6126759338378907,4.119283905029297,8.770112457275392
1748973770128,-0.6524931335449219,4.150269470214844,8.718619537353517
1748973770198,-0.7210505676269532,4.17017807006836,8.770262145996094
1748973770261,-0.6065386962890625,4.115391998291016,8.781189422607422
1748973770327,-0.6541397094726563,4.157903594970703,8.732989654541017
1748973770398,-0.6941065979003906,4.157903594970703,8.736582183837891
1748973770461,-0.705333251953125,4.141587524414063,8.737330627441407
1748973770528,-0.6662644958496095,4.1357496643066405,8.787925415039062
1748973770598,-0.6333329772949219,4.138893127441406,8.748407592773438
1748973770661,-0.681383056640625,4.131708068847656,8.754544830322265
1748973770728,-0.6878196716308594,4.1727227783203125,8.729546813964845
1748973770798,-0.6953041076660157,4.1588017272949225,8.736282806396485
1748973770861,-0.6608757019042969,4.123175811767578,8.775052185058595
1748973770928,-0.6824308776855469,4.129612426757813,8.784332885742188
1748973770996,-0.661025390625,4.138294372558594,8.76143051147461
1748973771061,-0.6750961303710938,4.162693634033204,8.748856658935548
1748973771128,-0.7183561706542969,4.156107330322266,8.73179214477539
1748973771198,-0.6798861694335938,4.152514801025391,8.755293273925782
1748973771261,-0.688568115234375,4.14143783569336,8.744365997314453
1748973771327,-0.6403683471679688,4.129313049316407,8.731492767333984
1748973771398,-0.7149133300781251,4.17017807006836,8.79256576538086
1748973771461,-0.6945556640625,4.164639587402344,8.724008331298828
1748973771528,-0.6433621215820313,4.121379547119141,8.749156036376954
1748973771599,-0.7044351196289063,4.13664779663086,8.791368255615234
1748973771661,-0.7472460937500001,4.16014892578125,8.735833740234375
1748973771728,-0.6753955078125,4.141288146972657,8.751700744628907
1748973771799,-0.6917115783691407,4.126169586181641,8.762029266357422
1748973771861,-0.7078779602050782,4.142635345458984,8.753047943115234
1748973771949,-0.7334747314453125,4.140539703369141,8.762178955078125
1748973771994,-0.7231462097167969,4.1529638671875,8.74750946044922
1748973772062,-0.7179071044921875,4.127666473388672,8.75948455810547
1748973772128,-0.6849755859375001,4.121229858398438,8.728948059082033
1748973772197,-0.71132080078125,4.146826629638672,8.7609814453125
1748973772261,-0.7063810729980469,4.138444061279297,8.733887786865235
1748973772327,-0.7132667541503906,4.127516784667969,8.77774658203125
1748973772398,-0.6987469482421875,4.134552154541016,8.751101989746093
1748973772461,-0.7122189331054688,4.145180053710938,8.750054168701173
1748973772528,-0.7134164428710937,4.126169586181641,8.769663391113282
1748973772599,-0.7032376098632813,4.1288639831542975,8.740324401855469
1748973772661,-0.6979985046386719,4.139641571044922,8.766070861816406
1748973772728,-0.7015910339355469,4.133354644775391,8.743767242431641
1748973772799,-0.6982978820800781,4.135150909423828,8.76771743774414
1748973772861,-0.7203021240234375,4.146826629638672,8.764424285888673
1748973772928,-0.6982978820800781,4.139491882324219,8.756341094970704
1748973772996,-0.6825805664062501,4.138144683837891,8.75379638671875
1748973773061,-0.6779402160644532,4.150419158935547,8.756041717529298
1748973773128,-0.6963519287109375,4.151017913818359,8.760831756591797
1748973773199,-0.7107220458984376,4.153861999511719,8.750802612304687
1748973773261,-0.7116201782226563,4.137845306396485,8.791368255615234
1748973773327,-0.6755451965332031,4.1429347229003906,8.737031250000001
1748973773399,-0.6830296325683594,4.1529638671875,8.741372222900392
1748973773461,-0.721948699951172,4.166585540771485,8.748257904052736
1748973773528,-0.7129673767089844,4.136947174072266,8.765921173095704
1748973773599,-0.6935078430175782,4.156706085205078,8.747659149169923
1748973773661,-0.6785389709472657,4.133204956054688,8.747808837890625
1748973773728,-0.6918612670898437,4.143533477783203,8.745713195800782
1748973773799,-0.7102729797363282,4.15775390625,8.752898254394532
1748973773861,-0.7027885437011719,4.152664489746094,8.746311950683594
1748973773928,-0.6982978820800781,4.129911804199219,8.751700744628907
1748973773999,-0.6951544189453125,4.131857757568359,8.75858642578125
1748973774061,-0.6987469482421875,4.1447309875488285,8.73792938232422
1748973774128,-0.7189549255371094,4.147724761962891,8.75664047241211
1748973774196,-0.6876699829101562,4.165088653564453,8.749754791259766
1748973774262,-0.7180567932128906,4.149521026611328,8.757388916015625
1748973774328,-0.6929090881347657,4.1270677185058595,8.78059066772461
1748973774399,-0.680185546875,4.136049041748047,8.73897720336914
1748973774461,-0.7132667541503906,4.1517663574218755,8.742420043945312
1748973774528,-0.7126679992675782,4.140090637207032,8.744216308593751
1748973774599,-0.7065307617187501,4.138294372558594,8.770411834716798
1748973774661,-0.7027885437011719,4.139192504882812,8.763077087402344
1748973774728,-0.7258406066894532,4.122427368164063,8.738228759765626
1748973774799,-0.7036866760253907,4.161196746826172,8.755442962646486
1748973774861,-0.7285350036621094,4.143533477783203,8.760831756591797
1748973774927,-0.6962022399902345,4.124373321533203,8.748557281494142
1748973774998,-0.7340734863281251,4.14098876953125,8.750503234863281
1748973775061,-0.7173083496093751,4.154460754394531,8.764124908447267
1748973775128,-0.7158114624023438,4.122577056884766,8.742719421386719
1748973775196,-0.7129673767089844,4.131708068847656,8.76622055053711
1748973775261,-0.719703369140625,4.147575073242188,8.757089538574219
1748973775327,-0.7011419677734375,4.113296356201172,8.75664047241211
1748973775398,-0.7207511901855469,4.154011688232422,8.723409576416016
1748973775461,-0.786763916015625,4.16972900390625,8.76666961669922
1748973775528,-0.7054829406738281,4.148473205566407,8.747359771728515
1748973775598,-0.6396199035644532,4.124972076416016,8.738228759765626
1748973775661,-0.6768923950195312,4.128414916992187,8.788224792480468
1748973775728,-0.6938072204589845,4.127816162109375,8.777147827148438
1748973775795,-0.7011419677734375,4.164789276123047,8.737779693603516
1748973775861,-0.681233367919922,4.1481738281250005,8.73508529663086
1748973775928,-0.7072792053222656,4.135450286865234,8.771609344482423
1748973775994,-0.6979985046386719,4.158053283691406,8.746012573242188
1748973776061,-0.7361691284179688,4.164190521240235,8.721763000488282
1748973776128,-0.70892578125,4.176015930175781,8.732989654541017
1748973776198,-0.7228468322753907,4.133953399658203,8.799900512695313
1748973776261,-0.6750961303710938,4.147126007080078,8.745413818359376
1748973776328,-0.7240443420410156,4.15580795288086,8.752149810791016
1748973776398,-0.7252418518066407,4.161346435546875,8.743018798828125
1748973776461,-0.63947021484375,4.15056884765625,8.726553039550781
1748973776528,-0.7168592834472657,4.141288146972657,8.765771484375
1748973776599,-0.6981481933593751,4.142335968017578,8.753646697998047
1748973776661,-0.6697073364257813,4.155059509277344,8.713679809570312
1748973776728,-0.724493408203125,4.159250793457032,8.75619140625
1748973776798,-0.7171586608886719,4.168381805419922,8.767268371582032
1748973776861,-0.7126679992675782,4.1357496643066405,8.752748565673828
1748973776947,-0.7165599060058594,4.144431610107422,8.764274597167969
1748973776994,-0.7117698669433594,4.157454528808594,8.751700744628907
1748973777062,-0.7318281555175782,4.153263244628906,8.744964752197266
1748973777128,-0.7134164428710937,4.146676940917969,8.759783935546876
1748973777197,-0.6957531738281251,4.141737213134766,8.776848449707032
1748973777261,-0.7135661315917969,4.1534129333496095,8.743168487548829
1748973777327,-0.7014413452148438,4.1376956176757815,8.75379638671875
1748973777399,-0.7141648864746094,4.138144683837891,8.75334732055664
1748973777461,-0.7243437194824219,4.13859375,8.759783935546876
1748973777528,-0.7078779602050782,4.161945190429687,8.71742202758789
1748973777594,-0.6965016174316406,4.1218286132812505,8.772357788085937
1748973777662,-0.7104226684570313,4.1553588867187505,8.776848449707032
1748973777728,-0.7261399841308595,4.147126007080078,8.744515686035157
1748973777799,-0.7283853149414062,4.159849548339844,8.745563507080078
1748973777861,-0.7108717346191407,4.1427850341796875,8.757239227294923
1748973777928,-0.6996450805664063,4.123624877929688,8.76187957763672
1748973777996,-0.7009922790527344,4.135599975585937,8.769663391113282
1748973778061,-0.7198530578613281,4.148922271728516,8.74750946044922
1748973778128,-0.7464976501464844,4.1481738281250005,8.750952301025391
1748973778196,-0.7285350036621094,4.120481414794922,8.765172729492187
1748973778261,-0.7140151977539063,4.127965850830078,8.753497009277345
1748973778328,-0.7223977661132813,4.138893127441406,8.77774658203125
1748973778398,-0.7188052368164063,4.13425277709961,8.751101989746093
1748973778461,-0.7328759765625,4.142485656738281,8.745862884521484
1748973778528,-0.7322772216796876,4.148024139404297,8.720415802001954
1748973778599,-0.7297325134277344,4.127965850830078,8.758137359619141
1748973778661,-0.7327262878417969,4.13664779663086,8.722361755371095
1748973778728,-0.7165599060058594,4.1357496643066405,8.757538604736329
1748973778799,-0.7258406066894532,4.13425277709961,8.747659149169923
1748973778861,-0.7072792053222656,4.139042816162109,8.73269027709961
1748973778928,-0.7319778442382813,4.1376956176757815,8.770411834716798
1748973778994,-0.7385641479492188,4.146676940917969,8.715476074218751
1748973779061,-0.7188052368164063,4.134552154541016,8.768765258789063
1748973779129,-0.699345703125,4.141288146972657,8.739875335693359
1748973779198,-0.7497908020019531,4.148024139404297,8.74795852661133
1748973779261,-0.7372169494628906,4.149521026611328,8.765322418212891
1748973779328,-0.7403604125976563,4.158202972412109,8.750503234863281
1748973779398,-0.7194039916992188,4.1529638671875,8.749305725097656
1748973779461,-0.7131170654296876,4.153263244628906,8.7609814453125
1748973779528,-0.7146139526367188,4.1376956176757815,8.757538604736329
1748973779598,-0.7120692443847657,4.148772583007813,8.737031250000001
1748973779661,-0.7191046142578126,4.1433837890625,8.779991912841798
1748973779729,-0.6906637573242188,4.161645812988281,8.745413818359376
1748973779799,-0.7084767150878907,4.1305105590820315,8.777447204589844
1748973779861,-0.6698570251464844,4.1357496643066405,8.756341094970704
1748973779928,-0.6821315002441407,4.1553588867187505,8.73897720336914
1748973779994,-0.6858737182617188,4.140689392089844,8.760831756591797
1748973780062,-0.6950047302246094,4.149221649169922,8.757987670898437
1748973780128,-0.6767427062988282,4.149521026611328,8.74900634765625
1748973780194,-0.6971003723144532,4.144281921386719,8.765621795654297
1748973780261,-0.7264393615722656,4.15775390625,8.735384674072266
1748973780328,-0.7206015014648438,4.14862289428711,8.773704986572266
1748973780398,-0.6997947692871094,4.145180053710938,8.761280822753907
1748973780461,-0.6924600219726563,4.152365112304688,8.745264129638672
1748973780528,-0.7180567932128906,4.1341030883789065,8.748557281494142
1748973780598,-0.7047344970703125,4.1411384582519535,8.73897720336914
1748973780661,-0.6667135620117188,4.141288146972657,8.725804595947267
1748973780729,-0.7487429809570313,4.1676333618164065,8.759783935546876
1748973780797,-0.7032376098632813,4.13859375,8.740923156738281
1748973780862,-0.6773414611816406,4.143683166503907,8.723708953857422
1748973780928,-0.7315287780761719,4.15580795288086,8.799451446533203
1748973780998,-0.6640191650390626,4.135599975585937,8.751101989746093
1748973781061,-0.6839277648925781,4.155957641601563,8.71787109375
1748973781129,-0.7204518127441406,4.15580795288086,8.772058410644531
1748973781197,-0.7098239135742188,4.1605979919433596,8.742420043945312
1748973781261,-0.7023394775390626,4.135150909423828,8.75619140625
1748973781328,-0.6930587768554688,4.13140869140625,8.775351562500001
1748973781397,-0.7361691284179688,4.158352661132812,8.74077346801758
1748973781461,-0.6767427062988282,4.146676940917969,8.7418212890625
1748973781528,-0.6825805664062501,4.143683166503907,8.75469451904297
1748973781598,-0.7182064819335938,4.1429347229003906,8.733289031982423
1748973781661,-0.6800358581542969,4.150119781494141,8.774303741455078
1748973781728,-0.7373666381835938,4.15580795288086,8.735833740234375
1748973781799,-0.7237449645996095,4.137396240234375,8.750203857421875
1748973781861,-0.7152127075195313,4.142186279296875,8.759634246826172
1748973781950,-0.6765930175781251,4.124672698974609,8.795409851074218
1748973781994,-0.7406597900390626,4.132755889892579,8.78627883911133
1748973782062,-0.6899153137207031,4.151616668701172,8.736881561279297
1748973782129,-0.7011419677734375,4.137396240234375,8.750203857421875
1748973782196,-0.72090087890625,4.155658264160157,8.746761016845703
1748973782261,-0.7216493225097657,4.136797485351563,8.774004364013672
1748973782328,-0.7063810729980469,4.151616668701172,8.750952301025391
1748973782398,-0.7479945373535156,4.164489898681641,8.736881561279297
1748973782461,-0.6732998657226563,4.1393421936035155,8.735833740234375
1748973782529,-0.6804849243164063,4.133953399658203,8.738677825927734
1748973782598,-0.7261399841308595,4.146826629638672,8.75469451904297
1748973782661,-0.7000941467285157,4.161645812988281,8.736432495117189
1748973782728,-0.6930587768554688,4.1324565124511725,8.756041717529298
1748973782798,-0.6352789306640625,4.123175811767578,8.776549072265626
1748973782861,-0.7090754699707031,4.149071960449219,8.745264129638672
1748973782928,-0.6770420837402344,4.146227874755859,8.753497009277345
1748973782996,-0.7231462097167969,4.171674957275391,8.744365997314453
1748973783061,-0.6965016174316406,4.156556396484375,8.768465881347657
1748973783129,-0.6445596313476563,4.152664489746094,8.743018798828125
1748973783198,-0.6741979980468751,4.1517663574218755,8.745862884521484
1748973783261,-0.67060546875,4.145180053710938,8.743767242431641
1748973783328,-0.6915618896484376,4.160897369384766,8.747808837890625
1748973783399,-0.6779402160644532,4.157604217529297,8.745413818359376
1748973783461,-0.6611750793457032,4.148024139404297,8.77774658203125
1748973783528,-0.680185546875,4.1622445678710935,8.722062377929689
1748973783597,-0.6798861694335938,4.168681182861328,8.759334869384766
1748973783661,-0.7150630187988282,4.173171844482422,8.734336853027344
1748973783729,-0.664617919921875,4.159849548339844,8.75334732055664
1748973783798,-0.6312373352050782,4.166136474609376,8.73358840942383
1748973783861,-0.700393524169922,4.1447309875488285,8.76337646484375
1748973783928,-0.7066804504394532,4.186344451904297,8.761729888916015
1748973783998,-0.6846762084960938,4.159699859619141,8.747359771728515
1748973784061,-0.6665638732910156,4.168381805419922,8.735534362792968
1748973784129,-0.7128176879882813,4.150269470214844,8.758137359619141
1748973784195,-0.6438111877441407,4.136947174072266,8.746311950683594
1748973784261,-0.690963134765625,4.170926513671875,8.716673583984376
1748973784328,-0.7322772216796876,4.17930908203125,8.778944091796875
1748973784398,-0.6783892822265626,4.16014892578125,8.75334732055664
1748973784461,-0.6978488159179688,4.161047058105469,8.74227035522461
1748973784528,-0.6894662475585938,4.149670715332031,8.751551055908203
1748973784596,-0.6792874145507812,4.154161376953125,8.773704986572266
1748973784661,-0.7032376098632813,4.170028381347657,8.743767242431641
1748973784729,-0.6839277648925781,4.147724761962891,8.740474090576173
1748973784798,-0.7366181945800782,4.1674836730957034,8.76906463623047
1748973784861,-0.7093748474121094,4.1605979919433596,8.765771484375
1748973784929,-0.6550378417968751,4.123026123046875,8.741372222900392
1748973784997,-0.6954537963867188,4.166884918212891,8.74616226196289
1748973785061,-0.7167095947265625,4.140390014648438,8.78298568725586
1748973785129,-0.705333251953125,4.158202972412109,8.686885528564453
1748973785197,-0.7192543029785157,4.156556396484375,8.7418212890625
1748973785261,-0.7318281555175782,4.167932739257813,8.731941833496094
1748973785328,-0.6852749633789063,4.1588017272949225,8.742719421386719
1748973785396,-0.6891668701171876,4.133504333496094,8.750203857421875
1748973785461,-0.6845265197753907,4.162843322753907,8.76622055053711
1748973785529,-0.6686595153808594,4.111500091552735,8.76816650390625
1748973785597,-0.7012916564941407,4.161496124267578,8.728049926757812
1748973785662,-0.7342231750488282,4.139641571044922,8.789571990966797
1748973785729,-0.6764433288574219,4.141288146972657,8.753946075439453
1748973785797,-0.7397616577148438,4.153263244628906,8.742420043945312
1748973785861,-0.7164102172851563,4.170028381347657,8.736731872558595
1748973785928,-0.6866221618652344,4.137994995117188,8.73463623046875
1748973785997,-0.6816824340820313,4.151167602539063,8.749904479980469
1748973786061,-0.6599775695800781,4.138294372558594,8.755293273925782
1748973786129,-0.7732919311523437,4.147575073242188,8.740174713134767
1748973786197,-0.7662565612792969,4.165537719726562,8.780291290283204
1748973786262,-0.7063810729980469,4.1375459289550784,8.755592651367188
1748973786328,-0.7068301391601562,4.103566589355469,8.780440979003906
1748973786398,-0.7343728637695313,4.154161376953125,8.788524169921875
1748973786461,-0.7505392456054688,4.16493896484375,8.757688293457031
1748973786529,-0.7048841857910156,4.115242309570313,8.761729888916015
1748973786598,-0.7473957824707032,4.155957641601563,8.728948059082033
1748973786661,-0.7225474548339844,4.165238342285156,8.764873352050781
1748973786729,-0.6926097106933594,4.108805694580078,8.757837982177735
1748973786798,-0.6842271423339844,4.12661865234375,8.751551055908203
1748973786861,-0.7691006469726563,4.173620910644532,8.753646697998047
1748973786945,-0.7403604125976563,4.140240325927735,8.793763275146485
1748973786995,-0.7020401000976563,4.142036590576172,8.737779693603516
1748973787062,-0.6915618896484376,4.119583282470703,8.718619537353517
1748973787129,-0.7107220458984376,4.113595733642578,8.780291290283204
1748973787196,-0.6981481933593751,4.150419158935547,8.731492767333984
1748973787261,-0.692010955810547,4.137096862792969,8.752449188232422
1748973787328,-0.729283447265625,4.136348419189454,8.780440979003906
1748973787398,-0.7445516967773438,4.155209197998047,8.782835998535157
1748973787461,-0.7041357421875001,4.166286163330079,8.73897720336914
1748973787529,-0.6319857788085937,4.1499700927734375,8.76187957763672
1748973787599,-0.7176077270507812,4.110152893066407,8.779093780517579
1748973787661,-0.6900650024414063,4.206702117919922,8.661588134765626
1748973787729,-0.7704478454589844,4.170028381347657,8.689729614257812
1748973787799,-0.6780899047851563,4.1357496643066405,8.739575958251953
1748973787861,-0.6083349609375001,4.095333709716797,8.7993017578125
1748973787929,-0.6547384643554688,4.179608459472656,8.736282806396485
1748973787997,-0.8015830993652344,4.178560638427735,8.799750823974609
1748973788061,-0.8276289367675782,4.131558380126953,8.807684326171875
1748973788129,-0.6599775695800781,4.151916046142579,8.724158020019532
1748973788199,-0.6221063232421875,4.138743438720703,8.758436737060547
1748973788261,-0.6991960144042969,4.130061492919922,8.748407592773438
1748973788328,-0.7361691284179688,4.183051300048828,8.717272338867188
1748973788399,-0.6698570251464844,4.121080169677734,8.807983703613282
1748973788461,-0.6628216552734375,4.124822387695312,8.733139343261719
1748973788529,-0.7659571838378907,4.150419158935547,8.77340560913086
1748973788599,-0.678988037109375,4.165986785888672,8.74511444091797
1748973788661,-0.6831793212890626,4.187841339111328,8.731941833496094
1748973788729,-0.7408094787597657,4.134552154541016,8.844956817626954
1748973788799,-0.6924600219726563,4.139940948486329,8.731193389892578
1748973788862,-0.678838348388672,4.145479431152344,8.754395141601563
1748973788929,-0.7128176879882813,4.154760131835937,8.759185180664064
1748973788999,-0.7349716186523438,4.148922271728516,8.774004364013672
1748973789067,-0.6918612670898437,4.151466979980469,8.764274597167969
1748973789129,-0.6815327453613281,4.144132232666016,8.74900634765625
1748973789198,-0.6749464416503906,4.1534129333496095,8.772357788085937
1748973789262,-0.7289840698242188,4.1534129333496095,8.730594635009766
1748973789328,-0.6765930175781251,4.166735229492188,8.717571716308594
1748973789399,-0.6914122009277344,4.110152893066407,8.796457672119141
1748973789461,-0.7171586608886719,4.136198730468751,8.766519927978516
1748973789529,-0.6827302551269532,4.203858032226563,8.713679809570312
1748973789599,-0.6912625122070313,4.152664489746094,8.800199890136719
1748973789661,-0.6623725891113281,4.134402465820313,8.807534637451173
1748973789729,-0.6518943786621094,4.1604483032226565,8.74945541381836
1748973789799,-0.7152127075195313,4.157604217529297,8.791068878173828
1748973789861,-0.7033872985839844,4.184248809814453,8.719068603515625
1748973789929,-0.6959028625488282,4.149221649169922,8.769663391113282
1748973789995,-0.6373745727539063,4.121678924560547,8.761131134033203
1748973790061,-0.67060546875,4.159999237060547,8.78208755493164
1748973790129,-0.7011419677734375,4.162543945312501,8.765921173095704
1748973790198,-0.6906637573242188,4.149071960449219,8.783285064697266
1748973790261,-0.7021897888183594,4.169878692626954,8.753946075439453
1748973790329,-0.683778076171875,4.171525268554688,8.771459655761719
1748973790396,-0.6942562866210937,4.1517663574218755,8.731043701171876
1748973790461,-0.6968009948730469,4.148922271728516,8.744815063476564
1748973790529,-0.7159611511230469,4.162693634033204,8.771309967041017
1748973790599,-0.6824308776855469,4.161795501708984,8.729846191406251
1748973790662,-0.6857240295410156,4.139940948486329,8.76771743774414
1748973790729,-0.7041357421875001,4.162543945312501,8.745413818359376
1748973790798,-0.6962022399902345,4.178560638427735,8.746761016845703
1748973790862,-0.70174072265625,4.161047058105469,8.767418060302735
1748973790929,-0.7176077270507812,4.168980560302734,8.756341094970704
1748973790996,-0.683778076171875,4.1534129333496095,8.74750946044922
1748973791061,-0.6875202941894532,4.161496124267578,8.719068603515625
1748973791129,-0.7044351196289063,4.1721240234375,8.748706970214844
1748973791198,-0.6366261291503906,4.1306602478027346,8.76666961669922
1748973791262,-0.6878196716308594,4.164489898681641,8.766370239257814
1748973791328,-0.7243437194824219,4.152365112304688,8.756939849853516
1748973791397,-0.6605763244628906,4.154460754394531,8.735684051513672
1748973791462,-0.7191046142578126,4.154909820556641,8.747210083007813
1748973791529,-0.6825805664062501,4.156556396484375,8.740623779296875
1748973791599,-0.6800358581542969,4.150269470214844,8.740623779296875
1748973791662,-0.7264393615722656,4.159999237060547,8.764124908447267
1748973791729,-0.6875202941894532,4.181853790283204,8.725954284667969
1748973791800,-0.7060816955566407,4.135599975585937,8.731492767333984
1748973791862,-0.6807843017578126,4.128714294433594,8.773704986572266
1748973791942,-0.7134164428710937,4.161047058105469,8.73897720336914
1748973791994,-0.7574249267578126,4.161645812988281,8.74077346801758
1748973792062,-0.7463479614257813,4.1622445678710935,8.755592651367188
1748973792129,-0.7321275329589844,4.159400482177735,8.716224517822265
1748973792195,-0.6749464416503906,4.136947174072266,8.715176696777345
1748973792262,-0.6313870239257813,4.1710762023925785,8.67041976928711
1748973792329,-0.751886444091797,4.160897369384766,8.83807113647461
1748973792399,-0.7232958984375001,4.130211181640625,8.753197631835938
1748973792461,-0.6222560119628907,4.113296356201172,8.702602844238282
1748973792529,-0.7366181945800782,4.1939785766601565,8.739126892089844
1748973792599,-0.7677534484863282,4.184697875976562,8.754095764160157
1748973792661,-0.6463558959960938,4.041146392822266,8.805588684082032
1748973792729,-0.6840774536132813,4.091591491699219,8.75185043334961
1748973792799,-0.6857240295410156,4.08111328125,8.76816650390625
1748973792862,-0.8153544616699219,4.253105621337891,8.675658874511718
1748973792929,-0.775986328125,4.210144958496094,8.716673583984376
1748973792997,-0.6776408386230469,4.016148376464844,8.830137634277344
1748973793062,-0.7315287780761719,4.096680908203125,8.770112457275392
1748973793129,-0.632135467529297,4.044738922119141,8.768765258789063
1748973793199,-0.7890092468261719,4.240831146240234,8.734037475585938
1748973793262,-0.8102650451660157,4.2327479553222656,8.659043426513673
1748973793329,-0.7039860534667969,4.027973785400391,8.856931915283203
1748973793395,-0.7497908020019531,4.1164398193359375,8.76861557006836
1748973793461,-0.6307882690429688,4.070934448242188,8.762178955078125
1748973793529,-0.71132080078125,4.186045074462891,8.763226776123048
1748973793599,-0.8617579650878907,4.248465270996094,8.666228485107423
1748973793662,-0.6358776855468751,4.029919738769531,8.816366271972656
1748973793729,-0.7753875732421875,4.141737213134766,8.761280822753907
1748973793799,-0.7649093627929688,4.106260986328126,8.75469451904297
1748973793862,-0.6349795532226563,4.063450012207031,8.810229034423829
1748973793929,-0.827479248046875,4.262236633300781,8.749754791259766
1748973793997,-0.7957452392578125,4.170477447509766,8.71502700805664
1748973794062,-0.6752458190917969,4.050726470947266,8.789422302246095
1748973794129,-0.7083270263671876,4.1023690795898435,8.798403625488282
1748973794199,-0.661025390625,4.0859033203125,8.749156036376954
1748973794262,-0.7738906860351563,4.198020172119141,8.748407592773438
1748973794329,-0.751886444091797,4.157604217529297,8.778794403076173
1748973794399,-0.7051835632324219,4.091741180419922,8.79061981201172
1748973794461,-0.6765930175781251,4.100423126220703,8.778495025634767
1748973794529,-0.7451504516601563,4.173022155761719,8.775052185058595
1748973794597,-0.7259902954101562,4.158951416015626,8.699758758544922
1748973794662,-0.7107220458984376,4.083807678222657,8.821605377197265
1748973794729,-0.7150630187988282,4.124373321533203,8.7801416015625
1748973794795,-0.6872209167480469,4.139791259765625,8.771609344482423
1748973794862,-0.743653564453125,4.184997253417969,8.736731872558595
1748973794929,-0.6689588928222656,4.095333709716797,8.738378448486328
1748973794998,-0.7258406066894532,4.108805694580078,8.794362030029298
1748973795062,-0.7125183105468751,4.120631103515625,8.841663665771485
1748973795129,-0.6709048461914063,4.1676333618164065,8.723858642578126
1748973795196,-0.70174072265625,4.120481414794922,8.779393157958985
1748973795261,-0.7674540710449219,4.130061492919922,8.755742340087892
1748973795329,-0.6981481933593751,4.129013671875001,8.769513702392578
1748973795398,-0.7448510742187501,4.182452545166016,8.749904479980469
1748973795461,-0.659678192138672,4.1076081848144534,8.778944091796875
1748973795529,-0.7677534484863282,4.121080169677734,8.764124908447267
1748973795599,-0.7649093627929688,4.12661865234375,8.786578216552735
1748973795662,-0.5825885009765626,4.128414916992187,8.590336303710938
1748973795728,-0.6613247680664063,4.071383514404297,8.744964752197266
1748973795796,-0.6821315002441407,4.191882934570312,8.819659423828126
1748973795862,-0.6481521606445313,4.07677230834961,8.882828063964844
1748973795929,-0.7691006469726563,4.187691650390625,8.725804595947267
1748973795998,-0.8860075378417969,4.20325927734375,8.701854400634765
1748973796062,-0.6233038330078126,4.1833506774902345,8.794362030029298
1748973796129,-0.6230044555664063,4.079915771484375,8.74511444091797
1748973796198,-0.6724017333984376,4.143533477783203,8.733738098144531
1748973796262,-0.7229965209960938,4.219874725341797,8.743617553710937
1748973796329,-0.7232958984375001,4.157604217529297,8.819060668945314
1748973796398,-0.7249424743652344,4.132606201171876,8.754245452880859
1748973796461,-0.7394622802734375,4.135300598144531,8.806786193847657
1748973796529,-0.6303392028808594,4.139491882324219,8.764723663330079
1748973796596,-0.6577322387695312,4.143533477783203,8.76666961669922
1748973796662,-0.7107220458984376,4.145629119873047,8.813522186279297
1748973796729,-0.6683601379394531,4.200115814208985,8.68763397216797
1748973796800,-0.7231462097167969,4.1799078369140625,8.744515686035157
1748973796862,-0.6987469482421875,4.182003479003907,8.73179214477539
1748973796946,-0.7315287780761719,4.170327758789063,8.727301483154298
1748973796995,-0.7512876892089844,4.089046783447266,8.757388916015625
1748973797062,-0.6659651184082032,4.112697601318359,8.799152069091797
1748973797129,-0.702938232421875,4.177812194824219,8.709638214111328
1748973797197,-0.7276368713378907,4.123624877929688,8.819958801269532
1748973797262,-0.6991960144042969,4.112547912597656,8.76382553100586
1748973797329,-0.6472540283203125,4.153113555908203,8.725654907226563
1748973797399,-0.7168592834472657,4.105662231445312,8.75469451904297
1748973797462,-0.8129594421386719,4.171974334716797,8.745862884521484
1748973797529,-0.7952961730957032,4.144880676269532,8.77729751586914
1748973797596,-0.8006849670410157,4.195475463867187,8.72026611328125
1748973797662,-0.6548881530761719,4.095333709716797,8.813821563720703
1748973797729,-0.6727011108398437,4.11748764038086,8.752000122070314
1748973797799,-0.7259902954101562,4.124972076416016,8.794362030029298
1748973797862,-0.69695068359375,4.154460754394531,8.716972961425782
1748973797929,-0.7801776123046875,4.148024139404297,8.750203857421875
1748973797996,-0.7545808410644531,4.165986785888672,8.755742340087892
1748973798062,-0.7961943054199219,4.110003204345704,8.828191680908203
1748973798129,-0.6318360900878907,4.077071685791016,8.735534362792968
1748973798195,-0.6884184265136719,4.136498107910157,8.728199615478516
1748973798262,-0.8017327880859375,4.157454528808594,8.850345611572266
1748973798329,-0.7599696350097657,4.120182037353516,8.75229949951172
1748973798399,-0.6765930175781251,4.1076081848144534,8.784632263183594
1748973798461,-0.6683601379394531,4.103267211914063,8.689729614257812
1748973798529,-0.7322772216796876,4.140390014648438,8.805438995361328
1748973798599,-0.6505471801757813,4.143084411621094,8.694519653320313
1748973798662,-0.798739013671875,4.152514801025391,8.787626037597656
1748973798729,-0.6273454284667969,4.187541961669922,8.69631591796875
1748973798799,-0.6553372192382813,4.144581298828125,8.807983703613282
1748973798862,-0.7318281555175782,4.131857757568359,8.76861557006836
1748973798929,-0.7117698669433594,4.137994995117188,8.741521911621094
1748973799000,-0.72090087890625,4.135001220703125,8.79256576538086
1748973799061,-0.7232958984375001,4.136049041748047,8.774303741455078
1748973799129,-0.7011419677734375,4.13140869140625,8.721613311767578
1748973799199,-0.6715036010742188,4.159400482177735,8.727002105712891
1748973799262,-0.7638615417480469,4.136348419189454,8.795559539794922
1748973799329,-0.7825726318359375,4.144880676269532,8.761280822753907
1748973799399,-0.6906637573242188,4.131857757568359,8.803193664550781
1748973799461,-0.6456074523925781,4.11703857421875,8.756490783691406
1748973799529,-0.6762936401367188,4.139192504882812,8.711733856201173
1748973799596,-0.7771838378906251,4.1198826599121094,8.800948333740235
1748973799662,-0.8018824768066407,4.128115539550781,8.800499267578125
1748973799729,-0.8568182373046875,4.158951416015626,8.789721679687501
1748973799799,-0.7340734863281251,4.1288639831542975,8.74900634765625
1748973799862,-0.7035369873046875,4.113296356201172,8.844657440185546
1748973799929,-0.7235952758789063,4.135599975585937,8.768765258789063
1748973799994,-0.779578857421875,4.089795227050781,8.832083587646485
1748973800062,-0.7336244201660157,4.147275695800781,8.729995880126953
1748973800129,-0.7661068725585938,4.154909820556641,8.721313934326172
1748973800198,-0.8062234497070313,4.130211181640625,8.799002380371094
1748973800262,-0.8138575744628906,4.123175811767578,8.776399383544922
1748973800329,-0.7093748474121094,4.130061492919922,8.779393157958985
1748973800398,-0.7384144592285157,4.095184020996094,8.775351562500001
1748973800461,-0.6933581542968751,4.117787017822266,8.720116424560548
1748973800529,-0.9587562561035157,4.076921997070313,8.848998413085939
1748973800599,-0.6414161682128906,4.104015655517578,8.722960510253907
1748973800662,-0.7873626708984376,4.130959625244141,8.803043975830079
1748973800729,-0.7340734863281251,4.068090362548828,8.831484832763673
1748973800798,-0.7842192077636719,4.146078186035156,8.760083312988282
1748973800862,-0.7846682739257813,4.124672698974609,8.79885269165039
1748973800929,-0.7435038757324219,4.096830596923828,8.743467864990235
1748973800998,-0.8189469909667969,4.152514801025391,8.744365997314453
1748973801062,-0.8063731384277344,4.052672424316406,8.866961059570313
1748973801129,-0.6973997497558594,4.138893127441406,8.645421752929687
1748973801199,-0.8018824768066407,4.087250518798828,8.731941833496094
1748973801262,-0.7520361328125,4.193230133056641,8.722661132812501
1748973801329,-0.7816744995117187,4.078568572998047,8.853040008544923
1748973801398,-0.6765930175781251,4.106410675048829,8.727002105712891
1748973801461,-0.7807763671875,4.121978302001954,8.804840240478516
1748973801529,-0.7414082336425781,4.135001220703125,8.756790161132812
1748973801599,-0.7035369873046875,4.110751647949219,8.779542846679687
1748973801661,-0.7713459777832031,4.084107055664063,8.741222534179688
1748973801729,-0.798739013671875,4.1305105590820315,8.840915222167968
1748973801800,-0.7464976501464844,4.071233825683594,8.766519927978516
1748973801862,-0.5828878784179687,4.102818145751954,8.742120666503906
1748973801954,-0.8828640747070313,4.131708068847656,8.860973510742188
1748973801995,-0.8261320495605469,4.211941223144532,8.742719421386719
1748973802062,-0.7527845764160157,4.089495849609375,8.86202133178711
1748973802129,-0.6819818115234375,4.163741455078125,8.698860626220704
1748973802195,-0.7364685058593751,4.190086669921875,8.77295654296875
1748973802262,-0.6855743408203125,4.125870208740235,8.773106231689454
1748973802329,-0.6732998657226563,4.171824645996094,8.729546813964845
1748973802396,-0.7246430969238281,4.172573089599609,8.801247711181642
1748973802461,-0.7393125915527344,4.163891143798828,8.728199615478516
1748973802529,-0.6701564025878907,4.1375459289550784,8.785530395507813
1748973802599,-0.6658154296875001,4.1481738281250005,8.735534362792968
1748973802662,-0.6815327453613281,4.128414916992187,8.769962768554688
1748973802729,-0.6557862854003906,4.195924530029297,8.708590393066407
1748973802799,-0.7364685058593751,4.138893127441406,8.784183197021484
1748973802862,-0.7491920471191407,4.177063751220703,8.723858642578126
1748973802929,-0.6722520446777344,4.17017807006836,8.728948059082033
1748973803000,-0.6899153137207031,4.14577880859375,8.76053237915039
1748973803062,-0.6912625122070313,4.16014892578125,8.721463623046876
1748973803129,-0.7554789733886719,4.158352661132812,8.74511444091797
1748973803195,-0.700543212890625,4.187841339111328,8.771908721923829
1748973803262,-0.6255491638183595,4.153562622070313,8.735234985351562
1748973803329,-0.6384223937988281,4.1218286132812505,8.736881561279297
1748973803395,-0.7125183105468751,4.172423400878906,8.719218292236329
1748973803462,-0.7093748474121094,4.167184295654297,8.77729751586914
1748973803529,-0.647852783203125,4.187841339111328,8.683592376708985
1748973803595,-0.7286846923828125,4.146527252197266,8.737630004882813
1748973803662,-0.6626719665527344,4.157604217529297,8.740474090576173
1748973803729,-0.6542893981933594,4.160747680664063,8.747060394287109
1748973803795,-0.6673123168945313,4.160747680664063,8.726702728271485
1748973803862,-0.6656657409667969,4.132905578613282,8.701704711914063
1748973803929,-0.6212081909179688,4.174219665527344,8.77340560913086
1748973803996,-0.7033872985839844,4.154760131835937,8.72026611328125
1748973804062,-0.6547384643554688,4.146976318359375,8.731941833496094
1748973804129,-0.7132667541503906,4.132755889892579,8.721463623046876
1748973804199,-0.7032376098632813,4.13859375,8.784632263183594
1748973804262,-0.6544390869140625,4.161047058105469,8.681047668457031
1748973804328,-0.6938072204589845,4.217330017089844,8.664282531738282
1748973804395,-0.6051914978027344,4.091441802978516,8.948541412353515
1748973804462,-0.7961943054199219,4.208348693847657,8.681796112060548
1748973804528,-0.7955955505371094,4.011058959960938,8.744365997314453
1748973804599,-0.8952882385253906,4.199367370605469,8.75664047241211
1748973804662,-0.9780661010742188,4.325704650878906,8.665330352783204
1748973804729,-0.8138575744628906,3.989803161621094,8.913364562988281
1748973804799,-1.0051597595214845,4.151017913818359,9.04015090942383
1748973804862,-0.6530918884277344,4.242328033447266,8.518186340332031
1748973804929,-0.4836442565917969,3.9637573242187503,8.640631713867188
1748973804996,-0.40670425415039063,3.9044805908203126,8.91037078857422
1748973805062,-0.42586441040039064,3.9746846008300785,8.863967285156251
1748973805129,-0.6358776855468751,3.9941441345214845,8.83567611694336
1748973805199,-0.6926097106933594,4.026476898193359,8.85244125366211
1748973805262,-0.6712042236328125,4.081861724853516,8.885672149658204
1748973805329,-0.8373587036132812,4.225862274169922,8.6364404296875
1748973805399,-0.8674461364746094,4.197870483398438,8.690927124023437
1748973805462,-0.8675958251953125,4.041745147705078,8.141868896484375
1748973805529,0.9026229858398438,8.504265289306641,8.59617416381836
1748973805594,-0.929117889404297,6.835086364746094,10.84225341796875
1748973805662,-1.265618133544922,6.381679229736329,8.653804321289062
1748973805729,-0.4878355407714844,3.4224829101562504,7.612569580078126
1748973805799,-0.1872605895996094,2.9862899780273438,7.578141174316406
1748973805862,-0.8219407653808594,2.635718994140625,7.337890777587891
1748973805929,1.638043670654297,3.0987062072753906,8.419840850830079
1748973805996,2.0745359802246095,3.627107391357422,8.759783935546876
1748973806062,1.0880873107910156,3.490591278076172,8.613538055419923
1748973806128,1.3186079406738282,3.524271240234375,8.778794403076173
1748973806199,1.3082794189453126,3.510050811767578,9.7285693359375
1748973806262,0.5319937133789063,3.9782771301269535,8.2628173828125
1748973806329,0.5313949584960938,3.2816258239746094,9.334588623046875
1748973806400,0.38619689941406254,3.2241453552246093,9.461973724365235
1748973806461,0.197589111328125,3.4382002258300783,9.562714233398438
1748973806529,0.37122802734375004,3.0301487731933596,9.408834228515625
1748973806599,0.6629713439941407,3.373983764648438,8.424630889892578
1748973806662,0.5453160095214844,3.230581970214844,9.237440643310547
1748973806728,0.5156776428222657,3.217259674072266,9.351353759765626
1748973806799,0.5596861267089844,3.2260913085937504,8.724158020019532
1748973806861,0.27931915283203124,3.2425570678710938,9.548643493652344
1748973806942,0.7812254333496094,3.297792205810547,8.465944976806641
1748973806995,0.6457571411132813,3.3621583557128907,9.241182861328125
1748973807062,0.7098239135742188,2.9154872131347656,9.396709442138672
1748973807128,0.7788304138183594,3.722908172607422,8.477770385742188
1748973807200,0.5836363220214844,2.8122019958496094,9.952503662109375
1748973807262,0.6315367126464844,3.4516722106933595,9.557475128173829
1748973807329,0.5605842590332032,3.368295593261719,8.958271179199219
1748973807400,0.4213737487792969,3.3112641906738283,9.194180603027345
1748973807461,0.36254608154296875,3.3482373046875002,9.085805969238281
1748973807528,0.36434234619140626,3.2877630615234374,8.940009155273438
1748973807597,0.43918670654296876,3.353626098632813,8.83283203125
1748973807662,-0.02664459228515625,3.1496003723144534,9.691895599365235
1748973807728,0.38889129638671877,3.1365774536132816,8.770112457275392
1748973807799,-0.0056881713867187505,3.0195208740234376,9.195827178955078
1748973807862,-0.16046630859375,3.117117919921875,9.316476287841798
1748973807929,-0.44262954711914065,2.9728179931640626,9.579778747558594
1748973808000,-0.47451324462890626,2.9650341796875,9.156908111572266
1748973808062,-0.4225712585449219,3.0398785400390627,9.109905853271485
1748973808129,-0.6929090881347657,2.970872039794922,9.36108352661133
1748973808200,-0.6225553894042969,2.8765681457519534,9.357041931152343
1748973808262,-0.5469625854492188,2.960094451904297,9.311087493896485
1748973808329,-0.31883697509765624,3.021167449951172,9.08565628051758
1748973808395,-0.13995895385742188,3.0744566345214843,9.242679748535156
1748973808461,-0.06900650024414062,3.1060409545898438,9.122479705810548
1748973808529,-0.3242257690429688,3.0026060485839845,9.285939788818359
1748973808595,-0.46223876953125004,3.144510955810547,8.999884643554688
1748973808662,-0.5993536376953126,2.9506640625,9.369017028808594
1748973808729,-0.31090347290039066,3.270997924804688,9.013805694580078
1748973808799,-0.19025436401367188,3.2157627868652345,9.040450286865235
1748973808862,-0.195194091796875,3.2217503356933594,9.078022155761719
1748973808929,-0.26120681762695314,3.190016326904297,9.17861297607422
1748973808997,-0.10343490600585938,3.1957044982910157,9.188342742919922
1748973809062,-0.06840774536132813,3.177891540527344,9.080716552734376
1748973809129,-0.14175521850585937,3.2433055114746097,9.069489898681642
1748973809195,-0.29533584594726564,2.9388386535644533,9.09673324584961
1748973809262,-0.40894958496093753,3.117716674804688,8.662785644531251
1748973809329,-0.2652484130859375,3.1401699829101566,8.784931640625
1748973809395,-0.39697448730468754,3.0038035583496097,9.841883697509767
1748973809461,0.09385482788085937,3.041375427246094,9.106013946533203
1748973809529,-0.04266128540039063,3.253783721923828,9.524244232177734
1748973809596,-0.19444564819335938,3.3052766418457034,8.986412658691407
1748973809662,-0.2854563903808594,3.147205352783203,9.175619201660156
1748973809728,-0.03442840576171875,3.3322206115722657,9.06799301147461
1748973809798,0.0461041259765625,3.1319371032714844,9.18295394897461
1748973809862,-0.09101074218750001,3.2865655517578127,9.22651336669922
1748973809929,-0.19564315795898438,3.2217503356933594,9.092991027832031
1748973809995,-0.1095721435546875,3.2859667968750004,9.186995544433595
1748973810062,-0.012873229980468751,3.2621662902832034,9.164093170166016
1748973810137,0.17812957763671877,3.2256422424316407,9.117689666748047
1748973810195,-0.21046234130859376,3.3525782775878907,9.040749664306642
1748973810262,-0.21929397583007815,2.944826202392578,8.861422576904298
1748973810329,-0.10627899169921876,3.234473876953125,9.088799743652345
1748973810395,0.07768844604492188,3.1246023559570313,9.247469787597657
1748973810462,0.16720230102539063,3.3165032958984377,9.13505355834961
1748973810529,-0.05433700561523438,3.4684373474121095,8.977281646728516
1748973810598,-0.0034428405761718754,3.3284783935546876,8.793613586425781
1748973810662,-0.34817596435546877,3.170856170654297,9.461374969482423
1748973810729,-0.29294082641601565,3.3254846191406253,8.993597717285157
1748973810795,-0.5541476440429688,3.2692016601562504,9.532626800537109
1748973810862,-0.8041278076171875,3.087329864501953,9.882000274658203
1748973810933,-0.3546125793457031,3.1952554321289064,8.958420867919923
1748973810995,-0.35131942749023437,3.1928604125976565,9.269474029541016
1748973811062,-0.4140390014648438,3.217708740234375,8.996591491699219
1748973811129,-0.4195774841308594,3.194357299804688,9.145980834960938
1748973811195,-0.41927810668945314,3.210523681640625,9.850266265869141
1748973811262,0.22303619384765627,3.4215847778320314,8.048762512207032
1748973811329,-0.5105882263183594,3.215014343261719,9.786798248291015
1748973811395,-0.12139755249023439,3.3177008056640624,8.793314208984375
1748973811462,-0.13097763061523438,3.4215847778320314,9.298513641357422
1748973811529,0.14639556884765625,3.4923875427246096,8.954678649902345
1748973811599,-0.03397933959960937,3.0635293579101566,9.191785583496094
1748973811662,-0.19399658203125,3.237018585205078,9.068891143798828
1748973811729,0.2173480224609375,3.198249206542969,9.129365386962892
1748973811800,-0.3514691162109375,3.150797882080078,9.833052062988282
1748973811862,-0.17603393554687502,3.6585420227050784,8.810827789306641
1748973811943,-0.12184661865234375,3.380121002197266,9.115294647216798
1748973811995,0.1143621826171875,3.3799713134765628,8.848399658203125
1748973812062,0.22303619384765627,3.336112518310547,9.200018463134766
1748973812129,0.27497817993164064,3.3843122863769532,8.887019348144532
1748973812197,0.09490264892578125,3.3452435302734376,9.130712585449219
1748973812262,0.022303619384765626,3.287164306640625,9.015601959228515
1748973812329,0.0089813232421875,3.308420104980469,9.044192504882814
1748973812398,0.027542724609375003,3.287164306640625,9.104217681884766
1748973812461,-0.08846603393554688,3.3283287048339845,9.180259552001953
1748973812529,0.02424957275390625,3.2828233337402346,9.080716552734376
1748973812597,0.00269439697265625,3.230432281494141,9.190438385009767
1748973812662,-0.11825408935546876,3.2620166015625003,9.168134765625
1748973812729,-0.118553466796875,3.275039520263672,9.179361419677734
1748973812795,-0.12169692993164063,3.2885115051269533,9.018446044921875
1748973812862,-0.20537292480468752,3.267555084228516,9.174421691894532
1748973812929,-0.21884490966796877,3.234024810791016,9.11304931640625
1748973812996,-0.20028350830078126,3.246448974609375,9.075776824951172
1748973813062,-0.2662962341308594,3.2169602966308597,9.265133056640625
1748973813129,-0.207169189453125,3.254232788085938,9.050479431152343
1748973813198,-0.25776397705078125,3.3091685485839846,9.111702117919922
1748973813262,-0.15477813720703126,3.210224304199219,9.252708892822266
1748973813329,-0.20103195190429687,3.137176208496094,9.0867041015625
1748973813399,-0.40086639404296875,3.2519874572753906,9.196126556396484
1748973813462,-0.417930908203125,3.1510972595214843,9.183403015136719
1748973813529,-0.40086639404296875,2.9774583435058597,9.397757263183594
1748973813599,0.02125579833984375,3.36021240234375,8.482410736083985
1748973813662,-0.46178970336914066,3.2823742675781253,9.357640686035158
1748973813729,-0.22034179687500002,3.2793804931640627,9.147477722167968
1748973813799,-0.1251397705078125,3.2611184692382813,9.254056091308595
1748973813862,-0.12948074340820312,3.382965087890625,9.092541961669923
1748973813929,-0.12618759155273437,3.2717463684082033,9.165590057373047
1748973813997,-0.013921051025390626,3.4477803039550783,9.081015930175782
1748973814062,-0.10388397216796875,3.3663496398925785,9.137747955322267
1748973814129,0.02245330810546875,3.4187406921386723,9.144034881591798
1748973814199,-0.16256195068359375,3.5628909301757816,8.790021057128907
1748973814262,-1.0541079711914063,3.2861164855957035,9.96612533569336
1748973814329,-0.18037490844726564,3.484603729248047,7.791447601318359
1748973814399,-0.257464599609375,2.9452752685546875,8.319998474121094
1748973814461,-0.21405487060546877,2.3715184020996096,9.275760955810547
1748973814528,-0.9412426757812501,2.621498565673828,9.166188812255859
1748973814595,-0.08352630615234376,3.1115794372558594,8.954229583740235
1748973814662,0.4686753845214844,4.592150573730469,8.825497283935547
1748973814729,-1.8693127441406252,5.918392639160157,10.20368133544922
1748973814799,-0.22273681640625,3.463048553466797,9.282347259521485
1748973814862,0.389190673828125,3.4046699523925783,8.647367706298828
1748973814929,-0.43260040283203127,3.5613940429687503,9.185199279785158
1748973814996,-0.5950126647949219,3.4016761779785156,8.876840515136719
1748973815062,-0.8023315429687501,5.00603988647461,9.144933013916017
1748973815129,-0.7704478454589844,3.8769378662109375,9.031768341064453
1748973815198,-0.5188211059570312,3.740571441650391,8.801397399902344
1748973815262,-0.4908293151855469,3.442990264892578,8.748407592773438
1748973815329,-0.48334487915039065,2.4863296508789063,9.220675506591798
1748973815399,-1.0074050903320313,5.5923706054687505,9.071435852050781
1748973815461,-1.129401397705078,5.120701446533204,9.217382354736328
1748973815529,-1.323098602294922,4.145629119873047,9.547895050048828
1748973815598,-1.0065069580078125,3.911815338134766,8.717721405029298
1748973815662,-0.963995361328125,3.7582347106933596,8.51429443359375
1748973815729,-0.908909912109375,4.022884368896484,9.170080718994141
1748973815795,-0.6442602539062501,4.116739196777344,8.458011474609375
1748973815861,-1.3810281372070312,4.075125732421875,8.935668182373048
1748973815929,-1.1216175842285157,4.086801452636719,8.736731872558595
1748973815996,-1.097966766357422,3.9872584533691406,8.81501907348633
1748973816062,-1.1832893371582032,4.0571630859375,8.789571990966797
1748973816129,-0.8222401428222657,3.9910006713867188,8.662037200927735
1748973816198,-0.8969348144531251,3.9915994262695316,8.871451721191407
1748973816262,-1.0434800720214845,4.101770324707031,8.607849884033204
1748973816329,-0.959055633544922,4.087250518798828,8.665779418945313
1748973816396,-1.1946656799316406,4.084107055664063,8.926537170410157
1748973816462,-1.0511141967773439,4.084406433105469,8.841513977050782
1748973816529,-0.7164102172851563,4.242627410888672,8.632997589111328
1748973816599,-0.8066725158691407,4.072880401611329,8.916807403564453
1748973816662,-0.8851094055175782,4.308041381835937,8.544232177734376
1748973816729,-0.6611750793457032,4.227808227539063,8.876840515136719
1748973816798,-0.47615982055664063,4.134552154541016,8.76906463623047
1748973816862,-0.271834716796875,4.239034881591797,8.395142211914063
1748973816952,-0.4243675231933594,3.932173004150391,8.821605377197265
1748973816995,-0.9542655944824219,3.7514987182617188,9.286987609863282
1748973817062,-0.580792236328125,3.875890045166016,8.547525329589844
1748973817129,-0.8544232177734375,4.150269470214844,8.693771209716797
1748973817197,-1.137783966064453,4.213438110351563,8.730594635009766
1748973817262,-1.2912149047851562,4.035009155273437,8.874595184326171
1748973817329,-0.929117889404297,3.7844302368164064,9.00617156982422
1748973817399,-0.5797444152832032,3.8883142089843754,8.668922882080079
1748973817461,-0.7685018920898438,4.027824096679688,8.708889770507813
1748973817529,-1.176104278564453,3.9366636657714844,8.861721954345704
1748973817599,-1.1491603088378908,3.9875578308105473,8.786727905273438
1748973817662,-1.1563453674316406,3.992198181152344,8.73942626953125
1748973817729,-1.272952880859375,3.9654039001464847,8.820108489990234
1748973817800,-1.0174342346191407,4.015100555419922,8.709787902832032
1748973817862,-1.1304492187500002,3.9002893066406252,8.868308258056642
1748973817929,-1.015338592529297,3.991150360107422,8.770112457275392
1748973817997,-0.987945556640625,3.9207966613769534,8.822653198242188
1748973818062,-1.064735870361328,3.971990203857422,8.785829772949219
1748973818129,-1.124311981201172,3.968247985839844,8.786727905273438
1748973818200,-1.0782078552246095,3.9770796203613283,8.759634246826172
1748973818262,-1.0906320190429688,3.938609619140625,8.866511993408203
1748973818329,-1.1551478576660157,4.036506042480469,8.819659423828126
1748973818399,-1.1416758728027345,3.952830047607422,8.813522186279297
1748973818462,-1.1731105041503906,4.020040283203125,8.759933624267578
1748973818529,-1.012943572998047,3.879482574462891,8.835227050781251
1748973818599,-0.8138575744628906,3.903732147216797,8.792715454101563
1748973818662,-1.054856414794922,3.9570213317871095,8.834179229736328
1748973818729,-1.224902801513672,4.036655731201172,8.768016815185547
1748973818800,-1.0298583984375,3.910767517089844,8.82564697265625
1748973818862,-0.9704319763183594,3.926484832763672,8.725654907226563
1748973818929,-1.1358380126953125,3.958518218994141,8.81501907348633
1748973819000,-1.1042536926269533,3.993096313476563,8.77819564819336
1748973819062,-1.0159373474121094,4.008963317871094,8.797954559326172
1748973819129,-1.166224822998047,3.9317239379882816,8.839717712402344
1748973819196,-1.1297007751464845,3.9558238220214847,8.762328643798828
1748973819261,-0.9499246215820313,3.9444474792480473,8.669521636962891
1748973819329,-1.084644470214844,3.983815612792969,8.801098022460938
1748973819396,-1.1573931884765625,3.962709503173828,8.91186767578125
1748973819462,-1.0719209289550782,3.9046302795410157,8.914861450195312
1748973819529,-1.1602372741699218,3.949087829589844,8.815168762207032
1748973819595,-0.9972262573242188,3.908821563720703,8.796158294677735
1748973819662,-1.0244696044921875,3.9172041320800783,8.766370239257814
1748973819729,-1.165027313232422,3.907324676513672,8.794661407470704
1748973819795,-1.2900173950195313,3.9883062744140627,8.794811096191406
1748973819862,-1.3248948669433593,4.017645263671875,8.739875335693359
1748973819929,-1.129251708984375,3.895499267578125,8.877888336181641
1748973819995,-1.2052935791015627,3.985013122558594,8.797954559326172
1748973820062,-1.2361294555664064,3.949087829589844,8.832981719970704
1748973820128,-1.0425819396972658,4.049828338623047,8.664881286621094
1748973820196,-1.0557545471191407,3.6154316711425785,9.022787017822266
1748973820262,-1.0175839233398438,4.171225891113282,8.492439880371094
1748973820329,-1.1817924499511718,3.9422021484375,8.839717712402344
1748973820398,-1.143472137451172,4.029470672607422,8.626261596679688
1748973820462,-1.3093272399902345,4.06958724975586,8.750503234863281
1748973820528,-1.146016845703125,3.9805224609375003,8.802894287109375
1748973820598,-0.8607101440429688,3.8613702392578126,8.792266387939453
1748973820662,-0.9934840393066406,3.9175035095214845,8.863218841552735
1748973820728,-1.0617420959472657,3.952979736328125,8.82849105834961
1748973820796,-1.0527607727050783,3.993246002197266,8.806337127685547
1748973820862,-1.066831512451172,3.976780242919922,8.772357788085937
1748973820929,-1.076561279296875,3.937262420654297,8.801397399902344
1748973820995,-1.0820997619628907,3.9725889587402348,8.766370239257814
1748973821062,-1.0529104614257814,3.9439984130859376,8.780440979003906
1748973821129,-1.146016845703125,3.989503784179688,8.82849105834961
1748973821195,-1.153052215576172,3.991150360107422,8.764274597167969
1748973821262,-1.1466156005859376,3.9630088806152344,8.802744598388673
1748973821329,-1.0488688659667968,3.9402561950683594,8.802594909667969
1748973821395,-1.1057505798339844,4.013304290771485,8.71113510131836
1748973821462,-1.1320957946777344,3.9163059997558594,8.868158569335938
1748973821529,-1.0723699951171874,3.999532928466797,8.734935607910156
1748973821595,-1.0433303833007812,3.992048492431641,8.77729751586914
1748973821661,-1.0761122131347656,3.9592666625976562,8.768465881347657
1748973821728,-0.9996212768554688,3.8791831970214847,8.775201873779297
1748973821795,-1.01788330078125,3.9652542114257816,8.776100006103515
1748973821861,-1.1323951721191408,3.976630554199219,8.788075103759766
1748973821951,-1.114731903076172,3.9474412536621095,8.791517944335938
1748973821995,-1.0831475830078126,3.976630554199219,8.776100006103515
1748973822061,-1.1217672729492187,3.967050476074219,8.806636505126953
1748973822128,-1.1481124877929687,3.968397674560547,8.849597167968751
1748973822195,-1.0948233032226562,3.9742355346679688,8.75185043334961
1748973822262,-1.1084449768066407,3.9447468566894535,8.795260162353516
1748973822329,-1.1199710083007812,3.955524444580078,8.819509735107422
1748973822395,-1.0520123291015626,3.9914497375488285,8.740324401855469
1748973822462,-1.1060499572753906,3.9113662719726565,8.831035766601563
1748973822529,-1.0527607727050783,3.9338195800781253,8.841513977050782
1748973822596,-1.1499087524414062,3.9951919555664066,8.759783935546876
1748973822662,-1.184486846923828,3.9329214477539063,8.774603118896485
1748973822729,-1.0599458312988281,3.9302270507812502,8.810378723144531
1748973822795,-1.0481204223632814,3.8971458435058595,8.775501251220703
1748973822862,-0.9967771911621094,3.879482574462891,8.791218566894532
1748973822929,-1.402134246826172,3.9944435119628907,8.841813354492189
1748973822997,-1.3635145568847657,4.039200439453126,8.70679412841797
1748973823062,-1.0997630310058595,3.9149588012695316,8.658594360351563
1748973823129,-0.9725276184082031,3.835474090576172,8.878636779785158
1748973823195,-1.1834390258789063,3.9471418762207033,8.862620086669923
1748973823262,-1.336271209716797,3.9892044067382812,8.833131408691406
1748973823329,-1.1599378967285157,4.041595458984375,8.666827239990235
1748973823396,-1.2699591064453126,3.9109172058105472,8.795709228515625
1748973823462,-1.2448114013671876,4.023483123779297,8.634344787597657
1748973823528,-0.9842033386230469,3.935765533447266,8.764274597167969
1748973823599,-1.0642868041992188,3.9818696594238285,8.82370101928711
1748973823662,-1.1109896850585939,3.9219941711425785,8.810079345703125
1748973823728,-1.1307485961914063,3.9151084899902346,8.723858642578126
1748973823798,-1.174607391357422,4.020938415527344,8.768016815185547
1748973823862,-1.213077392578125,3.973187713623047,8.846603393554688
1748973823928,-1.167572021484375,3.986210632324219,8.79496078491211
1748973823995,-1.093176727294922,3.9366636657714844,8.805289306640626
1748973824062,-1.0952723693847657,3.949237518310547,8.837322692871094
1748973824128,-1.1276051330566408,3.9740858459472657,8.725355529785157
1748973824195,-1.208137664794922,3.9378611755371096,8.8280419921875
1748973824262,-1.0996133422851564,3.9998323059082033,8.755592651367188
1748973824329,-1.0755134582519532,3.902684326171875,8.849148101806641
1748973824395,-1.1527528381347656,3.976780242919922,8.75229949951172
1748973824462,-1.1825408935546875,3.9496865844726563,8.803642730712891
1748973824529,-1.1476634216308594,3.9619610595703127,8.77580062866211
1748973824597,-1.1726614379882814,3.9833665466308594,8.76666961669922
1748973824662,-1.1130853271484376,3.951632537841797,8.763675842285156
1748973824729,-1.0889854431152344,3.963158569335938,8.774752807617189
1748973824799,-1.1160791015625,3.925137634277344,8.83283203125
1748973824862,-1.1713142395019531,3.9781274414062504,8.805888061523438
1748973824929,-1.1283535766601562,4.041595458984375,8.758287048339843
1748973824999,-1.2293934631347656,3.9110668945312503,8.783734130859376
1748973825062,-0.980760498046875,3.9540275573730472,8.778944091796875
1748973825129,-1.0770103454589843,3.9074743652343753,8.788673858642579
1748973825195,-1.1500584411621095,4.025129699707032,8.776698760986328
1748973825262,-1.1859837341308594,3.9736367797851564,8.783135375976563
1748973825329,-1.1879296875,3.9701939392089844,8.759185180664064
1748973825399,-1.1473640441894533,3.9616616821289066,8.795260162353516
1748973825462,-1.1048524475097656,3.9689964294433597,8.776848449707032
1748973825529,-1.1473640441894533,3.9278320312500004,8.858578491210938
1748973825596,-1.1581416320800781,3.9821690368652347,8.737330627441407
1748973825662,-1.162632293701172,3.962709503173828,8.821006622314453
1748973825728,-1.1442205810546875,3.972289581298828,8.784033508300782
1748973825796,-1.1635304260253907,3.956123199462891,8.848848724365235
1748973825862,-1.140029296875,3.9700442504882814,8.781638488769532
1748973825929,-1.197360076904297,3.9616616821289066,8.748856658935548
1748973825995,-1.191522216796875,3.952530670166016,8.772357788085937
1748973826062,-1.136436767578125,3.9522312927246097,8.734187164306642
1748973826129,-1.1452684020996093,3.9667510986328125,8.810528411865235
1748973826195,-1.1379336547851564,3.9422021484375,8.769962768554688
1748973826262,-1.14242431640625,3.948938140869141,8.806935882568359
1748973826329,-1.1466156005859376,4.005221099853516,8.769513702392578
1748973826395,-1.1665242004394532,3.9499859619140625,8.82040786743164
1748973826462,-1.2096345520019531,3.980372772216797,8.750353546142579
1748973826529,-1.118324432373047,3.95941635131836,8.8472021484375
1748973826599,-1.116228790283203,3.953877868652344,8.781788177490235
1748973826662,-1.0579998779296875,3.939208374023438,8.832532653808594
1748973826729,-1.1193722534179689,3.9938447570800784,8.765621795654297
1748973826795,-1.1112890625,3.9761814880371094,8.79346389770508
1748973826862,-1.2202624511718752,3.960015106201172,8.812773742675782
1748973826952,-1.09452392578125,3.9770796203613283,8.75903549194336
1748973826995,-1.1026071166992188,3.9901025390625002,8.779393157958985
1748973827062,-1.0948233032226562,3.9607635498046876,8.762777709960938
1748973827129,-1.1000624084472657,3.970643005371094,8.825197906494141
1748973827197,-1.1258088684082033,3.982767791748047,8.815318450927736
1748973827262,-1.1153306579589843,3.9679486083984377,8.742569732666016
1748973827329,-1.1006611633300782,3.9751336669921877,8.831634521484375
1748973827399,-1.1165281677246095,3.949237518310547,8.83807113647461
1748973827462,-1.1054512023925782,3.981420593261719,8.780740356445312
1748973827529,-1.122964782714844,3.986210632324219,8.855584716796875
1748973827599,-1.1719129943847657,3.9866596984863283,8.747210083007813
1748973827662,-1.1946656799316406,3.9576200866699223,8.79780487060547
1748973827729,-1.1596385192871095,3.9674995422363284,8.799750823974609
1748973827797,-1.1909234619140625,3.969146118164063,8.84001708984375
1748973827862,-1.0707234191894532,3.9567219543457033,8.768765258789063
1748973827929,-1.145867156982422,3.9377114868164065,8.84765121459961
1748973827997,-1.1837384033203127,3.9511834716796876,8.786727905273438
1748973828062,-1.1165281677246095,3.942950592041016,8.792266387939453
1748973828129,-1.1798464965820312,3.960015106201172,8.803942108154297
1748973828200,-1.16158447265625,3.9583685302734377,8.810977478027343
1748973828262,-1.197360076904297,3.9442977905273438,8.799451446533203
1748973828329,-1.1524534606933594,3.988605651855469,8.790769500732422
1748973828400,-1.197360076904297,3.9535784912109375,8.85004623413086
1748973828462,-1.1388317871093752,3.932173004150391,8.826694793701172
1748973828529,-1.1549981689453126,3.963158569335938,8.833580474853516
1748973828600,-1.1927197265625,3.9531294250488282,8.80738494873047
1748973828662,-1.1879296875,3.9558238220214847,8.82130599975586
1748973828729,-1.131347351074219,3.9664517211914063,8.780291290283204
1748973828797,-1.161285095214844,3.9170544433593752,8.848399658203125
1748973828862,-1.1832893371582032,3.989054718017578,8.769663391113282
1748973828929,-1.169667663574219,3.967050476074219,8.805438995361328
1748973829000,-1.182840270996094,3.945944366455078,8.837472381591798
1748973829062,-1.1880793762207031,3.962559814453125,8.794661407470704
1748973829129,-1.1180250549316406,3.934867401123047,8.77490249633789
1748973829197,-1.1928694152832031,3.943100280761719,8.862919464111329
1748973829262,-1.1320957946777344,3.9724392700195312,8.755742340087892
1748973829329,-1.1653266906738282,3.958518218994141,8.809779968261719
1748973829399,-1.082548828125,3.942351837158203,8.812624053955078
1748973829462,-1.2153227233886719,3.9848634338378908,8.790470123291016
1748973829529,-1.2335847473144532,3.982468414306641,8.78343475341797
1748973829597,-1.1409274291992189,3.9630088806152344,8.75664047241211
1748973829662,-1.1569441223144532,3.9496865844726563,8.80603775024414
1748973829729,-1.2166699218750001,3.9734870910644533,8.789272613525391
1748973829800,-1.1223660278320313,3.9543269348144534,8.843459930419922
1748973829862,-1.234482879638672,3.9100190734863283,8.85917724609375
1748973829929,-1.1894265747070314,3.9712417602539065,8.735534362792968
1748973829999,-1.1916719055175782,3.9712417602539065,8.797954559326172
1748973830062,-1.2088861083984375,3.9938447570800784,8.756490783691406
1748973830129,-1.2222084045410158,3.964655456542969,8.746012573242188
1748973830196,-1.2663665771484376,3.912114715576172,8.84001708984375
1748973830262,-1.265618133544922,3.9724392700195312,8.848249969482422
1748973830329,-1.229692840576172,3.956123199462891,8.73179214477539
1748973830399,-1.2187655639648438,3.9471418762207033,8.789272613525391
1748973830462,-1.2340338134765625,3.9317239379882816,8.888965301513672
1748973830529,-1.2202624511718752,3.9064265441894532,8.845705261230469
1748973830596,-1.1942166137695314,3.9902522277832033,8.728798370361329
1748973830662,-1.1543994140625,3.942052459716797,8.814120941162109
1748973830729,-1.2271481323242188,4.0107595825195315,8.76337646484375
1748973830796,-1.260977783203125,3.9773789978027345,8.78343475341797
1748973830862,-1.3051359558105469,3.9915994262695316,8.813073120117188
1748973830929,-1.2882211303710938,3.995641021728516,8.78627883911133
1748973830995,-1.2373269653320313,3.986360321044922,8.812474365234376
1748973831062,-1.1630813598632812,3.952680358886719,8.818012847900391
1748973831129,-1.1551478576660157,3.946543121337891,8.834029541015626
1748973831196,-1.1346405029296875,3.9698945617675783,8.776100006103515
1748973831262,-1.1725117492675783,3.992198181152344,8.759783935546876
1748973831329,-1.2334350585937501,3.980223083496094,8.777596893310548
1748973831399,-1.2552896118164063,3.993246002197266,8.795858917236329
1748973831462,-1.1873309326171875,4.005370788574219,8.79256576538086
1748973831529,-1.2174183654785158,3.95896728515625,8.796906738281251
1748973831600,-1.2235556030273438,3.986510009765625,8.79061981201172
1748973831662,-1.191372528076172,4.002826080322266,8.76816650390625
1748973831729,-1.2008029174804689,3.959715728759766,8.8088818359375
1748973831797,-1.1988569641113282,3.956123199462891,8.801098022460938
1748973831862,-1.197360076904297,3.9787261962890628,8.784632263183594
1748973831949,-1.1817924499511718,3.994892578125,8.799900512695313
1748973831995,-1.1680210876464845,3.9892044067382812,8.774004364013672
1748973832063,-1.3210029602050781,3.925586700439453,8.923543395996095
1748973832129,-1.2421170043945313,3.9856118774414067,8.834927673339845
1748973832197,-1.1608360290527344,3.926185455322266,8.882079620361328
1748973832262,-1.1657757568359375,3.9913000488281254,8.766819305419922
1748973832329,-1.2542417907714845,3.958817596435547,8.817414093017579
1748973832399,-1.2868739318847657,3.9781274414062504,8.789571990966797
1748973832462,-1.2698094177246095,3.9389089965820316,8.819809112548828
1748973832529,-1.2252021789550782,4.033811645507813,8.67236572265625
1748973832599,-1.2844789123535156,3.9628591918945313,8.824449462890625
1748973832662,-1.162781982421875,3.9914497375488285,8.753646697998047
1748973832729,-1.206042022705078,3.9305264282226564,8.789272613525391
1748973832799,-1.2415182495117187,4.001778259277344,8.782237243652345
1748973832862,-1.264270935058594,3.9616616821289066,8.78627883911133
1748973832929,-1.1919712829589844,3.985013122558594,8.787027282714844
1748973832999,-1.2663665771484376,3.964655456542969,8.7993017578125
1748973833062,-1.2061917114257814,3.989653472900391,8.754395141601563
1748973833129,-1.2482542419433595,3.959715728759766,8.791967010498047
1748973833200,-1.2341835021972656,3.96854736328125,8.772806854248048
1748973833262,-1.2398716735839845,3.9871087646484376,8.75903549194336
1748973833329,-1.246457977294922,3.9628591918945313,8.799750823974609
1748973833397,-1.2283456420898438,3.949536895751953,8.80738494873047
1748973833462,-1.2135264587402343,3.9666014099121094,8.780740356445312
1748973833529,-1.2241543579101564,3.972888336181641,8.779093780517579
1748973833600,-1.2207115173339844,3.9540275573730472,8.77490249633789
1748973833662,-1.229842529296875,3.9520816040039066,8.817713470458985
1748973833729,-1.212778015136719,4.004322967529297,8.775351562500001
1748973833797,-1.2584330749511718,3.942052459716797,8.81891098022461
1748973833862,-1.260977783203125,3.9483393859863285,8.719068603515625
1748973833929,-1.224902801513672,3.9375617980957034,8.706943817138672
1748973833999,-1.2389735412597658,3.988905029296875,8.714278564453126
1748973834062,-1.2246034240722656,3.9531294250488282,8.808432769775392
1748973834129,-1.2084370422363282,3.9282810974121096,8.793314208984375
1748973834197,-1.2484039306640626,3.960015106201172,8.755892028808594
1748973834262,-1.248852996826172,3.9558238220214847,8.756939849853516
1748973834329,-1.2880714416503907,3.9486387634277347,8.843759307861328
1748973834400,-1.206042022705078,3.9547760009765627,8.78298568725586
1748973834462,-1.205742645263672,3.9245388793945315,8.770411834716798
1748973834529,-1.2036470031738282,3.985911254882813,8.751101989746093
1748973834599,-1.2180171203613281,3.9354661560058597,8.821455688476563
1748973834662,-1.1771520996093752,3.9519319152832035,8.791967010498047
1748973834729,-1.216520233154297,3.9535784912109375,8.769513702392578
1748973834800,-1.2482542419433595,3.913312225341797,8.837921447753907
1748973834862,-1.327888641357422,4.001927947998047,8.734486541748048
1748973834929,-1.3055850219726564,3.959865417480469,8.767418060302735
1748973834999,-1.1672726440429688,3.9278320312500004,8.79885269165039
1748973835062,-1.2620256042480469,3.952830047607422,8.814270629882813
1748973835129,-1.2521461486816408,3.928580474853516,8.803792419433595
1748973835195,-1.2331356811523437,3.9680982971191407,8.776549072265626
1748973835262,-1.246457977294922,3.9435493469238283,8.813073120117188
1748973835329,-1.234482879638672,3.921545104980469,8.793912963867188
1748973835397,-1.2557386779785158,3.955374755859375,8.78208755493164
1748973835462,-1.28133544921875,3.975732421875,8.73792938232422
1748973835529,-1.251397705078125,3.9317239379882816,8.782237243652345
1748973835595,-1.2467573547363282,3.9520816040039066,8.76906463623047
1748973835662,-1.2283456420898438,3.946393432617188,8.764723663330079
1748973835729,-1.2750485229492188,3.9570213317871095,8.746761016845703
1748973835795,-1.2946577453613282,3.9603144836425783,8.73942626953125
1748973835863,-1.2653187561035157,3.9366636657714844,8.739575958251953
1748973835929,-1.2754975891113283,3.9540275573730472,8.758736114501954
1748973835995,-1.2771441650390625,3.9435493469238283,8.79735580444336
1748973836062,-1.2576846313476564,3.941902770996094,8.783734130859376
1748973836129,-1.2626243591308595,3.9448965454101566,8.747808837890625
1748973836199,-1.2551399230957032,3.9401065063476564,8.791967010498047
1748973836262,-1.2558883666992189,3.9544766235351565,8.748557281494142
1748973836329,-1.2662168884277345,3.9444474792480473,8.765621795654297
1748973836396,-1.295855255126953,3.9410046386718753,8.805888061523438
1748973836462,-1.2838801574707033,3.9604641723632814,8.75858642578125
1748973836529,-1.2843292236328125,3.9425015258789062,8.755892028808594
1748973836599,-1.2331356811523437,3.9724392700195312,8.727451171875
1748973836665,-1.282383270263672,3.948938140869141,8.810378723144531
1748973836729,-1.332528991699219,3.982618103027344,8.799900512695313
1748973836800,-1.2115805053710937,3.9363642883300782,8.784332885742188
1748973836862,-1.1695179748535156,3.9499859619140625,8.75229949951172
1748973836956,-1.2754975891113283,3.9845640563964846,8.77774658203125
1748973836995,-1.2531939697265626,3.9724392700195312,8.833430786132812
1748973837063,-1.1798464965820312,3.989653472900391,8.825048217773437
1748973837129,-1.1302995300292968,4.029919738769531,8.642577667236328
1748973837195,-1.2349319458007812,3.911815338134766,8.826395416259766
1748973837262,-1.3425581359863281,4.009562072753907,8.750503234863281
1748973837329,-1.2335847473144532,3.9745349121093754,8.699908447265626
1748973837396,-1.191372528076172,3.928730163574219,8.83807113647461
1748973837462,-1.2603790283203125,3.9574703979492187,8.763526153564454
1748973837529,-1.2774435424804689,3.972289581298828,8.761580200195313
1748973837595,-1.2602293395996094,3.958518218994141,8.765172729492187
1748973837662,-1.2216096496582032,3.976630554199219,8.695717163085938
1748973837729,-1.2626243591308595,3.9184016418457035,8.84286117553711
1748973837799,-1.2244537353515625,3.9883062744140627,8.745563507080078
1748973837862,-1.2289443969726563,3.908372497558594,8.80454086303711
1748973837929,-1.2735516357421877,3.9618113708496097,8.715775451660157
1748973837997,-1.238075408935547,3.985013122558594,8.72355926513672
1748973838062,-1.2316387939453126,3.9546263122558596,8.736282806396485
1748973838129,-1.2641212463378906,3.9320233154296877,8.781039733886718
1748973838195,-1.2370275878906252,3.972888336181641,8.761131134033203
1748973838263,-1.2927117919921876,3.948938140869141,8.77774658203125
1748973838329,-1.2494517517089845,3.941753082275391,8.785081329345704
1748973838400,-1.2287947082519532,3.9311251831054688,8.786578216552735
1748973838462,-1.2313394165039062,3.9745349121093754,8.757239227294923
1748973838529,-1.2163705444335937,3.952830047607422,8.75185043334961
1748973838598,-1.2304412841796875,3.9309754943847657,8.835526428222657
1748973838662,-1.2500505065917968,3.9996826171875,8.720864868164062
1748973838729,-1.2919633483886719,3.950135650634766,8.799152069091797
1748973838800,-1.1735595703125001,4.006717987060547,8.716224517822265
1748973838862,-1.2989987182617189,3.9282810974121096,8.85004623413086
1748973838929,-1.1919712829589844,3.918102264404297,8.773704986572266
1748973838999,-1.2469070434570313,3.9773789978027345,8.790470123291016
1748973839062,-1.2126283264160156,4.068240051269531,8.623567199707031
1748973839129,-1.2898677062988282,4.045637054443359,8.732989654541017
1748973839200,-1.119521942138672,3.9784268188476566,8.7705615234375
1748973839262,-0.9354048156738282,3.9010377502441407,8.823102264404298
1748973839329,-1.0147398376464845,4.053420867919922,8.661139068603516
1748973839400,-1.173409881591797,4.032165069580079,8.736731872558595
1748973839462,-1.1289523315429688,3.953877868652344,8.784332885742188
1748973839529,-1.2052935791015627,4.034111022949219,8.712482299804687
1748973839595,-1.1539503479003907,4.026925964355469,8.728798370361329
1748973839663,-1.208137664794922,3.9917491149902347,8.726103973388673
1748973839729,-1.2232562255859376,3.9710920715332034,8.792865142822267
1748973839799,-1.1053015136718751,3.9877075195312504,8.714128875732422
1748973839862,-1.1247610473632812,3.973187713623047,8.749904479980469
1748973839929,-1.2117301940917968,3.9872584533691406,8.769513702392578
1748973839998,-1.1864328002929687,3.9667510986328125,8.830137634277344
1748973840063,-1.1871812438964844,3.9866596984863283,8.781638488769532
1748973840129,-1.2606784057617189,4.000580749511719,8.76666961669922
1748973840196,-1.2750485229492188,3.9892044067382812,8.78627883911133
1748973840262,-1.2361294555664064,3.9151084899902346,8.796307983398439
1748973840329,-1.1160791015625,4.008963317871094,8.625962219238282
1748973840399,-1.3022918701171875,3.93501708984375,8.75185043334961
1748973840462,-1.3521382141113283,3.9642063903808595,8.79166763305664
1748973840529,-1.351988525390625,3.976780242919922,8.733289031982423
1748973840598,-1.274300079345703,4.005819854736329,8.734486541748048
1748973840662,-1.1942166137695314,3.972738647460938,8.815617828369142
1748973840729,-1.1647279357910156,3.997137908935547,8.796457672119141
1748973840797,-1.0789562988281252,3.955225067138672,8.769214324951172
1748973840862,-1.167721710205078,3.9537281799316406,8.816665649414062
1748973840929,-1.197659454345703,4.0475830078125,8.690178680419923
1748973840995,-1.1286529541015626,3.978875885009766,8.700956268310547
1748973841062,-1.2034973144531251,3.9573207092285156,8.803642730712891
1748973841129,-1.1985575866699218,4.00881362915039,8.779093780517579
1748973841199,-1.2588821411132813,3.9607635498046876,8.79017074584961
1748973841262,-1.1341914367675783,4.021537170410157,8.685688018798828
1748973841329,-1.179547119140625,3.9674995422363284,8.819060668945314
1748973841399,-1.0940748596191407,3.9951919555664066,8.735534362792968
1748973841462,-1.205742645263672,3.9582188415527346,8.75334732055664
1748973841529,-1.2286450195312502,4.003125457763672,8.79885269165039
1748973841600,-1.193917236328125,3.999233551025391,8.75379638671875
1748973841662,-1.210682373046875,3.995940399169922,8.688232727050782
1748973841729,-1.1573931884765625,3.958817596435547,8.831484832763673
1748973841795,-1.154549102783203,4.004921722412109,8.740324401855469
1748973841862,-1.1990066528320313,3.9709423828125003,8.795409851074218
1748973841955,-1.2020004272460938,3.9918988037109377,8.765771484375
1748973841995,-1.2160711669921875,3.9281314086914065,8.826694793701172
1748973842063,-1.161434783935547,3.9812709045410157,8.764723663330079
1748973842129,-1.2246034240722656,3.9740858459472657,8.792416076660157
1748973842196,-1.1752061462402343,3.9812709045410157,8.79780487060547
1748973842262,-1.205892333984375,3.986510009765625,8.747659149169923
1748973842329,-1.1389814758300782,3.9939944458007814,8.7705615234375
1748973842397,-1.2401710510253907,3.982767791748047,8.757239227294923
1748973842462,-1.1752061462402343,3.968247985839844,8.785530395507813
1748973842529,-1.1858340454101564,3.9772293090820314,8.741372222900392
1748973842595,-1.2084370422363282,3.9541772460937503,8.816665649414062
1748973842662,-1.1220666503906251,3.99249755859375,8.771160278320313
1748973842729,-1.189127197265625,3.9677989196777346,8.824748840332031
1748973842800,-1.282532958984375,3.9781274414062504,8.804241485595703
1748973842862,-1.1214678955078126,3.971990203857422,8.734486541748048
1748973842929,-1.2091854858398439,3.961212615966797,8.801996154785156
1748973842997,-1.2374766540527344,3.998185729980469,8.73897720336914
1748973843062,-1.2138258361816407,3.9450462341308596,8.767118682861328
1748973843129,-1.0488688659667968,3.9902522277832033,8.768016815185547
1748973843200,-1.2530442810058595,3.9543269348144534,8.847351837158204
1748973843262,-1.3187576293945313,3.981719970703125,8.810229034423829
1748973843329,-1.1255094909667969,4.004622344970703,8.755742340087892
1748973843397,-1.1585906982421876,3.955973510742188,8.7418212890625
1748973843462,-1.2172686767578125,3.9642063903808595,8.832083587646485
1748973843529,-1.2350816345214843,3.9902522277832033,8.77340560913086
1748973843600,-1.2463082885742187,3.964655456542969,8.79600860595703
1748973843662,-1.1946656799316406,3.9570213317871095,8.78448257446289
1748973843729,-1.143472137451172,3.9306761169433595,8.81172592163086
1748973843797,-1.26217529296875,3.980073394775391,8.774154052734376
1748973843862,-1.2481045532226562,4.001478881835938,8.800948333740235
1748973843929,-1.2376263427734375,3.989952850341797,8.721463623046876
1748973844000,-1.2266990661621093,3.950285339355469,8.843908996582032
1748973844062,-1.1560459899902344,3.9700442504882814,8.752748565673828
1748973844129,-1.1960128784179689,3.9425015258789062,8.787626037597656
1748973844197,-1.2305909729003908,3.9667510986328125,8.796457672119141
1748973844262,-1.2269984436035157,3.9558238220214847,8.811875610351564
1748973844330,-1.2183164978027345,3.960015106201172,8.749904479980469
1748973844399,-1.246457977294922,3.9701939392089844,8.774752807617189
1748973844462,-1.2403207397460938,3.976480865478516,8.801547088623048
1748973844529,-1.234632568359375,3.968397674560547,8.775501251220703
1748973844600,-1.2301419067382813,3.980223083496094,8.75469451904297
1748973844662,-1.2133767700195313,3.9365139770507813,8.790320434570313
1748973844729,-1.1816427612304687,3.976480865478516,8.76666961669922
1748973844800,-1.1609857177734375,3.9426512145996098,8.774453430175782
1748973844862,-1.2436138916015627,3.9784268188476566,8.760831756591797
1748973844929,-1.2499008178710938,3.975582733154297,8.791517944335938
1748973844996,-1.1755055236816407,3.9496865844726563,8.786428527832031
1748973845062,-1.2499008178710938,4.013753356933594,8.738528137207032
1748973845129,-1.2114308166503907,3.942351837158203,8.78732666015625
1748973845199,-1.2466076660156251,3.9724392700195312,8.77385467529297
1748973845262,-1.2383747863769532,3.971990203857422,8.759783935546876
1748973845329,-1.201102294921875,3.9269338989257814,8.829089813232422
1748973845399,-1.153201904296875,3.950435028076172,8.793763275146485
1748973845462,-1.1888278198242188,3.966002655029297,8.700357513427734
1748973845529,-1.3021421813964844,4.003424835205078,8.779243469238281
1748973845599,-1.1957135009765625,3.9004389953613283,8.832083587646485
1748973845662,-1.1722123718261719,3.9784268188476566,8.727451171875
1748973845729,-1.302890625,3.939208374023438,8.83043701171875
1748973845799,-1.212927703857422,3.9667510986328125,8.777447204589844
1748973845862,-1.2099339294433595,3.958518218994141,8.770860900878906
1748973845929,-1.16637451171875,4.0124061584472654,8.738528137207032
1748973845997,-1.2699591064453126,3.951482849121094,8.824299774169923
1748973846063,-1.2126283264160156,3.9540275573730472,8.74945541381836
1748973846129,-1.2864248657226562,3.9809715270996096,8.789272613525391
1748973846199,-1.1548484802246095,3.962410125732422,8.838370513916017
1748973846262,-1.0038125610351563,3.925137634277344,8.686436462402344
1748973846329,-1.3233979797363282,3.908671875,8.794362030029298
1748973846398,-1.3394146728515626,4.017046508789063,8.75858642578125
1748973846462,-1.31965576171875,3.9610629272460938,8.807085571289063
1748973846529,-1.3076806640625,3.962709503173828,8.761729888916015
1748973846600,-1.1762539672851564,4.017495574951172,8.679401092529297
1748973846662,-1.3567785644531252,3.8850210571289066,8.872798919677734
1748973846729,-1.2367282104492188,4.071383514404297,8.698112182617187
1748973846800,-1.1141331481933594,3.8817279052734377,8.773555297851562
1748973846862,-1.2588821411132813,3.8703515625000002,8.91141860961914
1748973846950,-1.3936019897460938,4.006568298339844,8.755892028808594
1748973846995,-1.3548326110839843,4.0477326965332034,8.700806579589845
1748973847063,-1.3154644775390625,3.916904754638672,8.774453430175782
1748973847129,-1.161285095214844,3.975433044433594,8.691825256347657
1748973847196,-1.0858419799804688,4.106260986328126,8.630602569580079
1748973847263,-0.9627978515625001,3.679648132324219,8.934620361328125
1748973847329,-1.580712890625,4.0442898559570315,8.70589599609375
1748973847400,-1.561552734375,4.0249800109863285,8.807235260009765
1748973847462,-1.3132191467285157,4.0442898559570315,8.739126892089844
1748973847529,-1.0999127197265626,3.956422576904297,8.712631988525391
1748973847600,-1.0642868041992188,3.817361755371094,8.864715728759766
1748973847662,-1.121018829345703,3.900139617919922,8.808582458496094
1748973847729,-1.3569282531738283,3.9543269348144534,8.800050201416017
1748973847800,-1.428629150390625,4.048331451416016,8.720415802001954
1748973847862,-1.341061248779297,3.969744873046875,8.795559539794922
1748973847929,-1.1862831115722656,3.952830047607422,8.785979461669923
1748973847997,-1.095721435546875,3.8872663879394533,8.797206115722657
1748973848062,-1.1764036560058595,3.938759307861328,8.753197631835938
1748973848130,-1.2751982116699219,3.9175035095214845,8.864266662597657
1748973848195,-1.406924285888672,4.04518798828125,8.76816650390625
1748973848262,-1.30528564453125,4.001778259277344,8.721463623046876
1748973848330,-1.2085867309570313,3.9841149902343753,8.744365997314453
1748973848397,-1.1512559509277345,3.9389089965820316,8.793763275146485
1748973848462,-1.1240126037597657,3.925137634277344,8.81217498779297
1748973848529,-1.1825408935546875,3.962110748291016,8.7705615234375
1748973848600,-1.2328363037109376,3.9375617980957034,8.793164520263673
1748973848662,-1.3103750610351563,3.9654039001464847,8.80498992919922
1748973848729,-1.3268408203125002,4.049079895019531,8.72026611328125
1748973848800,-1.2671150207519533,3.965703277587891,8.819958801269532
1748973848862,-1.1603869628906252,3.9796243286132813,8.73508529663086
1748973848929,-1.0756631469726563,3.9284307861328127,8.757538604736329
1748973848996,-1.1335926818847657,3.979474639892578,8.671766967773438
1748973849062,-1.234482879638672,3.899690551757813,8.849297790527345
1748973849129,-1.3078303527832031,4.011058959960938,8.729546813964845
1748973849197,-1.4180012512207032,3.999233551025391,8.823401641845704
1748973849262,-1.319356384277344,4.016298065185547,8.753646697998047
1748973849330,-1.1392808532714844,3.9275326538085937,8.765771484375
1748973849399,-1.114582214355469,3.916006622314453,8.742719421386719
1748973849462,-1.18074462890625,3.9182519531250004,8.823401641845704
1748973849529,-1.2385244750976563,3.935765533447266,8.818012847900391
1748973849600,-1.4364129638671876,3.9832168579101563,8.756341094970704
1748973849663,-1.3678555297851562,4.011957092285156,8.81217498779297
1748973849729,-1.2064910888671876,3.9401065063476564,8.788823547363283
1748973849797,-1.194965057373047,3.9136116027832033,8.791817321777344
1748973849862,-1.2064910888671876,3.9436990356445314,8.791218566894532
1748973849930,-1.222657470703125,3.9953416442871097,8.771908721923829
1748973849997,-1.2159214782714844,3.9577697753906254,8.778045959472657
1748973850063,-1.1910731506347656,3.938310241699219,8.822204132080078
1748973850129,-1.2714559936523437,3.949087829589844,8.756939849853516
1748973850199,-1.2989987182617189,3.9869590759277345,8.759783935546876
1748973850262,-1.2091854858398439,3.979025573730469,8.699459381103516
1748973850330,-1.2735516357421877,3.920197906494141,8.825347595214843
1748973850399,-1.3013937377929687,3.9927969360351563,8.759185180664064
1748973850462,-1.2243040466308595,3.9773789978027345,8.777596893310548
1748973850529,-1.1894265747070314,3.9306761169433595,8.772657165527344
1748973850599,-1.2301419067382813,3.933520202636719,8.83373016357422
1748973850662,-1.289568328857422,3.99249755859375,8.742420043945312
1748973850729,-1.2341835021972656,3.965553588867188,8.775650939941407
1748973850799,-1.2734019470214843,3.9401065063476564,8.783285064697266
1748973850862,-1.2331356811523437,3.941902770996094,8.831035766601563
1748973850929,-1.2648696899414062,3.9381605529785157,8.76666961669922
1748973850995,-1.2063414001464845,3.9426512145996098,8.830137634277344
1748973851062,-1.2055929565429688,3.9543269348144534,8.712931365966798
1748973851129,-1.2487033081054688,3.973038024902344,8.80498992919922
1748973851197,-1.3186079406738282,3.955374755859375,8.781339111328126
1748973851263,-1.2187655639648438,3.963158569335938,8.793164520263673
1748973851329,-1.2783416748046876,3.9451959228515627,8.74466537475586
1748973851399,-1.2925621032714845,3.942800903320313,8.789422302246095
1748973851462,-1.2148736572265626,3.967200164794922,8.790470123291016
1748973851529,-1.2088861083984375,3.9601647949218752,8.749305725097656
1748973851600,-1.1645782470703125,3.9439984130859376,8.780890045166016
1748973851662,-1.2487033081054688,3.9676492309570315,8.760083312988282
1748973851729,-1.3201048278808594,3.985911254882813,8.803792419433595
1748973851800,-1.2606784057617189,3.9547760009765627,8.740025024414063
1748973851862,-1.2349319458007812,3.979175262451172,8.776399383544922
1748973851949,-1.2395722961425781,3.9475909423828126,8.813971252441407
1748973851995,-1.2171189880371094,3.9734870910644533,8.767867126464845
1748973852063,-1.2515473937988282,3.9666014099121094,8.759334869384766
1748973852130,-1.2735516357421877,3.973038024902344,8.772357788085937
1748973852196,-1.2126283264160156,3.9639070129394534,8.79211669921875
1748973852262,-1.2034973144531251,3.981420593261719,8.782237243652345
1748973852330,-1.2407698059082033,3.962709503173828,8.796457672119141
1748973852400,-1.2162208557128906,3.9652542114257816,8.837921447753907
1748973852462,-1.184187469482422,3.971690826416016,8.77624969482422
1748973852529,-1.2540921020507814,3.9654039001464847,8.802744598388673
1748973852597,-1.2172686767578125,3.9941441345214845,8.77624969482422
1748973852662,-1.2135264587402343,3.955075378417969,8.837472381591798
1748973852729,-1.1767030334472657,3.9797740173339844,8.768765258789063
1748973852800,-1.2445120239257814,3.946393432617188,8.84435806274414
1748973852863,-1.2139755249023438,3.9941441345214845,8.752449188232422
1748973852929,-1.2253518676757813,3.975433044433594,8.767418060302735
1748973853000,-1.294358367919922,3.9487884521484378,8.851094055175782
1748973853063,-1.1597882080078126,3.970643005371094,8.803043975830079
1748973853130,-1.204395446777344,3.9178028869628907,8.832233276367187
1748973853196,-1.229543151855469,3.9812709045410157,8.783135375976563
1748973853262,-1.3072315979003908,3.930077362060547,8.908873901367189
1748973853330,-1.1735595703125001,3.9520816040039066,8.738378448486328
1748973853400,-1.150657196044922,3.9520816040039066,8.833131408691406
1748973853462,-1.2210108947753906,4.012106781005859,8.707243194580078
1748973853529,-1.3509407043457031,3.9537281799316406,8.859776000976563
1748973853600,-1.2385244750976563,3.9712417602539065,8.791368255615234
1748973853663,-1.1879296875,3.955225067138672,8.77729751586914
1748973853729,-1.2674143981933594,3.9601647949218752,8.801397399902344
1748973853800,-1.2317884826660157,3.9877075195312504,8.772806854248048
1748973853862,-1.2542417907714845,3.9676492309570315,8.78538070678711
1748973853929,-1.2325369262695314,3.9353164672851566,8.803193664550781
1748973854000,-1.24541015625,3.96854736328125,8.773255920410156
1748973854062,-1.1611354064941406,3.9712417602539065,8.806187438964844
1748973854129,-1.3175601196289064,3.9929466247558594,8.762927398681642
1748973854200,-1.3067825317382813,3.9305264282226564,8.863069152832031
1748973854262,-1.205892333984375,3.9844143676757815,8.705746307373047
1748973854330,-1.2361294555664064,3.9805224609375003,8.786428527832031
1748973854400,-1.1383827209472657,3.9781274414062504,8.788973236083985
1748973854462,-1.287322998046875,3.9689964294433597,8.82759292602539
1748973854529,-1.2534933471679688,3.9782771301269535,8.822353820800782
1748973854597,-1.1928694152832031,3.9574703979492187,8.815617828369142
1748973854663,-1.2114308166503907,3.9742355346679688,8.784781951904296
1748973854729,-1.2421170043945313,3.9724392700195312,8.810528411865235
1748973854800,-1.208137664794922,3.96854736328125,8.78627883911133
1748973854863,-1.3037887573242188,3.937262420654297,8.775351562500001
1748973854929,-1.2064910888671876,3.992347869873047,8.793014831542969
1748973854999,-1.2533436584472657,3.936064910888672,8.805289306640626
1748973855062,-1.2448114013671876,3.9577697753906254,8.711733856201173
1748973855129,-1.2409194946289064,3.962260437011719,8.769214324951172
1748973855199,-1.1885284423828126,3.955374755859375,8.823102264404298
1748973855263,-1.2701087951660157,3.9742355346679688,8.789422302246095
1748973855330,-1.2368778991699219,3.9315742492675785,8.705596618652343
1748973855397,-1.2280462646484376,3.950135650634766,8.830586700439454
1748973855462,-1.2599299621582032,3.942950592041016,8.81322280883789
1748973855529,-1.2720547485351563,3.9905516052246095,8.792865142822267
1748973855595,-1.2401710510253907,3.9580691528320315,8.730444946289063
1748973855663,-1.1987072753906252,3.9052290344238285,8.784332885742188
1748973855729,-1.2403207397460938,3.9574703979492187,8.821605377197265
1748973855799,-1.2385244750976563,3.9237904357910156,8.76187957763672
1748973855863,-1.2252021789550782,3.962559814453125,8.765322418212891
1748973855929,-1.3434562683105469,3.950285339355469,8.801846466064454
1748973855997,-1.2789404296875,3.945644989013672,8.741671600341798
1748973856063,-1.1722123718261719,3.9363642883300782,8.772806854248048
1748973856130,-1.2246034240722656,3.945944366455078,8.674461364746094
1748973856195,-1.2587324523925782,3.929478607177735,8.79211669921875
1748973856263,-1.350641326904297,3.9576200866699223,8.822653198242188
1748973856330,-1.2446617126464845,3.9742355346679688,8.793014831542969
1748973856397,-1.2518467712402344,3.934717712402344,8.754395141601563
1748973856462,-1.2283456420898438,3.9320233154296877,8.783135375976563
1748973856530,-1.2826826477050781,3.9676492309570315,8.793164520263673
1748973856600,-1.2539424133300783,3.9170544433593752,8.793014831542969
1748973856663,-1.2365785217285157,3.9426512145996098,8.82370101928711
1748973856729,-1.3019924926757813,3.946842498779297,8.78298568725586
1748973856800,-1.2123289489746094,3.929927673339844,8.746761016845703
1748973856863,-1.21427490234375,3.901337127685547,8.844657440185546
1748973856949,-1.25259521484375,3.9046302795410157,8.76143051147461
1748973856995,-1.2612771606445312,3.945794677734375,8.767118682861328
1748973857063,-1.2289443969726563,3.9353164672851566,8.747060394287109
1748973857130,-1.2253518676757813,3.9619610595703127,8.802295532226562
1748973857197,-1.3467494201660157,3.950285339355469,8.840316467285156
1748973857263,-1.2219090270996094,3.9413040161132815,8.793613586425781
1748973857330,-1.2184661865234376,3.939208374023438,8.730145568847657
1748973857400,-1.2737013244628907,3.9152581787109377,8.854087829589844
1748973857462,-1.319356384277344,3.962260437011719,8.82370101928711
1748973857529,-1.2499008178710938,3.950285339355469,8.726103973388673
1748973857597,-1.30049560546875,3.8977445983886723,8.806935882568359
1748973857663,-1.2466076660156251,3.952830047607422,8.776998138427734
1748973857730,-1.2684622192382813,3.942800903320313,8.774453430175782
1748973857797,-1.2885205078125002,3.9109172058105472,8.825497283935547
1748973857863,-1.2600796508789063,3.9811212158203126,8.735234985351562
1748973857930,-1.2784913635253907,3.895199890136719,8.849597167968751
1748973857997,-1.247655487060547,4.0459364318847655,8.684340820312501
1748973858063,-1.2954061889648438,3.942351837158203,8.79496078491211
1748973858130,-1.2867242431640626,3.9389089965820316,8.776549072265626
1748973858200,-1.2731025695800782,3.971840515136719,8.758287048339843
1748973858263,-1.3177098083496095,3.951482849121094,8.814719696044921
1748973858330,-1.2789404296875,3.9064265441894532,8.83373016357422
1748973858395,-1.2563374328613282,3.9472915649414064,8.793164520263673
1748973858462,-1.2865745544433593,3.9700442504882814,8.747659149169923
1748973858529,-1.2516970825195313,3.945944366455078,8.805888061523438
1748973858600,-1.2180171203613281,3.972289581298828,8.773255920410156
1748973858663,-1.229543151855469,3.959865417480469,8.792865142822267
1748973858730,-1.268162841796875,3.982618103027344,8.789422302246095
1748973858795,-1.2497511291503907,3.9579194641113284,8.778944091796875
1748973858863,-1.218915252685547,3.939358062744141,8.763526153564454
1748973858930,-1.2340338134765625,3.976630554199219,8.807983703613282
1748973858995,-1.238075408935547,3.9654039001464847,8.791068878173828
1748973859063,-1.229842529296875,3.9544766235351565,8.786877593994141
1748973859130,-1.2449610900878907,3.9915994262695316,8.74616226196289
1748973859197,-1.239422607421875,3.9616616821289066,8.803193664550781
1748973859263,-1.2234059143066407,3.9915994262695316,8.774453430175782
1748973859330,-1.2660671997070314,3.978875885009766,8.813372497558595
1748973859397,-1.1951147460937501,3.964655456542969,8.785231018066407
1748973859463,-1.2120295715332032,3.979324951171875,8.781937866210939
1748973859530,-1.2103829956054688,3.976480865478516,8.812923431396484
1748973859597,-1.2024494934082033,3.979025573730469,8.769364013671876
1748973859663,-1.2395722961425781,3.986210632324219,8.787925415039062
1748973859730,-1.205742645263672,3.988755340576172,8.76187957763672
1748973859800,-1.1978091430664064,3.96615234375,8.799002380371094
1748973859863,-1.2073892211914063,3.9874081420898437,8.815318450927736
1748973859930,-1.2319381713867188,3.9603144836425783,8.824150085449219
1748973859998,-1.2734019470214843,3.9811212158203126,8.770411834716798
1748973860063,-1.222657470703125,3.986360321044922,8.764723663330079
1748973860130,-1.20948486328125,3.967200164794922,8.794062652587892
1748973860197,-1.194965057373047,3.9905516052246095,8.736582183837891
1748973860263,-1.2605287170410158,3.929478607177735,8.901090087890626
1748973860330,-1.2497511291503907,3.9913000488281254,8.756041717529298
1748973860395,-1.2096345520019531,3.955075378417969,8.814719696044921
1748973860462,-1.1701167297363282,3.9881565856933596,8.742120666503906
1748973860530,-1.20469482421875,3.9267842102050783,8.829838256835938
1748973860601,-1.1990066528320313,3.989653472900391,8.759634246826172
1748973860663,-1.2452604675292969,3.985911254882813,8.751551055908203
1748973860730,-1.2925621032714845,3.9782771301269535,8.690478057861329
1748973860802,-1.22385498046875,3.9751336669921877,8.79600860595703
1748973860863,-1.1850856018066407,3.9342686462402345,8.809031524658204
1748973860930,-1.2064910888671876,4.046235809326172,8.803792419433595
1748973860996,-1.2716056823730468,3.9941441345214845,8.683442687988281
1748973861063,-1.1105406188964844,3.9568716430664064,8.6939208984375
1748973861130,-1.2421170043945313,3.9258860778808597,8.85917724609375
1748973861196,-1.1837384033203127,3.9639070129394534,8.797954559326172
1748973861263,-1.2587324523925782,3.9610629272460938,8.73179214477539
1748973861330,-1.206042022705078,4.05521713256836,8.625213775634766
1748973861399,-1.2850776672363282,3.9517822265625,8.934021606445313
1748973861463,-1.1373348999023438,3.9311251831054688,8.79061981201172
1748973861530,-1.1385324096679688,3.9663020324707032,8.755892028808594
1748973861601,-1.2696597290039062,3.9760317993164063,8.826694793701172
1748973861663,-1.222657470703125,3.9544766235351565,8.831185455322267
1748973861730,-1.2099339294433595,3.9531294250488282,8.757089538574219
1748973861796,-1.1816427612304687,3.980372772216797,8.775351562500001
1748973861863,-1.1901750183105468,3.9580691528320315,8.769663391113282
1748973861943,-1.169817352294922,3.969445495605469,8.729546813964845
1748973861996,-1.2624746704101564,3.950135650634766,8.839717712402344
1748973862063,-1.2352313232421877,4.00971176147461,8.793014831542969
1748973862130,-1.221160583496094,3.951632537841797,8.775052185058595
1748973862200,-1.191522216796875,3.9666014099121094,8.734037475585938
1748973862263,-1.274150390625,3.952530670166016,8.741521911621094
1748973862330,-1.2259506225585939,3.9787261962890628,8.806636505126953
1748973862401,-1.2653187561035157,4.004322967529297,8.735534362792968
1748973862462,-1.2228071594238281,3.995641021728516,8.803493041992187
1748973862529,-1.1786489868164063,3.9242395019531253,8.840765533447266
1748973862599,-1.1094927978515625,3.968247985839844,8.808283081054688
1748973862663,-1.227597198486328,3.9508840942382815,8.80933090209961
1748973862730,-1.2522958374023438,4.003275146484375,8.767118682861328
1748973862796,-1.210682373046875,3.965703277587891,8.778944091796875
1748973862863,-1.1831396484375,3.976480865478516,8.778644714355469
1748973862930,-1.218915252685547,3.9857615661621097,8.793014831542969
1748973863000,-1.2633728027343751,4.009562072753907,8.679251403808594
1748973863063,-1.212778015136719,3.9185513305664066,8.886719970703126
1748973863130,-1.222507781982422,3.936214599609375,8.714428253173828
1748973863200,-1.144669647216797,3.9549256896972658,8.844058685302734
1748973863263,-1.481169891357422,3.7161721801757817,8.9334228515625
1748973863329,-1.327738952636719,4.025429077148438,8.788524169921875
1748973863400,-1.6962725830078127,3.9184016418457035,8.923693084716797
1748973863462,-1.5322137451171876,4.083208923339844,8.663534088134766
1748973863530,-1.3762380981445312,4.0459364318847655,8.73358840942383
1748973863600,-1.605710906982422,4.047283630371094,8.566236419677734
1748973863663,-1.5465838623046875,3.845802612304688,9.015901336669922
1748973863730,-1.478774871826172,3.826642456054688,8.889713745117188
1748973863799,-1.4612612915039063,3.932771759033203,8.671317901611328
1748973863863,-1.279090118408203,4.052822113037109,8.480614471435548
1748973863930,-1.2967533874511719,3.9914497375488285,8.914113006591798
1748973863995,-1.4349160766601563,4.133654022216797,8.702602844238282
1748973864063,-1.5643968200683596,4.020938415527344,8.600814514160156
1748973864130,-1.6699273681640625,3.9773789978027345,8.657696228027344
1748973864201,-1.6087046813964845,4.108057250976563,8.863518218994141
1748973864263,-1.866768035888672,3.9883062744140627,8.679401092529297
1748973864330,-1.7042060852050782,4.3453138732910155,8.557255096435547
1748973864395,-1.9555334472656252,3.6696189880371097,9.161698150634766
1748973864463,-1.385518798828125,4.079017639160156,8.324489135742187
1748973864530,-1.4542259216308595,3.945644989013672,8.56788299560547
1748973864596,-1.6587007141113281,3.9125637817382812,9.090446319580078
1748973864663,-1.618733825683594,3.9481896972656254,9.009764099121094
1748973864729,-1.5024256896972656,4.0954833984375005,8.477321319580078
1748973864801,-1.447639617919922,4.303999786376953,8.242310028076172
1748973864863,-1.5664924621582033,4.091142425537109,9.017398223876954
1748973864930,-1.2653187561035157,4.057462463378906,8.95452896118164
1748973864995,-1.522034912109375,4.075724487304687,8.571924591064453
1748973865063,-1.3572276306152344,4.224964141845703,8.387059020996094
1748973865130,-1.3867163085937502,4.243375854492188,8.18902084350586
1748973865201,-1.285975799560547,3.9871087646484376,8.862919464111329
1748973865263,-1.1804452514648438,4.0091130065917975,8.848549346923829
1748973865330,-1.1825408935546875,4.154610443115234,8.475075988769532
1748973865401,-1.3992901611328126,4.082310791015625,8.485703887939454
1748973865462,-1.5287709045410156,4.063749389648438,8.584648132324219
1748973865530,-1.3768368530273438,4.224664764404297,8.749605102539062
1748973865599,-1.520687713623047,4.078568572998047,8.84196304321289
1748973865663,-1.0735675048828126,4.2186772155761725,8.755293273925782
1748973865730,-1.4697935485839844,4.033961334228516,8.67760482788086
1748973865800,-1.3316308593750001,4.402045898437501,8.396339721679688
1748973865863,-1.4790742492675781,3.770808563232422,8.645272064208985
1748973865930,-1.2166699218750001,4.0037242126464845,9.064699859619141
1748973865999,-1.0404862976074218,4.232149200439453,8.342900848388672
1748973866063,-1.1955638122558594,4.040248260498047,8.49513427734375
1748973866130,-1.3286370849609375,4.3014550781250005,10.054291992187501
1748973866200,-1.2720547485351563,4.16299301147461,8.84435806274414
1748973866263,-1.0300080871582031,4.183650054931641,8.642727355957032
1748973866330,-1.1523037719726563,4.2325982666015625,8.56219482421875
1748973866400,-1.0960208129882814,4.287983093261719,8.700806579589845
1748973866462,-1.1931687927246095,4.302802276611328,8.67955078125
1748973866530,-1.2756472778320314,4.184548187255859,8.574319610595703
1748973866595,-1.359173583984375,4.226760406494141,8.64886459350586
1748973866663,-1.1047027587890625,4.184847564697266,8.401728515625
1748973866730,-1.371148681640625,4.20370834350586,8.679999847412109
1748973866795,-1.0074050903320313,4.0056701660156255,9.212742004394531
1748973866862,-1.184337158203125,4.103566589355469,8.59138412475586
1748973866951,-1.0424322509765624,4.240082702636719,8.655301208496095
1748973866996,-1.2677137756347656,4.196822662353516,8.65844467163086
1748973867063,-1.3281880187988282,4.066593475341797,9.042396240234375
1748973867130,-1.1427236938476564,4.182003479003907,8.815168762207032
1748973867201,-1.384171600341797,4.273762664794922,8.276439056396486
1748973867263,-1.1825408935546875,4.1447309875488285,8.644523620605469
1748973867330,-1.1804452514648438,4.123924255371094,8.882528686523438
1748973867401,-1.0150392150878906,4.149221649169922,8.721912689208985
1748973867462,-1.260977783203125,4.253255310058594,8.528365173339845
1748973867530,-1.204545135498047,4.155209197998047,8.799002380371094
1748973867596,-1.2186158752441407,4.109554138183594,8.85004623413086
1748973867663,-1.3407618713378906,3.9866596984863283,8.996591491699219
1748973867730,-1.1515553283691407,4.330644378662109,8.379125518798828
1748973867801,-1.2439132690429688,4.204157409667969,8.369695129394533
1748973867863,-1.3184582519531252,4.134402465820313,8.759185180664064
1748973867930,-1.1993060302734375,3.9989341735839847,8.881780242919922
1748973867996,-1.242715759277344,4.356839904785156,8.485703887939454
1748973868063,-1.414109344482422,4.002227325439454,8.85483627319336
1748973868130,-1.1952644348144532,4.120331726074219,8.849447479248047
1748973868201,-1.1223660278320313,4.337080993652344,8.861123199462892
1748973868263,-1.4558724975585937,4.281696166992187,8.407266998291016
1748973868329,-1.5611036682128907,3.9044805908203126,9.26633056640625
1748973868402,-1.1784992980957032,4.3637255859375,8.391699371337891
1748973868463,-1.2400213623046876,4.170926513671875,8.412655792236329
1748973868529,-1.4660513305664062,3.8468504333496094,9.086404724121094
1748973868601,-0.8927435302734376,4.138444061279297,8.669671325683595
1748973868663,-1.3350736999511719,4.143982543945313,8.562494201660156
1748973868730,-1.1234138488769532,4.14577880859375,8.658145294189454
1748973868800,-1.4407539367675781,4.2924737548828125,8.470884704589844
1748973868863,-1.2467573547363282,4.1992176818847655,8.765472106933593
1748973868930,-1.317111053466797,3.8957986450195317,8.909772033691407
1748973868996,-0.9653425598144532,4.261937255859375,8.20578598022461
1748973869063,-1.2952565002441407,4.157903594970703,8.563542022705079
1748973869130,-1.3272898864746094,4.232897644042969,8.804690551757814
1748973869202,-1.4382092285156252,4.175417175292969,8.801397399902344
1748973869263,-1.2034973144531251,4.211941223144532,8.523126068115236
1748973869330,-1.3091775512695314,4.029620361328125,8.84331024169922
1748973869401,-1.0398875427246095,4.065994720458985,8.75903549194336
1748973869463,-1.0401869201660157,4.1324565124511725,8.718170471191407
1748973869530,-1.2085867309570313,4.222419433593751,8.734187164306642
1748973869601,-1.182840270996094,4.185895385742188,8.783285064697266
1748973869663,-1.2701087951660157,4.229454803466797,8.470735015869142
1748973869730,-1.2484039306640626,4.189038848876954,8.635991363525392
1748973869796,-1.2337344360351563,4.207600250244141,8.865613861083984
1748973869863,-1.229692840576172,4.204456787109375,8.560997314453125
1748973869930,-1.3612692260742187,4.120331726074219,8.755742340087892
1748973869995,-1.141226806640625,4.200265502929688,8.791068878173828
1748973870063,-1.1127859497070314,4.170028381347657,8.58090591430664
1748973870130,-1.2883708190917968,4.130959625244141,8.725205841064454
1748973870196,-1.1653266906738282,4.206702117919922,8.586444396972656
1748973870263,-1.251397705078125,4.179458770751953,8.560697937011719
1748973870330,-1.1693682861328125,4.309538269042969,8.557404785156251
1748973870401,-1.3022918701171875,4.001628570556641,8.749754791259766
1748973870463,-1.0822494506835938,4.389771423339844,8.589887237548828
1748973870530,-1.2469070434570313,4.236490173339844,8.682245178222656
1748973870595,-1.3172607421875,4.135150909423828,8.81501907348633
1748973870663,-1.2078382873535156,4.358785858154297,8.698860626220704
1748973870730,-1.2617262268066407,4.216132507324219,8.726553039550781
1748973870796,-1.1030561828613281,4.256847839355469,8.609346771240235
1748973870863,-1.074166259765625,4.261637878417969,8.58898910522461
1748973870930,-1.325643310546875,4.16972900390625,8.679850158691407
1748973870995,-0.9683363342285157,4.158352661132812,8.826844482421876
1748973871063,-1.0738668823242188,4.162843322753907,8.536598052978515
1748973871130,-1.0864407348632814,4.257147216796875,8.61922622680664
1748973871201,-1.3431568908691407,4.391567687988282,8.822204132080078
1748973871263,-1.3201048278808594,4.274660797119141,8.950487365722656
1748973871330,-1.2436138916015627,3.933669891357422,9.005872192382814
1748973871401,-1.015338592529297,4.216581573486328,8.613538055419923
1748973871463,-1.3085787963867188,4.173770599365235,8.75619140625
1748973871529,-1.1472143554687502,4.292773132324219,8.533155212402344
1748973871600,-1.277742919921875,4.16014892578125,8.489895172119141
1748973871663,-0.9888436889648438,4.044888610839844,8.830586700439454
1748973871730,-1.090781707763672,4.043391723632813,8.926088104248047
1748973871796,-1.2469070434570313,4.11030258178711,8.69960906982422
1748973871863,-1.3552816772460938,4.313280487060547,8.341254272460938
1748973871943,-1.3117222595214844,4.342469787597657,8.568930816650392
1748973871996,-1.1457174682617188,3.970643005371094,9.089847564697266
1748973872063,-1.1096424865722656,4.203109588623047,8.501570892333985
1748973872130,-1.1038046264648438,4.133654022216797,8.446934509277344
1748973872201,-1.4596147155761718,4.110601959228516,8.841214599609376
1748973872263,-1.17595458984375,4.253404998779297,8.624016265869141
1748973872330,-1.3013937377929687,4.054019622802735,8.510851593017579
1748973872401,-1.0958711242675783,4.234693908691407,8.506959686279297
1748973872462,-1.0786569213867188,4.0423439025878904,8.992250518798828
1748973872530,-1.1250604248046876,4.204756164550782,8.50561248779297
1748973872596,-1.2665162658691407,4.320166168212891,8.420589294433594
1748973872663,-1.4534774780273438,4.214635620117187,8.901988220214845
1748973872730,-1.2151730346679688,4.098477172851562,8.997489624023437
1748973872800,-0.9569599914550782,4.284240875244141,8.728049926757812
1748973872863,-1.200952606201172,3.8607714843750003,8.746611328125
1748973872929,-1.1780502319335937,4.238436126708985,8.948092346191407
1748973873000,-1.3810281372070312,4.379742279052735,8.485254821777344
1748973873063,-1.6242723083496096,4.187991027832031,8.669970703125001
1748973873130,-1.02746337890625,4.041445770263672,8.765771484375
1748973873202,-0.9571096801757814,3.8848713684082035,9.036708068847657
1748973873263,-0.9262738037109376,4.336033172607422,8.226443023681641
1748973873330,-1.4617103576660158,3.834126892089844,8.876990203857423
1748973873402,-0.8616082763671875,4.183200988769531,8.31356185913086
1748973873462,-1.1749067687988282,3.9640567016601564,8.619076538085938
1748973873530,-1.3117222595214844,3.9808218383789065,9.438322906494141
1748973873601,-1.3368699645996094,4.519102478027344,9.256151733398438
1748973873663,-1.2503498840332032,4.386029205322266,7.995173950195313
1748973873730,-1.507664794921875,4.346810760498047,8.482859802246095
1748973873795,-0.9095086669921876,3.8746925354003907,9.386680297851562
1748973873863,-1.093326416015625,4.051774291992188,9.042994995117187
1748973873930,-1.1103909301757813,4.236041107177734,8.67041976928711
1748973874000,-1.0316546630859376,4.46955551147461,8.118367767333984
1748973874063,-1.2588821411132813,4.494104461669922,8.635691986083986
1748973874130,-1.474134521484375,4.628524932861328,8.434360656738281
1748973874204,-1.1478131103515625,4.358037414550782,8.555009765625
1748973874263,-1.145867156982422,3.8263430786132813,9.523944854736328
1748973874330,-1.0268646240234376,4.361929321289063,7.958949279785156
1748973874401,-1.3474978637695314,4.2345442199707035,8.306227111816407
1748973874462,-1.3886622619628908,3.8284387207031254,9.036708068847657
1748973874530,-1.0569520568847657,4.188589782714844,8.664432220458984
1748973874601,-1.4229409790039063,4.226461029052735,8.453221435546876
1748973874663,-1.3180091857910157,4.035158843994141,8.915160827636718
1748973874730,-1.17116455078125,4.09308837890625,8.788524169921875
1748973874795,-1.101409606933594,4.240531768798828,8.546926574707031
1748973874863,-1.325792999267578,4.174219665527344,8.778644714355469
1748973874929,-1.2108320617675783,4.058809661865235,8.934919738769532
1748973874996,-1.001267852783203,4.2695713806152344,8.4735791015625
1748973875063,-1.1822415161132813,4.176015930175781,8.87878646850586
1748973875130,-1.1671229553222657,4.110901336669922,8.855734405517579
1748973875201,-1.12326416015625,4.1570054626464845,8.69197494506836
1748973875263,-1.101708984375,4.180805969238281,8.737330627441407
1748973875329,-1.187779998779297,4.251309356689453,8.674910430908204
1748973875402,-1.1199710083007812,4.198169860839844,8.625962219238282
1748973875463,-1.2301419067382813,4.234244842529297,8.627309417724609
1748973875530,-1.1371852111816407,4.183650054931641,8.68523895263672
1748973875600,-1.0292596435546875,4.219126281738282,8.680299224853517
1748973875663,-0.9262738037109376,4.1799078369140625,8.693172454833984
1748973875730,-1.099164276123047,4.242178344726563,8.580756225585938
1748973875795,-1.0696755981445314,4.178410949707032,8.688981170654298
1748973875863,-1.0023156738281251,4.1923320007324225,8.631949768066407
1748973875930,-1.036893768310547,4.186344451904297,8.67910171508789
1748973876002,-1.0000703430175781,4.213587799072266,8.619824981689453
1748973876063,-1.1678713989257814,4.168980560302734,8.69347183227539
1748973876130,-1.1276051330566408,4.188589782714844,8.664581909179688
1748973876201,-1.0294093322753908,4.1974214172363284,8.710386657714844
1748973876263,-1.0183323669433595,4.178410949707032,8.620723114013673
1748973876329,-1.1478131103515625,4.164639587402344,8.82564697265625
1748973876403,-1.028511199951172,4.291425933837891,8.706045684814454
1748973876462,-1.1689192199707032,4.110003204345704,8.710087280273438
1748973876529,-1.1271560668945313,4.089046783447266,8.878038024902343
1748973876602,-0.9345066833496094,4.2767564392089845,8.569679260253906
1748973876663,-1.2502001953125002,4.255949707031251,8.627159729003907
1748973876730,-1.2112811279296876,4.139042816162109,8.783135375976563
1748973876796,-1.0524613952636719,4.20370834350586,8.5693798828125
1748973876863,-0.9635462951660156,4.133354644775391,8.651409301757813
1748973876946,-1.1368858337402343,3.943249969482422,8.940458221435547
1748973876996,-1.0318043518066407,4.363875274658203,8.494236145019531
1748973877063,-1.3696517944335938,4.276007995605469,8.860225067138673
1748973877130,-1.1557466125488283,4.252357177734376,8.729546813964845
1748973877200,-1.1868818664550782,4.202361145019531,8.54782470703125
1748973877263,-1.0651849365234376,4.027075653076172,8.954079895019532
1748973877330,-1.0157876586914063,4.0742276000976565,8.857830047607422
1748973877400,-0.7934999084472657,4.123026123046875,8.736582183837891
1748973877462,-0.8710386657714844,4.268523559570313,8.450826416015625
1748973877530,-1.2552896118164063,4.419110412597656,8.435857543945312
1748973877600,-1.3777349853515626,4.119732971191406,8.947044525146485
1748973877663,-0.9428892517089844,4.306095428466797,8.477171630859376
1748973877730,-1.0350975036621095,4.092639312744141,8.776848449707032
1748973877800,-1.0439291381835938,4.052822113037109,8.745264129638672
1748973877863,-1.109941864013672,4.126768341064453,8.652008056640625
1748973877930,-1.0536589050292968,4.398004302978515,8.256380767822266
1748973878001,-1.3906082153320314,3.9998323059082033,8.930878143310547
1748973878063,-0.9336085510253906,4.26073974609375,8.533155212402344
1748973878130,-1.18074462890625,4.211192779541016,8.634494476318359
1748973878199,-1.076411590576172,4.151017913818359,8.812324676513672
1748973878263,-1.1454180908203127,4.169878692626954,8.614286499023438
1748973878330,-1.1512559509277345,4.163142700195313,8.781039733886718
1748973878402,-1.0997630310058595,4.2345442199707035,8.69631591796875
1748973878462,-1.1436218261718751,4.2221200561523435,8.598419494628907
1748973878530,-1.1053015136718751,4.108506317138672,8.73029525756836
1748973878601,-1.1385324096679688,4.176015930175781,8.6987109375
1748973878663,-1.0397378540039064,4.162843322753907,8.670120391845703
1748973878730,-1.1454180908203127,4.130360870361328,8.706943817138672
1748973878802,-1.017733612060547,4.166735229492188,8.793314208984375
1748973878863,-1.1331436157226562,4.184548187255859,8.65320556640625
1748973878930,-1.1603869628906252,4.199067993164062,8.539741516113281
1748973878995,-1.0835966491699218,4.105362854003906,8.862470397949219
1748973879063,-1.182989959716797,4.25115966796875,8.734785919189454
1748973879130,-1.0713221740722656,4.254303131103516,8.632249145507814
1748973879202,-1.4133609008789063,4.049828338623047,8.897647247314454
1748973879263,-1.1008108520507813,4.215833129882813,8.619076538085938
1748973879330,-1.0054591369628907,4.121080169677734,8.561296691894531
1748973879402,-1.1252101135253907,4.050127716064454,9.136700134277344
1748973879463,-1.307530975341797,4.430337066650391,8.599467315673829
1748973879530,-1.2591815185546875,4.199517059326172,8.776100006103515
1748973879602,-1.162781982421875,4.238585815429688,8.421487426757812
1748973879663,-1.1472143554687502,4.17451904296875,8.77340560913086
1748973879729,-0.961450653076172,4.385430450439453,8.37867645263672
1748973879802,-1.0324031066894532,3.95941635131836,8.699758758544922
1748973879862,-1.0240205383300782,4.179458770751953,8.602012023925782
1748973879930,-1.4418017578125,4.001927947998047,8.64931365966797
1748973879996,-1.7375866699218752,4.576732635498047,8.678502960205078
1748973880063,-0.6719526672363282,4.207300872802735,8.889713745117188
1748973880130,-1.2371772766113283,4.020788726806641,8.79017074584961
1748973880196,-0.8219407653808594,4.421056365966797,8.676557006835939
1748973880263,-0.8916957092285157,3.9610629272460938,8.865763549804688
1748973880330,-0.939895477294922,4.0459364318847655,8.737630004882813
1748973880396,-1.1835887145996093,4.186793518066406,8.724307708740234
1748973880463,-1.2078382873535156,4.187991027832031,8.76187957763672
1748973880530,-1.1669732666015626,4.229454803466797,8.55830291748047
1748973880601,-1.2246034240722656,4.187242584228516,8.623417510986329
1748973880663,-1.1235635375976563,4.201912078857422,8.621172180175781
1748973880730,-1.120869140625,4.2008642578125,8.660091247558594
1748973880795,-1.1288026428222657,4.069287872314454,8.861871643066406
1748973880863,-1.0365943908691406,4.2255628967285155,8.819509735107422
1748973880930,-1.1288026428222657,4.158053283691406,8.800199890136719
1748973880996,-1.2341835021972656,3.988455963134766,8.95587615966797
1748973881063,-1.1603869628906252,4.310436401367188,8.521180114746095
1748973881129,-1.0126441955566408,4.046535186767579,8.654702453613282
1748973881199,-1.0021659851074218,4.115841064453125,8.64691864013672
1748973881263,-0.9526190185546876,4.061504058837891,9.003028106689454
1748973881330,-1.3403128051757813,4.294868774414063,8.357720031738282
1748973881401,-1.1755055236816407,4.027075653076172,8.843908996582032
1748973881462,-1.37713623046875,4.2873843383789065,8.52671859741211
1748973881530,-1.1295510864257814,3.9980360412597657,8.979976043701173
1748973881600,-0.996328125,4.0725810241699225,8.812324676513672
1748973881663,-0.9937834167480469,4.25115966796875,8.396639099121094
1748973881730,-1.0565029907226564,3.955225067138672,8.689879302978516
1748973881800,-0.9752220153808594,3.9869590759277345,8.809779968261719
1748973881863,-1.039288787841797,4.1797581481933594,8.311915283203126
1748973881942,-0.9535171508789063,4.114194488525391,8.470285949707032
1748973881996,-1.0913804626464845,4.146676940917969,8.74945541381836
1748973882063,-1.166224822998047,3.993246002197266,8.757538604736329
1748973882130,-0.7960446166992188,4.277804260253906,8.549770660400391
1748973882201,-1.1630813598632812,4.126918029785156,8.550519104003907
1748973882263,-1.3284873962402344,4.053570556640625,8.977131958007813
1748973882330,-1.144519958496094,4.327650604248047,8.465495910644531
1748973882401,-1.2449610900878907,4.168830871582031,8.509803771972656
1748973882462,-1.0294093322753908,3.999083862304688,8.91860366821289
1748973882530,-1.101559295654297,4.180656280517578,8.48555419921875
1748973882597,-1.196312255859375,4.052522735595703,8.882079620361328
1748973882663,-1.404529266357422,4.0442898559570315,9.229207763671875
1748973882730,-1.09452392578125,4.370611267089844,8.375083923339844
1748973882803,-1.4844630432128907,4.0125558471679685,8.797056427001953
1748973882864,-0.8934919738769531,4.327051849365235,8.317154388427735
1748973882930,-1.2906161499023439,4.14383285522461,8.697812805175781
1748973882998,-1.5694862365722657,3.982318725585938,8.38870559692383
1748973883063,-1.6685801696777345,3.936214599609375,9.236841888427735
1748973883130,-1.3880635070800782,4.108506317138672,8.633446655273438
1748973883199,-2.489622802734375,3.7603303527832033,8.687783660888673
1748973883263,-2.710862731933594,4.26837387084961,8.29679672241211
1748973883330,-2.8469297790527346,4.494703216552734,7.833360443115235
1748973883399,-2.5310865783691407,3.945345611572266,8.593629455566406
1748973883462,-1.38192626953125,4.103416900634766,9.673334197998047
1748973883530,-0.801134033203125,4.153562622070313,9.128916320800782
1748973883602,-0.9060658264160156,4.271068267822266,7.8499758911132815
1748973883663,-0.7000941467285157,4.584516448974609,8.365204467773438
1748973883729,-1.2913645935058595,4.180805969238281,8.84046615600586
1748973883802,-1.0820997619628907,4.0320153808593755,9.120384063720703
1748973883863,-1.5025753784179687,3.9577697753906254,8.60485610961914
1748973883930,-1.2020004272460938,4.054618377685547,8.787626037597656
1748973883996,-0.8852590942382813,3.6817437744140626,8.879534912109376
1748973884063,-0.7406597900390626,3.8980439758300784,8.793613586425781
1748973884129,-0.8253836059570313,3.7571868896484375,8.783883819580078
1748973884196,-0.944835205078125,3.9543269348144534,8.53779556274414
1748973884263,-1.6087046813964845,3.9242395019531253,8.696016540527344
1748973884330,-1.658551025390625,4.23723861694336,9.311536560058594
1748973884396,-1.4325210571289064,3.922443237304688,8.54827377319336
1748973884463,-1.5355068969726564,4.4264451599121095,9.33054702758789
1748973884530,-0.5495072937011719,3.53265380859375,8.367000732421875
1748973884599,-0.7912545776367188,3.4253269958496095,8.809929656982423
1748973884663,-1.6444802856445313,3.669768676757813,9.32231414794922
1748973884729,-1.4388079833984375,3.5748660278320314,10.10937744140625
1748973884801,-0.5725593566894531,4.039649505615235,8.951086120605469
1748973884863,-0.24593856811523437,3.9907012939453126,8.67760482788086
1748973884930,-0.5795947265625,3.8775366210937503,9.29357391357422
1748973884996,0.4390370178222657,3.8872663879394533,8.154143371582032
1748973885063,-0.6975494384765626,3.9477406311035157,8.617130584716797
1748973885130,-2.232906646728516,4.117787017822266,8.905281372070313
1748973885196,-1.5642471313476562,3.768263854980469,8.79017074584961
1748973885263,-1.324296112060547,3.7745507812500003,8.762478332519532
1748973885330,-0.0652642822265625,4.159400482177735,8.61204116821289
1748973885396,-0.2177970886230469,3.5507661437988283,9.727521514892578
1748973885463,-1.0517129516601562,3.6383340454101565,8.660989379882812
1748973885530,-0.5295986938476562,3.300935668945313,9.084608459472657
1748973885596,-1.276395721435547,3.8107754516601564,9.333091735839844
1748973885662,-0.8084687805175782,3.916455688476563,8.715625762939453
1748973885730,-0.6530918884277344,3.617227935791016,8.879085845947266
1748973885797,-1.0133926391601562,3.7477565002441406,8.769214324951172
1748973885863,-1.031055908203125,3.5354978942871096,9.044641571044922
1748973885930,-1.5024256896972656,4.118984527587891,8.99464553833008
1748973885997,-1.1919712829589844,3.8775366210937503,8.835526428222657
1748973886063,-1.1608360290527344,3.9068756103515625,8.752748565673828
1748973886130,-0.9463320922851562,3.400927734375,8.699908447265626
1748973886196,-1.1115884399414062,3.7006045532226564,8.889863433837892
1748973886263,-1.1353889465332032,3.809727630615235,8.78448257446289
1748973886330,-1.1515553283691407,3.7082386779785157,8.797206115722657
1748973886400,-1.171014862060547,3.8245468139648438,8.882079620361328
1748973886463,-1.2337344360351563,3.8649627685546877,8.869655456542969
1748973886530,-1.2042457580566406,3.9275326538085937,8.89704849243164
1748973886596,-1.161285095214844,3.7715570068359376,8.830287322998048
1748973886663,-1.1081455993652345,3.7772451782226564,8.740474090576173
1748973886730,-1.1603869628906252,3.876039733886719,8.868907012939454
1748973886796,-1.2100836181640626,3.903432769775391,8.942404174804688
1748973886863,-1.026265869140625,3.729644165039063,8.808283081054688
1748973886940,-1.1737092590332032,3.7483552551269534,8.840615844726562
1748973886996,-1.2020004272460938,3.906127166748047,8.910670166015626
1748973887063,-1.124311981201172,4.290228424072266,8.74466537475586
1748973887130,-1.1888278198242188,3.4947825622558595,8.977131958007813
1748973887201,-0.5411247253417969,3.4515225219726564,8.434061279296875
1748973887263,-0.6994953918457032,3.629352722167969,8.827892303466797
1748973887330,-1.4865586853027344,4.067790985107422,8.484506378173828
1748973887396,-1.2732522583007813,4.1288639831542975,8.495433654785156
1748973887462,-2.192790069580078,4.086801452636719,8.424032135009766
1748973887530,-1.8335371398925782,3.9245388793945315,8.871302032470703
1748973887596,-1.6546591186523438,3.9143600463867188,8.80498992919922
1748973887663,-1.4193484497070312,3.635340270996094,8.97309036254883
1748973887730,-1.4805711364746095,3.8501435852050783,9.030720520019532
1748973887796,-1.4410533142089845,3.8541851806640626,8.79166763305664
1748973887863,-1.7247134399414064,3.7541931152343753,8.661139068603516
1748973887929,-1.4075230407714845,3.8140686035156253,8.88597152709961
1748973887996,-1.3919554138183594,3.955075378417969,8.684640197753907
1748973888063,-1.4828164672851563,3.8574783325195314,8.987610168457032
1748973888130,-1.4313235473632813,3.9704933166503906,8.770112457275392
1748973888196,-1.235830078125,3.8178108215332034,8.901988220214845
1748973888263,-1.310973815917969,3.962260437011719,8.64886459350586
1748973888330,-1.3862672424316407,3.8514907836914065,8.920250244140625
1748973888396,-1.359173583984375,3.849993896484375,8.871751098632814
1748973888462,-1.1419752502441407,3.9677989196777346,8.754095764160157
1748973888530,-1.3500425720214844,3.8946011352539065,8.762328643798828
1748973888604,-1.3817765808105469,4.003424835205078,8.818312225341797
1748973888663,-1.338666229248047,3.8806800842285156,8.709338836669922
1748973888730,-1.2554393005371094,3.9115159606933596,8.743916931152345
1748973888802,-1.3084291076660157,3.969295806884766,8.802744598388673
1748973888863,-1.2963043212890626,3.910767517089844,8.833580474853516
1748973888930,-1.3346246337890626,3.916605377197266,8.80454086303711
1748973889002,-1.337468719482422,3.919599151611328,8.800798645019531
1748973889063,-1.1864328002929687,3.93980712890625,8.823551330566406
1748973889130,-1.2946577453613282,3.9345680236816407,8.75229949951172
1748973889196,-1.3157638549804689,3.9185513305664066,8.764274597167969
1748973889263,-1.2504995727539063,3.918102264404297,8.8280419921875
1748973889329,-1.2563374328613282,3.9016365051269535,8.768016815185547
1748973889402,-1.2434642028808593,3.918102264404297,8.780291290283204
1748973889463,-1.272803192138672,3.9374121093750003,8.805289306640626
1748973889530,-1.289568328857422,3.943100280761719,8.78343475341797
1748973889602,-1.2651690673828127,3.903732147216797,8.817563781738281
1748973889663,-1.2599299621582032,3.968397674560547,8.731343078613282
1748973889730,-1.197509765625,3.8935533142089844,8.830137634277344
1748973889796,-1.281185760498047,3.8980439758300784,8.773555297851562
1748973889863,-1.22625,3.916605377197266,8.802894287109375
1748973889930,-1.2868739318847657,3.935765533447266,8.745413818359376
1748973889996,-1.224902801513672,3.9245388793945315,8.800798645019531
1748973890063,-1.1849359130859376,3.8703515625000002,8.810827789306641
1748973890130,-1.2175680541992189,3.9451959228515627,8.77580062866211
1748973890201,-1.2578343200683595,3.9151084899902346,8.8663623046875
1748973890263,-1.2963043212890626,3.938459930419922,8.767867126464845
1748973890330,-1.2629237365722656,3.926484832763672,8.818012847900391
1748973890396,-1.2379257202148437,3.9175035095214845,8.829688568115234
1748973890463,-1.2163705444335937,3.934717712402344,8.773106231689454
1748973890529,-1.1885284423828126,3.9100190734863283,8.787027282714844
1748973890596,-1.2603790283203125,3.933370513916016,8.774004364013672
1748973890663,-1.2701087951660157,3.933370513916016,8.779692535400391
1748973890730,-1.212778015136719,3.9065762329101563,8.812324676513672
1748973890797,-1.2340338134765625,3.935765533447266,8.793613586425781
1748973890863,-1.2299922180175782,3.938459930419922,8.802445220947266
1748973890930,-1.2313394165039062,3.9161563110351563,8.801846466064454
1748973890999,-1.232237548828125,3.935615844726563,8.768914947509765
1748973891064,-1.235680389404297,3.9151084899902346,8.854087829589844
1748973891130,-1.2617262268066407,3.9462437438964844,8.771908721923829
1748973891201,-1.219214630126953,3.910767517089844,8.78298568725586
1748973891263,-1.2252021789550782,3.915557556152344,8.80454086303711
1748973891330,-1.210682373046875,3.9206469726562503,8.777596893310548
1748973891401,-1.2301419067382813,3.918102264404297,8.764723663330079
1748973891463,-1.2579840087890626,3.938609619140625,8.798553314208984
1748973891530,-1.2163705444335937,3.952380981445313,8.842262420654297
1748973891596,-1.263223114013672,3.915707244873047,8.815917205810548
1748973891663,-1.2451107788085938,3.9127134704589848,8.796457672119141
1748973891730,-1.2024494934082033,3.9188507080078128,8.79780487060547
1748973891799,-1.2436138916015627,3.936963043212891,8.80169677734375
1748973891863,-1.2281959533691407,3.9305264282226564,8.81457000732422
1748973891940,-1.240470428466797,3.9207966613769534,8.831933898925781
1748973891996,-1.2493020629882814,3.9416033935546877,8.815767517089844
1748973892063,-1.2313394165039062,3.9326220703125,8.808432769775392
1748973892130,-1.21906494140625,3.909869384765625,8.797206115722657
1748973892201,-1.1861334228515625,3.8708006286621095,8.814420318603515
1748973892263,-1.294508056640625,3.925137634277344,8.846453704833985
1748973892330,-1.2843292236328125,3.964655456542969,8.79166763305664
1748973892396,-1.1753558349609377,3.898642730712891,8.79780487060547
1748973892462,-1.252445526123047,3.902235260009766,8.824000396728517
1748973892530,-1.2503498840332032,3.9046302795410157,8.81891098022461
1748973892603,-1.2424163818359375,3.926035766601563,8.78777572631836
1748973892663,-1.2591815185546875,3.9151084899902346,8.83567611694336
1748973892730,-1.2278965759277345,3.9410046386718753,8.79780487060547
1748973892800,-1.248852996826172,3.8922061157226566,8.843908996582032
1748973892863,-1.2135264587402343,3.916755065917969,8.81217498779297
1748973892929,-1.2623249816894533,3.9127134704589848,8.801846466064454
1748973893003,-1.2201127624511718,3.921844482421875,8.879085845947266
1748973893063,-1.2808863830566406,3.9425015258789062,8.794212341308594
1748973893130,-1.3272898864746094,3.9330711364746094,8.847950592041016
1748973893200,-1.1521540832519532,3.9309754943847657,8.801996154785156
1748973893263,-1.235979766845703,3.877087554931641,8.845705261230469
1748973893330,-1.161285095214844,3.9143600463867188,8.842112731933595
1748973893396,-1.213077392578125,3.902684326171875,8.799750823974609
1748973893463,-1.2485536193847657,3.842659149169922,8.777147827148438
1748973893530,-1.2484039306640626,3.9317239379882816,8.789272613525391
1748973893596,-1.312470703125,3.9618113708496097,8.784183197021484
1748973893663,-1.320853271484375,3.8972955322265626,8.828640747070313
1748973893730,-1.199605407714844,3.8911582946777346,8.781189422607422
1748973893796,-1.2337344360351563,4.041296081542969,8.77580062866211
1748973893863,-1.302890625,3.823498992919922,8.98461639404297
1748973893930,-1.275347900390625,4.08350830078125,8.812923431396484
1748973893996,-1.2424163818359375,3.8645137023925784,8.951235809326173
1748973894063,-1.227447509765625,3.9125637817382812,8.889863433837892
1748973894130,-1.179397430419922,3.929478607177735,8.766370239257814
1748973894197,-1.3114228820800782,4.0124061584472654,8.750353546142579
1748973894264,-1.29091552734375,4.005221099853516,8.721313934326172
1748973894330,-1.2439132690429688,3.7378770446777345,8.87639144897461
1748973894397,-1.137783966064453,3.8110748291015626,8.722361755371095
1748973894463,-1.2493020629882814,3.9775286865234376,8.731492767333984
1748973894529,-1.3168116760253907,4.105213165283203,8.694968719482421
1748973894601,-1.304237823486328,3.789968719482422,8.972491607666017
1748973894663,-1.1669732666015626,3.8889129638671878,8.76053237915039
1748973894730,-1.3977932739257812,4.018543395996094,8.778345336914063
1748973894796,-1.3810281372070312,3.8884638977050785,8.911568298339844
1748973894863,-1.5908917236328126,3.7423677062988285,8.871002655029297
1748973894930,-1.3930032348632813,3.825894012451172,8.877289581298829
1748973894996,-1.355431365966797,3.758683776855469,8.721313934326172
1748973895063,-1.4831158447265627,3.7329373168945312,8.513995056152345
1748973895130,-1.8259030151367188,3.787274322509766,8.782386932373047
1748973895196,-1.7724641418457032,3.65240478515625,9.012308807373048
1748973895263,-1.7235159301757814,3.7250038146972657,8.790021057128907
1748973895330,-1.5765216064453125,3.778891754150391,8.796906738281251
1748973895396,-1.657353515625,3.419788513183594,8.81606689453125
1748973895463,-1.9743942260742189,3.945944366455078,8.853788452148438
1748973895529,-2.4195684814453124,3.8655615234375,8.670569458007813
1748973895596,-1.8486557006835938,3.698808288574219,9.21887924194336
1748973895663,-1.9443067932128908,3.781586151123047,8.624016265869141
1748973895730,-1.7922230529785157,3.636238403320313,8.784781951904296
1748973895796,-2.0474423217773436,3.982318725585938,8.274942169189453
1748973895863,-1.957778778076172,3.7209622192382814,9.051826629638672
1748973895930,-1.9145187377929689,3.648662567138672,8.571325836181641
1748973895996,-1.851200408935547,3.826642456054688,8.863518218994141
1748973896063,-1.9389179992675782,3.6777021789550783,8.89360565185547
1748973896130,-1.9839743041992188,3.873495025634766,8.73179214477539
1748973896196,-1.6504678344726564,3.763324127197266,8.724158020019532
1748973896263,-1.8121316528320313,3.6405793762207033,8.968599700927735
1748973896330,-1.7875827026367188,3.646417236328125,8.754245452880859
1748973896396,-1.515897674560547,3.8240977478027345,9.133257293701172
1748973896463,-2.149230651855469,4.808301086425781,1.31965576171875
1748973896530,-5.1483938598632815,5.940247192382813,9.867480468750001
1748973896596,-1.3299842834472657,4.8719187927246095,7.02504135131836
1748973896663,-0.4646337890625,5.958509216308594,9.919123077392578
1748973896730,0.8948391723632813,3.558699645996094,8.59377914428711
1748973896796,2.9165350341796876,6.2439656066894536,8.952732696533204
1748973896863,1.9441571044921877,6.141129455566406,7.727979583740235
1748973896938,2.877466278076172,2.941233673095703,6.094725952148438
1748973896996,3.260819091796875,3.8610708618164065,7.232659606933594
1748973897064,2.301464080810547,4.034560089111328,7.115453338623047
1748973897130,1.1773017883300783,2.914589080810547,10.423274688720703
1748973897201,1.5067666625976563,4.620591430664063,7.503895568847657
1748973897263,-0.4218228149414063,4.877157897949219,10.193352813720704
1748973897330,0.7002438354492188,4.5797264099121096,7.743696899414063
1748973897396,0.6794371032714844,4.3788441467285155,8.918004913330078
1748973897462,0.6554869079589845,4.485572204589844,8.521329803466797
1748973897530,0.6230044555664063,4.604874114990235,8.44678482055664
1748973897596,0.42541534423828126,4.46716049194336,8.587641906738282
1748973897663,0.6816824340820313,4.422104187011719,8.482560424804689
1748973897730,0.41882904052734377,4.432732086181641,8.68763397216797
1748973897796,0.4942721557617188,4.461023254394531,8.732540588378907
1748973897863,0.542471923828125,4.4915597534179685,8.541238403320312
1748973897930,0.5248086547851563,4.496499481201172,8.70918914794922
1748973897996,0.6954537963867188,4.44515625,8.585097198486329
1748973898063,0.40610549926757816,4.490511932373047,8.489895172119141
1748973898130,0.48753616333007815,4.529131622314454,8.732839965820313
1748973898196,0.48978149414062505,4.406386871337891,8.669072570800783
1748973898263,0.5951623535156251,4.485123138427735,8.440048828125
1748973898330,0.4662803649902344,4.4756927490234375,8.6651806640625
1748973898396,0.5219645690917969,4.384981384277344,8.827443237304688
1748973898463,0.5947132873535157,4.454886016845704,8.486152954101563
1748973898530,1.1776011657714844,3.2087274169921876,8.064779205322266
1748973898596,-0.18546432495117188,4.566553802490235,8.778644714355469
1748973898663,1.2846286010742187,3.5381922912597656,8.57222396850586
1748973898730,2.1047731018066407,2.744842071533203,9.15271682739258
1748973898796,0.14953903198242188,5.057383117675782,7.808811492919922
1748973898863,-0.09864486694335937,9.245523834228516,8.335715789794921
1748973898930,0.3399430847167969,3.7688626098632816,7.644004211425782
1748973898996,0.487386474609375,2.2947280883789065,8.653804321289062
1748973899063,1.5379019165039063,5.001549224853516,7.311844940185547
1748973899130,1.1879296875,4.056414642333984,8.734037475585938
1748973899196,0.9768685913085938,3.938759307861328,8.867859191894532
1748973899263,0.6626719665527344,3.882176971435547,9.014853515625001
1748973899330,0.9214837646484375,4.116290130615234,9.396859130859376
1748973899396,1.2641212463378906,2.9021649169921875,8.71502700805664
1748973899463,0.7408094787597657,2.7104136657714846,6.632856903076172
1748973899530,0.5598358154296875,2.157762908935547,9.197024688720704
1748973899596,-0.08666976928710939,6.227499847412109,8.818611602783204
1748973899663,-0.6818321228027344,5.380710754394531,8.938512268066408
1748973899730,0.10927276611328125,3.702251129150391,9.062454528808594
1748973899796,0.2347119140625,3.3856594848632815,8.662186889648439
1748973899863,0.28635452270507816,4.216731262207031,8.661139068603516
1748973899930,0.058977355957031255,4.02887191772461,9.114995269775392
1748973899996,0.40356079101562503,4.163891143798828,8.17420166015625
1748973900063,0.3983216857910156,3.7170703125,8.754245452880859
1748973900130,0.26000930786132814,3.8718484497070316,8.742569732666016
1748973900196,0.5867797851562501,3.4709820556640625,9.130862274169923
1748973900263,0.355660400390625,3.911965026855469,8.881780242919922
1748973900330,0.290994873046875,3.5190321350097657,9.14223861694336
1748973900396,0.4037104797363281,4.099225616455079,8.719517669677735
1748973900463,0.7776329040527344,3.902235260009766,8.890013122558594
1748973900530,0.5248086547851563,3.9016365051269535,9.06320297241211
1748973900596,0.41583526611328125,3.827091522216797,9.004674682617187
1748973900663,0.4577481079101563,4.016597442626954,8.668174438476562
1748973900730,0.6015989685058594,3.729793853759766,9.12262939453125
1748973900796,0.49247589111328127,4.055067443847657,8.571176147460937
1748973900863,0.610580291748047,3.8239480590820314,8.994046783447265
1748973900930,0.7511380004882813,3.790118408203125,8.780291290283204
1748973900996,0.5408253479003906,3.981420593261719,8.848399658203125
1748973901063,0.9083111572265625,3.9547760009765627,8.610095214843751
1748973901130,0.7915539550781251,3.7543428039550784,9.033265228271485
1748973901196,0.7295828247070313,4.118984527587891,8.745264129638672
1748973901263,0.9657916259765625,3.8624180603027347,8.937015380859375
1748973901330,1.1252101135253907,3.8914576721191407,8.718469848632813
1748973901396,1.2253518676757813,3.8339772033691406,8.91141860961914
1748973901463,1.0410850524902344,3.840264129638672,8.803792419433595
1748973901530,1.0656340026855469,3.9242395019531253,8.994346160888671
1748973901596,1.188977508544922,4.005969543457032,8.611592102050782
1748973901663,0.9331594848632813,3.8263430786132813,8.794811096191406
1748973901730,1.1285032653808593,3.9592666625976562,8.965156860351563
1748973901796,1.3120216369628908,3.849993896484375,8.831784210205079
1748973901863,1.0864407348632814,3.8993911743164062,8.966953125
1748973901939,1.0072554016113282,3.8413119506835938,9.045689392089844
1748973901996,0.9876461791992188,4.10790756225586,8.720864868164062
1748973902063,1.3988410949707033,3.963308258056641,9.048982543945312
1748973902130,0.8601113891601563,4.0667431640625,8.341254272460938
1748973902201,1.5630496215820313,4.348307647705078,8.685089263916016
1748973902263,2.2538630676269533,3.8655615234375,9.086404724121094
1748973902330,1.7509089660644532,3.6308496093750002,8.017178192138672
1748973902396,2.2939796447753906,3.423680419921875,9.049132232666016
1748973902463,1.9721488952636719,3.417243804931641,8.418343963623048
1748973902530,2.4243585205078126,4.249513092041016,8.545729064941407
1748973902596,2.4641757202148438,4.258195037841797,7.556885375976563
1748973902663,2.0574714660644533,4.079167327880859,9.330247650146484
1748973902730,2.235601043701172,3.9974372863769534,8.115823059082032
1748973902796,1.5485298156738283,5.034331054687501,8.11717025756836
1748973902863,2.086211700439453,4.246070251464844,9.146280212402344
1748973902930,1.3427078247070314,3.486699371337891,9.080716552734376
1748973902996,1.6625926208496093,3.736380157470703,8.905580749511719
1748973903063,1.7607884216308594,3.82005615234375,8.487649841308594
1748973903130,1.8550923156738282,3.795806579589844,8.801996154785156
1748973903196,1.5627502441406251,3.7911662292480472,8.764124908447267
1748973903263,1.5835569763183595,3.776347045898438,8.776848449707032
1748973903330,1.7320481872558595,3.7585340881347657,8.784781951904296
1748973903396,1.76512939453125,3.579057312011719,8.757837982177735
1748973903463,1.3323793029785156,3.6215689086914065,8.849896545410157
1748973903530,1.627266082763672,4.0655456542968755,8.754844207763671
1748973903596,0.83107177734375,3.9618113708496097,8.92474090576172
1748973903663,0.9119036865234376,3.6113900756835937,8.858877868652344
1748973903730,1.2253518676757813,3.7645216369628907,8.87878646850586
1748973903797,1.3465997314453126,3.8411622619628907,8.844058685302734
1748973903863,1.1379336547851564,3.8157151794433597,8.834179229736328
1748973903930,1.1515553283691407,3.703748016357422,8.927285614013673
1748973903997,1.008153533935547,3.7648210144042973,8.924441528320314
1748973904063,1.1686198425292968,3.78652587890625,8.81172592163086
1748973904130,1.1955638122558594,3.6275564575195314,8.955726470947265
1748973904196,1.153052215576172,3.811523895263672,8.918453979492188
1748973904263,1.1762539672851564,3.7778439331054687,8.99808837890625
1748973904330,1.2591815185546875,3.8040394592285156,8.798104248046876
1748973904397,1.1198213195800781,3.6624339294433597,8.893905029296876
1748973904464,1.3105247497558594,3.616180114746094,8.932075653076172
1748973904530,1.2793894958496095,3.812571716308594,8.829089813232422
1748973904596,1.1567944335937501,3.8552330017089846,8.880732421875
1748973904663,0.9852511596679688,3.4420921325683596,9.06035888671875
1748973904730,1.342408447265625,3.800446929931641,8.576864318847656
1748973904796,1.2278965759277345,3.7847296142578126,9.010362854003906
1748973904863,1.088386688232422,3.563639373779297,9.105564880371094
1748973904930,1.1873309326171875,3.852987670898438,8.75229949951172
1748973904996,1.0367440795898437,3.746708679199219,8.951385498046875
1748973905064,1.0761122131347656,3.6815940856933596,8.9813232421875
1748973905130,1.0828482055664064,3.7392242431640628,8.866062927246094
1748973905196,1.129102020263672,3.7583843994140627,8.930878143310547
1748973905264,1.2431648254394532,3.702849884033203,8.946146392822266
1748973905330,1.0325527954101563,3.7314404296875003,8.950936431884767
1748973905397,1.1325448608398438,3.715723114013672,8.900940399169922
1748973905464,1.05620361328125,3.6881803894042973,8.910221099853516
1748973905530,1.0484197998046876,3.7308416748046875,8.843908996582032
1748973905597,1.0509645080566408,3.783532104492188,8.87354736328125
1748973905664,1.039588165283203,3.7642222595214845,8.961414642333985
1748973905730,0.9966275024414063,3.733386383056641,8.938961334228516
1748973905796,1.0198292541503906,3.639830932617188,8.947643280029297
1748973905863,1.1485615539550782,3.7878730773925784,8.804091796875001
1748973905930,1.0365943908691406,3.639830932617188,9.003177795410156
1748973905996,0.945883026123047,3.663930816650391,8.965605926513673
1748973906063,1.061143341064453,3.670217742919922,8.903485107421876
1748973906130,1.1596385192871095,3.6624339294433597,8.947194213867188
1748973906196,0.9740245056152345,3.707041168212891,8.941955108642578
1748973906263,0.9593550109863281,3.723656616210938,8.943302307128906
1748973906330,1.0186317443847657,3.6949163818359376,8.937614135742187
1748973906396,1.1488609313964844,3.65719482421875,8.928483123779298
1748973906464,1.1470646667480469,3.6742593383789064,8.975784759521485
1748973906530,0.93166259765625,3.6970120239257813,8.98701141357422
1748973906596,1.1729608154296876,3.6546501159667972,8.891959075927735
1748973906664,1.2031979370117187,3.6254608154296877,8.93477005004883
1748973906730,0.9904902648925782,3.7235069274902344,8.915460205078125
1748973906796,0.9810598754882813,3.679498443603516,8.92758499145508
1748973906863,1.0126441955566408,3.6959642028808597,8.954079895019532
1748973906940,1.1181747436523437,3.7161721801757817,8.909622344970703
1748973906996,1.0970686340332032,3.5714231872558595,9.020841064453126
1748973907064,1.0422825622558594,3.7127293395996097,8.915609893798829
1748973907130,1.0421328735351563,3.729943542480469,8.89465347290039
1748973907201,1.0798544311523437,3.6564463806152347,8.888216857910157
1748973907264,1.04662353515625,3.6803965759277344,8.89555160522461
1748973907330,1.0759625244140625,3.6872822570800783,8.980874176025392
1748973907397,0.980760498046875,3.703298950195313,8.93911102294922
1748973907463,1.1154803466796877,3.6512072753906253,8.922196197509766
1748973907530,1.0892848205566408,3.7453614807128908,8.895102539062501
1748973907602,1.0494676208496094,3.6818934631347657,9.001680908203125
1748973907663,1.1558963012695314,3.617377624511719,8.954978027343751
1748973907730,1.1054512023925782,3.6386334228515627,8.884025573730469
1748973907796,1.033450927734375,3.639232177734375,8.958869934082031
1748973907864,1.0005194091796876,3.7088374328613285,8.975934448242189
1748973907930,1.0484197998046876,3.6920722961425785,8.950337677001954
1748973907996,1.157842254638672,3.6417768859863284,8.96590530395508
1748973908064,1.0654843139648438,3.629352722167969,8.929231567382812
1748973908130,1.0216255187988281,3.6449203491210938,9.006321258544922
1748973908196,1.0794053649902344,3.665278015136719,8.920250244140625
1748973908264,1.1416758728027345,3.6052528381347657,8.931027832031251
1748973908330,1.1030561828613281,3.662882995605469,8.970994720458984
1748973908396,0.9759704589843751,3.757336578369141,8.88746841430664
1748973908464,1.0726693725585938,3.654500427246094,8.97563507080078
1748973908530,1.1271560668945313,3.623215484619141,9.003028106689454
1748973908597,1.0924282836914063,3.7723054504394535,8.861272888183594
1748973908663,1.0575508117675783,3.533851318359375,9.00093246459961
1748973908730,0.975820770263672,3.7029995727539062,8.871900787353516
1748973908796,1.119521942138672,3.660188598632813,9.011710052490235
1748973908864,1.0521620178222657,3.6803965759277344,8.931626586914064
1748973908930,1.0112969970703125,3.635340270996094,8.980125732421875
1748973908997,1.2516970825195313,3.6492613220214847,8.92039993286133
1748973909064,1.1205697631835938,3.6284545898437504,8.916058959960939
1748973909130,1.0193801879882813,3.6625836181640627,8.968450012207033
1748973909196,1.0237211608886718,3.672612762451172,8.931327209472657
1748973909263,1.0659333801269533,3.6573445129394533,8.918903045654297
1748973909330,1.1671229553222657,3.623215484619141,8.894204406738282
1748973909396,1.2006532287597658,3.6214192199707034,8.995693359375
1748973909464,1.0171348571777343,3.6717146301269534,8.970994720458984
1748973909530,0.9877958679199219,3.6913238525390626,8.91321487426758
1748973909596,1.1485615539550782,3.550466766357422,8.990454254150391
1748973909664,1.1416758728027345,3.6886294555664065,8.877139892578125
1748973909730,1.044228515625,3.617527313232422,8.949439544677734
1748973909796,1.0816506958007812,3.695365447998047,8.956325225830078
1748973909864,1.0211764526367189,3.6287539672851565,8.992699584960938
1748973909930,1.077908477783203,3.695365447998047,8.8903125
1748973909996,1.235979766845703,3.5613940429687503,9.046288146972657
1748973910063,1.099164276123047,3.656895446777344,8.915609893798829
1748973910130,1.0461744689941406,3.6824922180175785,8.92908187866211
1748973910197,1.0889854431152344,3.6289036560058596,8.977581024169922
1748973910264,1.088536376953125,3.6347415161132814,8.969946899414063
1748973910330,1.1521540832519532,3.657045135498047,8.909322967529297
1748973910397,1.0960208129882814,3.608995056152344,8.903485107421876
1748973910464,1.13763427734375,3.6203713989257813,8.991202697753907
1748973910530,1.0987152099609376,3.604055328369141,8.970695343017578
1748973910596,1.076411590576172,3.676953735351563,8.909622344970703
1748973910664,1.015338592529297,3.626358947753906,8.994346160888671
1748973910730,1.0362950134277344,3.6301011657714843,8.92578872680664
1748973910797,1.1416758728027345,3.6384837341308596,8.919801177978517
1748973910864,1.1533515930175782,3.643423461914063,8.939560089111328
1748973910930,0.980610809326172,3.6308496093750002,8.96021713256836
1748973910996,1.0544073486328125,3.599564666748047,8.9046826171875
1748973911064,1.2280462646484376,3.5091526794433596,8.925040283203126
1748973911130,0.9839039611816407,3.6317477416992188,8.88642059326172
1748973911196,1.0108479309082032,3.6086956787109377,9.025930480957031
1748973911264,1.0544073486328125,3.62366455078125,8.97413818359375
1748973911330,1.015338592529297,3.6968623352050782,9.019793243408204
1748973911396,0.8976832580566406,3.629652099609375,9.018745422363281
1748973911464,1.1066487121582032,3.5781591796875003,8.996441802978516
1748973911530,0.9996212768554688,3.5591487121582035,8.9286328125
1748973911596,0.9735754394531251,3.633394317626953,9.001680908203125
1748973911664,0.9491761779785157,3.6889288330078127,9.038654022216797
1748973911730,0.9705816650390625,3.6458184814453127,8.91755584716797
1748973911797,0.8990304565429688,3.5284625244140626,9.029373321533203
1748973911864,0.9309141540527345,3.526366882324219,8.876541137695312
1748973911939,0.999920654296875,3.5250196838378907,8.894354095458985
1748973911996,1.0252180480957032,3.496578826904297,9.003028106689454
1748973912064,1.0027647399902344,3.6456687927246096,8.965605926513673
1748973912130,0.9500743103027344,3.5817517089843753,9.071884918212891
1748973912196,0.8984317016601563,3.6073484802246094,8.970395965576172
1748973912264,0.9219328308105469,3.5848951721191407,8.931177520751953
1748973912330,0.8647517395019532,3.5956727600097658,9.01575164794922
1748973912397,0.8704399108886719,3.5715728759765626,8.880732421875
1748973912463,0.9443861389160156,3.523672485351563,9.009614410400392
1748973912530,0.9542655944824219,3.576961669921875,9.017996978759767
1748973912596,0.8915460205078125,3.575464782714844,9.080117797851562
1748973912664,1.0292596435546875,3.5745666503906253,8.970096588134766
1748973912730,1.0089019775390626,3.4853521728515626,9.00856658935547
1748973912796,0.9457333374023438,3.612437896728516,9.027127990722656
1748973912864,0.8756790161132812,3.596121826171875,8.970096588134766
1748973912930,1.0038125610351563,3.5570530700683594,9.078321533203125
1748973912996,0.9852511596679688,3.6783009338378907,8.896749114990234
1748973913063,0.7768844604492188,3.567231903076172,9.04883285522461
1748973913130,1.0527607727050783,3.5750157165527345,8.935368804931642
1748973913197,1.0434800720214845,3.537144470214844,8.940308532714845
1748973913263,1.0098001098632814,3.4958303833007816,8.973389739990235
1748973913330,1.0443782043457033,3.576961669921875,9.141639862060547
1748973913397,0.9036708068847656,3.7517980957031254,8.926836547851563
1748973913464,0.9647438049316407,3.5648368835449222,8.996741180419923
1748973913530,0.9190887451171875,3.6356396484375,8.902437286376953
1748973913597,0.8843609619140625,3.6184254455566407,8.997489624023437
1748973913664,1.05620361328125,3.5128948974609377,9.103469238281251
1748973913730,0.9873468017578125,3.692820739746094,8.850944366455078
1748973913796,0.9800120544433594,3.5582505798339845,9.022188262939453
1748973913864,0.8072712707519532,3.6351905822753907,8.982670440673829
1748973913930,0.9976753234863281,3.564687194824219,9.023236083984376
1748973913996,1.1786489868164063,3.6670742797851563,8.942853240966798
1748973914064,0.820144500732422,3.552712097167969,9.014853515625001
1748973914129,0.7803273010253907,3.629203033447266,9.016500091552734
1748973914203,0.9030720520019532,3.655847625732422,8.951086120605469
1748973914263,1.0397378540039064,3.5378929138183595,9.049880676269531
1748973914330,1.1153306579589843,3.6483631896972657,8.859027557373047
1748973914396,0.8626560974121095,3.5949243164062503,8.999435577392578
1748973914464,0.8687933349609376,3.6083963012695315,9.040001220703125
1748973914530,0.959205322265625,3.5738182067871094,8.935069427490236
1748973914596,1.0521620178222657,3.560944976806641,8.986562347412109
1748973914664,0.9574090576171875,3.5750157165527345,8.97743133544922
1748973914730,0.966390380859375,3.5473233032226563,8.969497833251953
1748973914796,1.0761122131347656,3.586541748046875,9.035660247802735
1748973914863,0.9225315856933595,3.562292175292969,9.050329742431641
1748973914930,0.909957733154297,3.5747163391113284,8.973389739990235
1748973914996,1.041683807373047,3.5579512023925783,8.980574798583985
1748973915064,0.9463320922851562,3.5618431091308596,8.93866195678711
1748973915130,0.9629475402832032,3.636537780761719,8.993597717285157
1748973915197,0.8747808837890625,3.622317352294922,8.96171401977539
1748973915264,0.7911048889160157,3.533402252197266,9.069489898681642
1748973915330,0.9090596008300782,3.6133360290527348,8.95452896118164
1748973915396,1.0306068420410157,3.5127452087402347,9.003477172851563
1748973915463,1.0663824462890625,3.561094665527344,8.973539428710938
1748973915530,1.0419831848144532,3.5988162231445315,8.942553863525392
1748973915596,0.8110134887695313,3.606450347900391,8.935518493652344
1748973915664,0.8927435302734376,3.5718722534179688,9.084458770751954
1748973915730,1.0168354797363282,3.586392059326172,8.991053009033203
1748973915796,1.0575508117675783,3.563489685058594,8.8663623046875
1748973915864,1.0937754821777343,3.5844461059570314,8.889114990234376
1748973915930,0.8816665649414063,3.459605712890625,9.207652587890626
1748973915996,0.9738748168945313,3.5485208129882815,9.062454528808594
1748973916064,1.1085946655273438,3.74341552734375,8.682544555664062
1748973916130,0.8919950866699219,3.606749725341797,8.979526977539063
1748973916196,0.8108638000488282,3.458108825683594,9.15271682739258
1748973916264,1.1238629150390627,3.625909881591797,8.84286117553711
1748973916330,1.1150312805175782,3.635340270996094,8.96021713256836
1748973916396,0.6212081909179688,3.59013427734375,9.046737213134765
1748973916464,0.8337661743164063,3.6179763793945314,9.000333709716797
1748973916530,0.8572673034667969,3.5690281677246096,9.001830596923828
1748973916596,1.0316546630859376,3.5211277770996094,9.061855773925782
1748973916664,1.0699749755859376,3.5375935363769533,8.910819854736328
1748973916730,0.8071215820312501,3.554208984375,9.044791259765626
1748973916796,0.966390380859375,3.5607952880859375,9.089398498535157
1748973916864,0.8527766418457031,3.605701904296875,9.00811752319336
1748973916940,0.9117539978027345,3.57576416015625,8.991053009033203
1748973916996,0.9888436889648438,3.519331512451172,9.001531219482422
1748973917064,0.8901988220214844,3.4723292541503907,9.033265228271485
1748973917130,0.877624969482422,3.593726806640625,8.960815887451172
1748973917196,0.8728349304199219,3.5592984008789066,8.955726470947265
1748973917264,0.8577163696289063,3.4573603820800782,8.957073669433594
1748973917330,0.9214837646484375,3.603306884765625,8.976533203125001
1748973917396,0.6688092041015625,3.544329528808594,9.16573974609375
1748973917463,1.0353968811035157,3.5606455993652344,9.037157135009766
1748973917530,1.0455757141113282,3.5119967651367188,8.914861450195312
1748973917596,1.0065069580078125,3.4552647399902345,9.029373321533203
1748973917664,0.8725355529785157,3.560944976806641,9.097781066894532
1748973917730,0.7933502197265625,3.623365173339844,9.00811752319336
1748973917797,0.7545808410644531,3.507206726074219,9.001231842041015
1748973917864,0.9301657104492188,3.4979260253906252,9.026529235839844
1748973917930,1.0431806945800781,3.460653533935547,9.046437835693359
1748973917996,0.9871971130371094,3.5676809692382814,8.985065460205078
1748973918064,0.8773255920410157,3.5884877014160157,8.980425109863281
1748973918130,0.9562115478515626,3.530408477783203,9.063801727294923
1748973918196,0.8973838806152344,3.613036651611328,8.994346160888671
1748973918264,1.157991943359375,3.4919384765625003,8.99464553833008
1748973918330,0.9601034545898438,3.4750236511230472,8.943751373291017
1748973918397,0.920885009765625,3.6660264587402347,9.010662231445313
1748973918464,0.9505233764648438,3.636537780761719,8.978179779052734
1748973918530,1.118324432373047,3.483406219482422,9.038654022216797
1748973918596,1.0259664916992188,3.593577117919922,8.911119232177734
1748973918664,1.0391390991210938,3.5700759887695312,9.001830596923828
1748973918730,0.9235794067382813,3.578009490966797,9.008865966796876
1748973918797,1.1644285583496095,3.601959686279297,8.961414642333985
1748973918864,1.0708731079101563,3.537144470214844,8.98611328125
1748973918930,0.9895921325683594,3.526666259765625,9.01051254272461
1748973918996,1.1169772338867188,3.5857933044433596,8.913364562988281
1748973919063,1.021475830078125,3.6619848632812504,8.98850830078125
1748973919131,0.8491841125488282,3.731141052246094,8.993148651123047
1748973919196,1.003363494873047,3.548071746826172,9.053024139404297
1748973919264,1.0582992553710937,3.600612487792969,8.872948608398438
1748973919330,0.9776170349121094,3.6164794921875,8.990454254150391
1748973919396,1.0210267639160158,3.7049455261230473,8.879684600830078
1748973919464,0.8045768737792969,3.5642381286621094,9.045390014648438
1748973919530,1.0828482055664064,3.579207000732422,8.9286328125
1748973919596,1.0413844299316406,3.650159454345703,8.882378997802736
1748973919664,0.9958790588378906,3.648812255859375,9.001531219482422
1748973919730,1.0473719787597657,3.5452276611328126,9.112151184082032
1748973919796,0.8762777709960938,3.653302917480469,8.87878646850586
1748973919864,1.029708709716797,3.6191738891601566,8.953630828857422
1748973919930,1.1270063781738282,3.5606455993652344,9.028026123046875
1748973919996,1.0255174255371093,3.672612762451172,8.781788177490235
1748973920064,0.7550299072265625,3.5140924072265625,9.011260986328125
1748973920130,0.9475296020507813,3.6589910888671877,9.02398452758789
1748973920196,0.9304650878906251,3.6872822570800783,8.989855499267579
1748973920264,0.9557624816894532,3.618575134277344,9.084907836914063
1748973920331,0.8409512329101563,3.6705171203613283,8.899293823242187
1748973920396,0.9045689392089844,3.5977684020996095,9.033714294433594
1748973920464,0.9253756713867188,3.6449203491210938,8.963959350585938
1748973920530,0.8960366821289063,3.613785095214844,8.970545654296876
1748973920596,0.8707392883300782,3.5149905395507814,9.044940948486328
1748973920664,0.9602531433105469,3.655997314453125,8.853189697265625
1748973920730,0.8279283142089844,3.5331028747558597,9.087901611328125
1748973920796,0.8580157470703126,3.6483631896972657,9.073082427978516
1748973920864,0.9114546203613282,3.6083963012695315,8.983119506835937
1748973920930,0.9562115478515626,3.4985247802734376,9.021888885498047
1748973920996,0.9502239990234376,3.6419265747070315,8.977281646728516
1748973921064,0.9110055541992188,3.6119888305664065,8.958121490478517
1748973921131,0.9180409240722657,3.5619927978515626,8.968000946044922
1748973921196,0.9702822875976563,3.5881883239746095,8.975784759521485
1748973921264,0.8927435302734376,3.6074981689453125,9.017098846435548
1748973921331,0.8761280822753906,3.600462799072266,8.945098571777343
1748973921396,1.009500732421875,3.5284625244140626,9.025930480957031
1748973921464,0.9249266052246095,3.6025584411621097,8.988358612060548
1748973921530,0.8370593261718751,3.6167788696289063,8.989705810546875
1748973921597,0.9415420532226563,3.5762132263183597,9.021290130615235
1748973921664,0.9419911193847657,3.622616729736328,8.961115264892578
1748973921730,0.9205856323242188,3.5546580505371095,9.006470947265626
1748973921796,0.999920654296875,3.5832485961914062,9.009464721679688
1748973921864,0.83586181640625,3.6301011657714843,9.014254760742189
1748973921936,0.888402557373047,3.6037559509277344,8.97024627685547
1748973921996,0.8190966796875,3.608995056152344,8.928932189941406
1748973922064,0.8875044250488282,3.5991156005859377,9.015901336669922
1748973922131,1.0557545471191407,3.5859429931640627,8.976383514404297
1748973922201,0.7565267944335938,3.5777101135253906,8.99284927368164
1748973922264,0.945883026123047,3.647165679931641,8.995843048095704
1748973922331,0.8958869934082032,3.500171356201172,9.038055267333984
1748973922397,0.9725276184082031,3.473676452636719,8.961264953613282
1748973922463,1.1036549377441407,3.5447785949707034,9.009913787841798
1748973922531,0.8723858642578125,3.619922332763672,8.962911529541016
1748973922596,0.8813671875000001,3.6539016723632813,9.00811752319336
1748973922664,0.8940907287597657,3.574416961669922,9.037157135009766
1748973922730,0.9235794067382813,3.6283049011230473,8.979077911376953
1748973922796,0.899329833984375,3.561244354248047,9.003177795410156
1748973922863,0.9613009643554687,3.617527313232422,8.942404174804688
1748973922931,0.8780740356445313,3.5907330322265625,9.006620635986328
1748973922997,0.8605604553222657,3.593128051757813,9.030720520019532
1748973923064,0.8485853576660156,3.6369868469238282,8.957522735595704
1748973923130,0.8964857482910157,3.5666331481933597,9.012308807373048
1748973923196,0.9412426757812501,3.579955444335938,8.989406433105469
1748973923264,0.805924072265625,3.6301011657714843,8.980874176025392
1748973923331,0.9524693298339845,3.609444122314453,9.032666473388673
1748973923396,0.928070068359375,3.559747467041016,9.003626861572267
1748973923463,1.0036628723144532,3.5691778564453127,8.955277404785157
1748973923531,0.9827064514160156,3.559897155761719,9.028624877929689
1748973923596,0.8560697937011719,3.615132293701172,8.952433319091798
1748973923664,0.858614501953125,3.6146832275390626,8.949439544677734
1748973923730,0.9383985900878907,3.593128051757813,9.033265228271485
1748973923797,0.8666976928710938,3.600612487792969,8.991502075195314
1748973923863,0.9342073059082032,3.5883380126953126,8.970395965576172
1748973923931,0.926722869873047,3.560196533203125,9.034163360595704
1748973923996,0.8791218566894532,3.600612487792969,9.023685150146484
1748973924063,0.9157955932617188,3.5292109680175785,9.029073944091797
1748973924130,0.8101153564453125,3.645070037841797,8.951535186767579
1748973924196,0.8761280822753906,3.6546501159667972,8.992549896240234
1748973924264,0.9012757873535157,3.5883380126953126,9.016200714111328
1748973924330,0.9419911193847657,3.5585499572753907,9.029822387695313
1748973924397,0.9274713134765625,3.5904336547851563,8.992998962402345
1748973924464,0.7461982727050782,3.575464782714844,9.032217407226563
1748973924531,0.8759783935546875,3.668870544433594,8.935219116210938
1748973924597,0.968785400390625,3.5419345092773438,9.032516784667969
1748973924664,0.8523275756835937,3.562741241455078,8.91755584716797
1748973924730,0.8869056701660156,3.582799530029297,8.94734390258789
1748973924796,0.9596543884277344,3.526815948486328,9.06559799194336
1748973924864,0.9024732971191407,3.5675312805175783,9.042545928955079
1748973924930,0.8427474975585938,3.650009765625,8.91860366821289
1748973924996,0.9618997192382813,3.5681300354003906,9.055119781494142
1748973925064,0.8881031799316407,3.578009490966797,8.924142150878907
1748973925130,0.9105564880371094,3.519630889892578,8.970395965576172
1748973925197,0.9859996032714844,3.5817517089843753,9.030870208740234
1748973925264,0.8057743835449219,3.586242370605469,8.958869934082031
1748973925330,0.8695417785644531,3.5929783630371097,8.991202697753907
1748973925396,0.7607180786132813,3.566483459472656,9.071735229492187
1748973925463,0.9286688232421876,3.5772610473632813,8.93866195678711
1748973925530,1.0316546630859376,3.5413357543945314,9.016350402832032
1748973925596,0.8999285888671875,3.5929783630371097,8.99614242553711
1748973925664,0.8400531005859375,3.5589990234375,8.973689117431642
1748973925731,1.0389894104003907,3.5172358703613282,9.01051254272461
1748973925797,0.9241781616210938,3.607797546386719,9.01440444946289
1748973925864,0.8973838806152344,3.619772644042969,8.918903045654297
1748973925931,0.8102650451660157,3.5343003845214844,9.068591766357422
1748973925996,0.9234297180175782,3.6116894531250003,8.944649505615235
1748973926064,1.0192304992675782,3.567231903076172,8.946146392822266
1748973926131,0.8366102600097657,3.4561628723144535,9.05841293334961
1748973926196,1.0841954040527344,3.5462754821777347,8.890911254882813
1748973926264,0.963995361328125,3.553909606933594,9.049880676269531
1748973926331,0.7969427490234375,3.647315368652344,9.001531219482422
1748973926396,0.8864566040039062,3.536994781494141,9.009165344238282
1748973926464,0.9897418212890625,3.609893188476563,8.973240051269531
1748973926531,0.9630972290039063,3.5594480895996097,8.99284927368164
1748973926597,0.9632469177246095,3.4950819396972657,9.025481414794923
1748973926664,0.926722869873047,3.6275564575195314,8.956474914550782
1748973926730,0.847687225341797,3.5377432250976564,9.015003204345703
1748973926797,0.9535171508789063,3.5384916687011723,8.959019622802735
1748973926864,0.9030720520019532,3.6154316711425785,8.980125732421875
1748973926937,0.9114546203613282,3.4949322509765626,9.043893127441407
1748973926997,0.8946894836425782,3.646117858886719,9.070088653564454
1748973927064,0.8824150085449219,3.6301011657714843,8.922944641113281
1748973927130,0.9261241149902344,3.591182098388672,9.080417175292968
1748973927196,0.8687933349609376,3.7044964599609376,9.008416900634765
1748973927264,0.9313632202148437,3.519630889892578,8.946894836425782
1748973927331,0.9470805358886719,3.569477233886719,9.00138153076172
1748973927397,0.9927355957031251,3.545676727294922,8.875343627929688
1748973927463,0.828527069091797,3.559897155761719,9.147477722167968
1748973927531,0.8018824768066407,3.713028717041016,9.06035888671875
1748973927597,0.884959716796875,3.6413278198242187,8.907676391601562
1748973927664,0.8960366821289063,3.560196533203125,9.046737213134765
1748973927731,0.9741741943359375,3.5522630310058596,8.953780517578126
1748973927797,0.9538165283203125,3.59013427734375,9.02398452758789
1748973927864,0.8493338012695313,3.6220179748535157,9.03551055908203
1748973927931,0.8649014282226563,3.6217185974121096,9.025481414794923
1748973927997,0.863404541015625,3.5190321350097657,8.958121490478517
1748973928064,1.0151889038085937,3.6176770019531252,8.9525830078125
1748973928130,0.8180488586425781,3.60929443359375,8.995393981933594
1748973928197,0.7788304138183594,3.6756065368652346,8.965156860351563
1748973928264,0.9238787841796875,3.630250854492188,9.037755889892578
1748973928331,0.9665400695800782,3.5681300354003906,8.966653747558594
1748973928397,0.9952803039550782,3.536096649169922,8.916807403564453
1748973928464,0.8104147338867188,3.613785095214844,8.981023864746094
1748973928531,0.9030720520019532,3.6169285583496094,8.972940673828125
1748973928596,0.8322692871093751,3.6238142395019532,8.961264953613282
1748973928664,0.8446934509277344,3.599864044189453,9.009015655517578
1748973928730,0.8306227111816407,3.619622955322266,8.982820129394531
1748973928797,0.9265731811523438,3.6115397644042972,8.962013397216797
1748973928864,0.8888516235351563,3.6167788696289063,9.024583282470704
1748973928931,0.7613168334960938,3.6061509704589847,8.95018798828125
1748973928997,0.8979826354980469,3.6669245910644532,8.944799194335937
1748973929064,0.9222322082519532,3.5796560668945316,9.040450286865235
1748973929131,0.9575587463378906,3.4986744689941407,8.925339660644532
1748973929198,0.9264234924316407,3.5940261840820313,9.007069702148438
1748973929264,0.907562713623047,3.6068994140625,9.109756164550781
1748973929330,0.7556286621093751,3.582799530029297,8.982520751953125
1748973929396,1.1087443542480468,3.6422259521484377,8.879834289550782
1748973929464,0.7920030212402344,3.590882720947266,8.940757598876953
1748973929531,0.8346643066406251,3.53744384765625,8.98461639404297
1748973929596,0.9056167602539062,3.6527041625976566,8.993448028564453
1748973929664,0.8512797546386719,3.5461257934570316,9.015452270507813
1748973929731,0.9042695617675782,3.6444712829589845,8.942404174804688
1748973929796,0.8646020507812501,3.597019958496094,9.020841064453126
1748973929864,0.7062313842773438,3.6082466125488284,8.983119506835937
1748973929931,0.830922088623047,3.636238403320313,9.033115539550781
1748973929997,0.9446855163574219,3.527414703369141,9.058712310791016
1748973930064,0.7756869506835938,3.585194549560547,8.964857482910157
1748973930131,1.0229727172851564,3.5139427185058594,8.98850830078125
1748973930196,0.8632548522949219,3.6037559509277344,9.00617156982422
1748973930264,0.9307644653320313,3.604354705810547,8.987610168457032
1748973930330,0.9189390563964844,3.5040632629394532,9.063053283691406
1748973930396,0.8698411560058594,3.6118391418457034,8.976084136962891
1748973930464,0.9587562561035157,3.560346221923828,9.076974334716798
1748973930531,0.9153465270996094,3.543132019042969,9.13699951171875
1748973930596,0.9580078125,3.579057312011719,8.906778259277344
1748973930664,1.057401123046875,3.5570530700683594,8.966354370117188
1748973930731,0.9352551269531251,3.5878889465332033,8.995543670654298
1748973930797,0.9342073059082032,3.639082489013672,8.922794952392579
1748973930864,0.9051676940917969,3.556154937744141,9.047186279296875
1748973930931,1.0017169189453126,3.6000137329101562,8.98746047973633
1748973930996,0.8566685485839844,3.6672239685058594,8.978778533935547
1748973931064,0.890797576904297,3.526666259765625,9.084907836914063
1748973931130,1.0822494506835938,3.565884704589844,8.934919738769532
1748973931196,0.9113049316406251,3.5548077392578126,9.001830596923828
1748973931264,0.9244775390625001,3.5549574279785157,9.010213165283204
1748973931330,0.9119036865234376,3.610192565917969,9.003177795410156
1748973931396,0.9485774230957031,3.5986665344238284,8.993148651123047
1748973931463,0.9330097961425782,3.6037559509277344,8.969647521972657
1748973931531,0.8927435302734376,3.536845092773438,8.982371063232423
1748973931597,0.8631051635742188,3.530408477783203,8.976084136962891
1748973931664,0.9613009643554687,3.5122961425781254,9.047934722900392
1748973931731,0.8906478881835938,3.579057312011719,8.969198455810547
1748973931797,0.9009764099121094,3.613036651611328,8.935518493652344
1748973931864,0.7141648864746094,3.6018099975585938,8.998387756347658
1748973931941,0.7932005310058594,3.6260595703125,8.959319000244141
1748973931997,0.8864566040039062,3.536246337890625,9.078321533203125
1748973932064,0.9518705749511719,3.537144470214844,8.980574798583985
1748973932130,0.9816586303710938,3.50630859375,8.984317016601564
1748973932201,0.9684860229492188,3.530109100341797,9.017398223876954
1748973932264,0.8164022827148438,3.557202758789063,9.020541687011718
1748973932331,1.1549981689453126,3.6097434997558597,8.936416625976562
1748973932398,0.7069798278808594,3.5386413574218754,8.973838806152344
1748973932463,0.6953041076660157,3.583997039794922,9.052575073242188
1748973932531,0.8695417785644531,3.642675018310547,9.04883285522461
1748973932596,0.8951385498046875,3.6122882080078127,8.92474090576172
1748973932664,0.9460327148437501,3.5594480895996097,8.996292114257812
1748973932731,0.9189390563964844,3.587439880371094,9.042096862792969
1748973932797,0.8970845031738282,3.5649865722656253,9.004524993896485
1748973932864,0.9339079284667969,3.5714231872558595,8.982371063232423
1748973932931,0.8675958251953125,3.5822007751464846,8.954978027343751
1748973932997,0.9759704589843751,3.5639387512207032,9.012757873535156
1748973933064,0.8978329467773438,3.5832485961914062,9.004824371337891
1748973933131,0.8312214660644531,3.6013609313964845,8.983418884277345
1748973933197,0.860859832763672,3.58294921875,9.052425384521484
1748973933264,0.8961863708496094,3.629352722167969,9.001980285644532
1748973933331,0.8928932189941406,3.5555561828613285,9.03551055908203
1748973933397,0.8327183532714845,3.610192565917969,8.95452896118164
1748973933464,0.9204359436035157,3.5917808532714846,9.000184020996095
1748973933531,0.849034423828125,3.6070491027832032,9.007967834472657
1748973933597,0.9220825195312501,3.5808535766601564,8.958121490478517
1748973933664,0.9430389404296875,3.557352447509766,8.985963592529297
1748973933731,0.8033793640136719,3.617078247070313,9.032217407226563
1748973933796,0.8566685485839844,3.6411781311035156,8.997339935302735
1748973933864,0.9150471496582032,3.57576416015625,8.92474090576172
1748973933931,0.8810678100585938,3.6167788696289063,8.981921997070312
1748973933996,0.9401948547363281,3.6229161071777347,9.003626861572267
1748973934064,0.9246272277832032,3.6048037719726564,9.015901336669922
1748973934131,0.9249266052246095,3.6923716735839847,8.970096588134766
1748973934196,0.9107061767578125,3.6116894531250003,8.973988494873048
1748973934264,0.9216334533691407,3.6148329162597657,9.009315032958984
1748973934331,0.8918453979492188,3.638932800292969,8.956025848388672
1748973934397,0.9304650878906251,3.5649865722656253,8.98701141357422
1748973934464,0.8949888610839845,3.6446209716796876,8.959319000244141
1748973934531,0.9467811584472656,3.6301011657714843,9.005872192382814
1748973934596,0.9238787841796875,3.616629180908203,8.973689117431642
1748973934664,0.9354048156738282,3.669020233154297,9.008865966796876
1748973934731,0.8828640747070313,3.619922332763672,8.981173553466798
1748973934797,0.9220825195312501,3.6494110107421878,8.928333435058594
1748973934864,0.99393310546875,3.596421203613281,9.016500091552734
1748973934931,0.9289682006835938,3.599864044189453,8.980874176025392
1748973934996,0.9421408081054689,3.6265086364746097,8.95542709350586
1748973935063,0.9910890197753907,3.5904336547851563,9.002728729248048
1748973935131,0.8360115051269532,3.6709661865234375,8.999585266113282
1748973935196,0.8750802612304688,3.6564463806152347,8.975186004638672
1748973935264,0.9190887451171875,3.5823504638671877,8.963360595703126
1748973935331,0.9096583557128907,3.5944752502441406,8.95782211303711
1748973935396,0.9942324829101563,3.636537780761719,9.045689392089844
1748973935464,0.9436376953125001,3.6097434997558597,8.934470672607421
1748973935531,0.9036708068847656,3.6229161071777347,8.97698226928711
1748973935596,0.8976832580566406,3.6456687927246096,8.997190246582031
1748973935663,0.880019989013672,3.629502410888672,8.99614242553711
1748973935731,0.9934840393066406,3.686683502197266,8.882977752685548
1748973935797,0.9598040771484375,3.6241136169433594,8.958720245361329
1748973935864,0.8931925964355469,3.5377432250976564,9.042096862792969
1748973935931,1.0144404602050783,3.5817517089843753,8.9525830078125
1748973935997,1.0023156738281251,3.596870269775391,8.977581024169922
1748973936064,0.9160949707031251,3.6748580932617188,8.934021606445313
1748973936131,0.8764274597167969,3.630550231933594,8.9717431640625
1748973936196,0.8436456298828126,3.5844461059570314,8.99180145263672
1748973936264,0.9837542724609375,3.563339996337891,8.984466705322266
1748973936331,1.085991668701172,3.5640884399414063,8.963809661865234
1748973936396,0.9020242309570313,3.6574942016601564,8.979976043701173
1748973936463,0.8367599487304688,3.655697937011719,8.972641296386719
1748973936531,0.9909393310546876,3.583997039794922,9.028924255371095
1748973936596,0.9565109252929688,3.610342254638672,8.945697326660156
1748973936664,0.9493258666992188,3.589685211181641,8.996890869140625
1748973936731,0.8713380432128907,3.6513569641113284,8.968150634765625
1748973936797,0.890947265625,3.643872528076172,8.992549896240234
1748973936864,1.0021659851074218,3.576811981201172,9.00856658935547
1748973936941,0.9767189025878906,3.5814523315429687,8.975934448242189
1748973936997,0.8806187438964844,3.572920074462891,9.005572814941406
1748973937064,0.9976753234863281,3.6576438903808595,8.951235809326173
1748973937130,0.9521699523925782,3.652105407714844,8.97847915649414
1748973937197,0.8680448913574219,3.5615437316894534,8.999136199951172
1748973937264,0.9159452819824219,3.625760192871094,8.985963592529297
1748973937331,0.956660614013672,3.6616854858398438,8.955277404785157
1748973937397,1.0020162963867187,3.5244209289550783,9.002728729248048
1748973937463,1.0246192932128906,3.6045043945312503,8.95452896118164
1748973937530,0.9216334533691407,3.589834899902344,8.997489624023437
1748973937597,0.8517288208007813,3.6768040466308594,8.92429183959961
1748973937664,0.9250762939453125,3.569926300048828,9.022337951660157
1748973937731,1.0036628723144532,3.6357893371582035,8.963360595703126
1748973937797,0.9604028320312501,3.6152819824218754,8.938961334228516
1748973937864,0.9755213928222657,3.559897155761719,8.993897094726563
1748973937931,0.85502197265625,3.626957702636719,9.026978302001954
1748973937997,0.9214837646484375,3.6550991821289065,8.98177230834961
1748973938064,0.8620573425292969,3.5988162231445315,8.990005187988281
1748973938131,0.9704319763183594,3.5784585571289065,8.987161102294923
1748973938197,0.8794212341308594,3.6281552124023437,8.997339935302735
1748973938264,0.8846603393554688,3.6405793762207033,9.005872192382814
1748973938331,0.9252259826660156,3.6058515930175785,9.019942932128906
1748973938396,0.9126521301269531,3.5919305419921876,8.96261215209961
1748973938463,0.9258247375488282,3.5721716308593754,8.940009155273438
1748973938531,0.9623487854003907,3.524271240234375,9.010662231445313
1748973938596,0.8187973022460938,3.694018249511719,8.951235809326173
1748973938664,0.9214837646484375,3.572920074462891,9.035809936523439
1748973938731,0.8174501037597657,3.592529296875,8.893306274414062
1748973938797,0.8740324401855469,3.6504588317871094,8.986262969970703
1748973938864,0.9571096801757814,3.5581008911132814,9.043743438720703
1748973938931,0.8044271850585938,3.6179763793945314,8.97129409790039
1748973938996,0.8839118957519532,3.6582426452636723,8.985813903808594
1748973939064,0.9389973449707032,3.5507661437988283,9.010662231445313
1748973939131,0.7569758605957032,3.583997039794922,8.975036315917968
1748973939196,0.8382568359375,3.5284625244140626,9.171876983642578
1748973939264,0.7920030212402344,3.778891754150391,8.750353546142579
1748973939331,0.7861651611328125,3.5428326416015627,9.146280212402344
1748973939397,1.2052935791015627,3.2588731384277345,9.13026351928711
1748973939464,1.0259664916992188,3.2428564453125,9.06320297241211
1748973939531,0.32213012695312504,3.902534637451172,9.476493530273437
1748973939596,0.6072871398925782,3.790118408203125,9.054820404052736
1748973939664,0.15358062744140627,4.149371337890625,8.968899078369141
1748973939731,0.40011795043945314,3.8564305114746094,8.975036315917968
1748973939796,0.6483018493652344,3.4898428344726566,9.346563720703125
1748973939864,0.8595126342773438,3.6968623352050782,8.814719696044921
1748973939931,0.9571096801757814,3.715872802734375,8.855584716796875
1748973939996,0.7318281555175782,3.7868252563476563,9.032217407226563
1748973940064,0.7099736022949219,3.8025425720214847,8.893905029296876
1748973940131,0.5083428955078125,3.7592825317382816,9.051527252197266
1748973940197,0.6469546508789062,3.7675154113769533,9.090895385742188
1748973940264,0.7267387390136719,3.797153778076172,8.787476348876954
1748973940331,0.707728271484375,3.8673577880859376,8.752898254394532
1748973940396,0.5691165161132813,3.6386334228515627,9.191486206054687
1748973940464,0.7560777282714845,3.7507502746582033,8.831335144042969
1748973940531,0.43619293212890625,3.5781591796875003,8.901988220214845
1748973940596,0.5863307189941407,3.965703277587891,8.836723937988282
1748973940664,0.37392242431640627,4.113895111083985,8.709787902832032
1748973940731,0.2908451843261719,3.707340545654297,9.200018463134766
1748973940797,0.26958938598632814,3.909719696044922,8.77580062866211
1748973940864,0.5713618469238282,3.7116815185546876,9.039701843261719
1748973940931,0.7110214233398438,3.7868252563476563,8.878187713623047
1748973940996,0.8782237243652344,3.8615199279785157,8.639134826660158
1748973941064,0.6965016174316406,3.9170544433593752,8.930878143310547
1748973941131,1.043031005859375,3.7688626098632816,8.756490783691406
1748973941197,0.44622207641601563,3.819457397460938,8.997040557861329
1748973941264,0.9021739196777344,4.001029815673828,8.83807113647461
1748973941331,0.7785310363769532,3.713028717041016,8.924890594482422
1748973941397,1.1373348999023438,3.757486267089844,8.941206665039063
1748973941463,1.131646728515625,3.737278289794922,8.76143051147461
1748973941531,0.7485932922363282,3.7517980957031254,9.198521575927735
1748973941596,0.9171427917480469,3.912414093017578,8.781488800048828
1748973941664,0.9241781616210938,3.473975830078125,9.04119873046875
1748973941730,1.1102412414550782,3.869154052734375,8.988807678222656
1748973941796,0.6563850402832031,3.738475799560547,8.654702453613282
1748973941864,0.9746232604980469,3.709735565185547,8.985364837646484
1748973941945,1.1897259521484376,3.7685632324218754,8.831185455322267
1748973941997,0.9376501464843751,3.6504588317871094,8.954079895019532
1748973942064,1.1683204650878907,3.6115397644042972,8.752898254394532
1748973942131,1.3121713256835938,3.680695953369141,8.999285888671876
1748973942196,1.0835966491699218,3.875890045166016,8.728798370361329
1748973942264,1.169817352294922,3.64282470703125,9.097332000732422
1748973942331,1.0190808105468752,3.670068054199219,9.033414916992188
1748973942396,1.1970606994628907,3.711980895996094,8.910969543457032
1748973942463,1.1335926818847657,3.763773193359375,9.023685150146484
1748973942531,1.2766950988769532,3.676205291748047,8.761131134033203
1748973942597,1.0707234191894532,3.665278015136719,8.902437286376953
1748973942664,1.1526031494140625,3.6083963012695315,8.99898651123047
1748973942730,1.1714639282226562,3.684438171386719,8.696465606689454
1748973942798,1.0457254028320313,3.6732115173339848,8.985215148925782
1748973942864,1.2653187561035157,3.673810272216797,8.947044525146485
1748973942931,1.1012599182128906,3.729793853759766,8.789571990966797
1748973942998,0.9952803039550782,3.6817437744140626,8.929830322265625
1748973943064,1.3575270080566406,3.439996490478516,9.13984359741211
1748973943131,0.7934999084472657,3.8037400817871094,8.81217498779297
1748973943197,1.146016845703125,3.423381042480469,8.917705535888672
1748973943264,1.0650352478027345,3.7318894958496096,8.937763824462891
1748973943330,1.028660888671875,3.6416271972656253,9.056167602539062
1748973943397,1.1972103881835938,3.592229919433594,8.810827789306641
1748973943464,1.0294093322753908,3.574117584228516,9.097332000732422
1748973943531,1.120869140625,3.629801788330078,9.045240325927734
1748973943597,1.178199920654297,3.713328094482422,8.794661407470704
1748973943664,1.0160870361328125,3.6528538513183597,9.062604217529298
1748973943731,1.1922706604003908,3.707041168212891,8.761580200195313
1748973943796,0.8949888610839845,3.6152819824218754,8.964707794189454
1748973943864,1.2419673156738282,3.682342529296875,9.106463012695313
1748973943931,1.0077044677734375,3.739822998046875,8.76337646484375
1748973943996,1.0511141967773439,3.600612487792969,9.08565628051758
1748973944064,1.1252101135253907,3.7462596130371097,9.015452270507813
1748973944131,1.1256591796875,3.652105407714844,8.892408142089844
1748973944197,1.106349334716797,3.516637115478516,9.048084411621094
1748973944264,1.1274554443359375,3.7642222595214845,8.826245727539064
1748973944331,1.135089569091797,3.7184175109863284,8.819809112548828
1748973944396,1.0111473083496094,3.6913238525390626,8.950038299560548
1748973944463,1.1472143554687502,3.6506085205078125,8.950038299560548
1748973944531,1.0467732238769532,3.8285884094238285,8.835825805664063
1748973944596,1.1311976623535156,3.7482055664062504,8.993897094726563
1748973944664,1.0975177001953125,3.7483552551269534,8.855135650634766
1748973944731,1.229842529296875,3.6943176269531253,8.938063201904297
1748973944796,1.114731903076172,3.819008331298828,8.874595184326171
1748973944864,1.1639794921875,3.7389248657226566,8.885672149658204
1748973944930,1.0699749755859376,3.7568875122070313,8.867110748291015
1748973944997,1.1665242004394532,3.763473815917969,8.942703552246094
1748973945064,1.308878173828125,3.749403076171875,8.860823822021485
1748973945131,1.0050100708007812,3.767066345214844,8.879085845947266
1748973945196,1.2012519836425781,3.7857774353027347,8.925938415527344
1748973945264,1.1630813598632812,3.7136274719238282,8.915310516357422
1748973945331,1.180594940185547,3.7917649841308596,8.862171020507812
1748973945397,1.1993060302734375,3.7221597290039066,8.991502075195314
1748973945464,1.1500584411621095,3.755390625,8.86770950317383
1748973945531,1.1873309326171875,3.7423677062988285,8.859326934814453
1748973945596,1.24541015625,3.7161721801757817,8.91755584716797
1748973945664,1.09931396484375,3.752546539306641,8.923543395996095
1748973945731,1.2243040466308595,3.722758483886719,8.898994445800781
1748973945796,1.139879608154297,3.770808563232422,8.914861450195312
1748973945864,1.106349334716797,3.7681141662597657,8.904083862304688
1748973945930,1.1600875854492188,3.751648406982422,8.883277130126954
1748973945996,1.2181668090820312,3.696562957763672,8.911717987060547
1748973946064,1.1927197265625,3.7818855285644535,8.891060943603517
1748973946131,1.139879608154297,3.7510496520996095,8.892408142089844
1748973946196,1.1725117492675783,3.733236694335938,8.926836547851563
1748973946264,1.17595458984375,3.7413198852539065,8.885672149658204
1748973946331,1.1301498413085938,3.770509185791016,8.908125457763672
1748973946397,1.1940669250488283,3.7089871215820316,8.900641021728516
1748973946464,1.1901750183105468,3.7136274719238282,8.874146118164063
1748973946531,1.1958631896972658,3.716770935058594,8.900641021728516
1748973946597,1.1693682861328125,3.7723054504394535,8.885372772216797
1748973946664,1.1630813598632812,3.7140765380859375,8.902437286376953
1748973946730,1.1820918273925782,3.7214112854003907,8.904383239746094
1748973946797,1.167422332763672,3.6913238525390626,8.910520477294922
1748973946864,1.1897259521484376,3.769611053466797,8.861422576904298
1748973946937,1.174607391357422,3.7056939697265627,8.943601684570313
1748973946997,1.1642788696289064,3.6553985595703127,8.926537170410157
1748973947064,1.2835807800292969,3.8001475524902344,8.872349853515626
1748973947131,1.1352392578125001,3.7980519104003907,8.832233276367187
1748973947197,0.9650431823730469,3.6441719055175783,9.010662231445313
1748973947264,1.1497590637207031,3.7738023376464844,8.8472021484375
1748973947331,1.1289523315429688,3.7312907409667972,8.904083862304688
1748973947397,1.1344908142089845,3.7140765380859375,8.87309829711914
1748973947463,1.1605366516113282,3.7476068115234376,8.90513168334961
1748973947531,1.1307485961914063,3.7318894958496096,8.961264953613282
1748973947597,1.161285095214844,3.6973114013671875,8.86875732421875
1748973947664,1.0734178161621095,3.8157151794433597,8.825197906494141
1748973947731,1.1352392578125001,3.710933074951172,8.983119506835937
1748973947796,1.0746153259277345,3.7941600036621095,8.860973510742188
1748973947864,1.059646453857422,3.7738023376464844,8.935368804931642
1748973947931,1.1253598022460938,3.809428253173828,8.884324951171875
1748973947997,1.0484197998046876,3.7990997314453128,8.83807113647461
1748973948064,1.1636801147460938,3.7377273559570314,8.935069427490236
1748973948131,1.120719451904297,3.8116735839843754,8.87354736328125
1748973948196,1.1356883239746094,3.739822998046875,8.914562072753906
1748973948264,1.1984078979492188,3.787424011230469,8.88791748046875
1748973948331,1.0810519409179689,3.7348832702636723,8.923393707275391
1748973948397,1.222657470703125,3.780238952636719,8.881480865478515
1748973948464,1.127904510498047,3.776646423339844,8.876990203857423
1748973948531,1.1320957946777344,3.7594322204589847,8.877439270019531
1748973948597,1.154549102783203,3.785178680419922,8.88746841430664
1748973948664,1.165027313232422,3.7520974731445316,8.85872817993164
1748973948730,1.1503578186035157,3.759132843017578,8.881929931640625
1748973948796,1.1943663024902345,3.761078796386719,8.868607635498048
1748973948864,1.1311976623535156,3.7568875122070313,8.87489456176758
1748973948931,1.1910731506347656,3.762276306152344,8.889713745117188
1748973948996,1.1430230712890626,3.7444633483886722,8.941955108642578
1748973949064,1.1647279357910156,3.7655694580078127,8.889414367675782
1748973949131,1.1127859497070314,3.750301208496094,8.8903125
1748973949196,1.1317964172363282,3.7176690673828126,8.931177520751953
1748973949264,1.1749067687988282,3.8169126892089844,8.898695068359375
1748973949331,1.1061996459960939,3.713028717041016,8.90273666381836
1748973949397,1.1784992980957032,3.7221597290039066,8.862769775390625
1748973949464,1.196162567138672,3.7377273559570314,8.891659698486329
1748973949531,1.1811936950683595,3.6862344360351567,8.93432098388672
1748973949597,1.1305989074707032,3.7749998474121096,8.85768035888672
1748973949664,1.0529104614257814,3.7330870056152348,8.933123474121095
1748973949731,1.0506651306152344,3.783831481933594,8.878636779785158
1748973949797,1.1771520996093752,3.723207550048828,8.902886352539063
1748973949864,1.169817352294922,3.679648132324219,8.92144775390625
1748973949931,1.1008108520507813,3.7485049438476565,8.919801177978517
1748973949997,0.9945318603515626,3.7913159179687503,8.920848999023438
1748973950064,1.1300001525878907,3.779490509033203,8.889564056396484
1748973950131,1.1728111267089845,3.6753071594238285,8.885821838378906
1748973950197,1.099164276123047,3.7483552551269534,8.871002655029297
1748973950264,1.0713221740722656,3.7964053344726563,8.952133941650391
1748973950331,1.0439291381835938,3.727548522949219,8.82130599975586
1748973950397,1.0687774658203126,3.7282969665527346,8.907377014160156
1748973950464,1.114881591796875,3.735781402587891,8.917256469726563
1748973950531,1.0196795654296875,3.7520974731445316,8.908275146484375
1748973950597,1.1168275451660157,3.7583843994140627,8.896898803710938
1748973950664,1.1079959106445314,3.7208125305175783,8.895401916503907
1748973950731,1.0761122131347656,3.7149746704101565,8.898096313476563
1748973950797,1.196312255859375,3.7044964599609376,8.903934173583984
1748973950864,1.064586181640625,3.7477565002441406,8.939410400390626
1748973950931,1.0603948974609376,3.7221597290039066,8.878936157226564
1748973950997,1.1073971557617188,3.6947666931152345,8.913364562988281
1748973951064,1.1189231872558594,3.7330870056152348,8.912616119384767
1748973951131,1.1012599182128906,3.715723114013672,8.915310516357422
1748973951197,1.082548828125,3.7268000793457032,8.919501800537109
1748973951264,1.1319461059570313,3.737128601074219,8.90513168334961
1748973951331,1.05620361328125,3.735781402587891,8.911717987060547
1748973951397,1.1024574279785158,3.7179684448242187,8.912017364501953
1748973951463,1.1189231872558594,3.6995567321777347,8.916657714843751
1748973951531,1.086141357421875,3.7378770446777345,8.890911254882813
1748973951597,1.0831475830078126,3.7182678222656254,8.942104797363282
1748973951664,1.0840457153320313,3.7471577453613283,8.922495574951173
1748973951731,1.0756631469726563,3.7101846313476563,8.926088104248047
1748973951797,1.08015380859375,3.7317398071289065,8.918903045654297
1748973951864,1.0816506958007812,3.7317398071289065,8.91037078857422
1748973951938,1.0829978942871095,3.713328094482422,8.914113006591798
1748973951997,1.089584197998047,3.7247044372558595,8.916657714843751
1748973952064,1.064735870361328,3.7423677062988285,8.926387481689453
1748973952131,1.0807525634765625,3.7088374328613285,8.948391723632813
1748973952197,1.101708984375,3.7435652160644532,8.909173278808595
1748973952264,1.0973680114746094,3.719315643310547,8.913364562988281
1748973952331,1.0874885559082033,3.7053945922851566,8.900042266845704
1748973952397,1.0852432250976562,3.7284466552734377,8.900191955566406
1748973952464,1.0948233032226562,3.7152740478515627,8.953181762695312
1748973952531,1.0678793334960939,3.722908172607422,8.900491333007812
1748973952597,1.0999127197265626,3.7104840087890625,8.916807403564453
1748973952664,1.0791059875488282,3.7211119079589845,8.912765808105469
1748973952731,1.0876382446289063,3.7270994567871094,8.902886352539063
1748973952797,1.0871891784667969,3.6982095336914065,8.920848999023438
1748973952864,1.072819061279297,3.722908172607422,8.91141860961914
1748973952931,1.0620414733886718,3.716022491455078,8.918304290771484
1748973952997,1.09452392578125,3.708538055419922,8.898395690917969
1748973953064,1.0996133422851564,3.7281472778320315,8.925938415527344
1748973953131,1.0602452087402345,3.7043467712402345,8.920848999023438
1748973953197,1.0475216674804688,3.7031492614746098,8.945996704101564
1748973953264,1.08494384765625,3.7043467712402345,8.887169036865235
1748973953331,1.077609100341797,3.716471557617188,8.933871917724609
1748973953397,1.0190808105468752,3.709585876464844,8.941955108642578
1748973953464,1.0767109680175782,3.685785369873047,8.896300048828126
1748973953530,1.0990145874023438,3.6815940856933596,8.931027832031251
1748973953597,1.0114466857910156,3.6968623352050782,8.938212890625
1748973953664,0.956660614013672,3.6848872375488284,8.944649505615235
1748973953731,1.0698252868652345,3.6694692993164066,8.900191955566406
1748973953797,1.0674302673339844,3.7019517517089846,8.923094329833985
1748973953864,0.9951306152343751,3.692820739746094,8.909472656250001
1748973953931,1.0734178161621095,3.642525329589844,8.958570556640625
1748973953997,1.0306068420410157,3.6950660705566407,8.936865692138673
1748973954064,0.9815089416503907,3.666475524902344,8.940458221435547
1748973954131,0.9518705749511719,3.723656616210938,8.94345199584961
1748973954197,0.9978250122070313,3.683390350341797,8.949738922119142
1748973954264,1.0077044677734375,3.6956648254394535,8.942404174804688
1748973954331,1.009351043701172,3.6839891052246094,8.939410400390626
1748973954397,1.0235714721679687,3.6685711669921877,8.918004913330078
1748973954464,0.98914306640625,3.6835400390625,8.972491607666017
1748973954531,0.9681866455078125,3.689527587890625,8.92474090576172
1748973954597,1.0030641174316406,3.6815940856933596,8.935368804931642
1748973954664,1.041683807373047,3.673510894775391,8.983269195556641
1748973954731,1.0313552856445314,3.669768676757813,8.9046826171875
1748973954797,0.9470805358886719,3.7374279785156252,8.918304290771484
1748973954864,0.9595046997070313,3.6788996887207035,8.936117248535156
1748973954931,1.0973680114746094,3.650907897949219,8.990753631591797
1748973954997,1.041683807373047,3.6811450195312503,8.917855224609376
1748973955064,0.9949809265136719,3.6456687927246096,8.952882385253906
1748973955131,0.9994715881347657,3.7092864990234378,8.918304290771484
1748973955197,1.054706726074219,3.682043151855469,8.996441802978516
1748973955264,1.0050100708007812,3.690126342773438,8.915011138916016
1748973955331,1.0268646240234376,3.732188873291016,8.96455810546875
1748973955397,1.101559295654297,3.6314483642578126,8.967701568603516
1748973955464,1.00351318359375,3.758833465576172,8.92039993286133
1748973955531,0.9933343505859376,3.6528538513183597,8.93477005004883
1748973955597,0.9982740783691407,3.6766543579101563,8.986262969970703
1748973955664,1.0341993713378907,3.669918365478516,8.92578872680664
1748973955731,1.004860382080078,3.6783009338378907,8.964857482910157
1748973955797,0.9976753234863281,3.7089871215820316,8.920549621582031
1748973955864,0.9759704589843751,3.690425720214844,8.935518493652344
1748973955931,1.071771240234375,3.6336936950683594,8.952283630371094
1748973955997,1.0491682434082032,3.6687208557128907,8.934171295166015
1748973956064,0.9958790588378906,3.6672239685058594,8.950038299560548
1748973956131,0.9996212768554688,3.663332061767578,8.960666198730468
1748973956197,1.0138417053222657,3.7079393005371095,8.949140167236328
1748973956264,0.9803114318847657,3.6720140075683596,8.95692398071289
1748973956331,0.9499246215820313,3.690575408935547,8.953331451416016
1748973956397,0.9877958679199219,3.649860076904297,8.962761840820313
1748973956464,0.9937834167480469,3.6598892211914062,8.945248260498047
1748973956531,1.00351318359375,3.6613861083984376,8.97892822265625
1748973956597,0.9662406921386719,3.6715649414062503,8.919950866699219
1748973956664,0.9936337280273438,3.652255096435547,8.931776275634766
1748973956731,0.9415420532226563,3.6482135009765626,8.984017639160157
1748973956797,0.9770182800292969,3.660637664794922,8.970994720458984
1748973956864,1.0539582824707032,3.649560699462891,8.954229583740235
1748973956936,0.9813592529296875,3.653602294921875,8.947493591308595
1748973956997,0.980760498046875,3.708388366699219,8.934919738769532
1748973957064,0.9430389404296875,3.642974395751953,8.970096588134766
1748973957131,1.0455757141113282,3.629801788330078,8.935368804931642
1748973957197,1.0273136901855469,3.694167938232422,8.927734680175782
1748973957264,0.968785400390625,3.6540513610839844,9.007369079589845
1748973957331,1.0330018615722656,3.663032684326172,8.947194213867188
1748973957397,0.9985734558105469,3.6685711669921877,8.944350128173829
1748973957464,1.0063572692871094,3.6074981689453125,8.991651763916016
1748973957531,1.0160870361328125,3.650159454345703,8.954079895019532
1748973957598,0.9665400695800782,3.6914735412597657,8.926686859130859
1748973957664,0.988993377685547,3.6408787536621094,8.956025848388672
1748973957731,0.9788145446777344,3.6791990661621097,8.956325225830078
1748973957797,1.031205596923828,3.6410284423828125,8.962312774658203
1748973957864,1.034498748779297,3.669169921875,8.935518493652344
1748973957930,0.9867480468750001,3.6675233459472656,8.956774291992188
1748973957997,0.9919871520996094,3.631897430419922,8.991053009033203
1748973958064,0.9880952453613282,3.6458184814453127,8.948990478515626
1748973958131,1.0160870361328125,3.664230194091797,8.957971801757813
1748973958197,1.0105485534667968,3.6598892211914062,8.946445770263672
1748973958264,0.9816586303710938,3.6706668090820314,8.94150604248047
1748973958331,1.0523117065429688,3.652255096435547,8.942853240966798
1748973958397,1.0159373474121094,3.7053945922851566,8.918453979492188
1748973958464,1.0255174255371093,3.6744090270996095,8.943302307128906
1748973958531,1.0532098388671876,3.6317477416992188,8.959468688964844
1748973958597,1.0662327575683594,3.6516563415527346,8.958570556640625
1748973958664,1.026415557861328,3.6853363037109377,8.890013122558594
1748973958731,1.0506651306152344,3.7055442810058596,8.96261215209961
1748973958797,0.9154962158203126,3.6613861083984376,8.916358337402345
1748973958864,1.0587483215332032,3.670068054199219,8.970096588134766
1748973958931,1.0371931457519532,3.7044964599609376,8.962312774658203
1748973958997,0.9665400695800782,3.6742593383789064,8.986712036132813
1748973959064,1.0749147033691406,3.660338287353516,8.980125732421875
1748973959131,0.9776170349121094,3.645070037841797,8.942404174804688
1748973959197,0.9572593688964844,3.6872822570800783,8.966354370117188
1748973959264,0.9166937255859375,3.675905914306641,8.991053009033203
1748973959331,0.9982740783691407,3.686084747314453,8.94629608154297
1748973959397,1.0324031066894532,3.652554473876953,8.99614242553711
1748973959464,1.127904510498047,3.6549494934082034,8.801547088623048
1748973959531,1.0928773498535156,3.5522630310058596,8.948541412353515
1748973959597,0.9993218994140626,3.7366795349121094,8.965456237792969
1748973959664,0.9704319763183594,3.669169921875,8.959019622802735
1748973959731,1.0364447021484375,3.653452606201172,8.938212890625
1748973959797,1.0330018615722656,3.659140777587891,8.966653747558594
1748973959864,1.0544073486328125,3.672463073730469,8.960965576171876
1748973959931,1.0223739624023438,3.660487976074219,8.9430029296875
1748973959997,1.0410850524902344,3.6453694152832035,8.988059234619142
1748973960064,1.031205596923828,3.6585420227050784,8.940757598876953
1748973960131,0.9967771911621094,3.7079393005371095,8.924142150878907
1748973960197,0.9972262573242188,3.6610867309570314,8.941655731201172
1748973960264,1.0422825622558594,3.6395315551757816,8.928333435058594
1748973960331,1.0398875427246095,3.660188598632813,8.957971801757813
1748973960397,0.988993377685547,3.6742593383789064,8.958121490478517
1748973960464,1.0008187866210938,3.699107666015625,8.930878143310547
1748973960531,1.0783575439453126,3.623215484619141,8.957971801757813
1748973960597,1.0077044677734375,3.6986585998535157,8.916957092285157
1748973960664,0.9934840393066406,3.6851866149902346,8.957672424316407
1748973960731,1.0467732238769532,3.6624339294433597,8.970994720458984
1748973960797,1.0124945068359374,3.703448638916016,8.941206665039063
1748973960864,1.033450927734375,3.642675018310547,8.966054992675781
1748973960931,0.9854008483886719,3.6564463806152347,8.919501800537109
1748973960997,1.0373428344726563,3.683390350341797,8.945098571777343
1748973961064,1.124311981201172,3.5813026428222656,8.860973510742188
1748973961131,1.0436297607421876,3.6730618286132812,8.934470672607421
1748973961197,1.05141357421875,3.6414775085449222,8.972341918945313
1748973961264,1.0092013549804688,3.6842884826660156,8.912915496826173
1748973961331,0.9864486694335938,3.679947509765625,8.907975769042968
1748973961397,1.0056088256835938,3.634142761230469,8.965156860351563
1748973961464,1.0398875427246095,3.6721636962890627,8.948990478515626
1748973961531,1.0238708496093751,3.714375915527344,8.929980010986329
1748973961597,1.034798126220703,3.6244129943847656,8.963809661865234
1748973961664,1.0080038452148439,3.696263580322266,8.922944641113281
1748973961731,1.0740165710449219,3.6781512451171876,8.936416625976562
1748973961797,1.0092013549804688,3.689677276611328,8.932075653076172
1748973961864,0.9982740783691407,3.6835400390625,8.926836547851563
1748973961935,1.071471862792969,3.693868560791016,8.973240051269531
1748973961997,1.004710693359375,3.6881803894042973,9.050329742431641
1748973962064,1.1395802307128906,3.692671051025391,8.920998687744142
1748973962131,1.0337503051757813,3.626957702636719,8.929830322265625
1748973962197,0.9551637268066406,3.6968623352050782,8.965605926513673
1748973962264,0.8684939575195313,3.7832327270507813,9.020841064453126
1748973962331,0.9229806518554688,3.6539016723632813,8.961863708496095
1748973962398,1.0322534179687501,3.707041168212891,8.87309829711914
1748973962464,1.0927276611328125,3.705993347167969,8.988059234619142
1748973962531,1.0770103454589843,3.6586917114257815,9.041498107910156
1748973962605,1.0277627563476563,3.588787078857422,8.97847915649414
1748973962664,0.9394464111328126,3.6414775085449222,8.958121490478517
1748973962731,0.9003776550292969,3.7124299621582035,8.882828063964844
1748973962797,1.0235714721679687,3.673810272216797,9.001830596923828
1748973962864,1.0027647399902344,3.672612762451172,9.01679946899414
1748973962931,1.011596374511719,3.678600311279297,8.952882385253906
1748973962997,0.9358538818359375,3.689228210449219,8.955127716064453
1748973963064,0.9882449340820313,3.6206707763671875,8.94150604248047
1748973963131,0.9560618591308594,3.6730618286132812,8.94539794921875
1748973963204,0.9915380859375,3.6874319458007814,8.967102813720704
1748973963264,0.9415420532226563,3.659140777587891,8.910071411132813
1748973963331,0.9723779296875,3.6636314392089844,8.951535186767579
1748973963397,1.0412347412109375,3.689228210449219,8.988657989501954
1748973963464,1.0406359863281252,3.6218682861328126,8.986861724853515
1748973963531,1.0487191772460938,3.6588414001464846,8.932375030517578
1748973963597,0.9824070739746095,3.6417768859863284,8.963959350585938
1748973963664,0.991388397216797,3.7089871215820316,8.961115264892578
1748973963731,0.9693841552734376,3.6468663024902344,8.998238067626954
1748973963797,1.0318043518066407,3.6256105041503908,8.962312774658203
1748973963864,1.0156379699707032,3.6907250976562502,8.94539794921875
1748973963931,0.9304650878906251,3.6574942016601564,8.93911102294922
1748973964004,0.9970765686035157,3.6717146301269534,8.979227600097657
1748973964064,0.9383985900878907,3.683090972900391,8.938961334228516
1748973964132,1.0084529113769531,3.620072021484375,8.933273162841797
1748973964197,0.968785400390625,3.7175193786621095,8.92713592529297
1748973964264,0.9990225219726563,3.7009039306640625,8.92758499145508
1748973964331,0.9993218994140626,3.6456687927246096,8.9813232421875
1748973964398,1.0210267639160158,3.6708164978027344,8.927285614013673
1748973964464,0.9620494079589844,3.626209259033203,9.00856658935547
1748973964531,1.0454260253906251,3.710783386230469,8.924591217041016
1748973964597,0.9768685913085938,3.6791990661621097,8.95692398071289
1748973964664,1.000968475341797,3.6814443969726565,8.915460205078125
1748973964731,0.9710307312011719,3.695215759277344,8.962013397216797
1748973964797,1.0002200317382812,3.6612364196777345,8.967551879882812
1748973964872,1.0268646240234376,3.6374359130859375,8.982820129394531
1748973964931,0.948427734375,3.7220100402832035,8.877439270019531
1748973964997,0.9464817810058594,3.6624339294433597,8.95976806640625
1748973965064,1.02746337890625,3.673361206054688,8.946595458984376
1748973965131,0.9901908874511719,3.6359390258789066,8.935668182373048
1748973965197,1.0273136901855469,3.621119842529297,8.963659973144532
1748973965264,0.9876461791992188,3.677402801513672,8.963959350585938
1748973965331,0.8753796386718751,3.7235069274902344,8.922944641113281
1748973965397,0.9461824035644532,3.6914735412597657,8.957373046875
1748973965464,0.9569599914550782,3.6371365356445313,8.909023590087891
1748973965531,1.039288787841797,3.6634817504882813,8.914562072753906
1748973965597,1.0108479309082032,3.6010615539550783,8.931177520751953
1748973965664,1.0544073486328125,3.643872528076172,8.942853240966798
1748973965731,0.991388397216797,3.647165679931641,8.930578765869141
1748973965797,0.9162446594238282,3.65958984375,8.951086120605469
1748973965870,0.9532177734375,3.6854859924316408,8.957522735595704
1748973965931,0.9098080444335938,3.6949163818359376,8.982969818115235
1748973965997,0.99393310546875,3.6516563415527346,8.94345199584961
1748973966064,1.0029144287109375,3.646267547607422,8.983269195556641
1748973966132,1.031055908203125,3.6539016723632813,8.991651763916016
1748973966197,0.9018745422363281,3.6889288330078127,8.946595458984376
1748973966264,0.9178912353515626,3.6573445129394533,8.994944915771486
1748973966331,0.9575587463378906,3.689976654052735,8.910969543457032
1748973966397,0.9717791748046876,3.677103424072266,9.016200714111328
1748973966464,0.9629475402832032,3.5786082458496096,8.919052734375
1748973966531,1.0139913940429688,3.6000137329101562,8.939709777832032
1748973966597,1.0060578918457033,3.6685711669921877,8.931177520751953
1748973966664,0.910107421875,3.6311489868164064,8.946745147705078
1748973966731,0.9610015869140626,3.662733306884766,8.966204681396485
1748973966797,0.975820770263672,3.6380346679687503,8.959917755126954
1748973966871,1.0063572692871094,3.6071987915039063,8.9525830078125
1748973966934,0.9563612365722657,3.6943176269531253,8.918304290771484
1748973966997,0.9565109252929688,3.6167788696289063,8.969348144531251
1748973967066,0.9301657104492188,3.642675018310547,8.946445770263672
1748973967131,1.0359956359863283,3.6315980529785157,8.944499816894531
1748973967197,1.004710693359375,3.6107913208007814,8.97024627685547
1748973967264,0.9225315856933595,3.6777021789550783,8.94629608154297
1748973967331,1.011746063232422,3.6299514770507812,8.974287872314454
1748973967397,0.9711804199218751,3.6277061462402345,8.963809661865234
1748973967463,0.9842033386230469,3.627107391357422,8.940757598876953
1748973967531,0.9704319763183594,3.610192565917969,8.893755340576172
1748973967597,0.9868977355957032,3.6540513610839844,8.944799194335937
1748973967670,1.0002200317382812,3.613036651611328,8.989855499267579
1748973967731,0.9910890197753907,3.6396812438964847,8.963210906982422
1748973967797,1.0008187866210938,3.648812255859375,8.960965576171876
1748973967870,0.9648934936523438,3.6309992980957033,8.979377288818359
1748973967931,1.008153533935547,3.6348912048339845,8.941805419921875
1748973968005,1.0087522888183593,3.637884979248047,8.965156860351563
1748973968064,0.9839039611816407,3.655697937011719,8.947643280029297
1748973968131,1.0044113159179688,3.643722839355469,8.979976043701173
1748973968205,1.0240205383300782,3.617377624511719,8.948990478515626
1748973968264,0.9834548950195313,3.654500427246094,8.933722229003907
1748973968331,1.0050100708007812,3.633993072509766,8.966504058837891
1748973968397,0.9650431823730469,3.6574942016601564,8.962911529541016
1748973968469,1.0189311218261718,3.6010615539550783,8.93297378540039
1748973968531,1.005908203125,3.6323464965820316,8.960366821289062
1748973968597,0.9602531433105469,3.683240661621094,8.947044525146485
1748973968664,0.9389973449707032,3.6375856018066406,8.956175537109376
1748973968731,0.9851014709472656,3.65958984375,8.950786743164063
1748973968804,0.9943821716308594,3.6256105041503908,8.940458221435547
1748973968864,0.9689350891113282,3.651057586669922,8.95782211303711
1748973968931,1.0163864135742189,3.6552488708496096,8.98177230834961
1748973968997,0.9951306152343751,3.657045135498047,8.92713592529297
1748973969073,0.9442364501953125,3.629203033447266,8.938811645507814
1748973969131,1.0002200317382812,3.6411781311035156,8.952732696533204
1748973969204,0.9792636108398438,3.6585420227050784,8.947643280029297
1748973969264,1.0211764526367189,3.6410284423828125,8.950038299560548
1748973969331,1.0162367248535156,3.6658767700195316,8.964408416748046
1748973969397,0.9915380859375,3.6564463806152347,8.949439544677734
1748973969470,1.0062075805664064,3.660487976074219,8.922046508789062
1748973969531,0.9836045837402344,3.6542010498046875,8.907676391601562
1748973969597,0.978215789794922,3.677103424072266,8.93911102294922
1748973969669,0.991388397216797,3.6001634216308593,8.986262969970703
1748973969731,0.985550537109375,3.663182373046875,8.943751373291017
1748973969797,0.9693841552734376,3.6281552124023437,8.988807678222656
1748973969864,1.0602452087402345,3.642375640869141,8.895401916503907
1748973969931,0.9883946228027344,3.6670742797851563,8.967701568603516
1748973970004,1.0100994873046876,3.6658767700195316,8.98611328125
1748973970064,0.9759704589843751,3.6550991821289065,8.929231567382812
1748973970131,0.9737251281738282,3.6184254455566407,8.938961334228516
1748973970197,1.0386900329589843,3.617377624511719,8.940458221435547
1748973970271,0.9779164123535157,3.6714152526855472,8.989256744384766
1748973970331,0.9502239990234376,3.6070491027832032,8.94779296875
1748973970397,0.9857002258300782,3.6573445129394533,8.937464447021485
1748973970470,1.0090516662597657,3.603007507324219,8.989107055664062
1748973970531,1.000968475341797,3.6374359130859375,8.946146392822266
1748973970597,0.9575587463378906,3.6543507385253906,8.965456237792969
1748973970664,0.9862989807128907,3.6404296875,8.965755615234375
1748973970731,0.988993377685547,3.635340270996094,8.97698226928711
1748973970797,1.0210267639160158,3.6051031494140626,8.947942657470703
1748973970864,1.0355465698242188,3.6446209716796876,8.951684875488281
1748973970931,0.9834548950195313,3.6540513610839844,8.955576782226563
1748973970997,0.9765692138671875,3.613036651611328,8.918753356933594
1748973971064,0.9955796813964845,3.6218682861328126,8.974287872314454
1748973971131,1.0102491760253907,3.633394317626953,8.948541412353515
1748973971197,0.9726773071289063,3.5857933044433596,8.962163085937501
1748973971264,1.0078541564941408,3.6396812438964847,8.918903045654297
1748973971331,0.9442364501953125,3.6133360290527348,9.009464721679688
1748973971397,1.0412347412109375,3.664230194091797,8.92908187866211
1748973971470,1.0234217834472656,3.6289036560058596,9.034313049316406
1748973971531,0.9560618591308594,3.629801788330078,8.942404174804688
1748973971597,0.9623487854003907,3.642375640869141,8.949439544677734
1748973971664,1.0217752075195312,3.6157310485839846,8.944050750732423
1748973971731,0.9951306152343751,3.618724822998047,8.951684875488281
1748973971803,0.9599537658691407,3.636238403320313,8.985813903808594
1748973971864,0.9389973449707032,3.6489619445800785,8.97024627685547
1748973971940,1.0132429504394531,3.603157196044922,8.99419647216797
1748973971997,1.0731184387207031,3.6247123718261722,8.93911102294922
1748973972064,1.0259664916992188,3.6712655639648437,8.947493591308595
1748973972131,0.9608518981933595,3.569327545166016,8.994944915771486
1748973972197,1.0984158325195312,3.6001634216308593,8.94105697631836
1748973972264,0.9942324829101563,3.636238403320313,8.995843048095704
1748973972331,1.0202783203125,3.6564463806152347,8.996890869140625
1748973972397,0.9333091735839845,3.6071987915039063,8.951684875488281
1748973972464,0.9816586303710938,3.6646792602539064,8.907975769042968
1748973972531,1.0590476989746094,3.656745758056641,8.91755584716797
1748973972597,0.8363108825683594,3.6383340454101565,8.986412658691407
1748973972664,0.8017327880859375,3.6396812438964847,9.054670715332032
1748973972731,0.8966354370117188,3.6013609313964845,8.981921997070312
1748973972805,1.1130853271484376,3.600313110351563,8.932225341796876
1748973972870,0.9752220153808594,3.510948944091797,9.005423126220704
1748973972931,0.8882528686523438,3.6756065368652346,8.941955108642578
1748973972997,0.8906478881835938,3.6220179748535157,8.991053009033203
1748973973064,0.8351133728027345,3.645070037841797,8.942104797363282
1748973973131,0.7866142272949219,3.6745587158203126,9.028774566650391
1748973973197,0.8665480041503907,3.543281707763672,9.096134490966797
1748973973264,1.0244696044921875,3.6086956787109377,8.919052734375
1748973973331,1.0175839233398438,3.550167388916016,8.903036041259766
1748973973405,0.8138575744628906,3.544179840087891,9.123527526855469
1748973973470,1.0121951293945313,3.5122961425781254,8.974886627197266
1748973973531,0.9415420532226563,3.5078054809570314,8.882678375244142
1748973973597,1.0508148193359375,3.5950740051269534,8.92758499145508
1748973973664,1.0903326416015626,3.5184333801269534,8.975934448242189
1748973973731,0.9852511596679688,3.5320550537109376,8.928782501220704
1748973973803,0.8809181213378907,3.642675018310547,8.990903320312501
1748973973864,0.8184979248046875,3.6321968078613285,8.985514526367188
1748973973931,0.8913963317871094,3.5810032653808594,8.95063705444336
1748973973997,0.8744815063476563,3.623215484619141,8.98611328125
1748973974069,0.8445437622070313,3.6503091430664063,9.091793518066407
1748973974131,0.9379495239257813,3.532504119873047,9.023385772705078
1748973974204,0.9845027160644532,3.5534605407714848,9.015601959228515
1748973974264,1.0509645080566408,3.531156921386719,8.797954559326172
1748973974331,1.2171189880371094,3.503763885498047,8.964258728027344
1748973974402,1.157991943359375,3.465443572998047,8.964707794189454
1748973974472,0.9954299926757812,3.5717225646972657,9.176068267822266
1748973974531,0.7203021240234375,3.696413269042969,9.04404281616211
1748973974604,0.6489006042480469,3.733536071777344,8.97698226928711
1748973974664,1.0937754821777343,3.57576416015625,9.09433822631836
1748973974731,1.4275813293457031,3.494034118652344,8.920250244140625
1748973974802,0.986598358154297,3.7142262268066406,8.753197631835938
1748973974864,0.8813671875000001,3.544179840087891,9.00003433227539
1748973974931,0.8625064086914063,3.685635681152344,8.93297378540039
1748973975004,1.146166534423828,3.5534605407714848,8.963809661865234
1748973975064,1.1301498413085938,3.6148329162597657,8.932375030517578
1748973975131,1.1428733825683595,3.5949243164062503,8.94539794921875
1748973975203,1.055006103515625,3.5859429931640627,8.906778259277344
1748973975271,1.1743080139160156,3.606600036621094,8.971144409179688
1748973975331,1.0553054809570312,3.6552488708496096,8.943751373291017
1748973975404,1.04662353515625,3.627107391357422,8.976233825683595
1748973975471,0.9351054382324219,3.7053945922851566,8.959618377685548
1748973975531,0.9668394470214844,3.619922332763672,8.967252502441406
1748973975601,0.9970765686035157,3.727548522949219,8.922046508789062
1748973975664,0.9726773071289063,3.6751574707031254,8.9525830078125
1748973975731,1.1817924499511718,3.530408477783203,8.991651763916016
1748973975803,1.1047027587890625,3.5187327575683596,8.964408416748046
1748973975864,1.10410400390625,3.707190856933594,8.867410125732423
1748973975931,1.0523117065429688,3.6193235778808597,9.01290756225586
1748973976003,0.961450653076172,3.6145335388183595,8.88163055419922
1748973976064,1.0018666076660157,3.608995056152344,9.000782775878907
1748973976131,1.1079959106445314,3.669020233154297,8.998387756347658
1748973976202,0.9261241149902344,3.6480638122558595,8.956325225830078
1748973976264,0.9604028320312501,3.6649786376953126,8.980724487304688
1748973976331,1.0834469604492187,3.630699920654297,9.03685775756836
1748973976404,1.014290771484375,3.5684294128417973,9.013955383300782
1748973976471,1.006956024169922,3.6585420227050784,8.894054718017578
1748973976531,0.9731263732910157,3.656895446777344,9.04449188232422
1748973976602,0.8818162536621095,3.7127293395996097,8.893306274414062
1748973976664,1.0777587890625,3.604354705810547,8.963510284423828
1748973976731,1.0955717468261719,3.609893188476563,8.956474914550782
1748973976803,0.9222322082519532,3.6350408935546876,8.99614242553711
1748973976871,1.003213806152344,3.6116894531250003,8.922196197509766
1748973976937,1.0283615112304687,3.54702392578125,9.003776550292969
1748973976998,1.1585906982421876,3.680995330810547,8.962911529541016
1748973977064,1.0084529113769531,3.5823504638671877,8.933871917724609
1748973977131,0.9107061767578125,3.685785369873047,8.936117248535156
1748973977202,1.0603948974609376,3.583997039794922,8.961863708496095
1748973977264,1.0505154418945313,3.6116894531250003,9.000184020996095
1748973977331,0.9842033386230469,3.650907897949219,8.965755615234375
1748973977402,1.0144404602050783,3.5991156005859377,8.979976043701173
1748973977470,1.0259664916992188,3.6416271972656253,8.944799194335937
1748973977531,1.0571017456054688,3.604354705810547,9.014254760742189
1748973977604,1.0603948974609376,3.607947235107422,8.98701141357422
1748973977664,1.0359956359863283,3.635340270996094,8.946745147705078
1748973977731,1.035845947265625,3.6167788696289063,8.991202697753907
1748973977802,0.9822573852539063,3.663332061767578,8.930578765869141
1748973977865,1.0536589050292968,3.6416271972656253,8.956325225830078
1748973977931,1.0978170776367189,3.6247123718261722,8.96740219116211
1748973978004,0.9904902648925782,3.689228210449219,8.967252502441406
1748973978070,1.0915301513671876,3.657045135498047,8.952433319091798
1748973978131,1.06099365234375,3.601959686279297,8.966653747558594
1748973978205,1.1271560668945313,3.5118470764160157,9.020242309570312
1748973978264,1.0545570373535156,3.635340270996094,8.945248260498047
1748973978331,1.0151889038085937,3.7197647094726562,8.878487091064454
1748973978405,0.9529183959960938,3.762126617431641,8.866961059570313
1748973978470,0.8078700256347656,3.454665985107422,9.170829162597657
1748973978531,1.0951226806640626,3.546574859619141,9.009315032958984
1748973978604,1.0774594116210938,3.623215484619141,8.95348114013672
1748973978664,0.97716796875,3.822600860595703,8.826395416259766
1748973978730,0.9776170349121094,3.4920881652832034,9.010811920166017
1748973978804,1.0565029907226564,3.589984588623047,8.961414642333985
1748973978870,0.988993377685547,3.579057312011719,9.003926239013673
1748973978930,1.0545570373535156,3.5817517089843753,9.007967834472657
1748973979003,0.9297166442871094,3.7101846313476563,8.894803161621095
1748973979064,0.9446855163574219,3.7413198852539065,8.877289581298829
1748973979130,1.0198292541503906,3.602857818603516,9.0675439453125
1748973979202,1.0106982421875002,3.5711238098144533,8.917256469726563
1748973979264,1.153052215576172,3.643573150634766,8.956624603271484
1748973979330,0.9707313537597657,3.6739599609375,8.991202697753907
1748973979402,0.8273295593261719,3.6835400390625,8.920848999023438
1748973979472,1.1258088684082033,3.596421203613281,8.976533203125001
1748973979530,1.0797047424316406,3.562292175292969,9.04598876953125
1748973979603,0.968785400390625,3.6995567321777347,8.871451721191407
1748973979664,1.0141410827636719,3.586242370605469,9.005123748779297
1748973979730,0.9584568786621094,3.647315368652344,8.946595458984376
1748973979803,1.0505154418945313,3.642675018310547,8.960366821289062
1748973979864,1.0313552856445314,3.629203033447266,8.930578765869141
1748973979930,0.9994715881347657,3.593277740478516,8.95692398071289
1748973980003,1.0192304992675782,3.579506378173828,9.017847290039063
1748973980064,0.923280029296875,3.727398834228516,8.90273666381836
1748973980130,1.0295590209960939,3.6878810119628906,8.91321487426758
1748973980204,0.9243278503417969,3.443589019775391,9.09433822631836
1748973980264,1.0517129516601562,3.656745758056641,8.859776000976563
1748973980331,0.9467811584472656,3.5895355224609378,9.03446273803711
1748973980403,0.8872050476074219,3.7928128051757812,8.834478607177735
1748973980470,1.0731184387207031,3.477568359375,9.131910095214844
1748973980531,1.06099365234375,3.525319061279297,9.017398223876954
1748973980601,0.8985813903808594,3.678450622558594,8.918154602050782
1748973980664,1.024768981933594,3.776796112060547,8.888067169189453
1748973980730,1.0084529113769531,3.5943255615234375,8.983568572998047
1748973980805,0.980610809326172,3.4519715881347657,9.058113555908204
1748973980864,0.8569679260253906,3.6979101562500003,8.944350128173829
1748973980930,0.948427734375,3.7613781738281253,8.844507751464844
1748973981003,1.1277548217773439,3.514541473388672,8.947942657470703
1748973981064,1.02267333984375,3.460354156494141,9.023535461425782
1748973981130,0.9413923645019532,3.5813026428222656,9.039252777099609
1748973981202,0.8042774963378907,3.779191131591797,8.93477005004883
1748973981264,0.8846603393554688,3.6949163818359376,8.940907287597657
1748973981331,0.9391470336914063,3.572021942138672,8.986262969970703
1748973981401,1.2852273559570313,3.5348991394042972,8.929830322265625
1748973981472,0.9210346984863281,3.5284625244140626,9.104666748046876
1748973981530,0.817749481201172,3.669918365478516,9.001231842041015
1748973981604,1.0508148193359375,3.6074981689453125,8.964857482910157
1748973981664,0.9358538818359375,3.6613861083984376,8.897347869873048
1748973981730,0.93645263671875,3.5880386352539064,9.00572250366211
1748973981802,0.9529183959960938,3.620820465087891,8.95063705444336
1748973981864,0.9581575012207032,3.634142761230469,8.953780517578126
1748973981937,1.0002200317382812,3.5675312805175783,8.999884643554688
1748973981998,1.0338999938964843,3.5892361450195316,8.956474914550782
1748973982065,0.9985734558105469,3.561094665527344,8.985065460205078
1748973982131,1.0002200317382812,3.6193235778808597,8.951984252929687
1748973982202,0.9428892517089844,3.6149826049804688,8.949439544677734
1748973982264,0.9864486694335938,3.5965708923339847,9.001830596923828
1748973982331,0.9202862548828126,3.655997314453125,8.957522735595704
1748973982402,0.8613088989257813,3.6351905822753907,8.982520751953125
1748973982465,0.9927355957031251,3.6589910888671877,8.931776275634766
1748973982531,0.996328125,3.604055328369141,9.01051254272461
1748973982603,1.08015380859375,3.489693145751953,9.046437835693359
1748973982664,1.064586181640625,3.6886294555664065,8.888665924072265
1748973982731,0.9300160217285157,3.676055603027344,8.986562347412109
1748973982805,0.7797285461425781,3.646417236328125,9.038654022216797
1748973982864,0.8665480041503907,3.7185671997070315,8.907377014160156
1748973982931,1.18074462890625,3.496429138183594,9.037456512451172
1748973983003,1.0882369995117187,3.5869908142089844,8.982071685791016
1748973983068,0.9852511596679688,3.6244129943847656,8.947044525146485
1748973983131,1.0253677368164062,3.5489698791503907,9.0388037109375
1748973983205,0.8637039184570313,3.6687208557128907,8.923393707275391
1748973983271,0.9539662170410157,3.6583923339843754,8.946146392822266
1748973983331,1.069376220703125,3.575614471435547,8.994046783447265
1748973983402,1.0238708496093751,3.5914814758300784,8.95063705444336
1748973983469,0.9912387084960937,3.6118391418457034,8.996591491699219
1748973983531,0.8770262145996094,3.603456573486328,8.98566421508789
1748973983602,1.0252180480957032,3.618724822998047,8.966054992675781
1748973983668,1.0303074645996095,3.5817517089843753,8.994046783447265
1748973983731,0.9632469177246095,3.643872528076172,8.956474914550782
1748973983801,0.9578581237792969,3.569327545166016,8.995693359375
1748973983868,0.9524693298339845,3.6179763793945314,8.984766082763672
1748973983931,0.9635462951660156,3.631897430419922,8.93192596435547
1748973984002,0.9996212768554688,3.549568634033203,9.01724853515625
1748973984070,0.9816586303710938,3.646267547607422,8.934171295166015
1748973984131,1.0151889038085937,3.572021942138672,9.061107330322265
1748973984202,1.0080038452148439,3.642525329589844,8.973988494873048
1748973984268,1.0020162963867187,3.6115397644042972,9.013805694580078
1748973984331,0.9336085510253906,3.6283049011230473,8.95782211303711
1748973984402,0.9312135314941407,3.576662292480469,9.001980285644532
1748973984469,0.9954299926757812,3.6356396484375,8.90273666381836
1748973984531,0.9969268798828126,3.560046844482422,9.028624877929689
1748973984601,0.987945556640625,3.6615357971191407,8.933123474121095
1748973984669,0.9659413146972656,3.5745666503906253,9.022038574218751
1748973984737,0.9964778137207032,3.6344421386718753,8.968749389648439
1748973984802,0.9671388244628907,3.640130310058594,8.95587615966797
1748973984869,1.0385403442382812,3.561244354248047,8.953181762695312
1748973984930,0.95082275390625,3.618724822998047,8.99419647216797
1748973985004,1.0074050903320313,3.6253111267089846,8.96021713256836
1748973985069,0.9563612365722657,3.5745666503906253,8.970096588134766
1748973985131,0.9702822875976563,3.656895446777344,8.951086120605469
1748973985202,1.0190808105468752,3.549119567871094,8.992250518798828
1748973985270,0.9684860229492188,3.626209259033203,8.951385498046875
1748973985331,1.0316546630859376,3.5980677795410156,8.990903320312501
1748973985403,0.9440867614746095,3.6320471191406254,9.039252777099609
1748973985471,0.858614501953125,3.7077896118164064,8.917855224609376
1748973985531,0.9461824035644532,3.610042877197266,9.00093246459961
1748973985601,0.9074130249023438,3.6357893371582035,8.985215148925782
1748973985671,1.0008187866210938,3.6001634216308593,8.959917755126954
1748973985731,1.006956024169922,3.6345918273925784,8.971593475341797
1748973985802,0.9876461791992188,3.6805462646484375,8.895102539062501
1748973985871,0.7917036437988282,3.6381843566894534,9.031768341064453
1748973985931,0.9686357116699219,3.678450622558594,8.92474090576172
1748973986001,1.0189311218261718,3.5666331481933597,8.943152618408204
1748973986068,1.1109896850585939,3.5759138488769535,9.002429351806642
1748973986131,0.9165440368652344,3.6016603088378907,8.970994720458984
1748973986202,0.9630972290039063,3.6275564575195314,8.966354370117188
1748973986270,1.0232720947265626,3.623065795898438,8.976233825683595
1748973986335,0.9598040771484375,3.6455191040039066,8.962013397216797
1748973986403,0.9283694458007813,3.6610867309570314,9.006021881103516
1748973986469,0.9370513916015626,3.6805462646484375,8.947044525146485
1748973986531,0.9976753234863281,3.5869908142089844,8.980874176025392
1748973986604,0.991388397216797,3.604205017089844,8.950337677001954
1748973986668,1.0409353637695313,3.651057586669922,8.948092346191407
1748973986731,0.8069718933105469,3.6369868469238282,9.055419158935548
1748973986804,0.9624984741210938,3.6625836181640627,8.935069427490236
1748973986869,1.0832972717285156,3.6016603088378907,8.946445770263672
1748973986935,0.9729766845703125,3.579955444335938,8.98611328125
1748973986998,0.8491841125488282,3.6564463806152347,8.971443786621094
1748973987065,0.9815089416503907,3.6058515930175785,8.966953125
1748973987131,0.9572593688964844,3.617227935791016,8.904832305908204
1748973987203,0.8964857482910157,3.654500427246094,8.97129409790039
1748973987269,0.9389973449707032,3.586392059326172,9.05990982055664
1748973987331,0.9204359436035157,3.6775524902343752,8.861272888183594
1748973987402,0.9071136474609376,3.580105133056641,8.95587615966797
1748973987468,1.0156379699707032,3.503614196777344,9.04015090942383
1748973987531,0.858614501953125,3.6549494934082034,8.988358612060548
1748973987603,1.137484588623047,3.6842884826660156,8.89315658569336
1748973987669,0.8710386657714844,3.5190321350097657,8.951235809326173
1748973987731,0.829874267578125,3.735781402587891,8.87160140991211
1748973987804,0.9175918579101563,3.6070491027832032,9.015452270507813
1748973987870,0.8038284301757813,3.6673736572265625,8.979227600097657
1748973987931,1.0208770751953125,3.579207000732422,9.040599975585938
1748973988003,1.0147398376464845,3.6018099975585938,8.99419647216797
1748973988071,0.8663983154296876,3.700005798339844,8.966653747558594
1748973988137,0.9406439208984375,3.6115397644042972,8.975335693359375
1748973988203,0.9186396789550781,3.609444122314453,8.991053009033203
1748973988270,0.9535171508789063,3.7027001953125,8.951235809326173
1748973988331,0.9559121704101563,3.5905833435058594,9.008716278076172
1748973988404,0.8650511169433595,3.6513569641113284,8.944799194335937
1748973988469,0.8652008056640625,3.64282470703125,8.992549896240234
1748973988531,0.9369017028808594,3.7076399230957033,9.023086395263672
1748973988605,0.841849365234375,3.666475524902344,9.008416900634765
1748973988669,0.9018745422363281,3.56618408203125,8.95348114013672
1748973988731,0.8376580810546875,3.660487976074219,9.002279663085938
1748973988802,0.8707392883300782,3.629652099609375,9.010961608886719
1748973988869,0.8056246948242188,3.6348912048339845,8.956025848388672
1748973988931,1.0376422119140625,3.569626922607422,9.032816162109375
1748973989002,1.0503657531738282,3.6045043945312503,8.955576782226563
1748973989069,1.0072554016113282,3.603007507324219,8.96455810546875
1748973989138,0.8631051635742188,3.6476147460937502,9.012009429931641
1748973989204,0.7647596740722656,3.689976654052735,8.946745147705078
1748973989269,0.9139993286132813,3.60929443359375,8.952882385253906
1748973989331,0.9542655944824219,3.600313110351563,8.97129409790039
1748973989404,1.0000703430175781,3.623365173339844,8.975485382080079
1748973989469,0.9470805358886719,3.607947235107422,8.91141860961914
1748973989531,0.9123527526855469,3.639980621337891,8.919352111816407
1748973989604,0.8996292114257813,3.6621345520019535,9.008267211914063
1748973989669,0.9960287475585938,3.600612487792969,8.957073669433594
1748973989731,0.8807684326171875,3.6281552124023437,8.978179779052734
1748973989804,0.8948391723632813,3.6492613220214847,9.012757873535156
1748973989869,0.8578660583496094,3.6286042785644534,8.968599700927735
1748973989931,0.9557624816894532,3.5715728759765626,9.019942932128906
1748973990002,0.9809101867675781,3.582649841308594,8.969048767089845
1748973990071,0.8472381591796876,3.640130310058594,8.988208923339844
1748973990131,0.9768685913085938,3.6217185974121096,8.992100830078126
1748973990202,0.8593629455566407,3.653602294921875,8.960516510009766
1748973990268,0.9433383178710938,3.647465057373047,8.94779296875
1748973990331,0.9352551269531251,3.583847351074219,9.038654022216797
1748973990402,0.8075706481933594,3.750450897216797,8.926088104248047
1748973990468,0.8439450073242188,3.633394317626953,9.01290756225586
1748973990531,1.0318043518066407,3.6577935791015626,8.99135238647461
1748973990601,1.0041119384765627,3.5615437316894534,8.917256469726563
1748973990671,1.0228230285644533,3.5762132263183597,8.982221374511719
1748973990731,0.9340576171875,3.623215484619141,8.933722229003907
1748973990802,0.9533674621582032,3.6547998046875003,8.953331451416016
1748973990868,0.9252259826660156,3.650159454345703,8.984317016601564
1748973990931,0.9261241149902344,3.6580929565429687,8.95587615966797
1748973991005,0.9607022094726563,3.617078247070313,8.982071685791016
1748973991069,0.8927435302734376,3.609144744873047,9.00138153076172
1748973991138,0.9048683166503907,3.7712576293945315,8.939410400390626
1748973991201,0.9922865295410157,3.565884704589844,9.053323516845703
1748973991269,0.85023193359375,3.6518060302734376,8.932375030517578
1748973991331,0.9494755554199219,3.629652099609375,8.944948883056641
1748973991403,0.9723779296875,3.6582426452636723,9.054970092773438
1748973991469,0.8711883544921876,3.6685711669921877,8.937913513183593
1748973991532,0.9621990966796875,3.667673034667969,9.017098846435548
1748973991601,0.9044192504882813,3.6542010498046875,8.968300323486329
1748973991671,0.8352630615234375,3.7065921020507813,8.916957092285157
1748973991732,1.0002200317382812,3.6133360290527348,8.969946899414063
1748973991804,0.9205856323242188,3.6357893371582035,8.956474914550782
1748973991868,0.9433383178710938,3.6287539672851565,8.990304565429687
1748973991938,0.9409432983398438,3.630699920654297,8.967851257324218
1748973991998,0.8512797546386719,3.6407290649414064,8.973389739990235
1748973992066,0.9955796813964845,3.6157310485839846,8.948092346191407
1748973992132,0.8189469909667969,3.648512878417969,9.026229858398438
1748973992203,0.9430389404296875,3.6622842407226566,9.023535461425782
1748973992269,0.9228309631347656,3.578009490966797,8.936566314697266
1748973992332,0.8650511169433595,3.680097198486328,9.03206771850586
1748973992402,0.9297166442871094,3.6549494934082034,9.037456512451172
1748973992469,0.9436376953125001,3.6883300781250004,8.907975769042968
1748973992532,0.9294172668457031,3.5807038879394533,9.055269470214844
1748973992603,0.910107421875,3.660338287353516,8.93147689819336
1748973992669,0.8499325561523438,3.666176147460938,8.951834564208985
1748973992731,1.0337503051757813,3.6133360290527348,8.982071685791016
1748973992803,0.8617579650878907,3.6157310485839846,9.03012176513672
1748973992869,0.8896000671386719,3.703748016357422,8.979976043701173
1748973992931,0.9467811584472656,3.6622842407226566,8.988059234619142
1748973993003,0.8484356689453125,3.700005798339844,8.979976043701173
1748973993071,0.7212002563476563,3.7172200012207033,8.99464553833008
1748973993136,0.8738827514648438,3.6515066528320315,8.998238067626954
1748973993202,1.0243199157714844,3.6720140075683596,8.965605926513673
1748973993269,1.051263885498047,3.6218682861328126,8.951535186767579
1748973993332,0.9910890197753907,3.5459761047363285,8.989256744384766
1748973993404,0.847687225341797,3.74341552734375,8.928183746337892
1748973993469,0.8996292114257813,3.656596069335938,9.06035888671875
1748973993531,0.9502239990234376,3.6181260681152345,9.00721939086914
1748973993602,0.8848100280761719,3.6027081298828127,8.999884643554688
1748973993669,1.0141410827636719,3.5657350158691408,8.996591491699219
1748973993731,0.9136999511718751,3.6095938110351566,8.94824203491211
1748973993801,0.7691006469726563,3.7125796508789066,8.963959350585938
1748973993869,0.8211923217773438,3.586541748046875,9.005872192382814
1748973993931,0.9307644653320313,3.610192565917969,8.943751373291017
1748973994004,0.9104067993164063,3.6573445129394533,9.011859741210937
1748973994071,0.7816744995117187,3.6061509704589847,9.02158950805664
1748973994132,0.85023193359375,3.57576416015625,9.016949157714844
1748973994202,0.8644523620605469,3.6503091430664063,8.952732696533204
1748973994269,0.8957373046875,3.579356689453125,8.981023864746094
1748973994338,0.9526190185546876,3.567381591796875,8.993148651123047
1748973994402,1.0051597595214845,3.574117584228516,8.952283630371094
1748973994469,0.9545649719238282,3.572021942138672,9.022188262939453
1748973994535,0.8846603393554688,3.6037559509277344,8.991951141357422
1748973994604,0.8481362915039063,3.647165679931641,8.94015884399414
1748973994671,0.9608518981933595,3.5938764953613282,9.022038574218751
1748973994731,0.9666897583007813,3.5459761047363285,9.006920013427735
1748973994802,0.9157955932617188,3.6058515930175785,9.004225616455079
1748973994869,0.93884765625,3.6479141235351564,8.94629608154297
1748973994931,0.9322613525390625,3.506607971191406,9.016200714111328
1748973995002,0.8764274597167969,3.6637811279296875,8.898844757080079
1748973995068,0.8478369140625001,3.654500427246094,9.004524993896485
1748973995131,0.8039781188964844,3.5856436157226566,8.957971801757813
1748973995204,0.9159452819824219,3.5245706176757814,9.001980285644532
1748973995269,1.0494676208496094,3.5516642761230472,8.982371063232423
1748973995331,0.9105564880371094,3.6110906982421875,8.993448028564453
1748973995402,0.8294252014160156,3.609444122314453,8.986712036132813
1748973995470,0.8331674194335938,3.6827915954589847,8.955277404785157
1748973995531,0.8198451232910157,3.6274067687988283,8.980125732421875
1748973995602,0.9319619750976563,3.5549574279785157,9.003477172851563
1748973995671,0.8619076538085938,3.5940261840820313,8.975186004638672
1748973995732,1.0020162963867187,3.596720581054688,8.981173553466798
1748973995801,0.8979826354980469,3.566034393310547,9.020691375732422
1748973995870,0.8876541137695313,3.630550231933594,8.988208923339844
1748973995932,0.8448431396484375,3.5811529541015625,9.013656005859376
1748973996002,0.8828640747070313,3.603306884765625,9.00617156982422
1748973996068,0.9126521301269531,3.5944752502441406,8.951834564208985
1748973996131,0.8589138793945313,3.632945251464844,8.959917755126954
1748973996201,0.8425978088378907,3.5938764953613282,9.022787017822266
1748973996269,0.7030879211425781,3.662733306884766,8.935967559814454
1748973996332,0.817749481201172,3.7110827636718753,8.914562072753906
1748973996403,0.9415420532226563,3.5251693725585938,9.134005737304689
1748973996468,1.0743159484863283,3.4215847778320314,9.027726745605468
1748973996532,1.0394384765625,3.5482214355468753,8.959319000244141
1748973996605,0.7273374938964844,3.610192565917969,9.032666473388673
1748973996670,0.662222900390625,3.771856384277344,8.967851257324218
1748973996731,0.968785400390625,3.6000137329101562,8.925639038085938
1748973996803,0.940045166015625,3.6479141235351564,8.76816650390625
1748973996869,0.8303233337402344,3.3769775390625,9.114097137451173
1748973996938,0.9250762939453125,3.485801239013672,9.051078186035157
1748973996998,0.7893086242675782,3.6076478576660156,8.983568572998047
1748973997065,0.8806187438964844,3.756288757324219,8.994346160888671
1748973997132,0.8214916992187501,3.484603729248047,9.09433822631836
1748973997203,0.9804611206054688,3.5127452087402347,9.030570831298828
1748973997270,0.9201365661621094,3.6958145141601566,8.912466430664063
1748973997332,0.6578819274902344,3.672612762451172,9.016051025390626
1748973997404,0.8979826354980469,3.2901580810546878,9.256301422119142
1748973997468,0.8912466430664063,3.610342254638672,8.890162811279298
1748973997532,0.9214837646484375,3.8633161926269532,8.843908996582032
1748973997601,0.8146060180664063,3.5842964172363283,9.08715316772461
1748973997670,0.8878038024902344,3.5751654052734376,8.98461639404297
1748973997732,0.8262817382812501,3.6095938110351566,9.05841293334961
1748973997804,0.8723858642578125,3.4828074645996097,9.135802001953126
1748973997868,0.9545649719238282,3.635340270996094,8.95542709350586
1748973997931,0.9571096801757814,3.6748580932617188,8.93866195678711
1748973998005,0.9196875,3.484603729248047,9.009913787841798
1748973998069,0.9300160217285157,3.5579512023925783,8.917705535888672
1748973998131,1.0792556762695313,3.5269656372070313,9.108558654785156
1748973998204,0.980610809326172,3.5750157165527345,9.025032348632813
1748973998269,0.9283694458007813,3.833228759765625,8.672066345214844
1748973998332,1.1430230712890626,3.806584167480469,8.948990478515626
1748973998403,1.182989959716797,3.230581970214844,9.153614959716798
1748973998468,1.000968475341797,3.7582347106933596,8.956175537109376
1748973998532,0.9541159057617188,3.606300659179688,8.959019622802735
1748973998604,1.0078541564941408,3.746409301757813,8.968300323486329
1748973998669,0.9286688232421876,3.677253112792969,8.975036315917968
1748973998732,1.09931396484375,3.5796560668945316,9.015003204345703
1748973998801,0.9922865295410157,3.694018249511719,9.073082427978516
1748973998869,0.8767268371582032,3.617078247070313,8.957373046875
1748973998932,0.987945556640625,3.630400543212891,8.946146392822266
1748973999004,0.8976832580566406,3.8131704711914063,8.929231567382812
1748973999069,1.0265652465820314,3.4778677368164064,9.085506591796875
1748973999132,1.0948233032226562,3.501219177246094,8.944350128173829
1748973999204,0.8611592102050781,3.675905914306641,8.954379272460939
1748973999269,0.8524772644042969,3.8240977478027345,8.876092071533204
1748973999331,0.662222900390625,3.5043626403808594,9.097032623291016
1748973999402,0.9307644653320313,3.579506378173828,8.970395965576172
1748973999468,1.0976673889160158,3.5613940429687503,9.044342193603516
1748973999532,0.7885601806640625,3.689228210449219,8.862769775390625
1748973999603,0.7435038757324219,3.6323464965820316,8.994495849609375
1748973999669,0.959205322265625,3.6106416320800783,9.099128265380859
1748973999732,0.858464813232422,3.7015026855468753,8.84001708984375
1748973999803,0.9886940002441407,3.577859802246094,9.045240325927734
1748973999868,0.8431965637207032,3.656895446777344,9.020242309570312
1748973999932,1.1120375061035157,3.552861785888672,8.861422576904298
1748974000002,1.1409274291992189,3.5712734985351564,9.101822662353516
1748974000069,0.9741741943359375,3.6251614379882815,8.92758499145508
1748974000132,0.6511459350585938,3.646566925048828,9.038504333496094
1748974000203,1.045276336669922,3.620820465087891,8.966653747558594
1748974000267,0.9877958679199219,3.673361206054688,8.980574798583985
1748974000332,0.8014334106445313,3.6016603088378907,9.040450286865235
1748974000401,0.830922088623047,3.5950740051269534,9.151968383789063
1748974000470,0.9301657104492188,3.616180114746094,8.954379272460939
1748974000532,1.0014175415039064,3.587589569091797,8.909772033691407
1748974000603,0.7966433715820312,3.6082466125488284,8.993448028564453
1748974000669,0.959055633544922,3.5685791015625004,9.033564605712892
1748974000732,0.9810598754882813,3.5366954040527347,8.947044525146485
1748974000802,0.918489990234375,3.6080969238281253,8.905431060791017
1748974000868,0.9720785522460939,3.591032409667969,9.047934722900392
1748974000932,0.6662644958496095,3.792064361572266,8.919202423095703
1748974001000,0.9343569946289063,3.377127227783203,9.293424224853515
1748974001070,0.9524693298339845,3.6648289489746095,8.942254486083986
1748974001132,1.1732601928710937,3.5340010070800782,8.915609893798829
1748974001203,0.7122189331054688,3.713328094482422,8.966504058837891
1748974001270,0.8366102600097657,3.552562408447266,9.00287841796875
1748974001332,1.0235714721679687,3.562591552734375,8.967851257324218
1748974001404,0.8529263305664063,3.6049534606933595,8.978329467773438
1748974001469,1.074166259765625,3.5476226806640625,8.989406433105469
1748974001532,0.8669970703125001,3.649560699462891,8.947194213867188
1748974001603,1.000968475341797,3.59971435546875,9.008865966796876
1748974001670,1.0133926391601562,3.6080969238281253,8.972790985107423
1748974001732,0.9464817810058594,3.5965708923339847,9.024583282470704
1748974001803,1.0370434570312501,3.612737274169922,8.992100830078126
1748974001868,0.9839039611816407,3.566034393310547,8.959019622802735
1748974001937,1.0090516662597657,3.592379608154297,9.00617156982422
1748974001998,0.9618997192382813,3.632945251464844,9.016350402832032
1748974002065,1.051263885498047,3.5721716308593754,8.960516510009766
1748974002132,0.9713301086425782,3.595972137451172,8.997489624023437
1748974002202,0.97716796875,3.625909881591797,8.939560089111328
1748974002268,0.9846524047851563,3.609144744873047,8.983568572998047
1748974002332,0.9512718200683594,3.586392059326172,8.965755615234375
1748974002404,1.0291099548339844,3.5847454833984376,8.951984252929687
1748974002468,0.9993218994140626,3.5784585571289065,9.006920013427735
1748974002532,0.9575587463378906,3.6338433837890625,9.00287841796875
1748974002604,0.9613009643554687,3.570824432373047,9.005872192382814
1748974002667,0.9445358276367188,3.5883380126953126,8.963510284423828
1748974002732,1.001267852783203,3.557352447509766,8.987310791015625
1748974002803,1.0499166870117187,3.5711238098144533,9.023236083984376
1748974002869,0.9165440368652344,3.5702256774902343,9.005423126220704
1748974002932,1.016685791015625,3.6356396484375,8.956325225830078
1748974003003,0.9900411987304688,3.546724548339844,9.053024139404297
1748974003069,1.0469229125976562,3.6039056396484375,8.922794952392579
1748974003132,0.9354048156738282,3.5389407348632815,9.051078186035157
1748974003204,0.8958869934082032,3.6413278198242187,8.95976806640625
1748974003270,0.9358538818359375,3.5883380126953126,8.996591491699219
1748974003337,0.9153465270996094,3.6058515930175785,9.060957641601563
1748974003403,1.0050100708007812,3.5428326416015627,8.990304565429687
1748974003468,1.0276130676269533,3.5016682434082034,8.970395965576172
1748974003536,1.0617420959472657,3.5543586730957033,9.0052734375
1748974003603,0.9226812744140626,3.610192565917969,8.947643280029297
1748974003667,0.9445358276367188,3.5700759887695312,8.98701141357422
1748974003732,0.9633966064453126,3.543281707763672,8.995693359375
1748974003802,1.0100994873046876,3.533252563476563,8.972940673828125
1748974003870,0.9942324829101563,3.529061279296875,8.944649505615235
1748974003931,0.9942324829101563,3.5916311645507815,9.02488265991211
1748974004002,0.9339079284667969,3.5747163391113284,9.007069702148438
1748974004068,0.9324110412597657,3.6260595703125,8.96455810546875
1748974004136,1.028511199951172,3.5498680114746097,9.005872192382814
1748974004202,0.9642947387695313,3.5753150939941407,8.99135238647461
1748974004268,0.9249266052246095,3.5920802307128907,8.976682891845703
1748974004332,1.0773097229003907,3.492686920166016,8.992998962402345
1748974004404,0.9722282409667969,3.5679803466796876,8.945248260498047
1748974004468,0.9446855163574219,3.5422338867187504,9.004674682617187
1748974004532,0.9026229858398438,3.587140502929688,9.011410675048829
1748974004604,0.9300160217285157,3.600462799072266,9.031019897460938
1748974004669,0.9319619750976563,3.5251693725585938,9.001980285644532
1748974004731,0.9449848937988282,3.6052528381347657,8.94584701538086
1748974004802,0.9877958679199219,3.506458282470703,9.054670715332032
1748974004868,0.9605525207519532,3.587439880371094,8.958720245361329
1748974004931,0.9822573852539063,3.5751654052734376,8.995693359375
1748974005003,0.959205322265625,3.532354431152344,9.011260986328125
1748974005068,0.8888516235351563,3.612737274169922,9.003626861572267
1748974005131,1.0481204223632814,3.5637890625,8.991951141357422
1748974005203,0.9355545043945312,3.593427429199219,9.004075927734375
1748974005270,0.95561279296875,3.5128948974609377,8.958420867919923
1748974005331,0.9451345825195313,3.557352447509766,8.985963592529297
1748974005400,1.0268646240234376,3.5447785949707034,9.015152893066407
1748974005468,0.9874964904785156,3.5892361450195316,9.018446044921875
1748974005531,0.9595046997070313,3.557502136230469,9.004524993896485
1748974005600,0.9238787841796875,3.5950740051269534,8.942553863525392
1748974005668,0.9642947387695313,3.5759138488769535,9.042994995117187
1748974005731,1.0042616271972657,3.593277740478516,8.968450012207033
1748974005803,0.9395960998535157,3.569926300048828,9.020990753173828
1748974005868,1.0068063354492187,3.550167388916016,8.993597717285157
1748974005931,0.9470805358886719,3.5579512023925783,8.987610168457032
1748974006002,0.93645263671875,3.567231903076172,8.991651763916016
1748974006068,0.9148974609375,3.593427429199219,9.020391998291016
1748974006131,0.9770182800292969,3.5402879333496093,8.987909545898438
1748974006201,1.0109976196289063,3.5110986328125002,8.997339935302735
1748974006268,0.9366023254394532,3.5423835754394535,8.933871917724609
1748974006331,1.0222242736816407,3.5581008911132814,9.019793243408204
1748974006404,0.9394464111328126,3.59013427734375,8.962761840820313
1748974006468,0.9711804199218751,3.54702392578125,9.01530258178711
1748974006531,1.0120454406738282,3.6118391418457034,9.029073944091797
1748974006602,0.9461824035644532,3.600762176513672,9.025631103515625
1748974006668,0.9915380859375,3.5655853271484377,9.02293670654297
1748974006731,1.0461744689941406,3.5402879333496093,9.006920013427735
1748974006802,0.9577084350585938,3.550167388916016,9.050329742431641
1748974006867,0.9222322082519532,3.6323464965820316,8.925189971923828
1748974006934,0.852626953125,3.742816772460938,9.195228424072265
1748974006998,0.9589059448242188,3.6338433837890625,9.0483837890625
1748974007065,0.7894583129882813,3.7857774353027347,9.177415466308593
1748974007131,0.9816586303710938,3.5398388671875,8.937913513183593
1748974007203,0.9903405761718751,3.442840576171875,9.061107330322265
1748974007267,0.9720785522460939,3.6051031494140626,8.842561798095703
1748974007331,0.9427395629882813,3.5718722534179688,9.04015090942383
1748974007403,0.8487350463867188,3.6184254455566407,9.035660247802735
1748974007468,1.061143341064453,3.510050811767578,9.01245849609375
1748974007531,0.8268804931640625,3.6073484802246094,9.054670715332032
1748974007604,0.9132508850097657,3.6058515930175785,8.943751373291017
1748974007669,0.9485774230957031,3.5119967651367188,9.039701843261719
1748974007731,0.9544152832031251,3.589984588623047,8.98611328125
1748974007804,0.9746232604980469,3.5585499572753907,9.013057250976562
1748974007867,0.9271719360351564,3.557202758789063,9.025930480957031
1748974007931,0.9132508850097657,3.5416351318359376,8.961264953613282
1748974008004,0.9786648559570313,3.5452276611328126,9.010811920166017
1748974008069,0.8927435302734376,3.5413357543945314,9.0196435546875
1748974008137,0.9250762939453125,3.626209259033203,9.069489898681642
1748974008203,0.9608518981933595,3.549119567871094,8.986562347412109
1748974008268,0.9445358276367188,3.517086181640625,9.035809936523439
1748974008331,0.9354048156738282,3.5473233032226563,8.9813232421875
1748974008404,0.9078620910644531,3.5613940429687503,9.010213165283204
1748974008468,0.9372010803222657,3.5712734985351564,8.986562347412109
1748974008531,0.9102571105957031,3.51349365234375,8.991502075195314
1748974008601,0.9767189025878906,3.5485208129882815,8.999884643554688
1748974008670,0.9169931030273438,3.543431396484375,8.997639312744141
1748974008731,0.9322613525390625,3.5751654052734376,9.007967834472657
1748974008804,0.9768685913085938,3.542084197998047,9.002129974365236
1748974008868,0.9434880065917969,3.556753692626953,8.98895736694336
1748974008931,1.0280621337890625,3.539539489746094,8.9430029296875
1748974009003,0.8408015441894532,3.5269656372070313,9.098828887939453
1748974009069,1.0279124450683594,3.4793646240234377,8.874146118164063
1748974009131,1.2320878601074219,3.416794738769531,9.073531494140626
1748974009203,0.9595046997070313,3.3941917419433594,8.889114990234376
1748974009268,0.6210585021972657,3.247347106933594,9.100325775146485
1748974009331,1.0651849365234376,3.344046020507813,9.17576889038086
1748974009404,0.8822653198242187,3.1569351196289066,9.207203521728516
1748974009467,0.5132826232910157,3.6708164978027344,9.03116958618164
1748974009531,0.3438349914550781,3.726201324462891,9.075327758789063
1748974009602,0.5810916137695313,3.762725372314453,8.921148376464844
1748974009668,0.5402265930175781,3.7392242431640628,9.087003479003906
1748974009731,0.5990542602539063,3.7640725708007814,8.919651489257813
1748974009801,0.6857240295410156,3.6780015563964845,9.042396240234375
1748974009868,0.7213499450683594,3.6730618286132812,8.96740219116211
1748974009931,0.5034031677246094,3.7580850219726565,8.972341918945313
1748974010001,0.6791377258300781,3.819457397460938,8.982071685791016
1748974010067,0.49247589111328127,3.7519477844238285,8.970096588134766
1748974010134,0.5978567504882812,3.7417689514160157,9.006021881103516
1748974010200,0.7056326293945313,3.730093231201172,9.029822387695313
1748974010268,0.564027099609375,3.743265838623047,8.818312225341797
1748974010336,0.6605763244628906,3.7179684448242187,8.971593475341797
1748974010401,0.5878276062011719,3.7585340881347657,8.94779296875
1748974010468,0.6822811889648438,3.7628750610351562,8.928932189941406
1748974010537,0.5908213806152344,3.785328369140625,8.976832580566407
1748974010601,0.5218148803710938,3.8781353759765627,8.840765533447266
1748974010668,0.651295623779297,3.8049375915527346,9.033265228271485
1748974010731,0.6935078430175782,3.7342845153808595,8.769513702392578
1748974010803,0.8345146179199219,3.620820465087891,8.986412658691407
1748974010867,1.0545570373535156,3.6685711669921877,9.011260986328125
1748974010931,0.7451504516601563,3.7485049438476565,8.81891098022461
1748974011003,0.4673281860351563,3.649560699462891,9.041947174072266
1748974011068,1.3145663452148437,3.716770935058594,9.017996978759767
1748974011131,1.1838880920410157,3.5146911621093753,8.835526428222657
1748974011201,1.2147239685058595,3.706442413330078,9.380992126464845
1748974011268,1.4168037414550783,4.034859466552734,8.441545715332031
1748974011331,1.5754737854003906,3.8540354919433595,8.990903320312501
1748974011402,1.1867321777343751,3.9520816040039066,8.910071411132813
1748974011468,1.4001882934570313,3.852089538574219,8.964857482910157
1748974011531,1.359023895263672,3.7390745544433597,8.745563507080078
1748974011601,1.9329304504394533,3.550167388916016,8.883277130126954
1748974011667,1.548230438232422,3.7224591064453127,8.945098571777343
1748974011731,1.5693365478515626,3.8636155700683594,8.766370239257814
1748974011804,2.1427940368652343,3.758683776855469,8.713380432128906
1748974011866,2.2803579711914064,3.6775524902343752,8.614585876464844
1748974011941,1.7077986145019532,3.623514862060547,9.403445434570314
1748974011998,1.5371534729003906,3.802692260742188,8.782686309814453
1748974012065,1.6923806762695313,3.7809873962402345,8.777447204589844
1748974012131,1.773511962890625,3.757635955810547,8.708141326904297
1748974012203,1.8275495910644532,3.549269256591797,8.885223083496093
1748974012268,1.4542259216308595,3.6311489868164064,8.827742614746095
1748974012331,1.581760711669922,3.639232177734375,9.09194320678711
1748974012404,1.605710906982422,3.7404217529296875,8.651109924316406
1748974012468,1.4702426147460939,3.656147003173828,8.943751373291017
1748974012531,1.3895603942871095,3.623065795898438,8.918753356933594
1748974012604,1.5105088806152345,3.5402879333496093,8.675509185791016
1748974012670,1.610650634765625,3.7655694580078127,9.037905578613282
1748974012731,1.3712983703613282,3.4840049743652344,8.935967559814454
1748974012804,1.4468911743164063,3.7471577453613283,8.895401916503907
1748974012869,1.4778767395019532,3.6491116333007816,8.904832305908204
1748974012931,1.384171600341797,3.6357893371582035,8.875792694091798
1748974013003,1.3894107055664062,3.6694692993164066,8.971144409179688
1748974013068,1.302740936279297,3.6344421386718753,8.873397674560547
1748974013131,1.3070819091796875,3.7375776672363283,8.903934173583984
1748974013205,1.432071990966797,3.621119842529297,8.888516235351563
1748974013268,1.474134521484375,3.6110906982421875,8.877289581298829
1748974013331,1.3750405883789063,3.6646792602539064,8.898844757080079
1748974013402,1.349294128417969,3.6383340454101565,8.94734390258789
1748974013468,1.3021421813964844,3.6547998046875003,8.862470397949219
1748974013531,1.3298345947265626,3.6564463806152347,8.979976043701173
1748974013603,1.357826385498047,3.679947509765625,8.835526428222657
1748974013670,1.413959655761719,3.6274067687988283,8.849746856689453
1748974013732,1.4120137023925783,3.612437896728516,8.961863708496095
1748974013801,1.2000544738769532,3.7092864990234378,9.002579040527344
1748974013868,1.3706996154785156,3.546874237060547,8.858877868652344
1748974013931,1.2534933471679688,3.775748291015625,8.873697052001953
1748974014002,1.3751902770996094,3.6950660705566407,9.006021881103516
1748974014070,1.3739927673339845,3.589685211181641,8.913065185546875
1748974014131,1.4397061157226563,3.673361206054688,8.933273162841797
1748974014203,1.264270935058594,3.672612762451172,8.972641296386719
1748974014268,1.3671070861816408,3.772904205322266,8.813821563720703
1748974014331,1.3732443237304688,3.5581008911132814,8.947044525146485
1748974014403,1.2686119079589844,3.660338287353516,9.029373321533203
1748974014468,1.2340338134765625,3.5796560668945316,8.956025848388672
1748974014531,1.281185760498047,3.5869908142089844,8.92039993286133
1748974014602,1.3416600036621094,3.600462799072266,8.989256744384766
1748974014668,1.0876382446289063,3.7173696899414064,8.89315658569336
1748974014731,1.0370434570312501,3.725303192138672,9.017847290039063
1748974014801,1.1270063781738282,3.600762176513672,8.938811645507814
1748974014869,1.3817765808105469,3.599564666748047,8.925489349365234
1748974014931,1.3976435852050781,3.560046844482422,8.926986236572265
1748974015002,1.2076885986328125,3.6600389099121093,8.92474090576172
1748974015068,1.2418176269531251,3.6113900756835937,8.935668182373048
1748974015135,1.269210662841797,3.5893858337402347,8.948092346191407
1748974015203,1.1955638122558594,3.75299560546875,8.870403900146485
1748974015268,1.1038046264648438,3.691772918701172,8.963210906982422
1748974015332,0.9629475402832032,3.6411781311035156,8.94824203491211
1748974015402,1.3036390686035157,3.697760467529297,8.899593200683594
1748974015468,1.3448034667968751,3.629502410888672,8.921747131347656
1748974015531,1.1822415161132813,3.605701904296875,8.887767791748047
1748974015602,1.2807366943359375,3.592229919433594,8.93866195678711
1748974015668,1.2617262268066407,3.587439880371094,8.94539794921875
1748974015731,1.159039764404297,3.6925213623046877,8.893455963134766
1748974015805,1.1409274291992189,3.5582505798339845,8.990454254150391
1748974015868,1.2536430358886719,3.756139068603516,8.867410125732423
1748974015931,1.0270143127441407,3.540587310791016,9.034911804199218
1748974016003,1.3657598876953125,3.719315643310547,8.843459930419922
1748974016070,1.1126362609863283,3.515888671875,9.119186553955078
1748974016131,1.4055770874023439,3.7643719482421876,8.748108215332032
1748974016202,1.2844789123535156,3.4793646240234377,8.949439544677734
1748974016268,1.3070819091796875,3.5920802307128907,9.0052734375
1748974016331,1.3081297302246095,3.6074981689453125,8.955277404785157
1748974016401,0.5860313415527344,2.7867549133300784,8.30158676147461
1748974016468,1.039588165283203,3.330424346923828,8.621471557617188
1748974016531,1.2970527648925783,3.673510894775391,8.962462463378907
1748974016604,1.2102333068847657,3.633993072509766,8.97563507080078
1748974016669,1.3058843994140625,3.6827915954589847,8.939560089111328
1748974016731,1.1970606994628907,3.6179763793945314,8.947942657470703
1748974016803,1.4063255310058596,3.6326458740234377,8.865763549804688
1748974016870,1.294208679199219,3.653003540039063,8.975335693359375
1748974016936,1.1729608154296876,3.7497024536132812,8.88642059326172
1748974016998,1.260828094482422,3.5877392578125002,9.023535461425782
1748974017064,1.242715759277344,3.7175193786621095,8.87489456176758
1748974017131,1.2713063049316407,3.673361206054688,8.931177520751953
1748974017202,1.2409194946289064,3.6675233459472656,8.895401916503907
1748974017268,1.2769944763183594,3.652255096435547,8.884025573730469
1748974017331,1.2579840087890626,3.664230194091797,8.923393707275391
1748974017405,1.212778015136719,3.6709661865234375,8.935668182373048
1748974017470,1.2018507385253907,3.6380346679687503,8.900491333007812
1748974017531,1.2844789123535156,3.6706668090820314,8.934620361328125
1748974017603,1.235830078125,3.6685711669921877,8.944350128173829
1748974017668,1.2006532287597658,3.632795562744141,8.947493591308595
1748974017731,1.2995974731445312,3.675905914306641,8.90423355102539
1748974017803,1.2772938537597658,3.6254608154296877,8.938512268066408
1748974017868,1.2482542419433595,3.646566925048828,8.876990203857423
1748974017931,1.1879296875,3.6537519836425782,8.961564331054689
1748974018005,1.2771441650390625,3.6757562255859377,8.937614135742187
1748974018070,1.2100836181640626,3.6673736572265625,8.929830322265625
1748974018131,1.3199551391601563,3.655697937011719,8.950786743164063
1748974018204,1.265917510986328,3.6181260681152345,8.95018798828125
1748974018268,1.2147239685058595,3.642375640869141,8.9046826171875
1748974018334,1.2795391845703126,3.6348912048339845,8.999136199951172
1748974018401,1.3445040893554687,3.689976654052735,8.892857208251954
1748974018467,1.2222084045410158,3.608995056152344,8.938961334228516
1748974018532,1.235979766845703,3.639381866455078,8.855584716796875
1748974018599,1.20948486328125,3.652105407714844,8.933871917724609
1748974018667,1.2650193786621093,3.61887451171875,8.88597152709961
1748974018732,1.2455598449707033,3.6251614379882815,8.899892578125
1748974018809,1.2835807800292969,3.6299514770507812,8.877289581298829
1748974018867,1.2317884826660157,3.6155813598632816,8.889564056396484
1748974018932,1.2750485229492188,3.600462799072266,8.9286328125
1748974019003,1.2243040466308595,3.667822723388672,8.879983978271484
1748974019067,1.2311897277832031,3.593427429199219,8.875044250488282
1748974019132,1.2822335815429688,3.636687469482422,8.911568298339844
1748974019202,1.213077392578125,3.6360887145996097,8.937464447021485
1748974019268,1.3021421813964844,3.6407290649414064,8.848549346923829
1748974019332,1.2612771606445312,3.6052528381347657,8.92713592529297
1748974019400,1.265618133544922,3.6527041625976566,8.88118148803711
1748974019467,1.1927197265625,3.680845642089844,8.952882385253906
1748974019532,1.2126283264160156,3.5980677795410156,8.87354736328125
1748974019602,1.2998968505859376,3.646566925048828,8.849896545410157
1748974019667,1.2795391845703126,3.5941758728027344,8.929980010986329
1748974019732,1.268162841796875,3.6651283264160157,8.882079620361328
1748974019804,0.9895921325683594,3.5687287902832034,9.023685150146484
1748974019867,1.2078382873535156,3.5678306579589845,8.951235809326173
1748974019932,1.2277468872070314,3.5774107360839844,8.940308532714845
1748974020001,1.043031005859375,3.6980598449707034,8.919651489257813
1748974020066,1.0815010070800781,3.5178346252441406,9.035211181640625
1748974020132,1.2831317138671876,3.5244209289550783,8.876990203857423
1748974020202,1.0505154418945313,3.619922332763672,8.870254211425781
1748974020270,1.0511141967773439,3.424428863525391,9.032816162109375
1748974020332,1.3054353332519533,3.5591487121582035,8.912017364501953
1748974020402,1.4376104736328126,3.7907171630859375,8.76337646484375
1748974020468,0.9096583557128907,3.4874478149414063,9.042396240234375
1748974020532,1.0533595275878906,3.452270965576172,9.03206771850586
1748974020604,1.4570700073242189,3.6721636962890627,8.806187438964844
1748974020667,1.2025991821289064,3.5783088684082034,8.959169311523437
1748974020732,1.064735870361328,3.631897430419922,8.995244293212892
1748974020804,1.1786489868164063,3.5146911621093753,8.998238067626954
1748974020869,1.251397705078125,3.5175352478027344,8.892557830810548
1748974020932,1.2877720642089845,3.5718722534179688,8.890611877441406
1748974021004,1.2166699218750001,3.5643878173828125,8.952133941650391
1748974021068,1.1895762634277345,3.5724710083007816,8.960067443847656
1748974021132,1.1584410095214845,3.5494189453125,8.95976806640625
1748974021202,1.2507989501953125,3.676055603027344,8.824898529052735
1748974021267,1.17595458984375,3.4479299926757814,9.040899353027344
1748974021332,1.3102253723144532,3.631897430419922,8.911717987060547
1748974021402,1.260977783203125,3.569776611328125,9.105564880371094
1748974021466,1.1133847045898437,3.652105407714844,8.880133666992188
1748974021532,1.3503419494628908,3.624562683105469,8.84765121459961
1748974021604,1.249152374267578,3.5389407348632815,9.003177795410156
1748974021669,1.07296875,3.705993347167969,8.931776275634766
1748974021732,1.2466076660156251,3.5581008911132814,9.024283905029296
1748974021804,1.3783337402343752,3.607947235107422,8.952283630371094
1748974021868,1.3442047119140625,3.6344421386718753,8.79256576538086
1748974021935,1.390308837890625,3.585194549560547,8.947493591308595
1748974021998,1.2334350585937501,3.6251614379882815,8.880882110595703
1748974022064,1.257235565185547,3.6179763793945314,8.956325225830078
1748974022132,1.315913543701172,3.6320471191406254,8.907676391601562
1748974022203,1.2789404296875,3.6420762634277346,8.866212615966797
1748974022268,1.2820838928222658,3.6155813598632816,8.925189971923828
1748974022332,1.2997471618652345,3.642974395751953,8.93432098388672
1748974022403,1.2328363037109376,3.6283049011230473,8.924890594482422
1748974022469,1.3275892639160156,3.6107913208007814,8.919950866699219
1748974022532,1.2536430358886719,3.6491116333007816,8.929381256103516
1748974022600,1.2602293395996094,3.6121385192871096,8.92578872680664
1748974022667,1.2760963439941406,3.590283966064453,8.912616119384767
1748974022732,1.3594729614257812,3.596720581054688,8.895252227783203
1748974022804,1.312470703125,3.590283966064453,8.90992172241211
1748974022868,1.2765454101562501,3.635489959716797,8.890611877441406
1748974022932,1.2880714416503907,3.6315980529785157,8.915609893798829
1748974023004,1.3057347106933594,3.6281552124023437,8.922345886230469
1748974023068,1.3192066955566406,3.5919305419921876,8.9046826171875
1748974023135,1.3148657226562501,3.6600389099121093,8.89794662475586
1748974023205,1.2870236206054688,3.623065795898438,8.91037078857422
1748974023267,1.289418640136719,3.6148329162597657,8.91037078857422
1748974023332,1.289568328857422,3.6336936950683594,8.929530944824219
1748974023404,1.3153147888183594,3.605701904296875,8.92429183959961
1748974023467,1.2481045532226562,3.619922332763672,8.917705535888672
1748974023532,1.3078303527832031,3.6345918273925784,8.914113006591798
1748974023604,1.3115725708007813,3.5989659118652346,8.94150604248047
1748974023668,1.3168116760253907,3.635489959716797,8.905880126953125
1748974023732,1.293160858154297,3.6145335388183595,8.909622344970703
1748974023803,1.2590318298339844,3.600762176513672,8.919352111816407
1748974023869,1.3006452941894533,3.6579432678222656,8.892557830810548
1748974023932,1.3461506652832032,3.603306884765625,8.932375030517578
1748974024004,1.2805870056152344,3.6152819824218754,8.919352111816407
1748974024068,1.3712983703613282,3.6419265747070315,8.885223083496093
1748974024132,1.2814851379394532,3.5859429931640627,8.920250244140625
1748974024204,1.3281880187988282,3.646267547607422,8.919052734375
1748974024269,1.2934602355957032,3.586392059326172,8.917705535888672
1748974024332,1.3644126892089845,3.6256105041503908,8.885223083496093
1748974024405,1.2012519836425781,3.5786082458496096,8.895252227783203
1748974024468,1.3150154113769532,3.6013609313964845,8.934470672607421
1748974024532,1.2725038146972656,3.619922332763672,8.909622344970703
1748974024602,1.259480895996094,3.5952236938476565,8.898994445800781
1748974024668,1.306333465576172,3.604205017089844,8.918004913330078
1748974024732,1.2349319458007812,3.6311489868164064,8.933871917724609
1748974024803,1.312470703125,3.6317477416992188,8.917256469726563
1748974024868,1.2858261108398439,3.6088453674316407,8.906329193115235
1748974024932,1.354383544921875,3.583697662353516,8.938212890625
1748974025003,1.2293934631347656,3.6410284423828125,8.90513168334961
1748974025068,1.2102333068847657,3.647015991210938,8.914113006591798
1748974025132,1.2934602355957032,3.626209259033203,8.946595458984376
1748974025204,1.2757969665527344,3.6317477416992188,8.910670166015626
1748974025269,1.3214520263671876,3.6312986755371095,8.919202423095703
1748974025332,1.2487033081054688,3.6613861083984376,8.925938415527344
1748974025402,1.313668212890625,3.6052528381347657,8.929980010986329
1748974025467,1.2496014404296876,3.653003540039063,8.918753356933594
1748974025532,1.1969110107421876,3.663182373046875,8.95782211303711
1748974025604,1.1437715148925782,3.636537780761719,8.966803436279298
1748974025666,1.2668156433105469,3.6889288330078127,8.91231674194336
1748974025732,1.230890350341797,3.6549494934082034,8.91141860961914
1748974025805,1.2310400390625,3.642675018310547,8.92758499145508
1748974025867,1.1942166137695314,3.702251129150391,8.889713745117188
1748974025935,1.2807366943359375,3.6133360290527348,8.968749389648439
1748974026003,1.1928694152832031,3.5798057556152347,8.915160827636718
1748974026067,1.1642788696289064,3.7053945922851566,8.911568298339844
1748974026132,1.325493621826172,3.570375366210938,8.938362579345704
1748974026202,1.1038046264648438,3.728895721435547,8.838969268798829
1748974026266,1.2792398071289064,3.6242633056640625,8.952882385253906
1748974026332,1.2292437744140625,3.6227664184570316,8.92189682006836
1748974026402,1.2629237365722656,3.643722839355469,8.918154602050782
1748974026469,1.251248016357422,3.7122802734375,8.890013122558594
1748974026532,1.201102294921875,3.6714152526855472,8.910670166015626
1748974026601,1.2415182495117187,3.685635681152344,8.91755584716797
1748974026667,1.292113037109375,3.626658325195313,8.922495574951173
1748974026732,1.2015513610839845,3.6714152526855472,8.928483123779298
1748974026804,1.2246034240722656,3.703748016357422,8.918154602050782
1748974026866,1.2160711669921875,3.660338287353516,8.9142626953125
1748974026935,1.1726614379882814,3.693868560791016,8.924142150878907
1748974026998,1.2618759155273438,3.672762451171875,8.92039993286133
1748974027065,1.1886781311035157,3.665278015136719,8.923693084716797
1748974027132,1.2563374328613282,3.6634817504882813,8.89465347290039
1748974027203,1.2617262268066407,3.6301011657714843,8.923992462158203
1748974027268,1.196162567138672,3.6907250976562502,8.888516235351563
1748974027332,1.244062957763672,3.650758209228516,8.942104797363282
1748974027402,1.1823912048339844,3.672762451171875,8.890013122558594
1748974027467,1.2109817504882814,3.652255096435547,8.913065185546875
1748974027536,1.2539424133300783,3.6528538513183597,8.913963317871094
1748974027604,1.20469482421875,3.71946533203125,8.927285614013673
1748974027667,1.29091552734375,3.612737274169922,8.940458221435547
1748974027732,1.197509765625,3.6814443969726565,8.95018798828125
1748974027804,1.2963043212890626,3.5956727600097658,8.878038024902343
1748974027869,1.2025991821289064,3.654500427246094,8.955127716064453
1748974027932,1.156644744873047,3.599564666748047,8.876241760253906
1748974028004,1.4786251831054689,3.822151794433594,8.867859191894532
1748974028067,1.1820918273925782,3.7580850219726565,8.827443237304688
1748974028132,0.7915539550781251,3.4226325988769535,9.059610443115234
1748974028203,0.8893006896972657,3.8217027282714846,9.027127990722656
1748974028268,0.8066725158691407,3.8254449462890627,8.848549346923829
1748974028332,0.8069718933105469,3.6176770019531252,9.128766632080078
1748974028404,0.950673065185547,3.6539016723632813,9.104666748046876
1748974028469,1.3301339721679688,3.608995056152344,9.050778808593751
1748974028532,0.8843609619140625,3.859124908447266,9.11155242919922
1748974028602,0.8123606872558594,4.144281921386719,8.878636779785158
1748974028668,1.6130456542968752,3.8290374755859378,8.949439544677734
1748974028735,1.5147001647949219,4.076023864746094,8.398734741210937
1748974028803,1.555415496826172,4.183200988769531,8.681496734619142
1748974028869,1.4867083740234375,4.673730926513672,8.53779556274414
1748974028932,1.1955638122558594,4.484973449707032,7.684120788574219
1748974029004,1.4810202026367187,4.951702880859375,8.64123046875
1748974029069,1.8766474914550781,3.88951171875,8.314160614013673
1748974029132,2.0865110778808593,3.670367431640625,8.34709213256836
1748974029204,2.7497817993164064,4.183500366210938,7.87721923828125
1748974029267,2.0770806884765625,4.452041931152344,8.240064697265625
1748974029332,1.314716033935547,4.466262359619141,8.494984588623048
1748974029402,2.0865110778808593,3.762725372314453,8.38301742553711
1748974029467,1.121018829345703,3.682192840576172,9.408385162353516
1748974029532,1.2843292236328125,3.8264927673339844,9.166488189697267
1748974029603,1.3156141662597658,4.107308807373047,8.822653198242188
1748974029667,1.5531701660156252,3.7416192626953126,9.214987335205079
1748974029732,1.8088385009765626,3.773203582763672,8.644373931884767
1748974029804,2.0591180419921877,3.9416033935546877,8.39933349609375
1748974029867,1.8880238342285158,4.078269195556641,8.803493041992187
1748974029932,1.8088385009765626,4.112098846435547,8.87444549560547
1748974030001,2.391576690673828,3.9441481018066407,8.239615631103517
1748974030066,2.707569580078125,2.960244140625,7.9661343383789065
1748974030132,2.609074401855469,3.7049455261230473,8.520281982421876
1748974030204,2.7006838989257815,3.8908589172363284,8.109685821533203
1748974030268,2.4792942810058594,4.092789001464844,8.579259338378908
1748974030332,2.1643492126464845,3.7125796508789066,8.873697052001953
1748974030400,1.9917581176757813,3.9112165832519534,8.741072845458985
1748974030467,1.839225311279297,3.933520202636719,8.50666030883789
1748974030532,1.9610719299316408,4.003873901367188,8.95063705444336
1748974030600,1.8440153503417969,3.778891754150391,8.68628677368164
1748974030667,1.8857785034179688,3.969146118164063,8.663983154296876
1748974030732,1.6778608703613282,3.806284790039063,8.776549072265626
1748974030805,1.6727714538574219,3.9821690368652347,8.73029525756836
1748974030869,1.7143849182128907,3.9481896972656254,8.85333938598633
1748974030932,1.512454833984375,3.8170623779296875,8.73508529663086
1748974031003,1.77470947265625,3.8851707458496096,8.669371948242189
1748974031067,1.549427947998047,3.8920564270019535,8.743916931152345
1748974031132,1.6729211425781252,3.958817596435547,8.671617279052734
1748974031203,1.5377522277832032,3.892505493164063,8.811875610351564
1748974031269,1.6613951110839844,3.926035766601563,8.799152069091797
1748974031335,1.6483721923828125,3.888014831542969,8.671317901611328
1748974031402,1.6013699340820313,3.9206469726562503,8.736731872558595
1748974031466,1.6709751892089844,3.9219941711425785,8.730145568847657
1748974031533,1.655108184814453,3.815864868164063,8.707093505859376
1748974031602,1.6265176391601563,3.955374755859375,8.712182922363281
1748974031667,1.6090040588378907,3.836521911621094,8.870254211425781
1748974031732,1.7187258911132814,3.8465510559082032,8.71637420654297
1748974031802,1.7640815734863282,3.8249958801269535,8.754395141601563
1748974031868,1.7160314941406252,3.7988003540039066,8.74077346801758
1748974031936,1.6468753051757814,3.8287380981445316,8.7322412109375
1748974031998,1.7103433227539064,3.8229002380371098,8.796307983398439
1748974032065,1.581910400390625,3.828139343261719,8.7993017578125
1748974032132,1.66693359375,3.8937030029296875,8.727750549316406
1748974032203,1.661993865966797,3.8528379821777348,8.826694793701172
1748974032268,1.6545094299316407,3.869004364013672,8.731193389892578
1748974032332,1.7161811828613283,3.7812867736816407,8.762927398681642
1748974032405,1.6410374450683594,3.8585261535644535,8.78208755493164
1748974032469,1.6343014526367188,3.8118232727050785,8.7801416015625
1748974032532,1.7152830505371095,3.8308337402343753,8.76143051147461
1748974032605,1.6949253845214844,3.8302349853515625,8.793912963867188
1748974032668,1.635648651123047,3.8309834289550784,8.795709228515625
1748974032732,1.6390914916992188,3.8347256469726565,8.772507476806641
1748974032806,1.7453704833984376,3.7414695739746096,8.811576232910157
1748974032867,1.7200730895996095,3.6842884826660156,8.673862609863281
1748974032932,1.7048048400878908,3.859124908447266,8.816216583251954
1748974033004,1.6721726989746095,3.809877319335938,8.783135375976563
1748974033067,1.727856903076172,3.8347256469726565,8.742420043945312
1748974033132,1.721869354248047,3.8477485656738284,8.81457000732422
1748974033204,1.691781921386719,3.8375697326660156,8.743617553710937
1748974033268,1.7200730895996095,3.7679644775390626,8.807085571289063
1748974033334,1.695374450683594,3.885470123291016,8.794212341308594
1748974033405,1.6221766662597656,3.8585261535644535,8.769364013671876
1748974033469,1.706301727294922,3.7977525329589845,8.777596893310548
1748974033532,1.6829502868652344,3.8673577880859376,8.771609344482423
1748974033605,1.7324972534179688,3.810027008056641,8.761280822753907
1748974033668,1.7161811828613283,3.8264927673339844,8.79017074584961
1748974033732,1.7242643737792969,3.845054168701172,8.750054168701173
1748974033805,1.691781921386719,3.776496734619141,8.76666961669922
1748974033866,1.7359400939941407,3.841461639404297,8.73792938232422
1748974033935,1.6449293518066408,3.8300852966308594,8.789721679687501
1748974034005,1.707499237060547,3.8157151794433597,8.763526153564454
1748974034069,1.7387841796875,3.85358642578125,8.741072845458985
1748974034132,1.6992663574218752,3.8208045959472656,8.789122924804689
1748974034202,1.7077986145019532,3.8347256469726565,8.74900634765625
1748974034269,1.6988172912597657,3.8336778259277344,8.762628021240236
1748974034332,1.714684295654297,3.8411622619628907,8.724457397460938
1748974034402,1.695524139404297,3.8047879028320315,8.751551055908203
1748974034466,1.6730708312988283,3.8528379821777348,8.77624969482422
1748974034532,1.70525390625,3.8218524169921877,8.774453430175782
1748974034602,1.7473164367675782,3.847149810791016,8.747359771728515
1748974034666,1.7440232849121096,3.8104760742187502,8.778794403076173
1748974034732,1.7155824279785157,3.8348753356933596,8.792266387939453
1748974034805,1.6581019592285158,3.853287048339844,8.751401367187501
1748974034867,1.7071998596191407,3.8579273986816407,8.735833740234375
1748974034934,1.6525634765625001,3.855532379150391,8.779692535400391
1748974035005,1.6887881469726564,3.853287048339844,8.76771743774414
1748974035069,1.6860937500000002,3.8464013671875,8.734486541748048
1748974035132,1.7244140625000002,3.7664675903320313,8.750802612304687
1748974035202,1.737436981201172,3.7905674743652344,8.822952575683594
1748974035268,1.7128880310058594,3.835773468017578,8.729546813964845
1748974035332,1.630858612060547,3.866609344482422,8.822204132080078
1748974035404,1.669178924560547,3.881877593994141,8.757987670898437
1748974035467,1.679956512451172,3.82005615234375,8.746311950683594
1748974035532,1.7149836730957033,3.8121226501464847,8.76053237915039
1748974035604,1.7224681091308596,3.81526611328125,8.752149810791016
1748974035667,1.6429833984375002,3.7778439331054687,8.737630004882813
1748974035734,1.6733702087402345,3.806733856201172,8.76622055053711
1748974035803,1.6887881469726564,3.8335281372070313,8.733738098144531
1748974035867,1.6637901306152345,3.762725372314453,8.764124908447267
1748974035932,1.6856446838378907,3.8420603942871097,8.78448257446289
1748974036005,1.6455281066894532,3.875740356445313,8.846004638671875
1748974036069,1.6540603637695312,3.858226776123047,8.72505615234375
1748974036132,1.7069004821777345,3.8070332336425783,8.771459655761719
1748974036203,1.665586395263672,3.7690122985839847,8.782835998535157
1748974036269,1.6413368225097658,3.859723663330078,8.750802612304687
1748974036332,1.72680908203125,3.8229002380371098,8.757987670898437
1748974036401,1.6066090393066408,3.8245468139648438,8.799750823974609
1748974036471,1.669178924560547,3.809428253173828,8.788374481201172
1748974036532,1.6754658508300782,3.811523895263672,8.763226776123048
1748974036602,1.6245716857910157,3.7990997314453128,8.749605102539062
1748974036668,1.6450790405273439,3.782633972167969,8.813971252441407
1748974036732,1.6539106750488282,3.8116735839843754,8.768316192626953
1748974036804,1.6378939819335938,3.8245468139648438,8.768016815185547
1748974036866,1.6825012207031251,3.785328369140625,8.779692535400391
1748974036936,1.6218772888183595,3.8146673583984376,8.778045959472657
1748974036998,1.6609460449218751,3.813918914794922,8.77385467529297
1748974037065,1.6899856567382814,3.7947587585449223,8.756490783691406
1748974037132,1.640289001464844,3.8410125732421876,8.810827789306641
1748974037203,1.564995574951172,3.8576280212402345,8.789571990966797
1748974037267,1.7057029724121096,3.7679644775390626,8.761580200195313
1748974037332,1.6825012207031251,3.7842805480957034,8.780890045166016
1748974037405,1.6965719604492189,3.780238952636719,8.708141326904297
1748974037469,1.6648379516601564,3.7744010925292972,8.7705615234375
1748974037532,1.6119978332519531,3.8419107055664066,8.737031250000001
1748974037605,1.6428337097167969,3.7929624938964848,8.788823547363283
1748974037666,1.675166473388672,3.817361755371094,8.750952301025391
1748974037732,1.6875906372070313,3.7796401977539062,8.771459655761719
1748974037806,1.7121395874023437,3.7914656066894534,8.736731872558595
1748974037867,1.6238232421875,3.8275405883789064,8.75664047241211
1748974037932,1.6125965881347657,3.797004089355469,8.88163055419922
1748974038005,1.5537689208984375,3.8678068542480473,8.697064361572266
1748974038068,1.7326469421386719,3.8378691101074223,8.749605102539062
1748974038132,1.55915771484375,3.78652587890625,8.765023040771485
1748974038205,1.5438894653320314,3.7284466552734377,8.899293823242187
1748974038266,1.653760986328125,3.86316650390625,8.692573699951172
1748974038332,1.5102095031738283,3.8146673583984376,8.781638488769532
1748974038401,1.5471826171875,3.746558990478516,8.942254486083986
1748974038467,1.5907420349121095,3.835623779296875,8.729397125244141
1748974038532,1.5024256896972656,3.848497009277344,8.81936004638672
1748974038604,1.5063175964355469,3.7738023376464844,8.819809112548828
1748974038667,1.4983840942382813,3.7582347106933596,8.849297790527345
1748974038732,1.6685801696777345,3.8974452209472656,8.741671600341798
1748974038804,1.4944921875000001,3.6862344360351567,8.836873626708984
1748974038869,1.529219970703125,3.929628295898438,8.628057861328125
1748974038932,1.413959655761719,3.566932525634766,8.977131958007813
1748974039005,1.6051121520996094,3.724105682373047,8.851692810058594
1748974039067,1.713636474609375,3.904929656982422,8.633147277832032
1748974039132,1.2250524902343751,3.7821849060058597,8.750652923583985
1748974039203,1.3895603942871095,3.6886294555664065,8.90423355102539
1748974039268,1.767374725341797,3.740721130371094,8.690627746582031
1748974039332,1.4730867004394532,3.7902680969238283,8.873846740722657
1748974039403,1.5471826171875,3.5905833435058594,8.93626693725586
1748974039466,1.547032928466797,3.780089263916016,8.68673583984375
1748974039532,1.7295034790039063,3.796704711914063,8.723858642578126
1748974039605,1.363813934326172,3.7444633483886722,8.80648681640625
1748974039668,1.4042298889160156,3.75299560546875,8.943302307128906
1748974039732,1.390308837890625,3.809278564453125,8.870403900146485
1748974039801,1.598525848388672,3.847449188232422,8.901090087890626
1748974039869,1.4163546752929688,3.7607794189453125,8.891510009765625
1748974039932,1.3739927673339845,3.9404058837890625,8.738228759765626
1748974040003,1.5103591918945314,3.6935691833496094,8.94824203491211
1748974040068,1.751956787109375,3.682941284179688,8.829838256835938
1748974040132,1.224902801513672,3.772904205322266,8.782835998535157
1748974040201,1.6221766662597656,4.02123779296875,8.88028335571289
1748974040267,1.281036071777344,3.798201599121094,8.811276855468751
1748974040332,1.625020751953125,3.8598733520507813,8.862320709228516
1748974040402,1.5368540954589844,3.675007781982422,8.841513977050782
1748974040467,1.6706758117675782,3.945644989013672,8.647367706298828
1748974040532,1.5245796203613282,3.7377273559570314,8.859626312255859
1748974040602,1.5396981811523438,3.5718722534179688,8.775052185058595
1748974040667,1.598525848388672,3.863016815185547,8.77385467529297
1748974040732,1.7670753479003907,3.697461090087891,8.861272888183594
1748974040802,1.5179933166503907,4.066443786621094,8.647816772460938
1748974040867,1.6121475219726564,3.864064636230469,9.079818420410156
1748974040932,1.3006452941894533,3.7811370849609376,8.811576232910157
1748974041000,1.5214361572265627,3.909270629882813,8.99614242553711
1748974041068,1.4415023803710938,3.9442977905273438,8.705147552490235
1748974041132,1.8009049987792969,3.899840240478516,8.551566925048828
1748974041202,1.961221618652344,3.6347415161132814,9.004225616455079
1748974041267,1.7025595092773438,3.929478607177735,8.912765808105469
1748974041332,1.84656005859375,3.546724548339844,8.729696502685547
1748974041403,1.6706758117675782,3.7444633483886722,8.717721405029298
1748974041469,1.742227020263672,4.026776275634766,9.028325500488283
1748974041532,1.6456777954101562,3.882925415039063,8.744815063476564
1748974041602,1.6540603637695312,3.6253111267089846,8.803193664550781
1748974041668,1.6076568603515626,3.8980439758300784,8.668922882080079
1748974041732,1.6708255004882813,3.7612284851074222,8.886719970703126
1748974041803,1.7411791992187502,3.7907171630859375,8.786727905273438
1748974041868,1.7057029724121096,3.849844207763672,8.729247436523439
1748974041939,1.610650634765625,3.7944593811035157,8.897198181152344
1748974041998,1.5072157287597656,3.7929624938964848,8.827892303466797
1748974042065,1.730401611328125,3.8844223022460938,8.6460205078125
1748974042132,1.473835144042969,3.7916152954101565,8.913514251708985
1748974042202,1.5932867431640625,3.843706970214844,8.743617553710937
1748974042266,1.5878979492187502,3.9029837036132813,8.63973358154297
1748974042332,1.5509248352050782,3.756288757324219,8.910520477294922
1748974042404,1.548230438232422,3.799399108886719,8.867110748291015
1748974042466,1.521885223388672,3.934717712402344,8.650361480712892
1748974042532,1.3371693420410158,3.670217742919922,8.92189682006836
1748974042603,1.648970947265625,3.962260437011719,8.71353012084961
1748974042667,1.3816268920898438,3.9576200866699223,8.678952026367188
1748974042732,1.2844789123535156,3.8957986450195317,8.94584701538086
1748974042804,1.5097604370117188,3.769461364746094,8.833131408691406
1748974042867,1.6004718017578126,3.856879577636719,8.719218292236329
1748974042932,1.4917977905273438,3.847449188232422,8.778345336914063
1748974043004,1.4889537048339845,3.8023928833007816,8.832532653808594
1748974043065,1.5108082580566407,3.9240898132324222,8.786428527832031
1748974043132,1.4706916809082031,3.7582347106933596,8.799002380371094
1748974043204,1.500330047607422,3.85358642578125,8.725654907226563
1748974043265,1.4736854553222658,3.8752912902832035,8.845555572509767
1748974043332,1.5269746398925783,3.833079071044922,8.644972686767579
1748974043400,1.4376104736328126,3.9381605529785157,8.767867126464845
1748974043467,1.4720388793945314,3.8248461914062504,8.824748840332031
1748974043532,1.462009735107422,4.0565643310546875,8.96590530395508
1748974043603,1.5033238220214844,3.9231916809082032,8.885672149658204
1748974043667,1.5654446411132814,3.8211039733886722,8.764723663330079
1748974043732,1.5308665466308595,3.841461639404297,8.793164520263673
1748974043802,1.4253359985351564,3.838767242431641,8.779692535400391
1748974043867,1.444047088623047,3.9004389953613283,8.890462188720704
1748974043932,1.3915063476562501,3.874991912841797,8.801547088623048
1748974044005,1.4786251831054689,3.9353164672851566,8.855584716796875
1748974044067,1.5200889587402344,3.8528379821777348,8.810678100585937
1748974044132,1.640438690185547,3.8300852966308594,8.73792938232422
1748974044203,1.4769786071777344,3.8863682556152344,8.734336853027344
1748974044266,1.402283935546875,3.9303767395019533,8.894204406738282
1748974044332,1.7727635192871094,3.653452606201172,8.860973510742188
1748974044403,1.4796730041503907,3.5895355224609378,8.564440155029297
1748974044468,1.693129119873047,3.6506085205078125,8.919202423095703
1748974044532,1.7760566711425783,3.8634658813476563,8.82130599975586
1748974044601,1.6413368225097658,3.719016265869141,8.717122650146484
1748974044667,1.5184423828125,3.6444712829589845,8.742569732666016
1748974044732,1.7073495483398438,3.741918640136719,8.762029266357422
1748974044803,1.7157321166992188,3.705843658447266,8.860823822021485
1748974044868,1.7639318847656251,3.6503091430664063,8.798253936767578
1748974044932,1.929038543701172,3.6600389099121093,8.78208755493164
1748974045006,1.6962725830078127,3.5341506958007813,8.985813903808594
1748974045066,1.8562898254394533,3.7964053344726563,8.690328369140625
1748974045132,1.7241146850585938,3.7091368103027347,8.746461639404297
1748974045202,1.719474334716797,3.639381866455078,8.799900512695313
1748974045266,1.7688716125488282,3.632945251464844,8.825497283935547
1748974045332,1.8271005249023438,3.8348753356933596,8.859925689697267
1748974045402,1.708696746826172,3.6848872375488284,8.791068878173828
1748974045468,1.7167799377441406,3.7648210144042973,8.780291290283204
1748974045532,1.6112493896484377,3.795956268310547,8.7993017578125
1748974045603,1.6826509094238282,3.7224591064453127,8.70918914794922
1748974045666,1.6458274841308596,3.817361755371094,8.789422302246095
1748974045732,1.6543597412109377,3.789669342041016,8.782386932373047
1748974045802,1.6124468994140626,3.796854400634766,8.756041717529298
1748974045866,1.5789166259765626,3.8914576721191407,8.785231018066407
1748974045932,1.5676899719238282,3.8104760742187502,8.81322280883789
1748974046004,1.6049624633789064,3.852089538574219,8.774154052734376
1748974046066,1.5404466247558595,3.869004364013672,8.807085571289063
1748974046132,1.5480807495117188,3.8342765808105472,8.770711212158204
1748974046201,1.5826588439941407,3.859573974609375,8.778794403076173
1748974046267,1.5447875976562502,3.892954559326172,8.785680084228517
1748974046332,1.5790663146972657,3.829486541748047,8.784183197021484
1748974046403,1.5968792724609375,3.8863682556152344,8.74750946044922
1748974046467,1.5293696594238282,3.84879638671875,8.768465881347657
1748974046532,1.55915771484375,3.8946011352539065,8.78059066772461
1748974046604,1.575773162841797,3.8470001220703125,8.80214584350586
1748974046668,1.5560142517089846,3.879332885742188,8.773704986572266
1748974046732,1.537303161621094,3.882476348876953,8.794811096191406
1748974046803,1.5512242126464844,3.883224792480469,8.769214324951172
1748974046866,1.5646961975097657,3.8502932739257814,8.76666961669922
1748974046938,1.5581098937988282,3.861819305419922,8.78777572631836
1748974046998,1.5623011779785156,3.869902496337891,8.790021057128907
1748974047066,1.5500267028808594,3.861669616699219,8.797056427001953
1748974047132,1.561552734375,3.8941520690917972,8.818761291503908
1748974047202,1.5250286865234375,3.8682559204101565,8.817713470458985
1748974047266,1.5567626953125,3.8682559204101565,8.767418060302735
1748974047332,1.5655943298339845,3.848497009277344,8.793912963867188
1748974047406,1.5495776367187502,3.8941520690917972,8.78059066772461
1748974047467,1.5271243286132814,3.872596893310547,8.779542846679687
1748974047532,1.5711328125000001,3.860322418212891,8.775950317382813
1748974047605,1.549427947998047,3.8601727294921875,8.772657165527344
1748974047668,1.5495776367187502,3.8588255310058597,8.763675842285156
1748974047734,1.5631993103027344,3.858226776123047,8.7993017578125
1748974047803,1.5527210998535157,3.877087554931641,8.77295654296875
1748974047867,1.519490203857422,3.8715490722656254,8.778045959472657
1748974047932,1.5525714111328126,3.8719981384277347,8.765771484375
1748974048003,1.5500267028808594,3.853287048339844,8.795709228515625
1748974048067,1.5600558471679689,3.8715490722656254,8.764124908447267
1748974048132,1.5455360412597656,3.866759033203125,8.790470123291016
1748974048203,1.5512242126464844,3.8779856872558596,8.775950317382813
1748974048268,1.5480807495117188,3.8600230407714844,8.787925415039062
1748974048332,1.550625457763672,3.8637652587890625,8.806187438964844
1748974048403,1.5438894653320314,3.869004364013672,8.795110473632812
1748974048467,1.555565185546875,3.855831756591797,8.795858917236329
1748974048532,1.5537689208984375,3.8743931579589845,8.796307983398439
1748974048605,1.5362553405761719,3.885470123291016,8.795559539794922
1748974048667,1.551822967529297,3.866609344482422,8.823551330566406
1748974048732,1.5634986877441408,3.8559814453125,8.809929656982423
1748974048803,1.5667918395996094,3.8836738586425783,8.791517944335938
1748974048866,1.5232324218750002,3.866459655761719,8.793164520263673
1748974048932,1.5468832397460939,3.8639149475097656,8.793613586425781
1748974049002,1.5706837463378907,3.861819305419922,8.798703002929688
1748974049066,1.541045379638672,3.869902496337891,8.807684326171875
1748974049132,1.5426919555664063,3.8636155700683594,8.810079345703125
1748974049203,1.5560142517089846,3.8607714843750003,8.805289306640626
1748974049266,1.5597564697265627,3.868854675292969,8.789871368408203
1748974049332,1.5540682983398437,3.8601727294921875,8.809779968261719
1748974049404,1.533710632324219,3.869303741455078,8.798403625488282
1748974049466,1.5563136291503907,3.8814285278320315,8.786727905273438
1748974049532,1.5512242126464844,3.8413119506835938,8.806786193847657
1748974049603,1.5630496215820313,3.8814285278320315,8.796607360839845
1748974049666,1.5389497375488281,3.866160278320313,8.822503509521486
1748974049732,1.5491285705566407,3.876039733886719,8.775052185058595
1748974049803,1.5643968200683596,3.8613702392578126,8.801397399902344
1748974049866,1.5455360412597656,3.866459655761719,8.791218566894532
1748974049934,1.547032928466797,3.860621795654297,8.807983703613282
1748974050003,1.5658937072753907,3.853137359619141,8.790919189453126
1748974050066,1.548380126953125,3.8643640136718753,8.848848724365235
1748974050132,1.572180633544922,3.8636155700683594,8.794062652587892
1748974050201,1.529070281982422,3.876039733886719,8.800499267578125
1748974050266,1.5367044067382813,3.856131134033203,8.784033508300782
1748974050332,1.5790663146972657,3.8475988769531253,8.782536621093751
1748974050402,1.5705340576171876,3.845952301025391,8.811875610351564
1748974050466,1.5648458862304688,3.8639149475097656,8.782536621093751
1748974050532,1.5248789978027344,3.859274597167969,8.809480590820312
1748974050603,1.5679893493652344,3.829336853027344,8.776998138427734
1748974050666,1.5509248352050782,3.860472106933594,8.770262145996094
1748974050732,1.5491285705566407,3.8669087219238283,8.819509735107422
1748974050804,1.5911911010742188,3.83966537475586,8.779393157958985
1748974050866,1.5212864685058594,3.8705012512207033,8.818761291503908
1748974050932,1.5322137451171876,3.8633161926269532,8.824599151611329
1748974050998,1.542242889404297,3.8468504333496094,8.795260162353516
1748974051067,1.5187417602539064,3.879632263183594,8.810229034423829
1748974051132,1.5181430053710938,3.8791831970214847,8.799002380371094
1748974051200,1.5367044067382813,3.8348753356933596,8.844208374023438
1748974051266,1.5178436279296876,3.8766384887695313,8.776399383544922
1748974051332,1.5088623046875,3.845802612304688,8.804690551757814
1748974051404,1.5112573242187501,3.869154052734375,8.821455688476563
1748974051466,1.4715898132324219,3.8731956481933594,8.82759292602539
1748974051532,1.518292694091797,3.822151794433594,8.784332885742188
1748974051602,1.5120057678222658,3.8333784484863282,8.831634521484375
1748974051668,1.4889537048339845,3.8589752197265628,8.811276855468751
1748974051732,1.4450949096679688,3.849395141601563,8.813073120117188
1748974051800,1.4766792297363283,3.8025425720214847,8.83043701171875
1748974051866,1.4961387634277346,3.80568603515625,8.834179229736328
1748974051938,1.5085629272460939,3.810176696777344,8.803043975830079
1748974051998,1.4602134704589844,3.836521911621094,8.816665649414062
1748974052066,1.4898518371582032,3.8122723388671877,8.786877593994141
1748974052132,1.5000306701660158,3.8502932739257814,8.836873626708984
1748974052202,1.4398558044433594,3.8684056091308596,8.78298568725586
1748974052266,1.4546749877929688,3.8311331176757815,8.807684326171875
1748974052332,1.5018269348144533,3.842509460449219,8.832382965087891
1748974052404,1.4533277893066407,3.829187164306641,8.799152069091797
1748974052466,1.4759307861328126,3.834126892089844,8.83373016357422
1748974052535,1.4802717590332033,3.826941833496094,8.799750823974609
1748974052603,1.4829661560058593,3.8279896545410157,8.765621795654297
1748974052668,1.4760804748535157,3.8212536621093753,8.828341369628907
1748974052732,1.48251708984375,3.818559265136719,8.804391174316407
1748974052805,1.4663507080078126,3.8528379821777348,8.789272613525391
1748974052868,1.432071990966797,3.856879577636719,8.818312225341797
1748974052932,1.4513818359375001,3.859124908447266,8.779991912841798
1748974053003,1.445394287109375,3.812422027587891,8.824000396728517
1748974053066,1.4796730041503907,3.8589752197265628,8.777896270751954
1748974053132,1.4542259216308595,3.823349304199219,8.853489074707031
1748974053203,1.4567706298828125,3.877386932373047,8.813821563720703
1748974053266,1.45856689453125,3.802841949462891,8.833430786132812
1748974053332,1.4132112121582032,3.852089538574219,8.826694793701172
1748974053403,1.4548246765136719,3.8507423400878906,8.813522186279297
1748974053466,1.4551240539550783,3.83921630859375,8.825048217773437
1748974053533,1.4262341308593751,3.80568603515625,8.853189697265625
1748974053604,1.4365626525878907,3.83203125,8.79061981201172
1748974053667,1.4567706298828125,3.8507423400878906,8.831035766601563
1748974053732,1.4349160766601563,3.8492454528808597,8.814120941162109
1748974053803,1.432071990966797,3.8001475524902344,8.7993017578125
1748974053866,1.4530284118652343,3.846251678466797,8.811875610351564
1748974053932,1.4078224182128907,3.861819305419922,8.827742614746095
1748974054003,1.4605128479003906,3.8447547912597657,8.845555572509767
1748974054066,1.4816189575195313,3.8803807067871094,8.772507476806641
1748974054132,1.4518309020996094,3.8217027282714846,8.840615844726562
1748974054202,1.4575190734863281,3.8841229248046876,8.771609344482423
1748974054266,1.426084442138672,3.8432579040527344,8.81891098022461
1748974054332,1.5030244445800782,3.8176611328125003,8.841663665771485
1748974054401,1.4503340148925783,3.847449188232422,8.765023040771485
1748974054466,1.4603631591796875,3.8309834289550784,8.834478607177735
1748974054532,1.4534774780273438,3.8351747131347658,8.821455688476563
1748974054602,1.4374607849121095,3.8576280212402345,8.817264404296875
1748974054665,1.419049072265625,3.869004364013672,8.808582458496094
1748974054733,1.4040802001953125,3.8721478271484377,8.802894287109375
1748974054802,1.4828164672851563,3.816313934326172,8.856782226562501
1748974054867,1.4066249084472657,3.8214033508300784,8.844058685302734
1748974054932,1.4862593078613282,3.89190673828125,8.708440704345703
1748974055003,1.4194981384277345,3.7857774353027347,8.896300048828126
1748974055068,1.3741424560546875,3.862567749023438,8.767867126464845
1748974055132,1.4527290344238282,3.892804870605469,8.834179229736328
1748974055203,1.3645623779296876,3.8350250244140627,8.825347595214843
1748974055268,1.4296769714355468,3.7796401977539062,8.848848724365235
1748974055332,1.4148577880859377,3.7811370849609376,8.885821838378906
1748974055402,1.450034637451172,3.8455032348632816,8.810678100585937
1748974055466,1.4552737426757814,3.8514907836914065,8.803193664550781
1748974055532,1.4060261535644532,3.8368212890625,8.865164794921876
1748974055602,1.4160552978515626,3.8276902770996095,8.771759033203125
1748974055668,1.4099180603027344,3.8016444396972657,8.819659423828126
1748974055732,1.4432986450195313,3.8684056091308596,8.801996154785156
1748974055802,1.368603973388672,3.8505926513671875,8.837322692871094
1748974055866,1.4206956481933595,3.8431082153320313,8.82175506591797
1748974055935,1.4730867004394532,3.7937109375,8.842112731933595
1748974056002,1.4850617980957033,3.8378691101074223,8.812624053955078
1748974056068,1.3882131958007813,3.8309834289550784,8.8088818359375
1748974056135,1.4051280212402344,3.8802310180664064,8.853189697265625
1748974056201,1.3497431945800782,3.80568603515625,8.91141860961914
1748974056266,1.4910493469238282,3.812422027587891,8.785231018066407
1748974056332,1.3946498107910157,3.84879638671875,8.848249969482422
1748974056402,1.2997471618652345,3.7929624938964848,8.914113006591798
1748974056466,1.3635145568847657,3.8237983703613283,8.836574249267578
1748974056533,1.3177098083496095,3.788621520996094,8.845555572509767
1748974056600,1.3765374755859376,3.813918914794922,8.855135650634766
1748974056668,1.342258758544922,3.7950581359863285,8.8519921875
1748974056732,1.3585748291015625,3.7714073181152346,8.89555160522461
1748974056801,1.4546749877929688,3.7845799255371095,8.852141876220703
1748974056866,1.3222004699707033,3.786076812744141,8.860374755859375
1748974056935,1.3784834289550782,3.79610595703125,8.839717712402344
1748974056999,1.2329859924316406,3.783083038330078,8.868457946777344
1748974057066,1.3615686035156251,3.801794128417969,8.868457946777344
1748974057132,1.3198054504394532,3.7919146728515627,8.827892303466797
1748974057202,1.3418096923828127,3.8034407043457032,8.842711486816407
1748974057268,1.2707075500488283,3.8299356079101563,8.832382965087891
1748974057332,1.4048286437988282,3.745810546875,8.839568023681641
1748974057402,1.3991404724121095,3.8212536621093753,8.913514251708985
1748974057467,1.3787828063964844,3.8107754516601564,8.85438720703125
1748974057534,1.205892333984375,3.7140765380859375,9.018446044921875
1748974057603,1.6407380676269532,3.8480479431152346,8.738079071044922
1748974057666,1.5405963134765626,3.7648210144042973,8.820707244873047
1748974057732,1.4530284118652343,3.806883544921875,8.79735580444336
1748974057803,1.2675640869140625,3.7375776672363283,8.922345886230469
1748974057866,1.507515106201172,3.7697607421875,8.825347595214843
1748974057932,1.485959930419922,3.758983154296875,8.856183471679689
1748974058003,1.453926544189453,3.7697607421875,8.834927673339845
1748974058066,1.3656101989746094,3.727698211669922,8.875493316650392
1748974058132,1.4006373596191406,3.7808377075195314,8.866811370849609
1748974058205,1.3588742065429689,3.817511444091797,8.823551330566406
1748974058266,1.439107360839844,3.7447627258300784,8.894803161621095
1748974058332,1.4033317565917969,3.755240936279297,8.854985961914062
1748974058402,1.3482463073730468,3.7770954895019533,8.84765121459961
1748974058468,1.3775852966308595,3.8074822998046876,8.849896545410157
1748974058532,1.41066650390625,3.773203582763672,8.847052459716798
1748974058602,1.400787048339844,3.7606297302246094,8.870104522705079
1748974058668,1.3350736999511719,3.7616775512695315,8.878187713623047
1748974058732,1.3949491882324219,3.77694580078125,8.853489074707031
1748974058802,1.3698014831542968,3.7423677062988285,8.835975494384765
1748974058866,1.432071990966797,3.766317901611328,8.886121215820314
1748974058932,1.3970448303222658,3.7907171630859375,8.827443237304688
1748974059002,1.3898597717285157,3.7486546325683596,8.859776000976563
1748974059066,1.4082714843750002,3.756139068603516,8.891360321044923
1748974059132,1.3489947509765625,3.806883544921875,8.865763549804688
1748974059202,1.3096266174316407,3.7543428039550784,8.869655456542969
1748974059267,1.4679972839355468,3.75299560546875,8.83567611694336
1748974059332,1.4335688781738283,3.753594360351563,8.866961059570313
1748974059402,1.3265414428710938,3.755989379882813,8.875493316650392
1748974059468,1.3847703552246093,3.7845799255371095,8.866961059570313
1748974059532,1.3760884094238282,3.770658874511719,8.812773742675782
1748974059600,1.3834231567382813,3.773203582763672,8.850345611572266
1748974059666,1.3777349853515626,3.7678147888183595,8.881929931640625
1748974059732,1.4205459594726564,3.753594360351563,8.873697052001953
1748974059800,1.3945001220703126,3.7437149047851563,8.834328918457032
1748974059866,1.371148681640625,3.756288757324219,8.878187713623047
1748974059932,1.4191987609863281,3.760030975341797,8.881780242919922
1748974060002,1.353036346435547,3.7736526489257813,8.821156311035157
1748974060068,1.3922547912597656,3.7615278625488284,8.877439270019531
1748974060133,1.4051280212402344,3.757635955810547,8.856033782958985
1748974060202,1.4034814453125,3.75299560546875,8.85244125366211
1748974060266,1.4732363891601563,3.7601806640625,8.858279113769532
1748974060332,1.4563215637207032,3.77978988647461,8.843010864257813
1748974060402,1.4533277893066407,3.779939575195313,8.856033782958985
1748974060468,1.4642550659179687,3.7905674743652344,8.875044250488282
1748974060532,1.4546749877929688,3.8073326110839845,8.798553314208984
1748974060601,1.3533357238769532,3.7739520263671875,8.872499542236328
1748974060666,1.43940673828125,3.8016444396972657,8.830137634277344
1748974060732,1.5019766235351564,3.773203582763672,8.870254211425781
1748974060802,1.4205459594726564,3.765868835449219,8.857530670166016
1748974060866,1.41066650390625,3.8276902770996095,8.820258178710938
1748974060933,1.3406121826171875,3.783981170654297,8.897796936035157
1748974061001,1.5043716430664062,3.763324127197266,8.788075103759766
1748974061066,1.457369384765625,3.766018524169922,8.82894012451172
1748974061132,1.4527290344238282,3.7639228820800783,8.819659423828126
1748974061202,1.3953982543945314,3.758833465576172,8.926387481689453
1748974061267,1.4196478271484376,3.8446051025390626,8.775351562500001
1748974061333,1.4034814453125,3.743116149902344,8.863518218994141
1748974061402,1.4250366210937502,3.8001475524902344,8.861572265625
1748974061466,1.4353651428222658,3.758833465576172,8.82370101928711
1748974061532,1.4858102416992187,3.7805383300781252,8.818012847900391
1748974061600,1.4208453369140626,3.7351826477050785,8.86486541748047
1748974061666,1.347348175048828,3.782633972167969,8.964408416748046
1748974061732,1.53520751953125,3.742068328857422,8.849746856689453
1748974061800,1.4970368957519533,3.735781402587891,8.777896270751954
1748974061868,1.4720388793945314,3.7235069274902344,8.830586700439454
1748974061946,1.472787322998047,3.7709582519531253,8.850195922851563
1748974061999,1.4721885681152345,3.6853363037109377,8.8903125
1748974062066,1.4718891906738283,3.7953575134277346,8.885073394775391
1748974062132,1.3153147888183594,3.77694580078125,8.906478881835938
1748974062201,1.3503419494628908,3.8218524169921877,8.826844482421876
1748974062266,1.4030323791503907,3.770658874511719,8.887169036865235
1748974062332,1.4099180603027344,3.776646423339844,8.84196304321289
1748974062402,1.3998889160156252,3.752845916748047,8.843010864257813
1748974062466,1.3635145568847657,3.7441639709472656,8.835227050781251
1748974062533,1.4040802001953125,3.746558990478516,8.89465347290039
1748974062603,1.3665083312988282,3.9210960388183596,8.731193389892578
1748974062666,1.360221405029297,3.690126342773438,8.969497833251953
1748974062732,1.451232147216797,3.7567378234863282,8.835975494384765
1748974062800,1.487157440185547,3.8148170471191407,8.781039733886718
1748974062868,1.4623091125488281,3.7076399230957033,8.91141860961914
1748974062933,1.3816268920898438,3.8254449462890627,8.802894287109375
1748974063001,1.3843212890625,3.7881724548339846,8.825347595214843
1748974063068,1.445394287109375,3.746558990478516,8.83043701171875
1748974063135,1.4464421081542969,3.7604800415039064,8.835975494384765
1748974063202,1.4042298889160156,3.793561248779297,8.861272888183594
1748974063267,1.4082714843750002,3.7811370849609376,8.867410125732423
1748974063334,1.4367123413085938,3.76257568359375,8.817863159179687
1748974063402,1.4464421081542969,3.7673657226562502,8.90183853149414
1748974063466,1.4530284118652343,3.7905674743652344,8.775201873779297
1748974063532,1.4465917968750002,3.742816772460938,8.851094055175782
1748974063602,1.4187496948242189,3.7844302368164064,8.83567611694336
1748974063666,1.4510824584960937,3.7655694580078127,8.863069152832031
1748974063733,1.392404479980469,3.831731872558594,8.906927947998048
1748974063802,2.1209394836425783,3.656745758056641,8.24410629272461
1748974063866,1.5335609436035158,3.730093231201172,8.82609603881836
1748974063933,1.580563201904297,3.7374279785156252,8.947044525146485
1748974064001,1.1133847045898437,3.707190856933594,8.942703552246094
1748974064066,1.3223501586914064,3.817361755371094,8.904383239746094
1748974064132,1.1985575866699218,3.8576280212402345,8.856782226562501
1748974064202,1.7705181884765626,3.639830932617188,8.937015380859375
1748974064267,1.5820600891113281,3.7076399230957033,8.800948333740235
1748974064332,1.5200889587402344,3.812422027587891,8.989556121826173
1748974064402,1.2425660705566406,3.9606138610839845,8.814420318603515
1748974064466,1.3934523010253907,3.7603303527832033,8.929231567382812
1748974064533,1.4694941711425782,3.630400543212891,8.89076156616211
1748974064601,1.6289126586914062,3.689527587890625,8.824299774169923
1748974064667,1.5055691528320314,3.7914656066894534,8.771908721923829
1748974064733,1.4054273986816408,3.6791990661621097,8.943302307128906
1748974064802,1.4555731201171875,3.71991439819336,8.850345611572266
1748974064866,1.5844551086425782,3.6950660705566407,8.809031524658204
1748974064933,1.4965878295898438,3.6815940856933596,8.880882110595703
1748974065002,1.379381561279297,3.88951171875,8.764723663330079
1748974065066,1.3644126892089845,3.7151243591308596,8.900641021728516
1748974065132,1.32205078125,3.7868252563476563,8.928034057617188
1748974065201,1.4593153381347657,3.8246965026855473,8.83283203125
1748974065266,1.4024336242675781,3.677402801513672,8.929231567382812
1748974065333,1.42024658203125,3.806584167480469,8.822054443359375
1748974065402,1.517244873046875,3.6970120239257813,8.863518218994141
1748974065466,1.4534774780273438,3.709436187744141,8.905880126953125
1748974065532,1.3527369689941406,3.7522471618652347,8.918004913330078
1748974065601,1.5030244445800782,3.762425994873047,8.813971252441407
1748974065666,1.3621673583984375,3.7832327270507813,8.838220825195313
1748974065733,1.4650035095214844,3.7649707031250004,8.850345611572266
1748974065801,1.394051055908203,3.727548522949219,8.900042266845704
1748974065866,1.430874481201172,3.6803965759277344,8.902586975097657
1748974065933,1.4660513305664062,3.7010536193847656,8.87160140991211
1748974066001,1.3588742065429689,3.828139343261719,8.774603118896485
1748974066066,1.396146697998047,3.7477565002441406,8.882828063964844
1748974066132,1.4443464660644532,3.747008056640625,8.868308258056642
1748974066201,1.3275892639160156,3.7916152954101565,8.891959075927735
1748974066266,1.3659095764160156,3.7435652160644532,8.876690826416016
1748974066332,1.4569203186035158,3.7305422973632814,8.815617828369142
1748974066402,1.518292694091797,3.708538055419922,8.893306274414062
1748974066466,1.3962963867187501,3.7517980957031254,8.861422576904298
1748974066533,1.3483959960937502,3.8263430786132813,8.832981719970704
1748974066602,1.4133609008789063,3.716621246337891,8.885821838378906
1748974066666,1.4434483337402344,3.7917649841308596,8.78298568725586
1748974066732,1.4687457275390625,3.7245547485351564,8.894054718017578
1748974066801,1.3964460754394532,3.6850369262695315,8.945996704101564
1748974066866,1.3551319885253907,3.8193077087402347,8.796906738281251
1748974066936,1.4614109802246094,3.670367431640625,8.862320709228516
1748974066999,1.47533203125,3.7411701965332034,8.853189697265625
1748974067066,1.3823753356933595,3.714375915527344,8.895850982666015
1748974067133,1.3796809387207032,3.809428253173828,8.827143859863282
1748974067203,1.3138179016113283,3.730242919921875,8.900491333007812
1748974067266,1.3525872802734376,3.7293447875976566,8.899144134521485
1748974067332,1.466799774169922,3.677253112792969,8.86726043701172
1748974067401,1.508712615966797,3.758833465576172,8.800499267578125
1748974067466,1.2687615966796875,3.7125796508789066,8.975036315917968
1748974067533,1.5114070129394532,3.829187164306641,8.793164520263673
1748974067602,1.360221405029297,3.5955230712890627,9.016350402832032
1748974067666,1.4497352600097657,3.759731597900391,8.780291290283204
1748974067733,1.4374607849121095,3.6875816345214845,8.898246002197267
1748974067801,1.3672567749023439,3.7115318298339846,8.863967285156251
1748974067866,1.3081297302246095,3.753893737792969,8.82654510498047
1748974067933,1.3108241271972656,3.739673309326172,8.925189971923828
1748974068001,1.3870156860351563,3.7091368103027347,8.859925689697267
1748974068066,1.3939013671875,3.701203308105469,8.860973510742188
1748974068133,1.4365626525878907,3.689677276611328,8.886869659423828
1748974068202,1.3596226501464845,3.6824922180175785,8.902287597656251
1748974068266,1.3671070861816408,3.706143035888672,8.859776000976563
1748974068332,1.3533357238769532,3.722758483886719,8.912915496826173
1748974068401,1.3222004699707033,3.7303926086425783,8.867859191894532
1748974068466,1.4386582946777344,3.7281472778320315,8.845106506347657
1748974068533,1.427431640625,3.6679724121093753,8.96171401977539
1748974068604,1.379381561279297,3.7314404296875003,8.886719970703126
1748974068666,1.3760884094238282,3.683090972900391,8.907676391601562
1748974068733,1.3942007446289064,3.733536071777344,8.863518218994141
1748974068801,1.4389576721191406,3.7052449035644535,8.916957092285157
1748974068867,1.380728759765625,3.707041168212891,8.86202133178711
1748974068933,1.4301260375976563,3.6848872375488284,8.887169036865235
1748974069001,1.4629078674316407,3.740571441650391,8.887618103027345
1748974069066,1.3968951416015625,3.6898269653320312,8.859776000976563
1748974069133,1.4166540527343752,3.727398834228516,8.821455688476563
1748974069202,1.35797607421875,3.716920623779297,8.90034164428711
1748974069266,1.4088702392578125,3.7435652160644532,8.894503784179689
1748974069332,1.3483959960937502,3.6935691833496094,8.90992172241211
1748974069402,1.4590159606933595,3.723656616210938,8.852291564941407
1748974069466,1.427281951904297,3.763773193359375,8.853040008544923
1748974069532,1.4178515625,3.7175193786621095,8.872349853515626
1748974069602,1.3677058410644531,3.7007542419433594,8.896150360107422
1748974069666,1.372196502685547,3.750001831054688,8.838819580078125
1748974069733,1.4311738586425782,3.7285963439941407,8.872798919677734
1748974069801,1.4295272827148438,3.716022491455078,8.90752670288086
1748974069866,1.3518388366699219,3.7351826477050785,8.848998413085939
1748974069933,1.4003379821777344,3.7513490295410157,8.848249969482422
1748974070003,1.4013858032226563,3.71946533203125,8.909472656250001
1748974070066,1.4048286437988282,3.7197647094726562,8.865464172363282
1748974070133,1.4421011352539064,3.737128601074219,8.836723937988282
1748974070201,1.5009288024902345,3.6925213623046877,8.87833740234375
1748974070266,1.354233856201172,3.7450621032714846,8.890462188720704
1748974070333,1.4063255310058596,3.7678147888183595,8.849297790527345
1748974070404,1.3412109375,3.782484283447266,8.832233276367187
1748974070466,1.4242881774902345,3.7513490295410157,8.872948608398438
1748974070533,1.4468911743164063,3.7047958374023438,8.897198181152344
1748974070603,1.35797607421875,3.7902680969238283,8.85723129272461
1748974070666,1.3642630004882814,3.7606297302246094,8.881780242919922
1748974070733,1.4108161926269531,3.7351826477050785,8.882678375244142
1748974070803,1.4700929260253908,3.689377899169922,8.862919464111329
1748974070866,1.5093113708496095,3.7041970825195314,8.915909271240235
1748974070933,1.2406201171875,3.907025299072266,8.592731323242187
1748974071001,1.338666229248047,3.7309913635253906,8.974287872314454
1748974071066,1.5238311767578125,3.6503091430664063,9.014853515625001
1748974071133,1.4033317565917969,3.7717066955566407,8.784033508300782
1748974071201,1.4603631591796875,3.7736526489257813,8.967102813720704
1748974071266,1.409169616699219,3.772754516601563,8.775501251220703
1748974071333,1.4403048706054689,3.7473074340820314,8.872200164794922
1748974071401,1.5298187255859377,3.7511993408203126,8.828640747070313
1748974071466,1.6340020751953126,3.7508999633789064,8.706494750976564
1748974071533,1.5310162353515626,3.653003540039063,8.858279113769532
1748974071602,1.478774871826172,3.737278289794922,8.889414367675782
1748974071666,1.287173309326172,3.750151519775391,8.879534912109376
1748974071732,1.4003379821777344,3.8095779418945312,8.737630004882813
1748974071803,1.405726776123047,3.7348832702636723,8.848699035644533
1748974071867,1.4168037414550783,3.8243971252441407,8.805738372802734
1748974071935,1.4064752197265626,3.710933074951172,8.88746841430664
1748974071999,1.3364208984375001,3.7423677062988285,8.866811370849609
1748974072066,1.3317805480957032,3.8073326110839845,8.82040786743164
1748974072133,1.2960049438476564,3.8323306274414066,8.968300323486329
1748974072203,1.3103750610351563,3.8288877868652347,8.844956817626954
1748974072266,1.479972381591797,3.673660583496094,8.79735580444336
1748974072333,1.4647041320800782,3.6826419067382816,9.000184020996095
1748974072401,1.6937278747558595,3.7842805480957034,8.830137634277344
1748974072466,1.6528628540039063,3.5648368835449222,8.704099731445313
1748974072533,1.5543676757812501,3.7015026855468753,8.846753082275391
1748974072601,1.2506492614746094,3.791016540527344,8.897647247314454
1748974072666,1.4699432373046877,3.6708164978027344,8.773704986572266
1748974072733,1.5212864685058594,3.6582426452636723,8.799002380371094
1748974072801,1.509910125732422,3.7724551391601566,8.83283203125
1748974072866,1.294508056640625,3.732338562011719,8.92623779296875
1748974072933,1.248852996826172,3.848946075439453,8.954978027343751
1748974073001,1.295855255126953,3.856729888916016,8.726553039550781
1748974073066,1.2246034240722656,3.82005615234375,8.805289306640626
1748974073133,1.330283660888672,3.816164245605469,8.914412384033204
1748974073201,1.3939013671875,3.722758483886719,8.905281372070313
1748974073267,1.4570700073242189,3.722758483886719,8.972491607666017
1748974073333,1.3609698486328126,3.732338562011719,8.759783935546876
1748974073401,1.3425581359863281,3.8038897705078125,8.859925689697267
1748974073466,1.384021911621094,3.81287109375,8.955726470947265
1748974073533,1.2840298461914064,3.7842805480957034,8.804091796875001
1748974073602,1.4473402404785156,3.8272412109375002,8.903784484863282
1748974073665,1.2067904663085938,3.6994070434570316,8.915160827636718
1748974073733,1.2579840087890626,3.839066619873047,8.82085693359375
1748974073801,1.274300079345703,3.788771209716797,8.946894836425782
1748974073867,1.2555889892578125,3.7615278625488284,8.861721954345704
1748974073933,1.3968951416015625,3.7913159179687503,8.810827789306641
1748974074001,1.295555877685547,3.7772451782226564,8.91321487426758
1748974074066,1.3477972412109376,3.7714073181152346,8.86202133178711
1748974074133,1.2163705444335937,3.7483552551269534,8.76771743774414
1748974074201,1.422491912841797,3.7185671997070315,8.870254211425781
1748974074266,1.4424005126953126,3.7148249816894534,8.896150360107422
1748974074333,1.1981085205078126,3.8083804321289065,8.811875610351564
1748974074401,1.2543914794921875,3.737278289794922,8.935069427490236
1748974074466,1.1725117492675783,3.8764888000488282,8.899742889404298
1748974074533,1.350791015625,3.716022491455078,8.881031799316407
1748974074602,1.3629158020019532,3.7350329589843754,8.830736389160156
1748974074666,1.293160858154297,3.7809873962402345,8.91471176147461
1748974074733,1.274150390625,3.78652587890625,8.909472656250001
1748974074802,1.2879217529296876,3.7534446716308594,8.803942108154297
1748974074866,1.3730946350097657,3.7514987182617188,8.858279113769532
1748974074933,1.272653503417969,3.8140686035156253,8.902137908935547
1748974075003,1.2973521423339844,3.7483552551269534,8.930429077148437
1748974075066,1.3558804321289064,3.7206628417968752,8.837023315429688
1748974075133,1.32205078125,3.817361755371094,8.81651596069336
1748974075203,1.293160858154297,3.7615278625488284,8.965755615234375
1748974075266,1.1946656799316406,3.8118232727050785,8.85004623413086
1748974075332,1.3452525329589844,3.767216033935547,8.871152343750001
1748974075403,1.336271209716797,3.795956268310547,8.860225067138673
1748974075466,1.2671150207519533,3.77694580078125,8.826844482421876
1748974075533,1.354084167480469,3.676953735351563,8.898695068359375
1748974075601,1.2922627258300783,3.789669342041016,8.89704849243164
1748974075666,1.2494517517089845,3.7904177856445314,8.85917724609375
1748974075733,1.209335174560547,3.756288757324219,8.898994445800781
1748974075803,1.3213023376464845,3.7347335815429688,8.890611877441406
1748974075866,1.3989907836914064,3.7414695739746096,8.84196304321289
1748974075933,1.1825408935546875,3.7778439331054687,8.864566040039064
1748974076003,1.2662168884277345,3.779939575195313,8.91710678100586
1748974076066,1.3295352172851562,3.820954284667969,8.926387481689453
1748974076133,1.3202545166015627,3.9402561950683594,9.170829162597657
1748974076203,1.3439053344726564,3.7640725708007814,8.945697326660156
1748974076266,1.2542417907714845,3.7145256042480472,8.856482849121095
1748974076334,1.2624746704101564,3.788621520996094,8.880882110595703
1748974076402,1.2903167724609375,3.7814364624023438,8.860225067138673
1748974076466,1.2805870056152344,3.8766384887695313,8.891360321044923
1748974076534,1.2591815185546875,3.7223094177246097,8.911268920898438
1748974076603,1.3476475524902345,3.7869749450683594,8.818012847900391
1748974076666,1.3253439331054688,3.703448638916016,8.938512268066408
1748974076733,1.2748988342285157,3.776496734619141,8.876541137695312
1748974076802,1.2949571228027343,3.8154158020019535,8.801846466064454
1748974076866,1.2542417907714845,3.7387751770019535,8.862769775390625
1748974076939,1.2012519836425781,3.7628750610351562,8.934171295166015
1748974076999,1.2355307006835938,3.7738023376464844,8.899443511962891
1748974077066,1.272653503417969,3.7351826477050785,8.826694793701172
1748974077133,1.2960049438476564,3.758683776855469,8.857830047607422
1748974077202,1.2479548645019531,3.7821849060058597,8.878187713623047
1748974077266,1.1903247070312502,3.7703594970703125,8.907227325439454
1748974077333,1.2735516357421877,3.7583843994140627,8.867110748291015
1748974077404,1.264420623779297,3.7350329589843754,8.907975769042968
1748974077467,1.3058843994140625,3.770808563232422,8.877289581298829
1748974077533,1.3248948669433593,3.7377273559570314,8.876092071533204
1748974077604,1.264270935058594,3.747008056640625,8.898246002197267
1748974077666,1.2528945922851562,3.7630247497558598,8.861272888183594
1748974077733,1.2311897277832031,3.715872802734375,8.899593200683594
1748974077804,1.3373190307617189,3.7257522583007816,8.858129425048828
1748974077866,1.2479548645019531,3.852089538574219,8.785530395507813
1748974077933,1.1639794921875,3.7145256042480472,8.925938415527344
1748974078003,1.1847862243652345,3.6883300781250004,8.958570556640625
1748974078067,1.3612692260742187,3.7977525329589845,8.849746856689453
1748974078133,1.2719050598144532,3.7462596130371097,8.867110748291015
1748974078204,1.1921209716796877,3.754043426513672,8.868308258056642
1748974078266,1.192570037841797,3.7353323364257816,8.92474090576172
1748974078333,1.1880793762207031,3.752845916748047,8.889114990234376
1748974078403,1.3498928833007813,3.763773193359375,8.828790435791015
1748974078466,1.2591815185546875,3.633094940185547,8.981023864746094
1748974078533,1.2350816345214843,3.7782929992675784,8.870403900146485
1748974078603,1.082548828125,3.7270994567871094,8.928034057617188
1748974078666,1.2153227233886719,3.7630247497558598,8.82040786743164
1748974078733,0.920735321044922,3.723656616210938,8.870553588867187
1748974078803,1.1846365356445314,3.6218682861328126,9.050180053710937
1748974078866,1.2669653320312502,3.892954559326172,8.704848175048829
1748974078933,1.0518626403808595,3.4256263732910157,9.141639862060547
1748974079003,1.3162129211425782,3.8154158020019535,8.735833740234375
1748974079066,1.1258088684082033,3.6045043945312503,8.954229583740235
1748974079133,1.1288026428222657,3.622467041015625,8.996292114257812
1748974079203,0.7920030212402344,3.829336853027344,8.810378723144531
1748974079266,1.2121792602539063,3.447031860351563,9.114097137451173
1748974079333,1.5233821105957033,3.8050872802734377,8.667875061035156
1748974079404,1.0961705017089844,3.7697607421875,8.728349304199218
1748974079466,1.1536509704589843,3.722908172607422,9.143286437988282
1748974079533,1.3181588745117188,3.654500427246094,8.825197906494141
1748974079602,1.4148577880859377,3.757336578369141,8.818312225341797
1748974079666,1.2072395324707033,3.71946533203125,8.86591323852539
1748974079733,1.1436218261718751,3.7781433105468754,8.906778259277344
1748974079803,1.2493020629882814,3.7145256042480472,8.884774017333985
1748974079866,1.4090199279785156,3.7151243591308596,8.84196304321289
1748974079933,1.3012440490722657,3.7497024536132812,8.881929931640625
1748974080002,1.2615765380859376,3.7549415588378907,8.913065185546875
1748974080066,1.3425581359863281,3.672762451171875,9.007069702148438
1748974080133,1.4611116027832032,3.653153228759766,8.920848999023438
1748974080203,1.4771282958984375,3.7914656066894534,8.6651806640625
1748974080266,1.3955479431152344,3.698808288574219,8.69197494506836
1748974080332,1.175804901123047,3.9874081420898437,8.9430029296875
1748974080404,0.9666897583007813,4.071682891845703,8.85244125366211
1748974080466,1.3015434265136718,3.929927673339844,8.72221206665039
1748974080532,1.3452525329589844,3.8176611328125003,8.834628295898439
1748974080603,1.1005114746093752,3.958667907714844,8.691076812744141
1748974080666,1.6094531250000002,3.7127293395996097,8.847950592041016
1748974080733,1.3051359558105469,3.7821849060058597,8.920998687744142
1748974080803,1.6390914916992188,4.027225341796875,8.606053619384767
1748974080866,1.603465576171875,3.826792144775391,8.871900787353516
1748974080932,1.5401472473144533,3.9237904357910156,8.76906463623047
1748974081001,1.5364050292968752,3.8169126892089844,8.843609619140626
1748974081066,1.6435821533203125,3.859573974609375,8.849297790527345
1748974081133,1.4467414855957033,3.946543121337891,8.763975219726563
1748974081201,1.560205535888672,4.051175537109375,8.713679809570312
1748974081266,1.6196319580078127,3.8682559204101565,8.876241760253906
1748974081333,1.5751744079589844,3.835623779296875,8.574469299316407
1748974081403,1.8038987731933596,3.773053894042969,8.82849105834961
1748974081466,1.4335688781738283,3.810176696777344,8.547225952148438
1748974081532,1.7705181884765626,3.726201324462891,8.83717300415039
1748974081603,1.670526123046875,3.785028991699219,8.742120666503906
1748974081666,1.450034637451172,3.8251455688476566,8.878487091064454
1748974081733,1.7113911437988283,3.964805145263672,8.712482299804687
1748974081803,1.528920593261719,3.723806304931641,8.832083587646485
1748974081866,1.5753240966796875,3.8179605102539065,8.709638214111328
1748974081936,1.639241180419922,3.849544830322266,8.793314208984375
1748974081999,1.4311738586425782,3.8806800842285156,8.78208755493164
1748974082066,1.4882052612304688,3.8914576721191407,8.803043975830079
1748974082133,1.4867083740234375,3.890260162353516,8.782536621093751
1748974082202,1.4208453369140626,3.9441481018066407,8.818611602783204
1748974082266,1.591490478515625,3.829336853027344,8.856333160400391
1748974082333,1.4904505920410156,3.9008880615234376,8.765621795654297
1748974082405,1.5191908264160157,3.886068878173828,8.840615844726562
1748974082466,1.5401472473144533,3.8082307434082034,8.825048217773437
1748974082533,1.4877561950683595,3.925137634277344,8.713380432128906
1748974082604,1.4950909423828125,3.8643640136718753,8.75664047241211
1748974082666,1.4904505920410156,3.842359771728516,8.799601135253907
1748974082733,1.5464341735839844,3.8011953735351565,8.807534637451173
1748974082803,1.548380126953125,3.9411543273925784,8.752898254394532
1748974082866,1.562600555419922,3.912114715576172,8.787476348876954
1748974082933,1.4612612915039063,3.836372222900391,8.80454086303711
1748974083004,1.5582595825195313,3.885769500732422,8.794062652587892
1748974083067,1.4980847167968752,3.890559539794922,8.781638488769532
1748974083133,1.4407539367675781,3.876039733886719,8.817414093017579
1748974083204,1.6010705566406251,3.83921630859375,8.787176971435548
1748974083267,1.4985337829589844,3.879482574462891,8.776998138427734
1748974083333,1.5253280639648439,3.869603118896485,8.771459655761719
1748974083404,1.5414944458007813,3.853287048339844,8.781488800048828
1748974083467,1.4564712524414063,3.9556741333007817,8.788374481201172
1748974083533,1.5148498535156252,3.7619769287109377,8.97563507080078
1748974083603,1.512454833984375,3.8842726135253907,8.70200408935547
1748974083666,1.4712904357910157,3.889362030029297,8.77385467529297
1748974083733,1.444047088623047,3.872447204589844,8.789422302246095
1748974083804,1.43701171875,3.8526882934570312,8.807983703613282
1748974083867,1.4879058837890626,3.9258860778808597,8.768016815185547
1748974083934,1.430874481201172,3.844904479980469,8.82654510498047
1748974084003,1.4826667785644532,3.826642456054688,8.805738372802734
1748974084066,1.4965878295898438,3.8743931579589845,8.767867126464845
1748974084133,1.4760804748535157,3.878584442138672,8.792865142822267
1748974084203,1.4711407470703126,3.835623779296875,8.834628295898439
1748974084266,1.3744418334960937,3.9031333923339844,8.784033508300782
1748974084333,1.4736854553222658,3.8276902770996095,8.871152343750001
1748974084403,1.4917977905273438,3.853436737060547,8.80064895629883
1748974084465,1.4416520690917969,3.8636155700683594,8.801247711181642
1748974084533,1.478924560546875,3.8203555297851564,8.848249969482422
1748974084603,1.4509327697753907,3.870052185058594,8.798104248046876
1748974084666,1.5109579467773437,3.8637652587890625,8.79885269165039
1748974084733,1.4446458435058593,3.88951171875,8.783734130859376
1748974084804,1.4486874389648439,3.879632263183594,8.80169677734375
1748974084866,1.5211367797851563,3.8407131958007814,8.844058685302734
1748974084933,1.4563215637207032,3.8836738586425783,8.75229949951172
1748974085003,1.4639556884765625,3.8658609008789067,8.823251953125
1748974085066,1.473984832763672,3.852987670898438,8.793613586425781
1748974085133,1.4570700073242189,3.891607360839844,8.738677825927734
1748974085203,1.4756314086914064,3.8708006286621095,8.778944091796875
1748974085266,1.4724879455566406,3.8441560363769534,8.80498992919922
1748974085333,1.5114070129394532,3.895499267578125,8.76816650390625
1748974085402,1.4678475952148438,3.850892028808594,8.841364288330078
1748974085466,1.5084132385253908,3.8887632751464847,8.76771743774414
1748974085533,1.5163467407226563,3.8766384887695313,8.783734130859376
1748974085603,1.4650035095214844,3.8516404724121096,8.786129150390625
1748974085667,1.5512242126464844,3.8411622619628907,8.788823547363283
1748974085733,1.477577362060547,3.8719981384277347,8.786727905273438
1748974085803,1.4221925354003906,3.8932539367675782,8.795559539794922
1748974085867,1.4744338989257812,3.858077087402344,8.786578216552735
1748974085933,1.4807208251953126,3.8416113281250004,8.79256576538086
1748974086002,1.4925462341308595,3.9413040161132815,8.739875335693359
1748974086066,1.46335693359375,3.8419107055664066,8.83373016357422
1748974086133,1.5018269348144533,3.9020855712890627,8.779842224121094
1748974086202,1.5552658081054689,3.825594635009766,8.786727905273438
1748974086266,1.4352154541015625,3.8907092285156253,8.764573974609375
1748974086333,1.4581178283691407,3.8844223022460938,8.837322692871094
1748974086403,1.4549743652343752,3.8790335083007816,8.826994171142578
1748974086466,1.4897021484375002,3.847449188232422,8.824299774169923
1748974086533,1.7324972534179688,3.829486541748047,8.60665237426758
1748974086601,1.5425422668457032,3.883075103759766,8.5597998046875
1748974086667,1.1234138488769532,3.9568716430664064,9.040899353027344
1748974086733,1.2048445129394532,3.8475988769531253,8.866661682128907
1748974086803,1.6401393127441406,3.8299356079101563,8.870403900146485
1748974086866,1.5822097778320314,3.926634521484375,8.615184631347656
1748974086938,1.5091616821289062,3.843706970214844,8.772806854248048
1748974086999,1.5748750305175783,3.8179605102539065,8.804391174316407
1748974087066,1.575623474121094,3.7943096923828126,8.819809112548828
1748974087133,1.4937437438964845,3.925586700439453,8.762478332519532
1748974087203,1.4144087219238282,3.8754409790039066,8.799750823974609
1748974087266,1.3936019897460938,3.861968994140625,8.788374481201172
1748974087333,1.5533198547363283,3.8383181762695315,8.806935882568359
1748974087405,1.5126045227050782,3.8826260375976562,8.75334732055664
1748974087466,1.5317646789550783,3.793411560058594,8.744365997314453
1748974087533,1.5036231994628908,3.8703515625000002,9.058562622070314
1748974087604,1.4641053771972656,4.066294097900391,8.728648681640625
1748974087666,1.3480966186523438,3.870052185058594,8.800050201416017
1748974087733,1.3699511718750002,3.7619769287109377,8.866511993408203
1748974087803,1.5501763916015625,3.8766384887695313,8.705147552490235
1748974087866,1.4081217956542968,3.840114440917969,8.872649230957032
1748974087933,1.4108161926269531,3.9212457275390626,8.722062377929689
1748974088003,1.5358062744140626,3.8624180603027347,8.799451446533203
1748974088066,1.5248789978027344,3.895349578857422,8.786727905273438
1748974088133,1.2698094177246095,3.873495025634766,8.781488800048828
1748974088205,1.3442047119140625,3.8853204345703127,8.822353820800782
1748974088267,1.4203962707519533,3.831731872558594,8.802295532226562
1748974088333,1.450034637451172,3.8071829223632814,8.806786193847657
1748974088404,1.4599140930175782,3.8368212890625,8.799900512695313
1748974088466,1.3268408203125002,3.8670584106445314,8.83612518310547
1748974088533,1.3491444396972656,3.9317239379882816,8.753497009277345
1748974088603,1.3705499267578125,3.849544830322266,8.82175506591797
1748974088666,1.3953982543945314,3.8541851806640626,8.801397399902344
1748974088733,1.397493896484375,3.809128875732422,8.815468139648438
1748974088801,1.37953125,3.8113742065429688,8.80738494873047
1748974088866,1.3575270080566406,3.8505926513671875,8.809929656982423
1748974088933,1.342408447265625,3.8416113281250004,8.86441635131836
1748974089004,1.319506072998047,3.831881561279297,8.778794403076173
1748974089066,1.2829820251464845,3.829336853027344,8.882528686523438
1748974089133,1.3016931152343751,3.8501435852050783,8.850345611572266
1748974089203,1.3361215209960937,3.823199615478516,8.8519921875
1748974089266,1.3057347106933594,3.826642456054688,8.78627883911133
1748974089333,1.4373110961914064,3.7770954895019533,8.93432098388672
1748974089402,1.3030403137207032,3.9582188415527346,8.660540313720704
1748974089466,1.276395721435547,3.783681793212891,8.950038299560548
1748974089533,1.2734019470214843,3.8516404724121096,8.816366271972656
1748974089603,1.336271209716797,3.8974452209472656,8.790919189453126
1748974089666,1.2388238525390625,3.859274597167969,8.860225067138673
1748974089733,1.3534854125976563,3.822451171875,8.844507751464844
1748974089803,1.3665083312988282,3.8203555297851564,8.832233276367187
1748974089866,1.2832814025878907,3.877087554931641,8.80603775024414
1748974089933,1.3236973571777344,3.8342765808105472,8.866661682128907
1748974090003,1.3389656066894533,3.864064636230469,8.82609603881836
1748974090066,1.2858261108398439,3.8464013671875,8.841364288330078
1748974090133,1.328038330078125,3.842958526611328,8.82894012451172
1748974090203,1.2994477844238281,3.848946075439453,8.824748840332031
1748974090266,1.3597723388671876,3.8612205505371096,8.84525619506836
1748974090333,1.310973815917969,3.8229002380371098,8.854087829589844
1748974090403,1.3049862670898438,3.856580200195313,8.807983703613282
1748974090466,1.3650114440917969,3.811523895263672,8.832083587646485
1748974090533,1.3034893798828127,3.855532379150391,8.794212341308594
1748974090603,1.3566288757324219,3.8447547912597657,8.855285339355468
1748974090666,1.2445120239257814,3.870201873779297,8.825347595214843
1748974090733,1.252445526123047,3.8179605102539065,8.890013122558594
1748974090802,1.3968951416015625,3.8074822998046876,8.845555572509767
1748974090866,1.3061837768554687,3.8170623779296875,8.810977478027343
1748974090933,1.3016931152343751,3.874991912841797,8.822353820800782
1748974091003,1.2558883666992189,3.8166133117675782,8.858877868652344
1748974091066,1.3260923767089845,3.813619537353516,8.821006622314453
1748974091133,1.3395643615722657,3.8240977478027345,8.80454086303711
1748974091201,1.3051359558105469,3.8552330017089846,8.827443237304688
1748974091266,1.302591247558594,3.7949084472656254,8.889414367675782
1748974091333,1.2804373168945313,3.8502932739257814,8.825796661376954
1748974091403,1.302740936279297,3.8375697326660156,8.870553588867187
1748974091466,1.3072315979003908,3.8478982543945315,8.843759307861328
1748974091533,1.3117222595214844,3.8140686035156253,8.820108489990234
1748974091603,1.3609698486328126,3.829486541748047,8.873397674560547
1748974091666,1.2578343200683595,3.8351747131347658,8.832532653808594
1748974091733,1.3509407043457031,3.870201873779297,8.841813354492189
1748974091804,1.3073812866210939,3.8309834289550784,8.852291564941407
1748974091866,1.340911560058594,3.872596893310547,8.7993017578125
1748974091939,1.3347743225097657,3.8573286437988283,8.832981719970704
1748974091999,1.3392649841308595,3.860472106933594,8.819958801269532
1748974092066,1.3166619873046876,3.8694534301757812,8.815168762207032
1748974092133,1.3425581359863281,3.844904479980469,8.829239501953126
1748974092204,1.3549822998046877,3.855831756591797,8.898695068359375
1748974092266,1.2969030761718752,3.8583764648437504,8.863069152832031
1748974092333,1.3214520263671876,3.802841949462891,8.857830047607422
1748974092404,1.3609698486328126,3.836222534179688,8.796307983398439
1748974092466,1.3483959960937502,3.8634658813476563,8.828341369628907
1748974092533,1.3031900024414063,3.8510417175292972,8.839867401123048
1748974092603,1.2989987182617189,3.8838235473632814,8.828640747070313
1748974092666,1.3236973571777344,3.866309967041016,8.833879852294922
1748974092733,1.3084291076660157,3.852089538574219,8.830287322998048
1748974092803,1.379231872558594,3.83203125,8.846753082275391
1748974092866,1.3377680969238281,3.874842224121094,8.821904754638672
1748974092933,1.3072315979003908,3.839815063476563,8.835975494384765
1748974093003,1.306333465576172,3.849395141601563,8.816815338134766
1748974093066,1.3006452941894533,3.8836738586425783,8.838819580078125
1748974093133,1.3156141662597658,3.8676571655273437,8.817713470458985
1748974093205,1.3239967346191408,3.8432579040527344,8.80498992919922
1748974093266,1.3747412109375001,3.8703515625000002,8.829987945556642
1748974093333,1.2925621032714845,3.8969961547851564,8.837771759033204
1748974093402,1.3440550231933595,3.8779856872558596,8.815468139648438
1748974093466,1.3897100830078126,3.853137359619141,8.84046615600586
1748974093533,1.328038330078125,3.889062652587891,8.814719696044921
1748974093602,1.3672567749023439,3.9110668945312503,8.784033508300782
1748974093666,1.3415103149414063,3.875890045166016,8.800798645019531
1748974093733,1.3741424560546875,3.863016815185547,8.809779968261719
1748974093801,1.3918057250976563,3.8636155700683594,8.764124908447267
1748974093866,1.371148681640625,3.9005886840820314,8.767118682861328
1748974093933,1.3931529235839843,3.856580200195313,8.815318450927736
1748974094003,1.3262420654296876,3.9103184509277344,8.785979461669923
1748974094066,1.3678555297851562,3.879931640625,8.809630279541016
1748974094133,1.4245875549316407,3.8660105895996097,8.755892028808594
1748974094203,1.316063232421875,3.899840240478516,8.801996154785156
1748974094266,1.3477972412109376,3.8740937805175784,8.79735580444336
1748974094333,1.368603973388672,3.883224792480469,8.779393157958985
1748974094403,1.3588742065429689,3.8682559204101565,8.78448257446289
1748974094466,1.3680052185058595,3.9019358825683597,8.793164520263673
1748974094533,1.3180091857910157,3.9142103576660157,8.763675842285156
1748974094600,1.3912069702148437,3.8336778259277344,8.815767517089844
1748974094666,1.3536351013183594,3.9067259216308594,8.765921173095704
1748974094733,1.3437556457519533,3.8853204345703127,8.796757049560547
1748974094803,1.3994398498535157,3.852239227294922,8.774603118896485
1748974094866,1.3888119506835939,3.8972955322265626,8.77101058959961
1748974094933,1.3166619873046876,3.8646633911132815,8.794212341308594
1748974095001,1.355431365966797,3.869902496337891,8.801547088623048
1748974095066,1.3883628845214844,3.8790335083007816,8.791967010498047
1748974095133,1.3756393432617189,3.9041812133789064,8.772507476806641
1748974095203,1.3465997314453126,3.852987670898438,8.768016815185547
1748974095266,1.3012440490722657,3.8817279052734377,8.804091796875001
1748974095333,1.3656101989746094,3.8583764648437504,8.785979461669923
1748974095404,1.367406463623047,3.8419107055664066,8.76816650390625
1748974095466,1.3808784484863281,3.853137359619141,8.81936004638672
1748974095533,1.3461506652832032,3.8549336242675785,8.794661407470704
1748974095601,1.3103750610351563,3.890559539794922,8.790919189453126
1748974095666,1.3618679809570313,3.8610708618164065,8.85004623413086
1748974095733,1.3546829223632812,3.872447204589844,8.8280419921875
1748974095803,1.3395643615722657,3.870201873779297,8.803193664550781
1748974095866,1.3133688354492188,3.8766384887695313,8.823251953125
1748974095933,1.3548326110839843,3.860472106933594,8.820108489990234
1748974096003,1.3868659973144533,3.8490957641601566,8.82040786743164
1748974096066,1.3678555297851562,3.845952301025391,8.79256576538086
1748974096133,1.3308824157714845,3.8553826904296877,8.792266387939453
1748974096202,1.3533357238769532,3.849993896484375,8.816965026855469
1748974096266,1.388961639404297,3.873345336914063,8.79211669921875
1748974096333,1.3581257629394532,3.8705012512207033,8.762777709960938
1748974096402,1.3425581359863281,3.869902496337891,8.843459930419922
1748974096466,1.3310321044921876,3.8947508239746096,8.78732666015625
1748974096533,1.338666229248047,3.8815782165527346,8.807235260009765
1748974096603,1.3584251403808594,3.8456529235839847,8.788524169921875
1748974096666,1.3636642456054688,3.8517901611328127,8.81322280883789
1748974096733,1.4120137023925783,3.8302349853515625,8.805588684082032
1748974096803,1.3683045959472657,3.8809794616699222,8.778944091796875
1748974096866,1.3308824157714845,3.8814285278320315,8.801547088623048
1748974096940,1.3266911315917969,3.866609344482422,8.824449462890625
1748974096999,1.3630654907226563,3.8910086059570315,8.78298568725586
1748974097066,1.3584251403808594,3.879781951904297,8.775950317382813
1748974097133,1.362616424560547,3.85358642578125,8.838969268798829
1748974097202,1.4174024963378906,3.8637652587890625,8.808732147216798
1748974097266,1.3712983703613282,3.8588255310058597,8.808133392333986
1748974097333,1.3644126892089845,3.860621795654297,8.800798645019531
1748974097403,1.3521382141113283,3.847449188232422,8.816815338134766
1748974097466,1.3329780578613282,3.885619812011719,8.811276855468751
1748974097533,1.3650114440917969,3.8490957641601566,8.810229034423829
1748974097603,1.4004876708984375,3.8719981384277347,8.795409851074218
1748974097666,1.3395643615722657,3.862567749023438,8.806187438964844
1748974097733,1.3835728454589844,3.882176971435547,8.79451171875
1748974097801,1.3431568908691407,3.8862185668945313,8.785979461669923
1748974097866,1.3672567749023439,3.8552330017089846,8.82130599975586
1748974097933,1.397493896484375,3.876189422607422,8.805738372802734
1748974098004,1.3581257629394532,3.8836738586425783,8.814270629882813
1748974098066,1.3611195373535157,3.8639149475097656,8.812324676513672
1748974098133,1.3651611328125002,3.88232666015625,8.798553314208984
1748974098203,1.3859678649902345,3.8642143249511722,8.814719696044921
1748974098266,1.3823753356933595,3.8708006286621095,8.803043975830079
1748974098333,1.3623170471191406,3.8791831970214847,8.794062652587892
1748974098401,1.3650114440917969,3.855532379150391,8.802295532226562
1748974098465,1.3660592651367187,3.878584442138672,8.80603775024414
1748974098533,1.3760884094238282,3.8706509399414064,8.809630279541016
1748974098603,1.376986541748047,3.8672080993652345,8.797206115722657
1748974098666,1.3600717163085938,3.8588255310058597,8.813671875
1748974098733,1.328038330078125,3.892804870605469,8.790021057128907
1748974098803,1.3460009765625,3.855831756591797,8.83807113647461
1748974098866,1.3892610168457031,3.8468504333496094,8.779692535400391
1748974098933,1.3629158020019532,3.892804870605469,8.776998138427734
1748974099003,1.3569282531738283,3.853287048339844,8.82609603881836
1748974099066,1.347048797607422,3.8711000061035157,8.79211669921875
1748974099133,1.345851287841797,3.882925415039063,8.782686309814453
1748974099203,1.3525872802734376,3.849544830322266,8.818761291503908
1748974099266,1.3600717163085938,3.862867126464844,8.808432769775392
1748974099333,1.3572276306152344,3.8681062316894534,8.812773742675782
1748974099404,1.3521382141113283,3.8477485656738284,8.817114715576173
1748974099466,1.363813934326172,3.859124908447266,8.802295532226562
1748974099533,1.3474978637695314,3.8815782165527346,8.804091796875001
1748974099601,1.3380674743652345,3.8636155700683594,8.806187438964844
1748974099666,1.3868659973144533,3.8516404724121096,8.811276855468751
1748974099733,1.3359718322753906,3.9068756103515625,8.761280822753907
1748974099803,1.302591247558594,3.8375697326660156,8.830736389160156
1748974099866,1.3439053344726564,3.863016815185547,8.823401641845704
1748974099933,1.3666580200195313,3.8510417175292972,8.776399383544922
1748974100003,1.330433349609375,3.8167630004882813,8.854087829589844
1748974100066,1.2768447875976563,3.873644714355469,8.807983703613282
1748974100133,1.2503498840332032,3.869154052734375,8.80169677734375
1748974100204,1.3582754516601563,3.8507423400878906,8.797655181884766
1748974100266,1.3739927673339845,3.8050872802734377,8.816965026855469
1748974100333,1.353036346435547,3.822002105712891,8.79166763305664
1748974100403,1.3551319885253907,3.797153778076172,8.87878646850586
1748974100466,1.3266911315917969,3.8559814453125,8.816965026855469
1748974100533,1.3048365783691407,3.902235260009766,8.772806854248048
1748974100601,1.287173309326172,3.8359231567382817,8.858428802490234
1748974100666,1.3460009765625,3.852388916015625,8.82175506591797
1748974100733,1.3055850219726564,3.856729888916016,8.804091796875001
1748974100802,1.340911560058594,3.8193077087402347,8.8184619140625
1748974100866,1.3398637390136718,3.8613702392578126,8.803343353271485
1748974100933,1.2918136596679688,3.8754409790039066,8.781638488769532
1748974101001,1.3015434265136718,3.8405635070800783,8.825497283935547
1748974101066,1.3296849060058595,3.8407131958007814,8.829389190673828
1748974101133,1.3356724548339844,3.8371206665039064,8.835825805664063
1748974101202,1.3431568908691407,3.8513410949707034,8.814869384765625
1748974101266,1.309027862548828,3.856131134033203,8.82609603881836
1748974101333,1.3401631164550782,3.8227505493164062,8.818312225341797
1748974101402,1.3162129211425782,3.8300852966308594,8.810827789306641
1748974101466,1.330283660888672,3.8739440917968753,8.806187438964844
1748974101533,1.313668212890625,3.8214033508300784,8.843010864257813
1748974101603,1.3367202758789063,3.8338275146484375,8.834029541015626
1748974101666,1.2614268493652345,3.8685552978515627,8.822503509521486
1748974101733,1.2862751770019532,3.826043701171875,8.792715454101563
1748974101801,1.2545411682128906,3.8453535461425785,8.81322280883789
1748974101866,1.32205078125,3.8546342468261723,8.878936157226564
1748974101938,1.375789031982422,3.7871246337890625,8.80648681640625
1748974101999,1.363963623046875,3.7842805480957034,8.843459930419922
1748974102066,1.3148657226562501,3.9188507080078128,8.711434478759767
1748974102133,1.2707075500488283,3.806883544921875,8.909322967529297
1748974102203,1.3138179016113283,3.799548797607422,8.783734130859376
1748974102266,1.370849304199219,3.818708953857422,8.806786193847657
1748974102333,1.304237823486328,3.7940103149414064,8.898844757080079
1748974102404,1.337468719482422,3.8272412109375002,8.798703002929688
1748974102466,1.330433349609375,3.7974531555175783,8.876690826416016
1748974102533,1.2687615966796875,3.829336853027344,8.854536895751954
1748974102603,1.3433065795898438,3.8131704711914063,8.80648681640625
1748974102666,1.3564791870117188,3.8514907836914065,8.819809112548828
1748974102733,1.2519964599609377,3.7868252563476563,8.851842498779297
1748974102803,1.3693524169921876,3.793261871337891,8.843908996582032
1748974102866,1.3561798095703126,3.8290374755859378,8.775650939941407
1748974102933,1.2835807800292969,3.817361755371094,8.874146118164063
1748974103002,1.3284873962402344,3.8278399658203126,8.822952575683594
1748974103066,1.2701087951660157,3.8431082153320313,8.85917724609375
1748974103133,1.4471905517578125,3.8013450622558596,8.769513702392578
1748974103204,1.2940589904785156,3.8116735839843754,8.82175506591797
1748974103266,1.229842529296875,3.8809794616699222,8.870254211425781
1748974103333,1.3382171630859376,3.8040394592285156,8.863518218994141
1748974103402,1.3581257629394532,3.795956268310547,8.808582458496094
1748974103466,1.4259347534179687,3.801794128417969,8.804241485595703
1748974103533,1.3678555297851562,3.7917649841308596,8.854536895751954
1748974103603,1.2627740478515626,3.835324401855469,8.824599151611329
1748974103666,1.316063232421875,3.817361755371094,8.837023315429688
1748974103733,1.3126203918457031,3.866309967041016,8.788224792480468
1748974103802,1.1834390258789063,3.7985009765625004,8.912915496826173
1748974103866,1.332528991699219,3.7989500427246097,8.868308258056642
1748974103933,1.4015354919433594,3.7949084472656254,8.76771743774414
1748974104002,1.3295352172851562,3.8481976318359377,8.75514358520508
1748974104066,1.257235565185547,3.7985009765625004,8.903335418701172
1748974104133,1.2883708190917968,3.849395141601563,8.77101058959961
1748974104202,1.363813934326172,3.831881561279297,8.830137634277344
1748974104266,1.2579840087890626,3.839365997314453,8.85049530029297
1748974104333,1.272653503417969,3.849395141601563,8.827742614746095
1748974104403,1.3882131958007813,3.7724551391601566,8.841663665771485
1748974104466,1.3696517944335938,3.81287109375,8.80454086303711
1748974104533,1.2557386779785158,3.8273908996582033,8.824299774169923
1748974104604,1.292113037109375,3.8550833129882816,8.813821563720703
1748974104666,1.3332774353027343,3.8086798095703127,8.791967010498047
1748974104733,1.3266911315917969,3.822451171875,8.789122924804689
1748974104800,1.3329780578613282,3.813619537353516,8.816216583251954
1748974104866,1.2849279785156251,3.8273908996582033,8.838520202636719
1748974104933,1.3313314819335937,3.8263430786132813,8.804840240478516
1748974105001,1.3177098083496095,3.8245468139648438,8.825197906494141
1748974105066,1.319356384277344,3.8181101989746096,8.846004638671875
1748974105133,1.3407618713378906,3.8052369689941408,8.826994171142578
1748974105202,1.332828369140625,3.823349304199219,8.798253936767578
1748974105266,1.2973521423339844,3.8416113281250004,8.825497283935547
1748974105333,1.3157638549804689,3.853287048339844,8.83043701171875
1748974105402,1.3081297302246095,3.8212536621093753,8.825497283935547
1748974105466,1.3630654907226563,3.8206549072265625,8.802894287109375
1748974105533,1.347348175048828,3.8374200439453126,8.823401641845704
1748974105602,1.319506072998047,3.8242474365234376,8.817264404296875
1748974105666,1.3629158020019532,3.818708953857422,8.831035766601563
1748974105733,1.3852194213867188,3.8422100830078127,8.79496078491211
1748974105800,1.385668487548828,3.8440063476562503,8.845854949951173
1748974105866,1.3010943603515626,3.866609344482422,8.808133392333986
1748974105933,1.4018348693847658,3.843856658935547,8.796906738281251
1748974106001,1.375789031982422,3.8642143249511722,8.811127166748047
1748974106066,1.3633648681640627,3.835773468017578,8.822054443359375
1748974106133,1.3900094604492188,3.8588255310058597,8.804241485595703
1748974106201,1.3609698486328126,3.8803807067871094,8.809630279541016
1748974106266,1.368603973388672,3.8375697326660156,8.83283203125
1748974106333,1.400936737060547,3.8176611328125003,8.799451446533203
1748974106401,1.37953125,3.832929382324219,8.796307983398439
1748974106466,1.355431365966797,3.8612205505371096,8.816366271972656
1748974106533,1.384171600341797,3.826941833496094,8.779093780517579
1748974106602,1.3582754516601563,3.8981936645507815,8.798403625488282
1748974106666,1.3139675903320314,3.869303741455078,8.780740356445312
1748974106733,1.3678555297851562,3.8372703552246095,8.834927673339845
1748974106802,1.4025833129882814,3.870201873779297,8.82564697265625
1748974106866,1.344653778076172,3.8980439758300784,8.833580474853516
1748974106933,1.3647120666503907,3.8314324951171876,8.81501907348633
1748974106999,1.3618679809570313,3.8504429626464844,8.796457672119141
1748974107066,1.3861175537109376,3.808829498291016,8.8472021484375
1748974107133,1.3650114440917969,3.8743931579589845,8.831185455322267
1748974107203,1.3114228820800782,3.8517901611328127,8.818312225341797
1748974107266,1.379381561279297,3.8601727294921875,8.821156311035157
1748974107333,1.3762380981445312,3.855682067871094,8.810827789306641
1748974107403,1.387913818359375,3.870201873779297,8.808582458496094
1748974107466,1.3681549072265626,3.8672080993652345,8.821156311035157
1748974107533,1.3768368530273438,3.8624180603027347,8.788374481201172
1748974107602,1.340911560058594,3.8571789550781252,8.83567611694336
1748974107666,1.4100677490234377,3.8507423400878906,8.809929656982423
1748974107733,1.3950988769531252,3.843557281494141,8.842112731933595
1748974107802,1.397493896484375,3.885769500732422,8.785829772949219
1748974107866,1.1981085205078126,3.8275405883789064,8.863069152832031
1748974107933,1.4278807067871095,3.822451171875,8.829538879394532
1748974108003,1.3570779418945313,3.8718484497070316,8.797954559326172
1748974108066,1.3859678649902345,3.8483473205566407,8.867110748291015
1748974108133,1.380579071044922,3.860322418212891,8.850944366455078
1748974108199,1.3477972412109376,3.8549336242675785,8.844657440185546
1748974108266,1.3816268920898438,3.859723663330078,8.805438995361328
1748974108333,1.3454022216796875,3.847449188232422,8.844208374023438
1748974108402,1.3486953735351563,3.8505926513671875,8.831335144042969
1748974108466,1.347198486328125,3.8431082153320313,8.80933090209961
1748974108533,1.3690530395507814,3.8464013671875,8.795709228515625
1748974108603,1.3500425720214844,3.817361755371094,8.81606689453125
1748974108666,1.3509407043457031,3.8681062316894534,8.784183197021484
1748974108733,1.3567785644531252,3.8246965026855473,8.829089813232422
1748974108804,1.3825250244140626,3.832779693603516,8.815468139648438
1748974108866,1.3349240112304688,3.8682559204101565,8.824748840332031
1748974108933,1.341061248779297,3.862717437744141,8.8088818359375
1748974109004,1.379381561279297,3.8050872802734377,8.871152343750001
1748974109066,1.3804293823242189,3.8836738586425783,8.794661407470704
1748974109133,1.3138179016113283,3.8344262695312503,8.834927673339845
1748974109202,1.351988525390625,3.809278564453125,8.839118957519531
1748974109266,1.3820759582519533,3.840264129638672,8.807983703613282
1748974109333,1.3832734680175782,3.8145176696777345,8.832532653808594
1748974109404,1.3166619873046876,3.868854675292969,8.811127166748047
1748974109465,1.325493621826172,3.8248461914062504,8.826245727539064
1748974109533,1.3180091857910157,3.8333784484863282,8.821006622314453
1748974109602,1.3274395751953125,3.8549336242675785,8.81651596069336
1748974109666,1.3477972412109376,3.929029541015625,8.794212341308594
1748974109733,1.3594729614257812,3.7814364624023438,8.839568023681641
1748974109803,1.3030403137207032,3.844904479980469,8.85917724609375
1748974109867,1.3630654907226563,3.848946075439453,8.832981719970704
1748974109933,1.277742919921875,3.8540354919433595,8.854985961914062
1748974110002,1.3585748291015625,3.822002105712891,8.835825805664063
1748974110066,1.3356724548339844,3.8119729614257816,8.856183471679689
1748974110133,1.3048365783691407,3.8790335083007816,8.797206115722657
1748974110203,1.3181588745117188,3.811523895263672,8.879534912109376
1748974110266,1.3486953735351563,3.8467007446289063,8.8376220703125
1748974110333,1.3644126892089845,3.795956268310547,8.87833740234375
1748974110404,1.2994477844238281,3.856879577636719,8.804241485595703
1748974110466,1.3097763061523438,3.842359771728516,8.840765533447266
1748974110533,1.3712983703613282,3.81526611328125,8.849597167968751
1748974110603,1.3253439331054688,3.813619537353516,8.817114715576173
1748974110666,1.3588742065429689,3.804189147949219,8.826844482421876
1748974110733,1.3253439331054688,3.845054168701172,8.856183471679689
1748974110803,1.2305909729003908,3.847449188232422,8.823850708007813
1748974110866,1.331481170654297,3.793112182617188,8.857830047607422
1748974110933,1.347198486328125,3.8483473205566407,8.8088818359375
1748974111003,1.293160858154297,3.802991638183594,8.888067169189453
1748974111067,1.3298345947265626,3.8468504333496094,8.776698760986328
1748974111133,1.3331277465820313,3.7914656066894534,8.86441635131836
1748974111203,1.2918136596679688,3.8612205505371096,8.783734130859376
1748974111267,1.2928614807128906,3.7760476684570317,8.876092071533204
1748974111333,1.3331277465820313,3.839365997314453,8.802295532226562
1748974111403,1.3522879028320314,3.830384674072266,8.825197906494141
1748974111466,1.3238470458984375,3.8014947509765626,8.812324676513672
1748974111533,1.3977932739257812,3.7823345947265627,8.852141876220703
1748974111604,1.2751982116699219,3.856729888916016,8.827293548583985
1748974111667,1.1776011657714844,3.8453535461425785,8.876241760253906
1748974111733,1.3233979797363282,3.834126892089844,8.848100280761718
1748974111801,1.3729449462890626,3.780089263916016,8.859476623535157
1748974111866,1.3229489135742187,3.7700601196289063,8.8088818359375
1748974111936,1.4242881774902345,3.7856277465820316,8.813971252441407
1748974111999,1.282383270263672,3.7854780578613285,8.839268646240235
1748974112067,1.2566368103027343,3.8285884094238285,8.876241760253906
1748974112133,1.3467494201660157,3.830534362792969,8.820258178710938
1748974112204,1.3106744384765625,3.8547839355468754,8.744066619873047
1748974112266,1.419049072265625,3.7817358398437504,8.884324951171875
1748974112333,1.3768368530273438,3.852089538574219,8.824748840332031
1748974112400,1.148411865234375,3.8883142089843754,8.881031799316407
1748974112466,1.3618679809570313,3.766317901611328,8.901539154052735
1748974112533,1.3946498107910157,3.8119729614257816,8.748856658935548
1748974112602,1.2867242431640626,3.8237983703613283,8.843759307861328
1748974112667,1.304088134765625,3.7883221435546877,8.860823822021485
1748974112733,1.2786410522460938,3.8541851806640626,8.797505493164063
1748974112804,1.3133688354492188,3.8490957641601566,8.831634521484375
1748974112866,1.2988490295410158,3.8038897705078125,8.803792419433595
1748974112933,1.3238470458984375,3.8106257629394533,8.824449462890625
1748974113004,1.2889695739746094,3.8085301208496096,8.845555572509767
1748974113066,1.341061248779297,3.795656890869141,8.868457946777344
1748974113133,1.3210029602050781,3.8227505493164062,8.85333938598633
1748974113204,1.2320878601074219,3.829336853027344,8.858279113769532
1748974113266,1.315913543701172,3.809727630615235,8.860674133300781
1748974113333,1.2626243591308595,3.83921630859375,8.816216583251954
1748974113403,1.2175680541992189,3.7844302368164064,8.910819854736328
1748974113466,1.430874481201172,3.8467007446289063,8.76771743774414
1748974113533,1.2067904663085938,3.769611053466797,8.842112731933595
1748974113604,1.251397705078125,3.803291015625,8.862919464111329
1748974113666,1.3768368530273438,3.768413543701172,8.831784210205079
1748974113733,1.2702584838867188,3.8275405883789064,8.80214584350586
1748974113802,1.2888198852539063,3.806434478759766,8.84480712890625
1748974113866,1.2852273559570313,3.819906463623047,8.817563781738281
1748974113933,1.355431365966797,3.7953575134277346,8.805738372802734
1748974114003,1.2804373168945313,3.796255645751953,8.85768035888672
1748974114067,1.154549102783203,3.8275405883789064,8.867110748291015
1748974114133,1.2745994567871095,3.829785919189453,8.842561798095703
1748974114202,1.332528991699219,3.753744049072266,8.957373046875
1748974114266,1.2534933471679688,3.8670584106445314,8.770860900878906
1748974114333,1.4233900451660157,3.7221597290039066,8.916508026123047
1748974114404,1.3169613647460938,3.7639228820800783,8.908724212646485
1748974114466,1.2102333068847657,3.8571789550781252,8.846004638671875
1748974114533,1.2133767700195313,3.739972686767578,8.88881561279297
1748974114604,1.3945001220703126,3.759581909179688,8.78777572631836
1748974114667,1.1419752502441407,3.8299356079101563,8.818611602783204
1748974114733,1.2988490295410158,3.7582347106933596,8.929680633544923
1748974114804,1.2814851379394532,3.7577856445312503,8.923992462158203
1748974114867,1.240470428466797,3.839365997314453,8.828341369628907
1748974114933,1.090931396484375,3.7937109375,8.95976806640625
1748974115002,1.247655487060547,3.690425720214844,8.783285064697266
1748974115067,1.4425502014160156,3.719016265869141,8.85483627319336
1748974115132,1.3316308593750001,3.7354820251464846,8.846902770996094
1748974115204,1.1467652893066407,3.8169126892089844,8.897647247314454
1748974115267,1.1779005432128906,3.7585340881347657,8.870553588867187
1748974115333,1.3835728454589844,3.819008331298828,8.804690551757814
1748974115402,1.2627740478515626,3.670367431640625,9.055868225097656
1748974115466,1.2638218688964844,3.8576280212402345,8.827742614746095
1748974115533,1.0972183227539063,3.809727630615235,8.92713592529297
1748974115604,1.3699511718750002,3.786226501464844,8.818162536621093
1748974115667,1.2994477844238281,3.696263580322266,8.85049530029297
1748974115733,1.341061248779297,3.7049455261230473,8.849746856689453
1748974115804,1.2516970825195313,3.7880227661132815,8.88118148803711
1748974115867,1.2669653320312502,3.8040394592285156,8.789272613525391
1748974115933,1.2022998046875,3.7116815185546876,8.931177520751953
1748974115999,1.3482463073730468,3.77694580078125,8.870254211425781
1748974116066,1.4109658813476562,3.7999978637695313,8.879834289550782
1748974116133,1.2918136596679688,3.7976028442382814,8.902886352539063
1748974116203,1.134041748046875,3.8212536621093753,8.882528686523438
1748974116266,1.299298095703125,3.693269805908203,8.871751098632814
1748974116333,1.4591656494140626,3.7543428039550784,8.82564697265625
1748974116403,1.1385324096679688,3.739673309326172,8.93192596435547
1748974116466,1.289418640136719,3.7739520263671875,8.930279388427735
1748974116533,1.3483959960937502,3.624562683105469,8.914113006591798
1748974116602,1.2629237365722656,3.796255645751953,8.784183197021484
1748974116667,1.204395446777344,3.725452880859375,9.01575164794922
1748974116733,1.3956976318359375,3.8288877868652347,8.745713195800782
1748974116803,1.2214599609375,3.7606297302246094,8.866661682128907
1748974116867,1.2699591064453126,3.7329373168945312,9.02293670654297
1748974116934,1.1005114746093752,3.716920623779297,8.923393707275391
1748974116999,1.2283456420898438,3.793561248779297,8.651109924316406
1748974117067,1.3117222595214844,3.7462596130371097,9.066496124267578
1748974117133,1.2156221008300783,3.825894012451172,8.791517944335938
1748974117203,1.3744418334960937,3.6149826049804688,8.957672424316407
1748974117267,1.3768368530273438,3.888164520263672,8.880582733154297
1748974117332,1.3055850219726564,3.921844482421875,8.802744598388673
1748974117405,1.1352392578125001,3.605552215576172,9.041947174072266
1748974117467,1.3427078247070314,3.8715490722656254,8.744216308593751
1748974117533,1.3867163085937502,3.746708679199219,8.95782211303711
1748974117603,1.3371693420410158,3.8477485656738284,8.834179229736328
1748974117667,1.4359638977050782,3.8490957641601566,8.82894012451172
1748974117733,1.2457095336914064,3.748954010009766,8.888067169189453
1748974117804,1.2822335815429688,3.7402720642089844,8.937763824462891
1748974117867,1.3407618713378906,3.7648210144042973,8.826694793701172
1748974117933,1.3177098083496095,3.822301483154297,8.858877868652344
1748974117999,1.1642788696289064,3.8345759582519534,8.860075378417969
1748974118067,1.3057347106933594,3.720513153076172,8.959319000244141
1748974118133,1.3166619873046876,3.7999978637695313,8.81501907348633
1748974118204,1.2237052917480469,3.772904205322266,8.89315658569336
1748974118267,1.2331356811523437,3.726500701904297,8.925189971923828
1748974118333,1.297950897216797,3.8202058410644533,8.75903549194336
1748974118404,1.2472064208984375,3.785178680419922,8.902137908935547
1748974118466,1.2473561096191408,3.7250038146972657,8.945098571777343
1748974118533,1.3202545166015627,3.7787420654296877,8.808732147216798
1748974118604,1.1368858337402343,3.7305422973632814,8.990454254150391
1748974118667,1.2172686767578125,3.8676571655273437,8.7801416015625
1748974118733,1.289568328857422,3.713178405761719,8.990603942871093
1748974118804,1.3361215209960937,3.7950581359863285,8.836723937988282
1748974118867,1.2665162658691407,3.727698211669922,8.92144775390625
1748974118933,1.2850776672363282,3.8239480590820314,8.851243743896484
1748974118999,1.28612548828125,3.7480558776855473,8.87923553466797
1748974119067,1.2805870056152344,3.805536346435547,8.87878646850586
1748974119133,1.3503419494628908,3.7649707031250004,8.890462188720704
1748974119199,1.2864248657226562,3.7736526489257813,8.866811370849609
1748974119267,1.2684622192382813,3.83966537475586,8.838669891357423
1748974119332,1.2467573547363282,3.712879028320313,8.944499816894531
1748974119402,1.3533357238769532,3.7857774353027347,8.813073120117188
1748974119466,1.259480895996094,3.7685632324218754,8.891959075927735
1748974119533,1.274300079345703,3.8212536621093753,8.824000396728517
1748974119604,1.3061837768554687,3.8047879028320315,8.83328109741211
1748974119667,1.3181588745117188,3.755240936279297,8.88881561279297
1748974119733,1.3317805480957032,3.8145176696777345,8.829089813232422
1748974119800,1.3567785644531252,3.8074822998046876,8.917705535888672
1748974119867,1.2329859924316406,3.7506005859375002,8.882678375244142
1748974119933,1.297950897216797,3.8709503173828126,8.805438995361328
1748974120004,1.2479548645019531,3.7148249816894534,8.927435302734375
1748974120067,1.2367282104492188,3.8537361145019533,8.834328918457032
1748974120133,1.2199630737304688,3.7520974731445316,8.911568298339844
1748974120204,1.3368699645996094,3.76257568359375,8.889264678955078
1748974120267,1.259630584716797,3.7854780578613285,8.887618103027345
1748974120333,1.323098602294922,3.7523968505859377,8.895701293945313
1748974120400,1.2448114013671876,3.8405635070800783,8.81217498779297
1748974120466,1.2328363037109376,3.744313659667969,8.881480865478515
1748974120533,1.2998968505859376,3.750151519775391,8.892108764648437
1748974120604,1.2880714416503907,3.7778439331054687,8.83043701171875
1748974120667,1.2600796508789063,3.753594360351563,8.901239776611328
1748974120733,1.1946656799316406,3.7607794189453125,8.932824096679688
1748974120806,1.240470428466797,3.773353271484375,8.863667907714845
1748974120867,1.342408447265625,3.754043426513672,8.85333938598633
1748974120933,1.26217529296875,3.789070587158203,8.917406158447266
1748974121002,1.2970527648925783,3.6971617126464844,8.943302307128906
1748974121067,1.1810440063476564,3.7714073181152346,8.746311950683594
1748974121133,1.253792724609375,3.7821849060058597,8.908574523925783
1748974121203,1.1497590637207031,3.6913238525390626,8.947643280029297
1748974121267,1.2841795349121095,3.8083804321289065,8.77580062866211
1748974121333,1.3403128051757813,3.7477565002441406,8.950038299560548
1748974121403,1.1358380126953125,3.8179605102539065,8.854087829589844
1748974121466,1.325643310546875,3.865411834716797,8.844507751464844
1748974121533,1.2216096496582032,3.689078521728516,8.899144134521485
1748974121604,1.4415023803710938,3.810027008056641,8.821605377197265
1748974121667,1.3192066955566406,3.803141326904297,8.951984252929687
1748974121733,1.316063232421875,3.767216033935547,8.76906463623047
1748974121804,1.3239967346191408,3.7272491455078125,8.819060668945314
1748974121867,1.24541015625,3.7612284851074222,8.916957092285157
1748974121945,1.260977783203125,3.7986506652832035,8.876241760253906
1748974121999,1.2995974731445312,3.8013450622558596,8.845555572509767
1748974122067,1.2717553710937501,3.77215576171875,8.890013122558594
1748974122133,1.2924124145507814,3.7820352172851566,8.854536895751954
1748974122199,1.3000465393066407,3.785328369140625,8.885223083496093
1748974122266,1.19990478515625,3.8368212890625,8.818162536621093
1748974122333,1.3048365783691407,3.7351826477050785,8.88028335571289
1748974122404,1.3437556457519533,3.7172200012207033,8.872499542236328
1748974122466,1.2858261108398439,3.809128875732422,8.827443237304688
1748974122533,1.2588821411132813,3.795956268310547,8.890013122558594
1748974122603,1.2937596130371094,3.779490509033203,8.899293823242187
1748974122667,1.2835807800292969,3.813918914794922,8.826994171142578
1748974122733,1.3584251403808594,3.761078796386719,8.905580749511719
1748974122802,1.2841795349121095,3.7904177856445314,8.86052444458008
1748974122867,1.3045372009277345,3.785328369140625,8.856931915283203
1748974122933,1.317410430908203,3.7784426879882815,8.88028335571289
1748974123004,1.2801379394531252,3.7881724548339846,8.85333938598633
1748974123067,1.284778289794922,3.7857774353027347,8.880732421875
1748974123133,1.2816348266601563,3.8050872802734377,8.861272888183594
1748974123204,1.2757969665527344,3.7904177856445314,8.859027557373047
1748974123267,1.2876223754882814,3.8110748291015626,8.852291564941407
1748974123333,1.2916639709472657,3.782484283447266,8.856183471679689
1748974123404,1.3177098083496095,3.806434478759766,8.865464172363282
1748974123466,1.3736933898925783,3.8273908996582033,8.830287322998048
1748974123533,1.3223501586914064,3.819607086181641,8.838520202636719
1748974123606,1.306333465576172,3.8154158020019535,8.84615432739258
1748974123667,1.3482463073730468,3.822002105712891,8.850345611572266
1748974123733,1.3251942443847657,3.8731956481933594,8.817114715576173
1748974123806,1.3371693420410158,3.8044885253906253,8.884474639892579
1748974123867,1.3404624938964844,3.8109251403808595,8.831933898925781
1748974123933,1.347348175048828,3.817511444091797,8.844956817626954
1748974124004,1.3428575134277345,3.819906463623047,8.830287322998048
1748974124067,1.3500425720214844,3.825894012451172,8.859326934814453
1748974124133,1.3717474365234377,3.870052185058594,8.83807113647461
1748974124204,1.3154644775390625,3.812422027587891,8.853489074707031
1748974124267,1.3906082153320314,3.8237983703613283,8.815468139648438
1748974124333,1.3814772033691407,3.8142182922363284,8.866811370849609
1748974124404,1.3560301208496095,3.83203125,8.834029541015626
1748974124466,1.3368699645996094,3.8649627685546877,8.83567611694336
1748974124533,1.3460009765625,3.8549336242675785,8.83043701171875
1748974124602,1.3482463073730468,3.8309834289550784,8.831035766601563
1748974124667,1.384021911621094,3.8507423400878906,8.80933090209961
1748974124733,1.385518798828125,3.831881561279297,8.815917205810548
1748974124804,1.368603973388672,3.8432579040527344,8.821455688476563
1748974124867,1.3570779418945313,3.856729888916016,8.806935882568359
1748974124933,1.4208453369140626,3.8368212890625,8.833879852294922
1748974125004,1.375789031982422,3.843557281494141,8.836574249267578
1748974125067,1.3379177856445312,3.8743931579589845,8.827443237304688
1748974125133,1.3681549072265626,3.8685552978515627,8.854237518310548
1748974125204,1.3657598876953125,3.8311331176757815,8.835227050781251
1748974125267,1.3916560363769532,3.835623779296875,8.838370513916017
1748974125333,1.3736933898925783,3.851939849853516,8.830736389160156
1748974125404,1.3702505493164063,3.8612205505371096,8.819659423828126
1748974125466,1.40587646484375,3.8413119506835938,8.826994171142578
1748974125533,1.3844709777832032,3.842808837890625,8.809181213378906
1748974125602,1.404529266357422,3.8217027282714846,8.855435028076172
1748974125667,1.3846206665039062,3.8513410949707034,8.793613586425781
1748974125733,1.3501922607421877,3.8651124572753908,8.808582458496094
1748974125802,1.3654605102539064,3.8339772033691406,8.827892303466797
1748974125867,1.4084211730957032,3.853287048339844,8.816815338134766
1748974125933,1.4245875549316407,3.8381684875488284,8.847950592041016
1748974126000,1.4019845581054688,3.815116424560547,8.829688568115234
1748974126066,1.3936019897460938,3.8676571655273437,8.815617828369142
1748974126133,1.3445040893554687,3.849395141601563,8.833131408691406
1748974126203,1.3695021057128907,3.8678068542480473,8.819060668945314
1748974126267,1.3895603942871095,3.853436737060547,8.825946350097656
1748974126333,1.4193484497070312,3.829785919189453,8.821156311035157
1748974126402,1.398541717529297,3.852987670898438,8.800199890136719
1748974126467,1.3528866577148437,3.8636155700683594,8.829987945556642
1748974126533,1.38192626953125,3.85358642578125,8.833879852294922
1748974126604,1.42024658203125,3.8511914062500003,8.800199890136719
1748974126667,1.4181509399414063,3.8342765808105472,8.822802886962892
1748974126733,1.3997392272949218,3.859274597167969,8.822054443359375
1748974126804,1.3504916381835939,3.8681062316894534,8.82894012451172
1748974126867,1.3783337402343752,3.852089538574219,8.827892303466797
1748974126941,1.3936019897460938,3.832779693603516,8.827742614746095
1748974126999,1.3992901611328126,3.8288877868652347,8.809929656982423
1748974127067,1.4081217956542968,3.831731872558594,8.813073120117188
1748974127133,1.3909075927734376,3.8543348693847657,8.822353820800782
1748974127203,1.3936019897460938,3.836521911621094,8.82654510498047
1748974127267,1.388961639404297,3.859124908447266,8.795110473632812
1748974127333,1.37953125,3.8368212890625,8.822503509521486
1748974127403,1.3822256469726564,3.8333784484863282,8.835975494384765
1748974127467,1.4061758422851562,3.853436737060547,8.824299774169923
1748974127533,1.3825250244140626,3.852388916015625,8.789422302246095
1748974127603,1.359173583984375,3.8502932739257814,8.808732147216798
1748974127667,1.4018348693847658,3.843856658935547,8.877439270019531
1748974127733,1.4886543273925783,3.743116149902344,8.828790435791015
1748974127803,1.4184503173828125,3.8453535461425785,8.823551330566406
1748974127867,1.421294403076172,3.879781951904297,8.751551055908203
1748974127933,1.2967533874511719,3.8217027282714846,8.894054718017578
1748974128000,1.4298266601562502,3.883524169921875,8.78208755493164
1748974128067,1.3597723388671876,3.8621186828613285,8.773255920410156
1748974128133,1.3219010925292969,3.7365298461914063,8.855584716796875
1748974128203,1.4301260375976563,3.818858642578125,8.784931640625
1748974128267,1.3524375915527345,3.806284790039063,8.856931915283203
1748974128333,1.3295352172851562,3.8025425720214847,8.855584716796875
1748974128403,1.3460009765625,3.8432579040527344,8.813821563720703
1748974128466,1.4599140930175782,3.744313659667969,8.875044250488282
1748974128533,1.3269905090332033,3.8513410949707034,8.812624053955078
1748974128604,1.3692027282714845,3.8681062316894534,8.791218566894532
1748974128667,1.3421090698242188,3.8040394592285156,8.84525619506836
1748974128733,1.29570556640625,3.748954010009766,8.891210632324219
1748974128804,1.368753662109375,3.8302349853515625,8.816216583251954
1748974128867,1.3094769287109376,3.834126892089844,8.908574523925783
1748974128933,1.387764129638672,3.836372222900391,8.850944366455078
1748974128999,1.2982502746582032,3.6886294555664065,8.911268920898438
1748974129067,1.4244378662109376,3.7952078247070316,8.805888061523438
1748974129134,1.3205538940429689,3.735781402587891,8.866511993408203
1748974129203,1.40108642578125,3.8214033508300784,8.839418334960937
1748974129267,1.34360595703125,3.7546421813964845,8.899593200683594
1748974129333,1.3054353332519533,3.8167630004882813,8.803043975830079
1748974129406,1.3427078247070314,3.758983154296875,8.956774291992188
1748974129466,1.3260923767089845,3.826642456054688,8.83612518310547
1748974129533,1.2936099243164063,3.791016540527344,8.876840515136719
1748974129600,1.3936019897460938,3.763174438476563,8.887169036865235
1748974129667,1.4016851806640627,3.7778439331054687,8.868308258056642
1748974129733,1.3239967346191408,3.799249420166016,8.873247985839845
1748974129804,1.3880635070800782,3.8014947509765626,8.783285064697266
1748974129867,1.3100756835937502,3.7444633483886722,8.875044250488282
1748974129933,1.448837127685547,3.8243971252441407,8.800349578857423
1748974130004,1.3486953735351563,3.7937109375,8.851243743896484
1748974130067,1.420096893310547,3.858226776123047,8.804391174316407
1748974130134,1.3870156860351563,3.813918914794922,8.823551330566406
1748974130204,1.4554234313964844,3.7473074340820314,8.830287322998048
1748974130267,1.3958473205566406,3.8712496948242188,8.836574249267578
1748974130333,1.414259033203125,3.7724551391601566,8.899293823242187
1748974130404,1.4790742492675781,3.8537361145019533,8.810678100585937
1748974130466,1.3663586425781251,3.7937109375,8.839418334960937
1748974130534,1.3989907836914064,3.8181101989746096,8.819060668945314
1748974130604,1.4579681396484376,3.8278399658203126,8.776848449707032
1748974130667,1.4790742492675781,3.80568603515625,8.794811096191406
1748974130734,1.4678475952148438,3.7577856445312503,8.867559814453125
1748974130799,1.4165043640136719,3.8811291503906253,8.824000396728517
1748974130867,1.4364129638671876,3.8085301208496096,8.841813354492189
1748974130934,1.370998992919922,3.9134619140625,8.744964752197266
1748974130999,1.4413526916503907,3.8284387207031254,8.89794662475586
1748974131067,1.5015275573730469,3.8453535461425785,8.758436737060547
1748974131134,1.4398558044433594,3.8481976318359377,8.834927673339845
1748974131203,1.460812225341797,3.8118232727050785,8.880582733154297
1748974131267,1.4602134704589844,3.8552330017089846,8.726253662109375
1748974131334,1.411864013671875,3.8215530395507815,8.765023040771485
1748974131405,1.427431640625,3.829486541748047,8.838220825195313
1748974131466,1.5018269348144533,3.9038818359375003,8.752598876953126
1748974131533,1.4226416015625,3.8121226501464847,8.898545379638673
1748974131604,1.4742842102050782,3.8802310180664064,8.79211669921875
1748974131667,1.471739501953125,3.816014556884766,8.859027557373047
1748974131732,1.4564712524414063,3.8408628845214845,8.805139617919922
1748974131806,1.4097683715820313,3.8589752197265628,8.834478607177735
1748974131867,1.4323713684082031,3.8465510559082032,8.81501907348633
1748974131940,1.4325210571289064,3.8369709777832033,8.807983703613282
1748974132000,1.4723382568359376,3.8504429626464844,8.804840240478516
1748974132067,1.4534774780273438,3.8279896545410157,8.838220825195313
1748974132134,1.431024169921875,3.8610708618164065,8.812025299072266
1748974132203,1.4317726135253908,3.823349304199219,8.841364288330078
1748974132267,1.456022186279297,3.8422100830078127,8.843759307861328
1748974132334,1.4765295410156252,3.869752807617188,8.787476348876954
1748974132404,1.4419514465332033,3.8775366210937503,8.793912963867188
1748974132467,1.4256353759765625,3.8372703552246095,8.825347595214843
1748974132533,1.4903009033203125,3.8405635070800783,8.804091796875001
1748974132604,1.4807208251953126,3.8308337402343753,8.833879852294922
1748974132667,1.4679972839355468,3.809278564453125,8.845854949951173
1748974132734,1.4479389953613282,3.8781353759765627,8.817414093017579
1748974132802,1.4435980224609375,3.8790335083007816,8.817114715576173
1748974132867,1.4349160766601563,3.856131134033203,8.820108489990234
1748974132933,1.4602134704589844,3.8374200439453126,8.823850708007813
1748974133004,1.43701171875,3.8345759582519534,8.826395416259766
1748974133067,1.4576687622070312,3.852987670898438,8.79780487060547
1748974133134,1.4567706298828125,3.8405635070800783,8.821156311035157
1748974133203,1.4699432373046877,3.835773468017578,8.834927673339845
1748974133267,1.4599140930175782,3.859274597167969,8.806786193847657
1748974133333,1.4557228088378906,3.8440063476562503,8.808432769775392
1748974133401,1.4548246765136719,3.856131134033203,8.817414093017579
1748974133466,1.4642550659179687,3.822600860595703,8.82654510498047
1748974133533,1.4416520690917969,3.8492454528808597,8.822353820800782
1748974133603,1.4437477111816408,3.8540354919433595,8.798703002929688
1748974133667,1.445244598388672,3.8345759582519534,8.841214599609376
1748974133734,1.4757810974121095,3.859424285888672,8.780291290283204
1748974133804,1.4172528076171875,3.8477485656738284,8.808432769775392
1748974133867,1.4641053771972656,3.833228759765625,8.843908996582032
1748974133933,1.4834152221679688,3.8386175537109377,8.818611602783204
1748974133999,1.4483880615234375,3.831731872558594,8.807085571289063
1748974134067,1.4491365051269531,3.843856658935547,8.821605377197265
1748974134134,1.4763798522949219,3.8381684875488284,8.808582458496094
1748974134202,1.4319223022460938,3.8754409790039066,8.792865142822267
1748974134267,1.4629078674316407,3.787424011230469,8.860374755859375
1748974134334,1.4638059997558595,3.819756774902344,8.814869384765625
1748974134404,1.4765295410156252,3.902384948730469,8.738677825927734
1748974134466,1.3808784484863281,3.793261871337891,8.9046826171875
1748974134534,1.4039305114746095,3.8853204345703127,8.726253662109375
1748974134602,1.4876065063476562,3.761078796386719,8.902586975097657
1748974134667,1.4016851806640627,3.8276902770996095,8.842262420654297
1748974134734,1.4627581787109376,3.866459655761719,8.75858642578125
1748974134804,1.3847703552246093,3.8302349853515625,8.805438995361328
1748974134867,1.4160552978515626,3.8511914062500003,8.834029541015626
1748974134933,1.4254856872558594,3.83966537475586,8.813671875
1748974135000,1.447489929199219,3.8621186828613285,8.814270629882813
1748974135067,1.4397061157226563,3.8642143249511722,8.779542846679687
1748974135133,1.426084442138672,3.826043701171875,8.83477798461914
1748974135204,1.4694941711425782,3.8074822998046876,8.831335144042969
1748974135267,1.4197975158691407,3.8920564270019535,8.786578216552735
1748974135334,1.4233900451660157,3.838767242431641,8.848549346923829
1748974135404,1.445394287109375,3.834126892089844,8.831634521484375
1748974135466,1.4450949096679688,3.850892028808594,8.844657440185546
1748974135534,1.4564712524414063,3.875740356445313,8.798253936767578
1748974135603,1.4278807067871095,3.842359771728516,8.829838256835938
1748974135667,1.420096893310547,3.8375697326660156,8.82654510498047
1748974135734,1.456022186279297,3.840264129638672,8.795858917236329
1748974135802,1.4444961547851562,3.8206549072265625,8.792266387939453
1748974135867,1.4283297729492188,3.816164245605469,8.83043701171875
1748974135933,1.4168037414550783,3.848497009277344,8.819659423828126
1748974136003,1.3736933898925783,3.8350250244140627,8.842412109375001
1748974136067,1.362616424560547,3.8464013671875,8.85154312133789
1748974136134,1.4217434692382813,3.8339772033691406,8.847501525878906
1748974136203,1.442849578857422,3.8315821838378907,8.814420318603515
1748974136267,1.4305751037597656,3.831881561279297,8.818312225341797
1748974136333,1.3828244018554687,3.8240977478027345,8.822802886962892
1748974136402,1.3738430786132814,3.8613702392578126,8.81651596069336
1748974136466,1.4186000061035158,3.8037400817871094,8.829987945556642
1748974136533,1.4675482177734376,3.819607086181641,8.778495025634767
1748974136603,1.422491912841797,3.7877233886718753,8.815168762207032
1748974136667,1.4160552978515626,3.8378691101074223,8.810229034423829
1748974136733,1.4171031188964844,3.7702098083496094,8.825048217773437
1748974136802,1.4373110961914064,3.817511444091797,8.81606689453125
1748974136867,1.3988410949707033,3.8287380981445316,8.842112731933595
1748974136942,1.3971945190429689,3.8658609008789067,8.806187438964844
1748974137000,1.4138099670410158,3.8109251403808595,8.879385223388672
1748974137067,1.420096893310547,3.8395156860351562,8.801846466064454
1748974137133,1.4298266601562502,3.813918914794922,8.88312744140625
1748974137202,1.3907579040527345,3.8181101989746096,8.852141876220703
1748974137267,1.3810281372070312,3.843407592773438,8.845106506347657
1748974137334,1.447639617919922,3.8455032348632816,8.825796661376954
1748974137403,1.3569282531738283,3.810326385498047,8.848699035644533
1748974137466,1.430724792480469,3.8607714843750003,8.851393432617188
1748974137534,1.4159056091308595,3.8086798095703127,8.838669891357423
1748974137603,1.3898597717285157,3.832779693603516,8.809630279541016
1748974137667,1.4067745971679688,3.842808837890625,8.857081604003907
1748974137734,1.3774356079101564,3.817361755371094,8.797954559326172
1748974137803,1.4135105895996094,3.8080810546875004,8.860823822021485
1748974137867,1.3852194213867188,3.8477485656738284,8.819958801269532
1748974137934,1.3843212890625,3.8243971252441407,8.846004638671875
1748974138004,1.4570700073242189,3.8148170471191407,8.801996154785156
1748974138067,1.4271322631835939,3.806284790039063,8.84196304321289
1748974138134,1.4169534301757813,3.8766384887695313,8.826395416259766
1748974138199,1.4084211730957032,3.809128875732422,8.836424560546876
1748974138267,1.3813275146484376,3.80568603515625,8.79885269165039
1748974138334,1.4221925354003906,3.8308337402343753,8.83373016357422
1748974138401,1.4507830810546876,3.797004089355469,8.845705261230469
1748974138466,1.4627581787109376,3.859424285888672,8.819509735107422
1748974138534,1.409468994140625,3.8540354919433595,8.821156311035157
1748974138599,1.3835728454589844,3.8624180603027347,8.793613586425781
1748974138667,1.4275813293457031,3.810326385498047,8.803343353271485
1748974138734,1.45856689453125,3.8205052185058594,8.825048217773437
1748974138804,1.4624588012695314,3.836372222900391,8.808732147216798
1748974138867,1.45856689453125,3.85358642578125,8.80933090209961
1748974138934,1.382974090576172,3.8781353759765627,8.82894012451172
1748974139003,1.4147080993652343,3.826941833496094,8.814869384765625
1748974139067,1.4483880615234375,3.8339772033691406,8.790470123291016
1748974139134,1.5115567016601563,3.785927124023438,8.835975494384765
1748974139204,1.407073974609375,3.83921630859375,8.764424285888673
1748974139267,1.4028826904296876,3.850892028808594,8.82370101928711
1748974139334,1.3783337402343752,3.775897979736328,8.832083587646485
1748974139403,1.3994398498535157,3.8217027282714846,8.826694793701172
1748974139466,1.4341676330566406,3.810326385498047,8.8376220703125
1748974139534,1.392703857421875,3.823199615478516,8.829538879394532
1748974139604,1.3461506652832032,3.8344262695312503,8.879983978271484
1748974139667,1.3440550231933595,3.8252952575683596,8.832532653808594
1748974139734,1.372196502685547,3.7908668518066406,8.857530670166016
1748974139804,1.4127621459960937,3.806733856201172,8.80498992919922
1748974139867,1.4147080993652343,3.8131704711914063,8.849896545410157
1748974139934,1.3489947509765625,3.8248461914062504,8.855734405517579
1748974140003,1.4349160766601563,3.8080810546875004,8.842711486816407
1748974140067,1.3656101989746094,3.811523895263672,8.851243743896484
1748974140134,1.347048797607422,3.822600860595703,8.83612518310547
1748974140204,1.3671070861816408,3.8505926513671875,8.818312225341797
1748974140267,1.4031820678710938,3.802991638183594,8.848848724365235
1748974140334,1.404529266357422,3.8079313659667973,8.822952575683594
1748974140403,1.3717474365234377,3.8047879028320315,8.834029541015626
1748974140466,1.42024658203125,3.8122723388671877,8.826694793701172
1748974140534,1.3733940124511719,3.829785919189453,8.820707244873047
1748974140600,1.4040802001953125,3.8071829223632814,8.846753082275391
1748974140667,1.4209950256347657,3.8080810546875004,8.76622055053711
1748974140734,1.328038330078125,3.839365997314453,8.883875885009767
1748974140804,1.3480966186523438,3.828289031982422,8.844657440185546
1748974140867,1.4561718750000001,3.793261871337891,8.8184619140625
1748974140934,1.3995895385742188,3.83921630859375,8.921298065185548
1748974141004,1.3427078247070314,3.826043701171875,8.86202133178711
1748974141067,1.3537847900390625,3.83966537475586,8.857830047607422
1748974141133,1.3988410949707033,3.8010456848144534,8.803193664550781
1748974141203,1.3744418334960937,3.8110748291015626,8.78732666015625
1748974141267,1.3832734680175782,3.769910430908203,8.852291564941407
1748974141334,1.4090199279785156,3.823049926757813,8.809779968261719
1748974141399,1.3587245178222658,3.802692260742188,8.848399658203125
1748974141467,1.3582754516601563,3.830684051513672,8.8280419921875
1748974141534,1.3989907836914064,3.7848793029785157,8.85333938598633
1748974141604,1.3817765808105469,3.836222534179688,8.809031524658204
1748974141667,1.3669573974609375,3.810326385498047,8.854237518310548
1748974141734,1.4063255310058596,3.8133201599121094,8.83477798461914
1748974141803,1.3503419494628908,3.819607086181641,8.841813354492189
1748974141867,1.3509407043457031,3.829187164306641,8.834478607177735
1748974141941,1.4051280212402344,3.7884718322753907,8.85768035888672
1748974142000,1.3825250244140626,3.8035903930664063,8.844657440185546
1748974142067,1.371148681640625,3.802692260742188,8.84525619506836
1748974142134,1.3847703552246093,3.818708953857422,8.846603393554688
1748974142203,1.371148681640625,3.813020782470703,8.838370513916017
1748974142267,1.3593232727050781,3.813619537353516,8.82130599975586
1748974142334,1.394051055908203,3.8146673583984376,8.835825805664063
1748974142404,1.37713623046875,3.832630004882813,8.847052459716798
1748974142467,1.3868659973144533,3.80568603515625,8.839268646240235
1748974142534,1.4054273986816408,3.8107754516601564,8.825796661376954
1748974142602,1.392703857421875,3.7985009765625004,8.839867401123048
1748974142667,1.4079721069335938,3.833228759765625,8.832532653808594
1748974142734,1.3702505493164063,3.813619537353516,8.86052444458008
1748974142804,1.415606231689453,3.8243971252441407,8.847351837158204
1748974142867,1.3712983703613282,3.8037400817871094,8.801996154785156
1748974142934,1.483714599609375,3.8552330017089846,8.74511444091797
1748974143003,1.4326707458496095,3.7510496520996095,8.80603775024414
1748974143067,1.3744418334960937,3.846251678466797,8.875193939208986
1748974143134,1.4108161926269531,3.712879028320313,8.853938140869142
1748974143202,1.4709910583496095,3.7685632324218754,8.804840240478516
1748974143267,1.312321014404297,3.8643640136718753,8.778045959472657
1748974143334,1.2995974731445312,3.8649627685546877,8.838220825195313
1748974143403,1.3564791870117188,3.7510496520996095,8.884175262451173
1748974143466,1.4879058837890626,3.852089538574219,8.76622055053711
1748974143534,1.450034637451172,3.8110748291015626,8.806935882568359
1748974143602,1.4498849487304688,3.786226501464844,8.798703002929688
1748974143667,1.3500425720214844,3.800596618652344,8.82849105834961
1748974143734,1.4169534301757813,3.833228759765625,8.815168762207032
1748974143800,1.3780343627929688,3.803141326904297,8.837322692871094
1748974143867,1.3939013671875,3.8215530395507815,8.826844482421876
1748974143934,1.432071990966797,3.813020782470703,8.821455688476563
1748974144004,1.3677058410644531,3.852538604736328,8.8088818359375
1748974144067,1.3979429626464845,3.812571716308594,8.838220825195313
1748974144134,1.3724958801269531,3.8613702392578126,8.80169677734375
1748974144205,1.380579071044922,3.790118408203125,8.889863433837892
1748974144267,1.4235397338867188,3.853287048339844,8.796906738281251
1748974144333,1.3850697326660157,3.7823345947265627,8.861721954345704
1748974144404,1.405726776123047,3.812422027587891,8.829389190673828
1748974144466,1.37234619140625,3.8776863098144534,8.804690551757814
1748974144534,1.3874647521972656,3.8229002380371098,8.862919464111329
1748974144602,1.4277310180664062,3.8395156860351562,8.80933090209961
1748974144667,1.3820759582519533,3.7989500427246097,8.867410125732423
1748974144734,1.3006452941894533,3.8468504333496094,8.828640747070313
1748974144804,1.3434562683105469,3.8444554138183595,8.848549346923829
1748974144867,1.4012361145019532,3.8052369689941408,8.803942108154297
1748974144934,1.3717474365234377,3.8240977478027345,8.834328918457032
1748974145005,1.4217434692382813,3.805536346435547,8.824000396728517
1748974145067,1.4374607849121095,3.8023928833007816,8.83283203125
1748974145134,1.3696517944335938,3.873495025634766,8.808582458496094
1748974145204,1.3353730773925783,3.7986506652832035,8.879684600830078
1748974145267,1.4191987609863281,3.8378691101074223,8.790919189453126
1748974145334,1.3898597717285157,3.813020782470703,8.85768035888672
1748974145403,1.3660592651367187,3.8679565429687504,8.810678100585937
1748974145466,1.3457015991210939,3.822451171875,8.849597167968751
1748974145534,1.3897100830078126,3.8441560363769534,8.81322280883789
1748974145602,1.3777349853515626,3.806584167480469,8.8855224609375
1748974145667,1.4199472045898438,3.9305264282226564,8.677904205322266
1748974145734,1.3533357238769532,3.779939575195313,8.898994445800781
1748974145803,1.4275813293457031,3.780089263916016,8.830287322998048
1748974145867,1.5147001647949219,3.866609344482422,8.775950317382813
1748974145933,1.3439053344726564,3.8648130798339846,8.83373016357422
1748974145999,1.3048365783691407,3.8715490722656254,8.865464172363282
1748974146067,1.3672567749023439,3.8342765808105472,8.808283081054688
1748974146134,1.4744338989257812,3.7752992248535158,8.840765533447266
1748974146201,1.4046789550781251,3.852538604736328,8.801996154785156
1748974146267,1.3982423400878907,3.847149810791016,8.82894012451172
1748974146334,1.4000386047363282,3.825594635009766,8.839717712402344
1748974146399,1.4349160766601563,3.872596893310547,8.811875610351564
1748974146467,1.407223663330078,3.8279896545410157,8.843609619140626
1748974146534,1.3275892639160156,3.836671600341797,8.836424560546876
1748974146599,1.3983920288085938,3.8453535461425785,8.82040786743164
1748974146667,1.4546749877929688,3.8119729614257816,8.800948333740235
1748974146734,1.3921051025390625,3.815864868164063,8.82849105834961
1748974146800,1.4355148315429689,3.816313934326172,8.855285339355468
1748974146867,1.3401631164550782,3.8944514465332034,8.784332885742188
1748974146959,1.3762380981445312,3.852089538574219,8.828341369628907
1748974147000,1.4432986450195313,3.835474090576172,8.813821563720703
1748974147067,1.3801300048828127,3.8178108215332034,8.84480712890625
1748974147134,1.4000386047363282,3.8477485656738284,8.825197906494141
1748974147199,1.3885125732421875,3.83966537475586,8.816815338134766
1748974147267,1.3989907836914064,3.872896270751953,8.776399383544922
1748974147334,1.428479461669922,3.802841949462891,8.83283203125
1748974147401,1.4174024963378906,3.819008331298828,8.813821563720703
1748974147467,1.3868659973144533,3.817212066650391,8.841513977050782
1748974147534,1.400787048339844,3.8740937805175784,8.796158294677735
1748974147600,1.3322296142578125,3.8008959960937503,8.86726043701172
1748974147667,1.4102174377441408,3.860322418212891,8.821904754638672
1748974147734,1.3874647521972656,3.8411622619628907,8.784931640625
1748974147801,1.3844709777832032,3.802692260742188,8.8376220703125
1748974147867,1.4437477111816408,3.8309834289550784,8.818761291503908
1748974147934,1.3647120666503907,3.8218524169921877,8.846902770996094
1748974148000,1.3942007446289064,3.872297515869141,8.815168762207032
1748974148067,1.3699511718750002,3.8191580200195316,8.866212615966797
1748974148134,1.3796809387207032,3.8381684875488284,8.835526428222657
1748974148202,1.4561718750000001,3.826193389892578,8.838669891357423
1748974148267,1.362466735839844,3.8432579040527344,8.810229034423829
1748974148334,1.3751902770996094,3.7980519104003907,8.857081604003907
1748974148400,1.4012361145019532,3.83966537475586,8.807235260009765
1748974148466,1.3965957641601563,3.8106257629394533,8.83717300415039
1748974148534,1.385668487548828,3.8208045959472656,8.809929656982423
1748974148600,1.4292279052734376,3.8254449462890627,8.813671875
1748974148667,1.3636642456054688,3.8275405883789064,8.822204132080078
1748974148734,1.3558804321289064,3.84879638671875,8.810678100585937
1748974148802,1.3919554138183594,3.8360728454589847,8.838669891357423
1748974148867,1.3799803161621094,3.805386657714844,8.868907012939454
1748974148934,1.4060261535644532,3.879332885742188,8.779842224121094
1748974149002,1.3605207824707033,3.8157151794433597,8.86770950317383
1748974149067,1.4432986450195313,3.805536346435547,8.848100280761718
1748974149134,1.4054273986816408,3.856879577636719,8.750802612304687
1748974149201,1.333876190185547,3.8287380981445316,8.843459930419922
1748974149267,1.379231872558594,3.862567749023438,8.798703002929688
1748974149334,1.389111328125,3.7990997314453128,8.863368530273437
1748974149400,1.4001882934570313,3.826941833496094,8.796906738281251
1748974149466,1.3956976318359375,3.8404138183593752,8.844956817626954
1748974149534,1.4343173217773437,3.8118232727050785,8.83612518310547
1748974149600,1.354084167480469,3.8070332336425783,8.878936157226564
1748974149667,1.370998992919922,3.8935533142089844,8.75379638671875
1748974149734,1.3133688354492188,3.7884718322753907,8.90992172241211
1748974149803,1.3873150634765625,3.853436737060547,8.744815063476564
1748974149867,1.3551319885253907,3.7673657226562502,8.896150360107422
1748974149934,1.5690371704101562,3.774251403808594,8.781638488769532
1748974150002,1.2549902343750001,3.888164520263672,8.67371292114258
1748974150067,1.2683125305175782,3.788771209716797,9.021290130615235
1748974150134,1.32923583984375,3.8718484497070316,8.800948333740235
1748974150200,1.394051055908203,3.826642456054688,8.781638488769532
1748974150267,1.4027330017089845,3.7687129211425785,8.788973236083985
1748974150334,1.2886701965332032,3.8589752197265628,8.849447479248047
1748974150402,1.3204042053222658,3.8624180603027347,8.862470397949219
1748974150466,1.3536351013183594,3.830684051513672,8.734336853027344
1748974150534,1.3678555297851562,3.7517980957031254,8.888665924072265
1748974150601,1.4349160766601563,3.8751416015625,8.734486541748048
1748974150667,1.3150154113769532,3.8143679809570314,8.8855224609375
1748974150734,1.3606704711914064,3.7808377075195314,8.863069152832031
1748974150800,1.4178515625,3.8562808227539063,8.800050201416017
1748974150867,1.385668487548828,3.8044885253906253,8.853938140869142
1748974150934,1.329086151123047,3.828289031982422,8.83283203125
1748974151000,1.354084167480469,3.8441560363769534,8.845705261230469
1748974151067,1.420096893310547,3.842359771728516,8.838370513916017
1748974151134,1.3518388366699219,3.852239227294922,8.81606689453125
1748974151201,1.4322216796875,3.8333784484863282,8.829538879394532
1748974151267,1.4317726135253908,3.8181101989746096,8.837771759033204
1748974151334,1.4163546752929688,3.8140686035156253,8.793613586425781
1748974151400,1.3727952575683595,3.8273908996582033,8.81172592163086
1748974151467,1.3949491882324219,3.8273908996582033,8.822653198242188
1748974151534,1.3950988769531252,3.8278399658203126,8.855285339355468
1748974151601,1.409319305419922,3.8145176696777345,8.85244125366211
1748974151667,1.4388079833984375,3.8679565429687504,8.829389190673828
1748974151734,1.4304254150390625,3.8544845581054688,8.761729888916015
1748974151801,1.3701008605957032,3.823199615478516,8.860674133300781
1748974151867,1.4531781005859377,3.8669087219238283,8.801098022460938
1748974151954,1.4359638977050782,3.809428253173828,8.838370513916017
1748974152000,1.4343173217773437,3.8790335083007816,8.80454086303711
1748974152067,1.4165043640136719,3.8166133117675782,8.838819580078125
1748974152134,1.368603973388672,3.8862185668945313,8.79451171875
1748974152200,1.3597723388671876,3.835773468017578,8.85483627319336
1748974152267,1.4868580627441408,3.805536346435547,8.87354736328125
1748974152334,1.512155456542969,3.857029266357422,8.762178955078125
1748974152402,1.3904585266113283,3.8372703552246095,8.793164520263673
1748974152467,1.478924560546875,3.826642456054688,8.856782226562501
1748974152534,1.4395564270019532,3.861669616699219,8.806337127685547
1748974152600,1.3566288757324219,3.8639149475097656,8.871002655029297
1748974152667,1.28612548828125,3.8447547912597657,8.891060943603517
1748974152734,1.5627502441406251,3.885769500732422,8.75334732055664
1748974152802,1.4268328857421875,3.7937109375,8.767118682861328
1748974152867,1.3989907836914064,3.79610595703125,8.854985961914062
1748974152934,1.3500425720214844,3.89669677734375,8.81322280883789
1748974153000,1.3861175537109376,3.8974452209472656,8.80603775024414
1748974153067,1.377285919189453,3.8573286437988283,8.822952575683594
1748974153134,1.3886622619628908,3.8712496948242188,8.776549072265626
1748974153200,1.387913818359375,3.8252952575683596,8.891959075927735
1748974153267,1.3910572814941407,3.839066619873047,8.911119232177734
1748974153334,1.4401551818847658,3.8709503173828126,8.797206115722657
1748974153402,1.4298266601562502,3.879931640625,8.825796661376954
1748974153467,1.354383544921875,3.811523895263672,8.894054718017578
1748974153534,1.488354949951172,3.8308337402343753,8.619375915527344
1748974153600,1.6627423095703127,3.715872802734375,8.718020782470704
1748974153667,1.565145263671875,3.7330870056152348,8.781039733886718
1748974153734,1.384021911621094,3.972888336181641,8.677305450439453
1748974153800,1.2365785217285157,3.7929624938964848,9.056167602539062
1748974153867,1.25738525390625,4.026776275634766,8.75664047241211
1748974153934,1.4259347534179687,3.6935691833496094,8.946445770263672
1748974154000,1.387614440917969,3.929478607177735,8.645272064208985
1748974154067,1.4627581787109376,3.726650390625,8.965755615234375
1748974154134,1.184486846923828,3.8910086059570315,8.842262420654297
1748974154203,1.1937675476074219,3.822600860595703,8.962911529541016
1748974154267,1.2780422973632812,3.776796112060547,8.888216857910157
1748974154334,1.517095184326172,3.7471577453613283,8.831634521484375
1748974154403,1.5739768981933595,3.779939575195313,8.731492767333984
1748974154467,1.4730867004394532,3.744313659667969,8.905880126953125
1748974154534,1.3915063476562501,3.912414093017578,8.821605377197265
1748974154602,1.1198213195800781,3.859274597167969,8.934919738769532
1748974154667,1.4251863098144533,3.97333740234375,8.658594360351563
1748974154734,1.2317884826660157,3.752696228027344,8.958570556640625
1748974154800,1.2630734252929687,3.8483473205566407,8.915310516357422
1748974154867,1.4217434692382813,3.933370513916016,8.744365997314453
1748974154934,1.4744338989257812,3.753893737792969,8.841064910888672
1748974155000,1.3093272399902345,3.826193389892578,8.864266662597657
1748974155067,1.1930191040039062,3.908821563720703,8.834628295898439
1748974155134,1.3064831542968751,3.8546342468261723,8.857979736328126
1748974155201,1.3465997314453126,3.885769500732422,8.831634521484375
1748974155267,1.3739927673339845,3.845952301025391,8.809031524658204
1748974155334,1.3724958801269531,3.8038897705078125,8.909322967529297
1748974155400,1.4325210571289064,3.8949005126953127,8.789422302246095
1748974155467,1.4461427307128907,3.7848793029785157,8.86875732421875
1748974155534,1.5025753784179687,3.7823345947265627,8.889114990234376
1748974155600,1.3549822998046877,3.7717066955566407,8.82370101928711
1748974155667,1.4638059997558595,3.8546342468261723,8.774154052734376
1748974155734,1.174457702636719,3.820954284667969,8.864266662597657
1748974155802,1.2361294555664064,3.963607635498047,8.81217498779297
1748974155867,1.1817924499511718,3.8302349853515625,8.909622344970703
1748974155934,1.2940589904785156,3.885919189453125,8.76771743774414
1748974156000,1.4250366210937502,3.741918640136719,8.914113006591798
1748974156067,1.3594729614257812,3.909420318603516,8.753946075439453
1748974156134,1.3847703552246093,3.8643640136718753,8.761131134033203
1748974156200,1.2558883666992189,3.763324127197266,8.91755584716797
1748974156267,1.3430072021484376,3.8610708618164065,8.806187438964844
1748974156334,1.3084291076660157,3.943249969482422,8.794212341308594
1748974156400,1.2918136596679688,3.855682067871094,8.805289306640626
1748974156467,1.3573773193359375,3.7404217529296875,8.88597152709961
1748974156534,1.4364129638671876,3.888014831542969,8.779093780517579
1748974156600,1.242715759277344,3.8815782165527346,8.833430786132812
1748974156667,1.2349319458007812,3.973038024902344,8.833131408691406
1748974156734,1.2201127624511718,3.796255645751953,8.952882385253906
1748974156800,1.5088623046875,3.8287380981445316,8.777896270751954
1748974156867,1.448837127685547,3.7712576293945315,8.836424560546876
1748974156955,1.3934523010253907,3.8715490722656254,8.799002380371094
1748974157000,1.3055850219726564,3.8131704711914063,8.904832305908204
1748974157067,1.25738525390625,4.016148376464844,8.68523895263672
1748974157134,1.2606784057617189,3.7082386779785157,9.099427642822267
1748974157200,1.3142669677734375,3.8947508239746096,8.757837982177735
1748974157267,1.3801300048828127,3.7444633483886722,8.935368804931642
1748974157334,1.4534774780273438,3.8080810546875004,8.783883819580078
1748974157400,1.3868659973144533,3.866160278320313,8.729995880126953
1748974157467,1.145867156982422,3.816463623046875,8.83807113647461
1748974157534,1.2903167724609375,3.8983433532714846,8.869655456542969
1748974157600,1.3886622619628908,3.861669616699219,8.743168487548829
1748974157667,1.3680052185058595,3.789070587158203,8.900491333007812
1748974157734,1.3615686035156251,3.8920564270019535,8.868607635498048
1748974157801,1.272952880859375,3.8477485656738284,8.912765808105469
1748974157867,1.52083740234375,3.842359771728516,8.761131134033203
1748974157934,1.576970672607422,3.8718484497070316,8.783883819580078
1748974158000,1.4465917968750002,3.909270629882813,8.7609814453125
1748974158067,1.5007791137695314,3.782484283447266,8.916358337402345
1748974158134,1.2246034240722656,3.852089538574219,8.905281372070313
1748974158202,1.3186079406738282,3.9055284118652347,8.82759292602539
1748974158267,1.3844709777832032,3.856879577636719,8.869805145263673
1748974158334,1.3612692260742187,3.8709503173828126,8.77101058959961
1748974158400,1.4694941711425782,3.8577777099609376,8.826844482421876
1748974158467,1.3397140502929688,3.823199615478516,8.84525619506836
1748974158533,1.3650114440917969,3.8775366210937503,8.841513977050782
1748974158602,1.4165043640136719,3.858077087402344,8.78448257446289
1748974158667,1.3808784484863281,3.8142182922363284,8.848249969482422
1748974158734,1.32444580078125,3.89669677734375,8.80738494873047
1748974158800,1.3457015991210939,3.8413119506835938,8.87444549560547
1748974158867,1.325792999267578,3.874842224121094,8.785530395507813
1748974158934,1.384171600341797,3.8254449462890627,8.831933898925781
1748974159003,1.3585748291015625,3.8157151794433597,8.839867401123048
1748974159067,1.3570779418945313,3.9249879455566408,8.774303741455078
1748974159134,1.317410430908203,3.8350250244140627,8.882378997802736
1748974159202,1.3567785644531252,3.849694519042969,8.795260162353516
1748974159267,1.3287867736816408,3.799848175048828,8.835227050781251
1748974159334,1.3820759582519533,3.8061351013183597,8.791817321777344
1748974159401,1.309027862548828,3.8600230407714844,8.83477798461914
1748974159467,1.2614268493652345,3.823648681640625,8.845854949951173
1748974159534,1.3308824157714845,3.8537361145019533,8.855435028076172
1748974159600,1.3394146728515626,3.8077816772460937,8.846304016113281
1748974159667,1.2856764221191408,3.8243971252441407,8.850345611572266
1748974159734,1.2579840087890626,3.856879577636719,8.83373016357422
1748974159803,1.310973815917969,3.8815782165527346,8.85004623413086
1748974159867,1.2636721801757813,3.819756774902344,8.85723129272461
1748974159934,1.3359718322753906,3.7965550231933594,8.868158569335938
1748974160003,1.2879217529296876,3.843407592773438,8.817713470458985
1748974160067,1.3621673583984375,3.835324401855469,8.826694793701172
1748974160134,1.2986993408203125,3.7973034667968752,8.844208374023438
1748974160200,1.3012440490722657,3.8193077087402347,8.84001708984375
1748974160267,1.30049560546875,3.8514907836914065,8.841813354492189
1748974160334,1.3057347106933594,3.8154158020019535,8.845405883789063
1748974160403,1.3034893798828127,3.852239227294922,8.840316467285156
1748974160467,1.3148657226562501,3.835474090576172,8.882678375244142
1748974160534,1.2551399230957032,3.8272412109375002,8.858877868652344
1748974160602,1.268013153076172,3.8851707458496096,8.809031524658204
1748974160667,1.3281880187988282,3.809877319335938,8.858279113769532
1748974160734,1.3019924926757813,3.786226501464844,8.852141876220703
1748974160802,1.3009446716308595,3.8237983703613283,8.822054443359375
1748974160867,1.2831317138671876,3.8706509399414064,8.818761291503908
1748974160934,1.2407698059082033,3.878584442138672,8.840316467285156
1748974161000,1.3251942443847657,3.8083804321289065,8.87205047607422
1748974161067,1.3022918701171875,3.819607086181641,8.842711486816407
1748974161134,1.2930111694335937,3.8206549072265625,8.823401641845704
1748974161200,1.304237823486328,3.813769226074219,8.837023315429688
1748974161266,1.28612548828125,3.8323306274414066,8.848998413085939
1748974161334,1.28133544921875,3.8154158020019535,8.830586700439454
1748974161400,1.3066328430175782,3.831731872558594,8.838520202636719
1748974161467,1.2841795349121095,3.835474090576172,8.87309829711914
1748974161534,1.2804373168945313,3.842359771728516,8.864266662597657
1748974161601,1.294208679199219,3.8242474365234376,8.836873626708984
1748974161667,1.3106744384765625,3.7989500427246097,8.860374755859375
1748974161733,1.2722044372558594,3.862717437744141,8.836274871826172
1748974161802,1.3001962280273438,3.838916931152344,8.852740631103517
1748974161867,1.268162841796875,3.8263430786132813,8.884624328613281
1748974161951,1.0768606567382812,3.850892028808594,8.908724212646485
1748974162000,1.513502655029297,3.8359231567382817,8.791218566894532
1748974162067,1.29091552734375,3.6528538513183597,8.890013122558594
1748974162134,1.3868659973144533,4.001927947998047,8.70679412841797
1748974162200,1.0425819396972658,3.7976028442382814,8.992699584960938
1748974162267,0.8593629455566407,3.908372497558594,8.96261215209961
1748974162334,1.5166461181640625,3.869303741455078,8.859925689697267
1748974162403,1.4042298889160156,3.798201599121094,8.879085845947266
1748974162467,1.675316162109375,3.8112245178222657,8.831035766601563
1748974162534,1.4561718750000001,3.588637390136719,8.859326934814453
1748974162602,1.1725117492675783,4.057312774658203,8.82564697265625
1748974162667,1.2147239685058595,3.7908668518066406,8.887169036865235
1748974162734,1.254840545654297,3.826642456054688,8.80933090209961
1748974162800,1.5191908264160157,3.7446130371093753,8.899293823242187
1748974162867,1.5235317993164064,3.6477644348144533,8.837023315429688
1748974162934,1.3573773193359375,4.2381367492675786,8.765921173095704
1748974163000,1.1558963012695314,3.7514987182617188,9.045839080810547
1748974163067,0.9854008483886719,4.005819854736329,8.637039184570312
1748974163134,0.8075706481933594,3.852089538574219,9.086853790283204
1748974163202,1.3864169311523438,3.523822174072266,9.156159667968751
1748974163267,1.2799882507324218,3.7818855285644535,8.6987109375
1748974163334,1.6374449157714845,3.8730459594726563,9.036259002685547
1748974163402,0.5583389282226563,4.2751098632812505,8.197553100585939
1748974163467,1.0732681274414062,4.111649780273438,9.322613525390626
1748974163534,1.0217752075195312,4.105662231445312,8.648116149902345
1748974163602,1.18553466796875,3.835474090576172,8.912167053222657
1748974163667,1.1720626831054688,4.097728729248047,8.666078796386719
1748974163734,1.3832734680175782,4.104464721679688,8.655001831054689
1748974163803,1.1177256774902344,3.986360321044922,8.8472021484375
1748974163867,1.3117222595214844,4.096381530761719,8.713380432128906
1748974163934,1.3308824157714845,4.064797210693359,8.705147552490235
1748974164000,1.1283535766601562,4.004921722412109,8.812324676513672
1748974164067,1.4099180603027344,4.14862289428711,8.606053619384767
1748974164134,1.1436218261718751,4.02602783203125,8.675359497070312
1748974164200,1.0794053649902344,4.095184020996094,8.71742202758789
1748974164267,0.9437873840332032,4.208797760009766,8.7609814453125
1748974164334,1.2069401550292969,4.108356628417969,8.751700744628907
1748974164402,1.2301419067382813,3.982767791748047,8.863069152832031
1748974164467,1.294508056640625,4.034709777832031,8.611891479492188
1748974164534,1.2063414001464845,3.925137634277344,8.827293548583985
1748974164602,1.0336006164550782,4.133654022216797,8.754395141601563
1748974164667,1.3217514038085938,4.048481140136719,8.769513702392578
1748974164734,1.1609857177734375,3.988455963134766,8.746761016845703
1748974164800,1.0713221740722656,4.083657989501953,8.69631591796875
1748974164867,1.2870236206054688,4.071383514404297,8.800199890136719
1748974164934,1.282383270263672,3.991150360107422,8.968899078369141
1748974165000,1.050216064453125,4.126468963623047,8.708889770507813
1748974165067,1.2472064208984375,3.9486387634277347,8.877888336181641
1748974165134,0.9300160217285157,4.110601959228516,8.715176696777345
1748974165202,1.3311817932128907,4.02887191772461,8.888216857910157
1748974165267,1.1057505798339844,4.043691101074219,8.607400817871094
1748974165334,1.5272740173339845,4.036955108642578,8.736881561279297
1748974165403,1.1666738891601562,3.8943017578125003,8.688681793212892
1748974165467,1.2208612060546875,3.9603144836425783,8.76861557006836
1748974165534,1.0569520568847657,4.247417449951172,8.565637664794922
1748974165600,1.088536376953125,4.134402465820313,8.827143859863282
1748974165667,0.9105564880371094,4.295467529296875,8.690178680419923
1748974165734,1.0669812011718751,4.0091130065917975,8.963659973144532
1748974165800,1.3536351013183594,4.068240051269531,8.663983154296876
1748974165867,1.5117063903808594,3.9689964294433597,8.693022766113282
1748974165934,1.212778015136719,3.9628591918945313,8.967551879882812
1748974166000,1.2002041625976563,4.2379870605468755,8.52237762451172
1748974166067,0.8602610778808594,4.0882983398437505,8.856931915283203
1748974166133,1.075214080810547,4.187092895507813,8.623866577148437
1748974166200,1.0232720947265626,4.158202972412109,8.665480041503907
1748974166267,1.2808863830566406,3.9950422668457035,8.839418334960937
1748974166334,1.4962884521484376,4.046834564208985,8.650361480712892
1748974166400,1.3199551391601563,4.011807403564453,8.87160140991211
1748974166467,1.1910731506347656,4.17017807006836,8.644972686767579
1748974166534,0.6732998657226563,4.201912078857422,8.958720245361329
1748974166602,0.6108796691894531,4.364623718261719,8.776549072265626
1748974166667,0.9845027160644532,4.0513252258300785,8.779243469238281
1748974166734,1.1620335388183594,4.0236328125,8.732989654541017
1748974166802,1.2675640869140625,3.829785919189453,8.828640747070313
1748974166867,1.5881973266601563,3.9724392700195312,8.779692535400391
1748974166953,1.2653187561035157,4.225413208007812,8.620723114013673
1748974167000,1.0205776977539063,4.171674957275391,8.615034942626954
1748974167067,0.887354736328125,4.175117797851563,8.673114166259767
1748974167134,1.0497669982910156,4.148922271728516,8.760831756591797
1748974167200,1.2183164978027345,4.159699859619141,8.702153778076172
1748974167267,1.1576925659179689,4.113745422363282,8.642577667236328
1748974167334,1.2693603515625,4.063450012207031,8.715775451660157
1748974167402,1.3956976318359375,4.048930206298828,8.835825805664063
1748974167467,1.1870315551757813,4.101620635986328,8.641080780029297
1748974167534,1.1373348999023438,4.218976593017579,8.608748016357422
1748974167602,0.8616082763671875,4.167034606933594,8.785231018066407
1748974167667,1.1130853271484376,4.103716278076172,8.922944641113281
1748974167734,1.282383270263672,4.0619531250000005,8.754993896484375
1748974167802,1.2021501159667969,4.210294647216797,8.638386383056641
1748974167867,1.1050021362304687,4.127965850830078,8.699010314941408
1748974167934,1.0371931457519532,4.035907287597657,8.852590942382813
1748974168000,1.2064910888671876,4.152065734863282,8.679850158691407
1748974168067,1.088386688232422,4.126468963623047,8.652606811523437
1748974168134,1.372196502685547,4.148772583007813,8.712332611083985
1748974168202,1.17116455078125,4.157604217529297,8.563691711425781
1748974168267,1.2457095336914064,4.101021881103516,8.676706695556641
1748974168334,1.0774594116210938,4.034709777832031,8.950936431884767
1748974168403,1.150806884765625,4.219425659179688,8.705746307373047
1748974168467,0.9632469177246095,4.146227874755859,8.825048217773437
1748974168534,1.2397219848632812,4.145928497314453,8.709638214111328
1748974168603,1.2799882507324218,4.195176086425781,8.504864044189453
1748974168667,1.2518467712402344,4.092639312744141,8.832532653808594
1748974168734,1.072819061279297,4.15775390625,8.735234985351562
1748974168803,1.0205776977539063,4.230652313232422,8.601862335205078
1748974168867,1.3010943603515626,4.073329467773438,8.836274871826172
1748974168934,1.2660671997070314,4.1427850341796875,8.567583618164063
1748974169000,1.1056008911132813,4.067790985107422,8.766519927978516
1748974169067,1.417701873779297,3.9704933166503906,8.95587615966797
1748974169134,1.2096345520019531,4.3295965576171875,8.44528793334961
1748974169203,1.3021421813964844,4.166735229492188,8.622369689941406
1748974169267,0.8970845031738282,4.242178344726563,8.707093505859376
1748974169334,1.0782078552246095,4.070186004638672,8.887169036865235
1748974169400,1.0126441955566408,4.34980453491211,8.613238677978517
1748974169467,1.2235556030273438,4.046235809326172,8.778495025634767
1748974169534,1.2063414001464845,4.080364837646485,8.716224517822265
1748974169600,1.2540921020507814,4.206851806640625,8.656947784423828
1748974169667,0.9466314697265625,3.9496865844726563,9.001531219482422
1748974169734,1.0207273864746094,4.228107604980469,8.698561248779297
1748974169803,1.1671229553222657,4.032913513183594,8.83283203125
1748974169867,0.8786727905273438,4.198918304443359,8.589887237548828
1748974169934,1.0138417053222657,3.9769299316406252,8.896150360107422
1748974170000,1.1288026428222657,4.112098846435547,8.846304016113281
1748974170067,1.0127938842773438,4.105512542724609,8.675958251953125
1748974170134,0.9744735717773438,4.00447265625,8.881780242919922
1748974170200,0.9249266052246095,4.012256469726562,8.743467864990235
1748974170267,1.047970733642578,4.036955108642578,8.618328094482422
1748974170334,0.8969348144531251,4.051624603271485,8.922196197509766
1748974170400,1.1105406188964844,4.018393707275391,8.895850982666015
1748974170467,1.0443782043457033,4.149670715332031,8.542435913085939
1748974170534,0.8964857482910157,3.856879577636719,9.20690414428711
1748974170603,1.1289523315429688,4.2608894348144535,8.694968719482421
1748974170667,1.0568023681640626,4.201762390136719,8.65604965209961
1748974170734,0.8054750061035156,4.191433868408203,8.799750823974609
1748974170802,1.0461744689941406,4.096381530761719,8.815318450927736
1748974170867,0.9056167602539062,4.0549177551269535,8.871002655029297
1748974170934,1.0734178161621095,4.031416625976563,8.99329833984375
1748974171000,1.059646453857422,4.030368804931641,8.848549346923829
1748974171067,1.036893768310547,4.145629119873047,8.519234161376954
1748974171134,1.1808943176269533,4.253404998779297,8.58809097290039
1748974171200,0.9080117797851563,3.852239227294922,9.234446868896486
1748974171267,0.9955796813964845,4.218976593017579,8.795709228515625
1748974171334,1.0850935363769532,4.274062042236328,8.318501586914063
1748974171402,0.7554789733886719,4.018244018554688,8.748706970214844
1748974171467,1.0099497985839845,4.09593246459961,8.876840515136719
1748974171534,1.0876382446289063,3.962410125732422,8.855285339355468
1748974171602,1.1451187133789062,4.211043090820313,8.621770935058594
1748974171667,1.6959732055664063,4.302802276611328,8.545279998779296
1748974171734,1.2933105468750001,3.836372222900391,8.952882385253906
1748974171802,1.235979766845703,4.585264892578126,8.058192901611328
1748974171867,0.9433383178710938,4.103566589355469,8.921298065185548
1748974171955,0.9246272277832032,4.355343017578125,8.5789599609375
1748974172000,1.2340338134765625,4.171375579833985,8.957223358154298
1748974172067,1.0445278930664064,4.476590881347656,8.455915832519532
1748974172134,0.8644523620605469,4.1427850341796875,9.01335662841797
1748974172200,1.1708651733398439,4.361480255126954,8.485703887939454
1748974172267,1.1633807373046876,4.297413482666016,8.53540054321289
1748974172334,1.1264076232910156,4.034111022949219,9.000782775878907
1748974172402,1.2025991821289064,4.212090911865235,8.707093505859376
1748974172467,1.0443782043457033,4.217479705810547,8.563242645263673
1748974172534,1.1870315551757813,4.237687683105469,8.708141326904297
1748974172602,1.0554551696777343,4.225712585449219,8.741521911621094
1748974172667,1.0916798400878907,4.183500366210938,8.724307708740234
1748974172734,1.1234138488769532,4.177063751220703,8.68808303833008
1748974172800,1.1247610473632812,4.213737487792969,8.722810821533203
1748974172867,1.22625,4.442611541748047,8.378077697753907
1748974172934,0.8815168762207032,3.9770796203613283,9.124425659179687
1748974173003,1.0109976196289063,4.312232666015626,8.5406396484375
1748974173067,1.374591522216797,3.993096313476563,8.860973510742188
1748974173134,1.3904585266113283,4.024830322265625,8.526568908691406
1748974173203,1.227447509765625,4.312681732177735,8.456215209960938
1748974173267,1.5018269348144533,4.2574465942382815,8.703650665283204
1748974173334,0.7529342651367188,4.142036590576172,8.679251403808594
1748974173402,1.09452392578125,4.3313928222656255,8.627309417724609
1748974173467,1.0665321350097656,4.009861450195313,8.937614135742187
1748974173534,1.3582754516601563,4.202361145019531,8.645272064208985
1748974173602,1.1958631896972658,4.302951965332031,8.56982894897461
1748974173667,0.8053253173828125,4.233646087646485,8.647068328857422
1748974173734,1.2340338134765625,4.1288639831542975,8.775650939941407
1748974173803,0.9270222473144532,4.145479431152344,8.755293273925782
1748974173867,1.107546844482422,3.9616616821289066,8.94584701538086
1748974173934,1.2243040466308595,4.215084686279297,8.735384674072266
1748974174000,1.4220428466796875,4.138444061279297,8.383915557861329
1748974174067,1.0407856750488282,4.158502349853515,8.90273666381836
1748974174134,0.9705816650390625,4.212989044189453,8.871451721191407
1748974174201,0.9123527526855469,4.302053833007813,8.580456848144532
1748974174267,1.118324432373047,4.194727020263672,8.840316467285156
1748974174334,1.120869140625,4.279450836181641,8.479716339111329
1748974174401,1.0864407348632814,4.246219940185547,8.516390075683594
1748974174467,1.2070898437500002,4.086951141357422,8.846603393554688
1748974174534,0.8557704162597657,4.246669006347656,8.739575958251953
1748974174603,1.4376104736328126,3.9401065063476564,8.615783386230468
1748974174667,0.8399034118652344,4.2080493164062505,8.758436737060547
1748974174734,1.1512559509277345,4.349205780029297,8.202642517089844
1748974174801,1.112486572265625,4.1623942565917975,8.513246612548828
1748974174867,0.9021739196777344,3.9146594238281254,9.261839904785157
1748974174934,1.1190728759765625,4.014202423095703,8.860225067138673
1748974175000,0.7183561706542969,4.064198455810547,8.982670440673829
1748974175067,0.24878265380859377,4.000730438232422,8.90273666381836
1748974175134,1.1930191040039062,4.095184020996094,8.78208755493164
1748974175200,1.3650114440917969,4.149371337890625,8.465346221923829
1748974175267,0.4343966674804688,4.3066941833496095,8.269403686523438
1748974175334,1.2231065368652345,3.7320391845703127,9.409283294677735
1748974175401,0.6188131713867188,4.0213874816894535,8.846004638671875
1748974175467,1.1599378967285157,4.324058074951172,8.327931976318359
1748974175534,1.1050021362304687,4.001778259277344,9.049431610107423
1748974175601,1.12326416015625,4.353397064208985,8.598269805908204
1748974175667,1.131646728515625,4.223317565917969,8.733289031982423
1748974175734,1.0350975036621095,4.279001770019532,8.333021392822266
1748974175802,0.8506809997558594,4.208797760009766,8.712033233642579
1748974175867,0.7424560546875001,4.0812629699707035,8.987310791015625
1748974175934,1.257235565185547,3.962110748291016,8.935368804931642
1748974176000,1.1449690246582032,4.001927947998047,8.681347045898438
1748974176067,0.983155517578125,4.013304290771485,8.677904205322266
1748974176134,1.0259664916992188,4.020189971923829,8.64691864013672
1748974176202,0.69695068359375,4.102818145751954,8.728349304199218
1748974176267,0.4351451110839844,4.1025187683105475,8.820707244873047
1748974176334,0.8482859802246094,4.177812194824219,8.728948059082033
1748974176402,0.4578977966308594,4.289779357910157,8.579259338378908
1748974176467,0.9286688232421876,3.642375640869141,8.895701293945313
1748974176534,0.44307861328125003,4.037703552246094,8.939260711669922
1748974176601,0.7929011535644531,4.279750213623047,7.061715087890625
1748974176667,0.38559814453125,3.9173538208007814,9.133706359863282
1748974176734,0.2185455322265625,4.163741455078125,8.696465606689454
1748974176802,0.04580474853515625,4.213737487792969,8.896150360107422
1748974176868,1.2671150207519533,3.7282969665527346,8.91860366821289
1748974176954,0.4908293151855469,4.113296356201172,8.776549072265626
1748974177000,0.6863227844238282,4.0671922302246095,8.562943267822266
1748974177067,1.0000703430175781,4.039799194335938,8.801547088623048
1748974177134,0.15837066650390627,4.186344451904297,8.579259338378908
1748974177200,1.5193405151367188,3.993395690917969,9.343270568847657
1748974177268,0.32706985473632816,4.181554412841797,8.5310595703125
1748974177334,0.0532891845703125,4.83599349975586,8.640482025146484
1748974177403,1.1972103881835938,3.377576293945313,8.407117309570314
1748974177467,1.7682728576660156,4.144132232666016,9.852960662841797
1748974177533,1.25738525390625,4.7768664550781255,6.97190185546875
1748974177601,2.1383033752441407,4.58212142944336,9.03161865234375
1748974177668,1.430724792480469,4.592449951171875,8.775501251220703
1748974177734,0.7601193237304688,7.201224975585938,8.15983154296875
1748974177801,-1.7944683837890625,7.038513336181641,7.630382537841797
1748974177867,0.7354206848144531,6.486012268066407,3.0539492797851566
1748974177934,3.4407449340820313,8.091423797607423,4.803061981201172
1748974178000,-1.1118878173828126,10.906320190429689,7.599546661376953
1748974178067,1.0401869201660157,9.127569122314453,1.387764129638672
1748974178134,-0.9160949707031251,11.260783081054688,2.8386968994140624
1748974178201,-3.643573150634766,11.820469207763672,-1.26217529296875
1748974178266,-4.133354644775391,7.680378570556641,3.6922219848632816
1748974178334,-2.7524761962890625,8.660690002441406,-0.3492237854003906
1748974178400,-2.9906309509277347,9.325457611083985,4.1570054626464845
1748974178467,-6.163133697509766,9.379495239257812,-1.93278076171875
1748974178534,-6.029461669921876,6.230044555664063,1.5959811401367188
1748974178600,-9.219477996826173,4.597689056396485,2.1975801086425784
1748974178667,-9.462572479248047,9.220376129150392,4.415966949462891
1748974179437,-8.503666534423829,-4.622088317871094,5.534291381835938
1748974179468,-9.636959838867188,-7.670948181152344,3.071163482666016
1748974179615,-10.996881866455078,-6.96277084350586,8.764274597167969
1748974179733,-7.435338134765625,-3.6037559509277344,3.8875657653808595
1748974179858,-7.489375762939454,-2.075434112548828,3.011737060546875
1748974179930,-6.588848419189453,-2.428849182128906,1.6750167846679689
1748974180073,-11.641142120361328,-4.279151458740235,4.880001983642578
1748974180217,-9.639055480957031,-2.1800665283203124,8.29006072998047
1748974180338,-6.632108459472657,-2.953807525634766,6.010750579833985
1748974180446,-6.045927429199219,-0.025147705078125002,4.79722412109375
1748974180525,-5.779331817626954,0.9641450500488282,7.285050659179688
1748974180680,-2.9321026611328125,2.0005897521972655,6.928641815185547
1748974180880,-1.7835411071777345,1.089584197998047,8.514743499755859
1748974181096,0.5995033264160157,1.004561004638672,8.865164794921876
1748974181488,-2.2574555969238284,0.9927355957031251,10.734028472900391
1748974181740,-1.6859440612792969,2.405348052978516,9.40329574584961
1748974181913,-2.2698797607421874,1.9392173767089844,9.454040222167968
1748974182366,-0.7996371459960938,2.8339068603515627,10.254126434326173
1748974182400,-0.2279759216308594,2.089504852294922,9.470955047607422
1748974182467,-1.0017169189453126,2.797233123779297,9.934690704345703
1748974182534,-0.8529263305664063,2.3141876220703126,10.20038818359375
1748974182601,-0.7198530578613281,3.437900848388672,8.625962219238282
1748974182667,-0.9355545043945312,2.6961932373046875,8.856482849121095
1748974182734,-0.8361611938476563,3.4922378540039065,8.66652786254883
1748974182801,-0.8367599487304688,3.310066680908203,8.271649017333985
1748974182867,-0.8580157470703126,3.1033465576171877,8.70200408935547
1748974182934,-1.0361453247070314,1.8441650390625002,10.088121643066406
1748974183000,-0.9035211181640626,1.981728973388672,9.77886474609375
1748974183067,-0.7105723571777344,1.684896240234375,9.778565368652345
1748974183134,-0.6140231323242188,1.388961639404297,10.028246154785156
1748974183201,-0.48873367309570315,1.3823753356933595,9.507928161621095
1748974183267,-0.8744815063476563,1.7648300170898439,10.079439697265625
1748974183334,-0.6433621215820313,1.2924124145507814,9.766440582275392
1748974183401,0.04071533203125,1.518292694091797,8.499624938964844
1748974183468,-0.0676593017578125,1.8419197082519532,9.190887451171875
1748974183537,0.7476951599121094,2.0706440734863283,7.3814501953125005
1748974183657,-0.43724075317382816,2.168989562988281,9.619446258544922
1748974183668,-0.4147874450683594,2.37825439453125,9.820627899169923
1748974183734,-0.6677613830566407,2.0707937622070314,9.388626251220703
1748974183800,-0.6688092041015625,2.4182212829589846,9.554780731201172
1748974183868,-0.7092251586914062,2.118544464111328,9.748927001953126
1748974183934,-0.5827381896972657,2.1442909240722656,9.421408081054688
1748974184002,-0.5421725463867187,2.3575973510742188,9.092392272949219
1748974184067,-0.7970924377441406,2.159858551025391,9.110504608154297
1748974184134,-1.118324432373047,2.226320343017578,9.00138153076172
1748974184203,-1.2084370422363282,1.8441650390625002,9.16858383178711
1748974184268,-0.808319091796875,3.030747528076172,9.944420471191407
1748974184334,2.5406666564941407,8.206983489990234,7.5059912109375
1748974184401,1.3632151794433593,2.464624786376953,7.163802795410157
1748974184469,1.3031900024414063,3.9219941711425785,2.6129663085937502
1748974184534,-1.124461669921875,2.228415985107422,8.713829498291016
1748974184602,-3.529809722900391,5.835764465332032,11.871513061523437
1748974184667,-0.8244854736328125,3.9055284118652347,8.62491439819336
1748974184734,-0.4098477172851563,3.6176770019531252,8.599766693115235
1748974184802,-0.3442840576171875,2.719245300292969,9.833351440429688
1748974184867,-0.8604107666015626,3.8552330017089846,10.296787719726563
1748974184934,-1.3666580200195313,4.635709991455078,10.081385650634767
1748974185002,-1.2096345520019531,5.059478759765625,9.113199005126953
1748974185068,-0.5957611083984375,4.9097900390625,7.661218414306641
1748974185134,-0.28830047607421877,4.774920501708984,7.795339508056641
1748974185203,-0.6180647277832032,5.273982696533204,8.135432281494142
1748974185267,-0.17378860473632812,5.431006164550782,7.674690399169922
1748974185334,-0.12274475097656251,5.643115081787109,8.00655029296875
1748974185403,0.1035845947265625,5.58802963256836,8.186775512695313
1748974185467,-0.10193801879882813,5.446424102783204,7.979756011962891
1748974185534,0.018112335205078125,5.8071739196777346,7.292385406494141
1748974185602,0.05957611083984375,6.102060699462891,7.3191796875
1748974185668,-0.18441650390625,5.244194641113282,7.441625061035157
1748974185734,0.3897894287109375,5.926326141357422,7.128625946044922
1748974185802,0.055085449218750006,6.0237734985351565,7.808063049316407
1748974185868,0.5029541015625,5.375471649169922,6.719227294921875
1748974185934,0.2920426940917969,5.532195739746094,5.2681448364257815
1748974186002,0.02005828857421875,2.661615142822266,2.225871276855469
1748974186068,-1.099463653564453,2.398312683105469,-1.6334033203125
1748974186134,-3.872297515869141,0.9231303405761719,1.1030561828613281
1748974186202,-10.996283111572266,-0.7572752380371094,-2.414928131103516
1748974186268,-18.70360565185547,-3.9184016418457035,1.1157797241210938
1748974186334,-22.349424133300783,-11.638597412109375,0.20432510375976565
1748974186400,-24.364683380126955,-0.21689895629882813,-4.3445654296875
1748974186467,-13.754896545410157,-2.1704864501953125,1.5432907104492188
1748974186534,-9.431886291503906,-2.540816345214844,-0.3972738647460938
1748974186602,-7.34073486328125,-4.465962982177735,-0.06855743408203126
1748974186668,-11.505823516845703,-4.713997192382813,2.647544403076172
1748974186734,-12.88370819091797,-1.6130456542968752,5.266797637939454
1748974186802,-11.355985107421876,-2.7021807861328124,2.5873695373535157
1748974186867,-9.747879180908203,-6.150260467529297,1.3633648681640627
1748974186948,-7.9203295898437505,-6.737189941406251,-0.10972183227539063
1748974187000,-8.105494537353517,-5.730982360839844,0.4032614135742188
1748974187068,-8.99464553833008,-7.819589080810547,0.8030799865722656
1748974187134,-8.876690826416016,-6.058351593017578,0.8095166015625
1748974187201,-7.689210205078125,-5.295986938476563,-3.6321968078613285
1748974187269,-7.685467987060547,-5.551206207275391,-3.003204803466797
1748974187334,-7.616910552978516,-8.29589859008789,-1.1094927978515625
1748974187401,-6.943161621093751,-5.742508392333985,-1.855990447998047
1748974187468,-7.540120239257813,-5.342839508056641,-2.9027636718750003
1748974187534,-8.93432098388672,-4.408033447265625,-2.437980194091797
1748974187601,-9.442364501953126,-3.1615754699707033,-1.8470091247558595
1748974187668,-9.526040496826173,-2.4004083251953126,-1.918111267089844
1748974187734,-9.514963531494141,-2.4610322570800784,-1.8088385009765626
1748974187801,-10.137069854736328,-3.0050010681152344,-1.560355224609375
1748974187868,-11.001971282958985,-4.1923320007324225,-1.4042298889160156
1748974187934,-9.585466918945313,-1.8224601745605469,-0.8532257080078125
1748974188002,-10.464588775634766,-4.883145446777344,0.5604345703125
1748974188068,-10.114017791748047,-2.2138961791992187,0.10373428344726562
1748974188134,-9.63800765991211,-3.502566375732422,0.6753955078125
1748974188203,-9.36737045288086,-5.723348236083985,0.17977615356445314
1748974188267,-8.321944427490235,-4.956343231201172,0.11600875854492188
1748974188334,-7.8606037902832036,-4.104614410400391,0.2567161560058594
1748974188403,-7.500303039550782,-4.4634182739257815,-0.5641767883300781
1748974188467,-7.5504487609863284,-4.0442898559570315,-1.2879217529296876
1748974188534,-8.380472717285157,-3.996090087890625,-2.5734484863281253
1748974188603,-10.158325653076172,-5.11381576538086,-3.171903991699219
1748974188667,-9.453890533447266,-2.1835093688964844,-2.2110520935058595
1748974188734,-10.617271270751953,-2.6122178649902343,-3.1461575317382815
1748974188802,-11.074270935058594,-2.129322052001953,-1.2880714416503907
1748974188867,-9.893975372314454,-3.269950103759766,-1.4462924194335938
1748974188934,-8.834628295898439,-2.811453552246094,-1.5167958068847658
1748974189002,-8.026309204101564,-2.764600982666016,-1.3962963867187501
1748974189068,-8.123008117675782,-3.1525941467285157,-1.7296531677246094
1748974189134,-8.404273223876954,-3.725303192138672,-2.0089723205566408
1748974189202,-8.015681304931642,-3.8492454528808597,-2.219135284423828
1748974189267,-7.693401489257813,-3.850892028808594,-2.6226960754394533
1748974189334,-8.7705615234375,-3.742068328857422,-3.2195050048828127
1748974189403,-9.922865295410157,-3.5881883239746095,-2.4364833068847656
1748974189467,-10.729388122558595,-2.874322814941406,-2.0182530212402345
1748974189534,-9.79368392944336,-2.678829345703125,-1.222657470703125
1748974189603,-8.425529022216796,-0.8785231018066406,-0.2890489196777344
1748974189667,-9.24567352294922,-3.4590069580078127,-0.329315185546875
1748974189734,-10.42836410522461,-3.831881561279297,-1.1219169616699218
1748974189803,-11.290870513916015,-4.100423126220703,-0.47750701904296877
1748974189868,-9.55897201538086,-1.5606546020507814,-0.22902374267578127
1748974189934,-8.699758758544922,-2.406695251464844,-0.8879534912109376
1748974190002,-8.848699035644533,-5.052892456054688,-0.9437873840332032
1748974190068,-8.456664276123048,-4.584366760253906,-0.8184979248046875
1748974190134,-8.400830383300782,-3.071612548828125,-0.5535488891601563
1748974190203,-8.204289093017579,-2.4477099609375,-1.6908837890625001
1748974190268,-8.731043701171876,-3.6027081298828127,-1.2849279785156251
1748974190334,-9.255552978515626,-3.3582664489746095,-1.0533595275878906
1748974190401,-9.920769653320313,-2.5078848266601566,-1.4078224182128907
1748974190467,-10.465636596679689,-2.083068237304688,-1.0888357543945313
1748974190534,-11.306587829589844,-3.4790652465820315,-1.8600320434570314
1748974190603,-10.03842498779297,-1.9502943420410157,-0.6420149230957032
1748974190668,-9.522897033691407,-2.1595591735839843,-2.267933807373047
1748974190734,-9.06559799194336,-5.688919830322266,-1.3928535461425782
1748974190802,-7.1323681640625,-4.243974609375,-1.7152830505371095
1748974190867,-7.114106140136719,-4.516557769775391,-1.8796412658691408
1748974190934,-7.380102996826173,-4.73300765991211,-2.0314256286621095
1748974191002,-7.772736511230469,-3.4780174255371095,-2.117197265625
1748974191068,-9.218579864501953,-3.180286560058594,-2.149080963134766
1748974191134,-9.383387145996094,-1.9121237182617188,-1.7137861633300782
1748974191202,-12.402309265136719,-6.108796691894532,-1.548230438232422
1748974191268,-11.394754486083984,-2.085612945556641,-1.9631675720214845
1748974191334,-10.749147033691408,-4.217180328369141,0.13367202758789062
1748974191402,-9.120384063720703,-2.64170654296875,-0.18531463623046876
1748974191467,-8.197104034423829,-2.9829968261718753,-0.44846740722656253
1748974191534,-8.405321044921875,-3.6980598449707034,-0.24219635009765625
1748974191602,-9.282946014404297,-2.924917602539063,0.2912942504882813
1748974191668,-10.208471374511719,-2.169288940429688,0.6276448059082032
1748974191734,-9.393416290283204,-2.411485290527344,-0.24863296508789065
1748974191802,-9.06514892578125,-2.864593048095703,-0.6948550415039063
1748974191868,-9.374256134033203,-3.6381843566894534,-1.2701087951660157
1748974191957,-10.705737304687501,-4.037703552246094,-2.9957203674316406
1748974192000,-10.635982360839844,-3.241060180664063,-2.0683987426757815
1748974192068,-9.662855987548829,-3.513643341064453,-3.6374359130859375
1748974192134,-8.420888671875,-4.954097900390625,-2.85486328125
1748974192201,-6.3179118347167975,-4.794080657958984,-2.937192077636719
1748974192267,-6.274352416992188,-3.9866596984863283,-2.0718415832519534
1748974192334,-7.159461822509766,-3.6283049011230473,-1.7004638671875
1748974192402,-8.479866027832031,-4.083208923339844,-2.046095123291016
1748974192468,-8.61054428100586,-3.9008880615234376,-1.009500732421875
1748974192534,-9.245823211669922,-1.9937040710449219,-1.5199392700195313
1748974192601,-9.83679428100586,-1.2769944763183594,-1.8100360107421876
1748974192668,-10.278376007080078,-2.295626220703125,-2.265838165283203
1748974192734,-12.560679931640626,-3.330424346923828,-2.8231292724609376
1748974192800,-9.844129028320314,-2.2793101501464843,-1.5600558471679689
1748974192868,-11.575728149414063,-3.284619598388672,-2.065854034423828
1748974192934,-11.055260467529298,-2.925516357421875,-0.48618896484375
1748974193003,-10.080337829589844,-3.727548522949219,-0.008532257080078126
1748974193067,-8.966504058837891,-5.152585144042969,-0.162861328125
1748974193134,-7.878416748046876,-4.906496887207031,-0.45565246582031255
1748974193202,-6.4834675598144536,-3.6416271972656253,-0.7893086242675782
1748974193268,-6.221212921142579,-3.3389566040039065,-1.9550843811035157
1748974193334,-7.183561706542969,-3.758833465576172,-2.9103977966308596
1748974193403,-10.758128356933595,-4.2361907958984375,-6.050418090820313
1748974193468,-11.503877563476562,-3.7571868896484375,-1.9658619689941408
1748974193543,-11.832444305419923,-0.7297325134277344,-4.733307037353516
1748974193601,-12.292288055419922,-0.8333171081542969,-2.197280731201172
1748974193668,-10.997330932617189,0.5072950744628907,3.726650390625
1748974193734,-8.996890869140625,0.5438191223144532,-4.568050689697266
1748974193804,-8.625662841796876,0.0532891845703125,0.9833052062988282
1748974193868,-9.409133605957031,-0.6960525512695312,0.43185195922851566
1748974193934,-9.235494689941406,-1.2040960693359375,-1.594933319091797
1748974194002,-8.7035009765625,-2.2567071533203125,-2.4038511657714845
1748974194068,-10.0255517578125,-1.6615447998046875,-1.5748750305175783
1748974194134,-10.22044647216797,-2.3438259887695314,-1.6976197814941407
1748974194203,-10.485245819091798,-0.9960287475585938,-1.9140696716308594
1748974194267,-11.648626556396485,-0.6768923950195312,0.3254232788085938
1748974194334,-8.516839141845704,0.14879058837890627,0.1285826110839844
1748974194402,-9.126371612548828,0.108973388671875,-1.1226654052734375
1748974194467,-9.128018188476563,-1.2597802734375,-1.6281642150878908
1748974194534,-7.547305297851563,-3.8273908996582033,-5.353168029785157
1748974194603,-7.5013508605957036,-3.379222869873047,0.005538482666015625
1748974194668,-6.062542877197266,-3.176843719482422,-4.9231123352050785
1748974194734,-8.393345947265626,-3.7122802734375,-6.400839385986329
1748974194800,-12.943733367919922,-4.748275909423828,-5.55210433959961
1748974194868,-12.492122497558594,-1.5259268188476562,-2.109862518310547
1748974194934,-11.230396270751953,-0.5298980712890625,-3.194656677246094
1748974195000,-6.052364044189454,-2.121687927246094,-0.8858578491210938
1748974195068,-6.043981475830078,-5.263504486083985,-0.9336085510253906
1748974195142,-6.733298034667969,-3.9416033935546877,-1.850002899169922
1748974195200,-7.789202270507813,-4.2995091247558594,-2.7701394653320315
1748974195267,-8.425978088378907,-3.296445007324219,-2.605182495117188
1748974195334,-9.420210571289063,-2.961441650390625,-3.6311489868164064
1748974195403,-12.193643188476564,-4.595294036865234,-3.6621345520019535
1748974195469,-12.575349426269533,-3.4278717041015625,-3.323089599609375
1748974195534,-12.393777008056642,-2.1776715087890626,-0.4201762390136719
1748974195602,-9.674681396484376,-0.7369175720214844,-0.22617965698242187
1748974195667,-8.394992523193359,-1.5199392700195313,-0.09325607299804688
1748974195734,-7.988887023925781,-2.8493247985839845,-0.6535409545898437
1748974195802,-8.061186676025391,-4.269272003173828,-0.7119195556640625
1748974195868,-7.450756072998047,-4.278852081298829,-1.1401789855957032
1748974195934,-8.338410186767579,-5.3474798583984375,-2.0275337219238283
1748974196002,-10.27987289428711,-8.092321929931641,-5.585035858154297
1748974196068,-10.197095031738282,-5.366490325927734,-4.876559143066406
1748974196134,-10.043065338134767,-4.5075764465332036,-3.7747004699707034
1748974196202,-7.774383087158204,-2.2132974243164063,-0.6182144165039063
1748974196268,-7.218439178466797,-1.944755859375,-1.8019528198242187
1748974196334,-8.945996704101564,-2.5767416381835937,-1.8576370239257813
1748974196402,-7.811505889892579,-2.155517578125,-1.6601976013183595
1748974196467,-8.245303802490234,-3.594624938964844,-2.5867707824707034
1748974196534,-12.909005584716798,-2.8824060058593752,-1.9511924743652345
1748974196602,-14.474899291992188,-5.7227494812011726,-1.030906219482422
1748974196668,-11.91417434692383,-5.886658630371094,-0.8671467590332032
1748974196734,-8.931327209472657,-2.941233673095703,0.0772393798828125
1748974196802,-9.313332824707032,-0.060474243164062504,-0.7545808410644531
1748974196868,-8.727002105712891,-2.6705964660644534,-0.6816824340820313
1748974196952,-6.8602340698242195,-6.220913543701172,-1.0594967651367189
1748974197001,-4.807402954101563,-4.561614074707031,-2.3040087890625003
1748974197068,-5.766907653808594,-4.240831146240234,-1.6678317260742188
1748974197134,-12.869787139892578,-8.830586700439454,-1.2611274719238281
1748974197200,-13.83123779296875,-7.150031433105469,1.5163467407226563
1748974197268,-13.145663452148439,-3.260669403076172,-1.4762301635742188
1748974197334,-7.825726318359376,-1.6748670959472658,-0.57719970703125
1748974197403,-8.850644989013672,-1.2587324523925782,-0.35670822143554687
1748974197468,-9.227411499023438,-2.9232710266113284,1.0958711242675783
1748974197534,-10.579849090576172,-0.8900491333007813,4.006268920898438
1748974197603,-10.962303771972657,0.5701643371582031,0.9199868774414063
1748974197668,-11.911929016113282,-1.4401551818847658,1.55915771484375
1748974197734,-15.415543212890626,-5.664819946289063,0.5833369445800781
1748974197803,-14.153667297363281,-3.8351747131347658,1.8757493591308594
1748974197868,-12.339140625,-5.635031890869141,1.4462924194335938
1748974197934,-9.984986114501954,-3.9257363891601567,0.2689906311035156
1748974198003,-8.778644714355469,-5.222040710449219,0.15283218383789063
1748974198068,-6.822512512207032,-4.736600189208985,0.23575973510742188
1748974198134,-5.404810638427735,-4.284390563964844,0.36598892211914064
1748974198203,-4.359983367919922,-4.056414642333984,-1.008153533935547
1748974198268,-6.460864562988282,-4.71100341796875,-6.598877563476563
1748974198334,-15.318245544433594,-10.772049407958985,-2.6640101623535157
1748974198401,-16.102015686035156,-3.5414854431152345,-5.552703094482422
1748974198468,-11.708951110839845,-0.6054908752441407,-1.3305830383300783
1748974198534,-9.269773406982422,-2.009720764160156,-0.5167254638671875
1748974198602,-7.509883117675781,-3.158881072998047,-0.45939468383789067
1748974198668,-8.817713470458985,-1.7884808349609376,0.10208770751953125
1748974198734,-9.715396728515625,-1.2557386779785158,0.8102650451660157
1748974198802,-10.382709045410158,-1.7149836730957033,-0.8788224792480469
1748974198868,-12.022548980712891,-2.9892837524414064,-1.5343093872070312
1748974198934,-11.67467239379883,-1.4277310180664062,-2.2540127563476564
1748974199002,-12.50724105834961,-4.459676055908203,0.36598892211914064
1748974199068,-10.548713836669922,-1.5775694274902345,-3.476670227050781
1748974199134,-11.432625732421876,-2.6866131591796876,0.0568817138671875
1748974199203,-11.396101684570313,-3.4651441955566407,-0.6381230163574219
1748974199268,-8.45292205810547,-1.8037490844726562,-0.7743397521972657
1748974199334,-8.868907012939454,-2.1067190551757813,-0.4439767456054688
1748974199403,-9.513167266845704,-0.37976028442382814,0.01916015625
1748974199468,-8.18572769165039,-0.5942642211914063,-0.02484832763671875
1748974199534,-10.025252380371095,3.46080322265625,4.1605979919433596
1748974199603,-9.61405746459961,2.041604461669922,2.538720703125
1748974199668,-8.55111785888672,3.5986665344238284,5.325176239013672
1748974199734,-6.843917999267578,3.0684690856933594,5.40121810913086
1748974199802,-5.187013549804687,2.8030709838867187,6.291117553710937
1748974199868,-3.5185830688476565,2.2514680480957034,5.565127258300781
1748974199934,-3.4564622497558597,3.51349365234375,5.835465087890626
1748974200000,-2.898871765136719,3.294349365234375,8.894803161621095
1748974200067,-1.2497511291503907,7.030280456542969,10.497969360351563
1748974200134,-3.5474729919433594,5.256169738769532,18.521284790039065
1748974200200,-0.239501953125,6.178401947021484,8.115673370361328
1748974200268,-0.17124389648437502,4.434228973388672,7.5118290710449225
1748974200334,-0.037721557617187505,4.234095153808594,4.47674057006836
1748974200402,0.5195695495605469,3.429368591308594,3.877087554931641
1748974200468,0.6879693603515625,5.34328857421875,3.8080810546875004
1748974200534,-1.270557861328125,7.374863891601563,6.9325337219238286
1748974200603,-0.13202545166015625,10.405012664794922,6.729555816650391
1748974200668,-3.689078521728516,8.638685760498047,10.581046600341798
1748974200734,-2.365231475830078,7.523654479980469,4.9440687561035155
1748974200802,-1.3715977478027344,5.6097344970703125,6.650520172119141
1748974200868,-0.3920347595214844,5.721102905273438,4.174818420410157
1748974200934,-0.1375639343261719,6.220464477539063,3.742218017578125
1748974201002,-0.9273216247558594,6.114634552001953,5.171146545410156
1748974201068,-0.4722679138183594,7.407046966552735,6.096073150634766
1748974201134,1.0394384765625,10.44512924194336,6.3494961547851565
1748974201202,0.25192611694335937,9.344168701171876,11.560459899902344
1748974201268,0.7729925537109376,9.201665039062501,4.281396789550781
1748974201334,-1.4594650268554688,7.511529693603516,6.778204650878907
1748974201402,-0.2848576354980469,3.4280213928222656,3.6684214782714846
1748974201468,-0.29608428955078125,6.142925720214844,0.027991790771484375
1748974201534,-3.37937255859375,10.516231384277344,5.438340911865235
1748974201602,-1.29091552734375,7.306306457519532,1.6161891174316407
1748974201668,-1.303938446044922,10.75408676147461,6.724017333984375
1748974201734,-3.8324803161621097,9.892927551269532,8.282725982666015
1748974201802,-2.162253570556641,9.062304840087892,7.692653045654297
1748974201867,-2.651585998535156,7.059619445800782,7.821984100341798
1748974201959,-0.9722282409667969,7.477101287841797,-2.539768524169922
1748974202001,-1.1546987915039064,5.876779174804688,0.41463775634765626
1748974202067,-5.249733123779297,8.036338348388671,12.678934020996094
1748974202134,0.008382568359375,6.130052490234375,3.5040632629394532
1748974202200,-1.9130218505859375,9.041947174072266,4.485721893310547
1748974202268,-3.287313995361328,9.991422729492188,3.604354705810547
1748974202334,-0.08607101440429688,10.209818572998048,6.420448608398438
1748974202403,-3.6995567321777347,9.084159393310546,5.735922088623047
1748974202468,-2.778072967529297,8.682843933105469,4.694088592529297
1748974202534,-2.8129504394531253,6.187383270263672,2.7238856506347657
1748974202603,-2.222129058837891,9.089847564697266,1.8399737548828126
1748974202667,-3.526516571044922,8.926088104248047,2.861449584960938
1748974202734,-1.9971469116210938,5.402415618896485,4.367767181396484
1748974202802,-1.2982502746582032,3.890559539794922,4.669839019775391
1748974202868,-0.7574249267578126,8.649163970947265,4.774022369384766
1748974202934,-3.796854400634766,7.48249008178711,10.649903411865235
1748974203003,-10.64870590209961,9.2208251953125,9.596843261718751
1748974203068,-0.7685018920898438,4.013753356933594,5.196443939208985
1748974203134,0.9740245056152345,0.22109024047851564,6.460714874267579
1748974203203,1.1478131103515625,1.4028826904296876,2.608924713134766
1748974203268,-2.3035597229003906,3.6386334228515627,7.296576690673828
1748974203334,-4.879403228759766,15.092514953613282,12.654534759521486
1748974203403,1.5311659240722657,1.3774356079101564,9.118887176513672
1748974203468,1.6832496643066408,-4.577331390380859,12.978311462402344
1748974203534,3.0258078002929687,1.7498611450195314,11.996802520751954
1748974203601,-2.1582119750976565,2.904260559082031,11.692036285400391
1748974203667,-0.47496231079101564,2.6699977111816406,8.534053344726562
1748974203734,-0.6056405639648438,0.6973997497558594,9.173972625732423
1748974203801,0.039667510986328126,2.0688478088378908,6.978039093017578
1748974203867,-0.9815089416503907,2.329156494140625,9.214388580322266
1748974203934,-1.5310162353515626,2.9846434020996093,10.024204559326172
1748974204001,-1.392703857421875,5.508694610595703,9.589059448242187
1748974204067,-1.6649876403808594,2.9918284606933594,11.598331146240234
1748974204134,-0.5075944519042969,4.824467468261719,8.480315093994141
1748974204201,-0.9589059448242188,5.358706512451172,10.175090789794922
1748974204267,-1.0865904235839845,4.756957855224609,10.721155242919922
1748974204334,-0.35356475830078127,5.63548095703125,5.488486633300782
1748974204401,-0.2517764282226563,6.6752188110351565,4.767136688232422
1748974204467,2.6423052978515624,7.023394775390625,4.8332991027832035
1748974204534,3.937262420654297,8.044421539306642,5.133724365234375
1748974204603,3.4503250122070312,5.58563461303711,3.5049613952636722
1748974204668,4.754712524414063,7.291187896728516,3.966002655029297
1748974204734,5.801635437011719,5.637127532958985,3.9410046386718753
1748974204801,7.275021514892578,6.2138781738281255,0.7267387390136719
1748974204868,8.284671936035156,3.158881072998047,6.715934143066407
1748974204934,6.916067962646485,7.127578125,5.3880455017089846
1748974205001,5.999523925781251,3.5786082458496096,3.7513490295410157
1748974205067,7.445966033935547,2.6963429260253906,5.354365539550781
1748974205134,7.892637176513673,1.064735870361328,6.857539672851563
1748974205203,7.170389099121094,3.2001951599121097,7.0503387451171875
1748974205268,8.524473266601563,4.42360107421875,7.140301666259766
1748974205334,8.96455810546875,5.253026275634766,10.036778411865235
1748974205401,3.9874081420898437,1.7070501708984376,13.04612045288086
1748974205467,2.2469773864746094,1.6838484191894532,9.369017028808594
1748974205534,3.679498443603516,3.407064971923828,5.492528228759766
1748974205601,4.5319757080078125,2.5415647888183597,4.944966888427735
1748974205668,4.46671142578125,2.309696960449219,2.624791717529297
1748974205734,1.700314178466797,2.1041743469238283,3.354075164794922
1748974205801,2.0697459411621093,0.24998016357421876,8.565188598632814
1748974205868,3.1130763244628907,2.271975402832031,9.851763153076172
1748974205934,2.0845651245117187,3.1126272583007815,14.905853118896486
1748974206001,6.619235229492188,1.7405804443359376,9.230255584716797
1748974206067,5.637576599121094,1.9104771423339846,11.251951446533203
1748974206134,5.094206542968751,-1.1880793762207031,9.79128890991211
1748974206202,3.6715649414062503,0.5225633239746094,8.797505493164063
1748974206267,3.9472915649414064,2.5367747497558595,6.526727600097656
1748974206334,5.126988372802734,1.7980609130859375,5.477259979248047
1748974206402,4.540208587646484,1.3600717163085938,7.592960357666016
1748974206468,5.497318267822266,3.640279998779297,8.882678375244142
1748974206534,4.101171569824219,-2.5869204711914064,11.400891723632814
1748974206600,2.525697784423828,-1.1693682861328125,14.015055541992188
1748974206668,3.8182598876953127,-1.6212785339355469,10.844199371337892
1748974206734,3.000510406494141,-1.7110917663574219,7.970924377441406
1748974206802,3.0867311096191408,0.03382965087890625,6.129603424072266
1748974206867,4.033811645507813,0.6664141845703125,5.2751802062988284
1748974206949,5.0199609375000005,-0.6536906433105469,7.028484191894532
1748974207001,5.017416229248047,0.0676593017578125,7.994575195312501
1748974207067,6.240822143554688,-1.8844313049316408,12.289743347167969
1748974207134,8.167166290283204,-1.4247372436523438,11.86148391723633
1748974207200,9.974657592773438,-3.2886611938476564,7.090754699707031
1748974207267,8.272397460937501,-4.971012725830079,7.752229156494141
1748974207334,6.385271759033204,-2.2004241943359375,4.676275634765625
1748974207401,4.439318389892579,-0.6162684631347657,5.45151351928711
1748974207467,4.806654510498047,-0.12214599609375,5.84669174194336
1748974207534,5.8423507690429695,0.53887939453125,7.048841857910157
1748974207603,6.8545458984375,0.14654525756835937,6.276298370361329
1748974207667,6.894961853027344,1.2930111694335937,7.07773178100586
1748974207734,6.396797790527344,0.19130218505859375,8.490344238281251
1748974207803,5.684279479980469,0.001347198486328125,7.606731719970703
1748974207867,3.7375776672363283,-0.7183561706542969,9.63606170654297
1748974207934,4.196822662353516,0.3884422302246094,7.434140625
1748974208002,5.507946166992188,-0.6535409545898437,5.680986328125
1748974208068,6.383325805664063,-4.320315856933594,3.800746307373047
1748974208134,5.630541229248047,-3.7510496520996095,9.149573364257813
1748974208200,5.1626142883300785,-2.4069946289062503,9.107361145019532
1748974208268,1.8206639099121094,1.592538299560547,12.501253509521485
1748974208334,0.8767268371582032,6.148464202880859,10.627599792480469
1748974208403,2.0419038391113284,3.0993049621582034,10.127639465332031
1748974208467,3.9510337829589846,-0.4432283020019531,9.193132781982422
1748974208534,6.765331420898438,-0.3020718383789063,7.491770782470703
1748974208603,6.541097717285156,-6.76593017578125,10.132878570556642
1748974208668,7.5926609802246094,0.17962646484375,5.5853352355957036
1748974208734,7.543862457275391,-5.873486022949219,7.7901004028320315
1748974208803,6.9500473022460945,-1.2183164978027345,7.822732543945313
1748974208868,7.0539312744140625,-1.2981005859375,7.7300752258300784
1748974208934,7.32920883178711,-2.4840843200683596,7.415579223632813
1748974209003,7.255262603759766,-2.4794439697265624,6.207441558837891
1748974209068,6.283333740234375,-3.308420104980469,8.8088818359375
1748974209134,6.404431915283204,-0.580642547607422,5.394631805419922
1748974209203,5.54012924194336,-0.6044430541992187,6.519542541503907
1748974209268,5.444627838134766,-1.3464500427246096,6.848558349609375
1748974209334,7.960296478271485,3.1365774536132816,5.226681060791016
1748974209402,9.643097076416016,0.6304888916015625,7.292086029052735
1748974209467,9.11589340209961,-0.6735992431640625,5.9954823303222655
1748974209534,8.521329803466797,1.9839743041992188,2.933749237060547
1748974209603,7.605833587646485,0.641865234375,5.431455230712891
1748974209668,7.004384307861328,2.595901794433594,4.330045623779297
1748974209734,8.366701354980469,4.973407745361328,3.1759455871582034
1748974209803,6.234086151123047,3.2919543457031253,4.786895599365234
1748974209867,6.067632293701172,1.8989511108398438,5.848338317871094
1748974209934,7.617658996582032,5.03193603515625,6.653963012695312
1748974210003,7.953410797119141,4.217779083251953,1.5164964294433594
1748974210067,6.081553344726562,5.122198333740235,-0.8976832580566406
1748974210134,6.000122680664063,6.108647003173829,-0.18546432495117188
1748974210203,8.655001831054689,7.3956706237792975,-1.1413764953613281
1748974210267,8.199499053955078,6.318660278320313,3.5584002685546876
1748974210334,7.910001068115235,4.155209197998047,-1.0437794494628907
1748974210403,8.323740692138673,4.029171295166016,2.1800665283203124
1748974210468,9.39042251586914,3.3664993286132816,4.352049865722656
1748974210534,9.439520416259766,3.014880523681641,3.7377273559570314
1748974210603,7.940986633300781,5.0305888366699225,3.646417236328125
1748974210667,6.848408660888672,6.254144439697266,4.596790924072266
1748974210734,6.439758453369141,6.1328965759277345,5.307363281250001
1748974210802,6.569089508056641,5.1678533935546875,4.371060333251953
1748974210867,8.023914184570312,5.5289025878906255,5.08941650390625
1748974210934,10.317594451904297,6.047574005126953,5.361700286865235
1748974211002,8.155640258789063,5.00843490600586,3.447331237792969
1748974211068,6.156697082519532,6.751260681152344,1.3555810546875
1748974211134,5.381010131835938,5.669460296630859,1.999541931152344
1748974211202,4.554578704833984,4.844525756835938,0.49591873168945316
1748974211267,5.660478973388672,8.769813079833984,1.931283874511719
1748974211334,5.185965728759766,7.815248107910157,-3.4588572692871096
1748974211402,5.94009750366211,7.776029663085938,3.2145652770996094
1748974211467,6.42628646850586,6.910230102539063,2.9056077575683594
1748974211534,5.225034484863282,7.6824742126464844,2.578238525390625
1748974211602,5.889053649902344,5.915398864746094,0.5673202514648438
1748974211667,4.139641571044922,10.07060806274414,2.734663238525391
1748974211734,5.8140596008300784,8.384364624023437,0.9376501464843751
1748974211802,5.883066101074219,6.814878387451172,0.7179071044921875
1748974211867,5.113217010498047,7.473658447265626,1.769769744873047
1748974211956,4.839136962890625,6.1664268493652346,0.5637277221679687
1748974212000,6.070027313232422,6.836433563232422,0.09924362182617188
1748974212067,4.869673461914063,8.14201858520508,1.0365943908691406
1748974212134,5.98994384765625,7.517367553710938,2.8925848388671875
1748974212200,7.271279296875,8.085136871337891,2.411485290527344
1748974212267,6.714736633300782,8.295449523925782,3.1341824340820312
1748974212334,5.842051391601562,10.968441009521484,4.315525817871094
1748974212403,4.61759765625,9.815388793945313,2.386636962890625
1748974212467,4.473297729492188,5.925877075195313,3.907025299072266
1748974212534,6.113886108398438,5.931415557861328,3.5087036132812504
1748974212602,6.807843017578126,5.1783316040039065,3.788621520996094
1748974212667,6.295458526611329,4.930596771240235,3.0144314575195312
1748974212734,6.012546844482422,4.413422241210938,3.187321929931641
1748974212803,7.7302249145507815,7.9502673339843755,3.563190307617188
1748974212867,5.364694061279297,6.144422607421875,5.743556213378906
1748974212934,5.59281967163086,7.324867858886719,6.324647827148437
1748974213003,4.92700424194336,7.2283186340332035,6.519392852783203
1748974213068,4.489015045166016,5.688321075439453,6.379134521484375
1748974213135,4.378544769287109,4.764591979980469,5.426216125488281
1748974213201,4.77087890625,4.897066497802735,4.536765747070313
1748974213268,4.5779301452636725,4.723726959228516,5.5324951171875005
1748974213335,4.32301025390625,5.389542388916016,5.834267578125
1748974213401,4.3716590881347654,5.849535827636719,5.941594390869141
1748974213468,4.732259216308594,6.091881866455078,5.412145385742188
1748974213535,6.904841308593751,6.571035461425781,5.8228912353515625
1748974213603,4.7328579711914065,5.19000732421875,8.084238739013673
1748974213668,6.592291259765625,4.473597106933594,5.347928924560547
1748974213735,5.515280914306641,1.1112890625,5.711822204589844
1748974213803,3.4408946228027344,5.824986877441407,12.981754302978516
1748974213868,1.7989590454101563,7.099586334228516,16.263529815673827
1748974213935,1.4609619140625,2.8648924255371093,8.869954833984375
1748974214001,2.343376922607422,1.2949571228027343,5.672454071044922
1748974214068,1.3421090698242188,3.4383499145507814,7.065008239746094
1748974214135,4.984933776855469,7.452702026367188,3.339854736328125
1748974214203,4.593946838378907,2.971021728515625,8.515491943359375
1748974214268,7.202871551513672,2.968626708984375,8.159382476806641
1748974214335,2.382445678710938,4.800367584228516,11.136092376708985
1748974214403,3.5616934204101565,4.231400756835938,5.7420593261718755
1748974214468,1.7676741027832032,6.459068298339844,6.843319244384766
1748974214535,0.846639404296875,6.142476654052735,7.095095672607422
1748974214604,2.4517515563964847,2.7068211364746095,5.478457489013672
1748974214668,2.8895910644531253,1.9734960937500001,5.7649617004394536
1748974214735,3.457061004638672,3.351680145263672,6.229146423339844
1748974214803,3.6839891052246094,4.374353485107422,8.265960845947266
1748974214868,1.3296849060058595,3.2219000244140625,10.584938507080079
1748974214935,2.45489501953125,5.116510162353516,8.846753082275391
1748974215003,1.8892213439941408,2.692900085449219,14.281800842285158
1748974215068,1.8290464782714844,2.312241668701172,12.290791168212891
1748974215135,1.8101856994628907,1.9610719299316408,8.496331787109375
1748974215200,1.4226416015625,2.3809487915039065,8.547225952148438
1748974215268,1.0538085937500001,1.9806811523437502,10.20802230834961
1748974215335,1.1213182067871095,1.3395643615722657,9.753417663574218
1748974215404,1.2590318298339844,1.5196398925781252,9.011410675048829
1748974215468,1.338666229248047,2.003583526611328,9.01530258178711
1748974215535,0.3896397399902344,2.0676502990722656,10.772648162841797
1748974215601,0.29054580688476567,2.1442909240722656,9.954000549316406
1748974215668,0.2966830444335938,2.5198599243164064,9.241931304931642
1748974215735,-0.40311172485351565,2.382745056152344,9.795330505371094
1748974215803,-0.6867718505859375,3.271147613525391,9.575437774658203
1748974215868,-0.09684860229492188,3.018622741699219,8.374934234619142
1748974215935,1.6531622314453125,3.2359707641601565,8.290509796142578
1748974216001,-0.23935226440429688,2.279759216308594,11.155402221679688
1748974216068,0.8220904541015626,3.3928445434570316,8.273445281982422
1748974216135,0.3231779479980469,2.7509793090820316,7.625592498779297
1748974216202,0.12783416748046875,3.7741017150878906,10.024354248046876
1748974216268,-0.11765533447265626,2.0986358642578127,10.315648498535158
1748974216335,-2.7499314880371095,1.081201629638672,9.696236572265626
1748974216402,-2.6470953369140626,2.930456085205078,7.045698394775391
1748974216468,-1.380579071044922,2.6801765441894534,8.14920364379883
1748974216535,-1.4840139770507814,1.9934046936035157,8.534652099609376
1748974216602,-0.6036946105957032,4.095034332275391,10.098450164794922
1748974216668,-0.42870849609375,2.425556030273438,10.158325653076172
1748974216735,-0.3754193115234375,2.647694091796875,8.520281982421876
1748974216802,-1.1907737731933594,1.7738113403320312,9.990674285888673
1748974216868,-0.4004173278808594,0.4601431274414063,9.247320098876953
1748974216954,-1.5643968200683596,1.4162049865722657,14.898668060302736
1748974217001,-1.0996133422851564,1.1994557189941406,13.139376525878907
1748974217068,-0.6689588928222656,1.991159362792969,7.821535034179688
1748974217135,0.7433541870117187,3.9929466247558594,6.787784729003906
1748974217201,0.21899459838867188,1.159189453125,10.166708221435547
1748974217268,-0.26075775146484376,1.2100836181640626,9.47035629272461
1748974217335,-0.142503662109375,2.061962127685547,8.679850158691407
1748974217402,-0.6462062072753907,1.8437159729003907,9.362430725097656
1748974217467,-0.3448828125,2.868185577392578,9.318571929931641
1748974217535,-0.5357359313964845,2.647694091796875,11.122770080566406
1748974217604,1.4191987609863281,2.3812481689453127,7.920628967285157
1748974217668,1.235680389404297,2.8931835937500003,10.233170013427735
1748974217735,1.2111314392089845,3.3578173828125,10.46428939819336
1748974217803,0.5568420410156251,3.656745758056641,10.540181579589845
1748974217868,-0.21195922851562501,3.027903442382813,10.03079086303711
1748974217935,-1.178349609375,2.1938378906250002,7.624993743896485
1748974218003,-1.8146763610839844,1.2889695739746094,9.44595703125
1748974218068,-1.4174024963378906,1.9335292053222657,9.099427642822267
1748974218135,1.093176727294922,5.894592132568359,7.777676239013672
1748974218203,-0.3131488037109375,5.155878295898438,9.294472045898438
1748974218268,-0.034129028320312504,3.9556741333007817,6.831643524169922
1748974218335,-0.7747888183593751,5.528752899169922,7.808063049316407
1748974218404,-0.7590715026855469,3.400628356933594,7.24298812866211
1748974218468,-0.9150471496582032,2.9834458923339846,2.5809329223632815
1748974218535,-3.590283966064453,2.967129821777344,0.4721182250976563
1748974218603,-4.727020111083984,-0.07574249267578126,-2.6098228454589845
1748974218668,-9.960586853027344,-0.7143145751953125,2.0151095581054688
1748974218735,-17.01556594848633,-1.7024098205566407,-0.7670050048828125
1748974218803,-17.378411407470704,3.4275723266601563,-0.3059637451171875
1748974218868,-23.527474365234376,10.666967926025391,7.848029937744141
1748974218935,-21.4976953125,10.279274139404297,3.803141326904297
1748974219002,-14.286890258789063,0.40730300903320316,17.175283813476565
1748974219068,-5.397475891113282,-2.269281005859375,6.5608566284179695
1748974219135,-5.046904907226563,-1.6119978332519531,4.0989262390136725
1748974219203,-1.2916639709472657,1.462009735107422,0.006885681152343751
1748974219268,0.11091934204101563,1.7416282653808595,4.267775115966797
1748974219335,-0.46523254394531255,5.014123077392578,6.049370269775391
1748974219403,0.05164260864257813,4.289629669189454,6.899751892089844
1748974219468,-0.6143225097656251,5.865402832031251,7.780071258544922
1748974219535,-0.4912783813476563,6.410269775390625,5.745651855468751
1748974219603,-0.8174501037597657,4.9653245544433595,7.03177734375
1748974219668,-0.3339555358886719,7.602839813232422,6.586453399658203
1748974219735,-0.8104147338867188,6.6066613769531255,7.780370635986329
1748974219803,-0.039966888427734375,6.600673828125,6.09532470703125
1748974219868,-0.5307962036132813,6.600973205566406,6.6611480712890625
1748974219935,-0.4493655395507813,7.510332183837891,7.535928955078125
1748974220003,0.40311172485351565,9.513766021728516,6.703360290527344
1748974220068,-1.1054512023925782,6.884483642578125,9.384434967041017
1748974220135,-1.4964381408691407,7.117399291992188,6.864125976562501
1748974220203,-2.348616027832031,6.7386868286132815,4.670587463378906
1748974220268,-1.6389418029785157,5.1748887634277345,4.0002813720703125
1748974220335,-0.6480024719238282,4.970264282226562,0.9656419372558595
1748974220403,-1.5742762756347657,7.826325073242188,5.2138078308105476
1748974220467,-1.883533172607422,8.262218627929688,8.376281433105468
1748974220535,-1.0554551696777343,8.029602355957032,8.157586212158204
1748974220603,-1.0021659851074218,7.822433166503907,8.459208984375
1748974220668,-1.0075547790527344,6.465953979492188,7.477400665283204
1748974220735,-1.268013153076172,6.248456268310547,7.537874908447266
1748974220802,-0.11780502319335938,4.243675231933594,5.822741546630859
1748974220868,-0.11421249389648438,4.933141479492188,6.8442173767089844
1748974220935,2.167342987060547,9.97570541381836,7.997718658447266
1748974221002,-0.5813909912109375,4.956193542480469,13.918506317138673
1748974221068,0.877624969482422,10.259664916992188,8.926836547851563
1748974221135,0.35161880493164066,5.126838684082031,7.3428305053710945
1748974221202,-0.5692662048339844,5.837560729980469,5.4337005615234375
1748974221268,-0.1802252197265625,6.066135406494141,3.9535784912109375
1748974221335,0.023351440429687502,5.3934342956542976,6.0571540832519535
1748974221402,-0.3836521911621094,7.09165283203125,5.817203063964844
1748974221467,-0.16390914916992189,6.9939060974121094,7.855813751220704
1748974221535,0.10148895263671875,8.052804107666017,6.735543365478516
1748974221602,-2.1273760986328125,6.977889404296875,6.925498352050782
1748974221668,-1.535357208251953,5.830225982666016,6.346951446533203
1748974221735,-1.0726693725585938,4.636608123779297,7.227270812988282
1748974221802,-0.11481124877929688,5.353467407226563,6.955436096191407
1748974221868,-0.41433837890625,2.648442535400391,10.211764526367189
1748974221953,-0.9409432983398438,3.293750610351563,10.291997680664062
1748974222002,-0.9972262573242188,3.1404693603515628,10.76411590576172
1748974222068,-0.3632945251464844,3.4955310058593754,6.9868707275390625
1748974222135,-1.1901750183105468,3.7583843994140627,8.709787902832032
1748974222201,-1.8000068664550781,2.7152037048339843,10.65828598022461
1748974222268,-1.4376104736328126,3.999233551025391,10.566227416992188
1748974222335,-1.396146697998047,3.3419503784179687,9.107810211181642
1748974222403,-2.1514759826660157,4.236490173339844,9.522747344970703
1748974222468,-1.7100439453125,4.974156188964844,7.031627655029297
1748974222535,-1.675166473388672,5.241200866699219,6.230493621826172
1748974222603,-1.8845809936523439,4.518354034423829,7.786058807373047
1748974222668,-2.0845651245117187,5.36484375,6.9924092102050786
1748974222735,-2.831212463378906,6.356681213378907,7.975564727783204
1748974222803,-3.772754516601563,6.901548156738282,7.000342712402344
1748974222868,-4.677922210693359,6.660100250244141,6.746021575927735
1748974222935,-3.0294003295898437,4.8207252502441404,3.153043212890625
1748974223004,-2.1272264099121094,1.931433563232422,0.5046006774902344
1748974223068,-3.5366954040527347,-1.4976356506347657,-0.4537065124511719
1748974223135,-8.050858154296876,-3.0264065551757815,-1.638193359375
1748974223204,-20.484751739501956,-9.485923919677735,0.6122268676757813
1748974223268,-23.00086944580078,-5.544021148681641,-4.827161865234375
1748974223334,-15.058984680175781,2.1896466064453124,-2.889441375732422
1748974223403,-12.785811767578126,-3.355122985839844,-2.6984385681152343
1748974223468,-7.079078979492188,0.5954617309570313,-2.928659820556641
1748974223534,-10.555599517822266,-2.0543280029296875,-2.102677459716797
1748974223603,-12.381652221679689,-2.053579559326172,1.8694624328613283
1748974223668,-8.888965301513672,-2.6373655700683596,2.221230926513672
1748974223735,-8.473279724121094,-5.375321960449219,-0.5598358154296875
1748974223801,-7.50404525756836,-5.1413584899902345,-0.647852783203125
1748974223868,-6.6928820800781255,-4.39965087890625,-1.4277310180664062
1748974223935,-6.105054473876954,-4.922812957763672,-4.0284228515625005
1748974224003,-8.310268707275391,-4.796026611328125,-3.4958303833007816
1748974224068,-7.694449310302735,-3.8811291503906253,-5.27428207397461
1748974224135,-9.879305877685548,-5.452261962890625,-4.311484222412109
1748974224203,-11.585757293701173,-6.056705017089844,-2.979104919433594
1748974224268,-10.133477325439454,-2.0389100646972658,-1.6061599731445313
1748974224335,-7.4006103515625,-2.6050328063964847,-2.614313507080078
1748974224403,-6.619833984375,-1.7631834411621095,-0.195194091796875
1748974224468,-8.791817321777344,-4.854405212402344,-0.3138972473144531
1748974224535,-11.146570587158203,-3.8669087219238283,0.3351530456542969
1748974224603,-10.350975036621094,-1.024918670654297,2.3364912414550782
1748974224668,-10.217752075195312,-2.834655303955078,1.6546591186523438
1748974224735,-8.70679412841797,-3.7928128051757812,1.2395722961425781
1748974224803,-8.132588195800782,-3.4551150512695314,1.081201629638672
1748974224868,-8.598868560791017,-3.3950898742675784,1.2222084045410158
1748974224935,-10.094408569335938,-2.6276358032226566,0.852626953125
1748974225003,-9.56615707397461,-2.742147674560547,0.5300477600097656
1748974225068,-9.132957916259766,-3.1332843017578127,-0.3095562744140625
1748974225135,-9.59160415649414,-2.1417462158203127,-0.4037104797363281
1748974225203,-9.757010192871094,-2.5307872009277346,1.4861096191406251
1748974225268,-10.982661437988282,-2.4412733459472657,1.7214202880859375
1748974225335,-10.358160095214844,-1.6408877563476563,1.687291259765625
1748974225403,-10.920540618896485,-3.2757879638671876,1.3642630004882814
1748974225468,-9.198970642089844,-2.654430084228516,1.4254856872558594
1748974225535,-8.743018798828125,-3.2744407653808594,1.4250366210937502
1748974225603,-9.316027221679688,-4.248165893554687,-0.05792953491210938
1748974225668,-10.20368133544922,-3.799848175048828,-0.036374359130859374
1748974225735,-9.558672637939454,-2.408341827392578,1.4545252990722657
1748974225803,-8.559201049804688,-2.2656884765625,-1.3936019897460938
1748974225868,-9.04164779663086,-4.390220489501953,-1.0960208129882814
1748974225935,-9.176816711425781,-3.414998474121094,-0.846639404296875
1748974226001,-8.975784759521485,-3.228186950683594,-0.9883946228027344
1748974226068,-9.116641845703125,-3.6841387939453125,-1.1740086364746094
1748974226135,-8.514593811035157,-5.097649383544922,-2.4468118286132814
1748974226201,-7.907306671142578,-4.106710052490235,-1.6130456542968752
1748974226268,-9.033564605712892,-3.746409301757813,-1.5447875976562502
1748974226335,-9.37260955810547,-3.237018585205078,-1.8125807189941407
1748974226401,-9.689650268554688,-2.1344114685058595,-1.9173628234863282
1748974226467,-9.555828552246094,-1.9839743041992188,-1.4485377502441408
1748974226535,-9.097032623291016,-2.932402038574219,-1.937421112060547
1748974226602,-8.492888946533203,-1.8565892028808595,-1.1686198425292968
1748974226668,-8.452023925781251,-2.1219873046875,-1.7022601318359376
1748974226735,-11.028915252685547,-2.912194061279297,-2.0098704528808593
1748974226801,-12.783865814208985,-3.114573211669922,-0.5182223510742188
1748974226868,-9.64758773803711,-0.7583230590820312,-0.8858578491210938
1748974226951,-9.886790313720704,-3.8251455688476566,1.4124627685546876
1748974227001,-8.168513488769532,-3.7178187561035156,1.423839111328125
1748974227068,-9.380393371582032,-2.551593933105469,-0.5646258544921875
1748974227135,-9.042246551513673,-1.9106268310546877,0.36119888305664066
1748974227201,-8.374485168457031,-3.587589569091797,-0.6327342224121094
1748974227268,-7.847281494140625,-3.8923558044433597,-0.7093748474121094
1748974227335,-8.758736114501954,-3.605402526855469,-0.681383056640625
1748974227404,-10.515333251953125,-3.9751336669921877,0.06661148071289062
1748974227467,-10.640622711181642,-3.6278558349609376,0.12244537353515626
1748974227535,-12.345277862548828,-0.29054580688476567,-0.047151947021484376
1748974227601,-11.00706069946289,-0.36598892211914064,0.6734495544433594
1748974227668,-9.404642944335938,-1.7357904052734376,0.14609619140625002
1748974227735,-8.421188049316406,-1.6916322326660158,0.27722351074218754
1748974227804,-8.585695953369141,-4.008364562988281,0.27228378295898437
1748974227868,-7.812404022216797,-5.847889251708985,-0.6230044555664063
1748974227934,-10.159972229003907,-5.685476989746094,-0.7590715026855469
1748974228004,-8.547076263427735,-5.605393524169922,-2.9702732849121096
1748974228068,-7.36992416381836,-5.515280914306641,-4.130360870361328
1748974228135,-9.152417449951173,-4.5075764465332036,-3.416495361328125
1748974228203,-9.781858520507813,-4.715344390869141,-1.5869998168945314
1748974228268,-8.116870880126953,-4.975503387451172,-2.2171893310546875
1748974228335,-7.761060791015625,-6.030210113525391,-2.082619171142578
1748974228403,-4.618196411132812,-5.624853057861328,-2.745590515136719
1748974228468,-6.596482543945313,-6.586004333496094,-2.629581756591797
1748974228535,-7.241640930175782,-4.590953063964844,-4.385131072998047
1748974228603,-8.335266723632813,-4.308939514160157,-3.621119842529297
1748974228668,-9.417516174316408,-4.882397003173828,-3.306174774169922
1748974228735,-10.28316604614258,-3.3247361755371094,-2.8325596618652344
1748974228803,-9.286538543701173,-1.5408956909179687,-3.2585737609863283
1748974228868,-7.967182159423828,-3.333418121337891,-2.3869363403320314
1748974228935,-6.624773712158204,-3.0725106811523437,-4.022435302734375
1748974229002,-9.828711090087891,-5.083129577636719,-1.9860699462890625
1748974229068,-8.596772918701172,-2.817740478515625,-2.812800750732422
1748974229135,-6.817572784423828,-3.350482635498047,-4.302502899169922
1748974229203,-9.827513580322266,-3.5618431091308596,-2.4478596496582035
1748974229268,-9.08715316772461,-1.8514997863769531,-2.369572448730469
1748974229335,-9.113797760009765,-3.710933074951172,-0.5322930908203125
1748974229403,-8.373587036132813,-3.8107754516601564,-1.3906082153320314
1748974229467,-8.041876831054688,-2.8684849548339844,-0.35296600341796874
1748974229535,-11.188034362792969,-7.351362762451172,-1.387913818359375
1748974229603,-10.037676544189454,-5.179080047607422,-1.3741424560546875
1748974229668,-8.953630828857422,-1.4513818359375001,0.324525146484375
1748974229735,-8.538544006347657,-4.307442626953125,-0.4390370178222657
1748974229803,-8.381071472167969,-4.310735778808594,1.077609100341797
1748974229868,-10.058183898925781,-5.446274414062501,0.3514691162109375
1748974229935,-9.421857147216798,-2.950963439941406,1.0036628723144532
1748974230003,-9.770482177734376,-1.1702664184570313,-1.227297821044922
1748974230068,-8.768914947509765,-4.289180603027344,-2.7131080627441406
1748974230135,-6.355633392333985,-1.845063171386719,-3.742966461181641
1748974230203,-10.740614776611329,-4.442461853027344,-4.758454742431641
1748974230268,-12.007580108642578,-4.173620910644532,-3.2180081176757813
1748974230335,-9.193132781982422,-2.5671615600585938,-3.7351826477050785
1748974230403,-7.454797668457032,-1.4343173217773437,-1.6374449157714845
1748974230468,-6.6225283813476565,-2.312541046142578,-1.47772705078125
1748974230535,-7.791297912597656,-3.2915052795410156,-3.580254821777344
1748974230603,-9.290280761718751,-1.1439212036132813,-3.6046540832519534
1748974230668,-10.616223449707032,-1.6714242553710938,-2.071542205810547
1748974230735,-8.890611877441406,-2.394720153808594,-2.7737319946289065
1748974230802,-10.268795928955079,-3.745960235595703,-3.7446130371093753
1748974230868,-10.66936294555664,-3.4187406921386723,-3.081192626953125
1748974230935,-7.235054626464844,-0.47690826416015625,-2.027384033203125
1748974231002,-7.902965698242188,-2.779270477294922,-3.7953575134277346
1748974231068,-8.413404235839844,-2.927761688232422,-3.514242095947266
1748974231135,-9.177415466308593,-3.241209869384766,-2.077529754638672
1748974231201,-8.290809173583984,-6.113736419677735,-1.154549102783203
1748974231268,-10.066416778564454,-5.733377380371094,-1.9079324340820314
1748974231335,-10.168205108642578,-3.201093292236328,-1.673819274902344
1748974231401,-8.328979797363282,-0.7680528259277344,-1.1837384033203127
1748974231467,-12.670551452636719,-3.3685949707031253,-3.2961456298828127
1748974231535,-10.167007598876953,-1.5715818786621094,-1.2750485229492188
1748974231602,-8.335266723632813,-1.2302915954589844,-2.8506719970703127
1748974231668,-8.450826416015625,-2.269430694580078,-2.942131805419922
1748974231735,-8.591084747314454,-2.3043081665039065,-3.084635467529297
1748974231802,-8.602161712646485,-2.378553771972656,-3.1989976501464845
1748974231868,-8.553512878417969,-3.3015344238281252,-3.398233337402344
1748974231954,-7.41542953491211,-1.5943345642089846,-3.0133836364746096
1748974232001,-7.900271301269532,-2.564766540527344,-3.340453491210938
1748974232068,-7.649393005371095,-1.5572117614746095,-2.3381378173828127
1748974232135,-9.100774841308594,-3.410208435058594,-2.005529479980469
1748974232201,-11.451336822509766,-5.773793334960938,-3.7628750610351562
1748974232268,-12.898826751708985,-6.944209442138672,-4.176015930175781
1748974232335,-12.908855895996094,-7.995323638916016,-3.96854736328125
1748974232404,-10.248587951660157,-4.070934448242188,-2.7764263916015626
1748974232467,-9.162147216796875,-1.93278076171875,-1.9273919677734377
1748974232535,-8.302784271240235,-4.549189910888672,-1.3317805480957032
1748974232603,-7.804919586181641,-0.8086184692382813,-0.810714111328125
1748974232668,-8.335865478515625,-1.3022918701171875,-1.034498748779297
1748974232735,-8.072413330078126,-0.7640112304687501,-0.24384292602539065
1748974232804,-8.3490380859375,-1.0603948974609376,-0.7241940307617187
1748974232868,-8.78627883911133,-3.0608349609375,-1.5822097778320314
1748974232935,-9.563163299560548,-2.5259971618652344,-0.3779640197753906
1748974233003,-11.263327789306642,-4.482877807617188,-1.5069163513183594
1748974233068,-12.006382598876954,-5.5420751953125,-1.4808705139160157
1748974233135,-11.389515380859375,-5.407654724121094,-1.6395405578613282
1748974233203,-11.58186538696289,-5.152435455322266,-2.507435760498047
1748974233268,-5.918392639160157,-1.5856526184082032,-3.0398785400390627
1748974233335,-7.669451293945313,-8.85723129272461,-2.4770489501953126
1748974233403,-9.15660873413086,-5.291496276855469,-0.9229806518554688
1748974233467,-6.426436157226563,-5.335654449462891,-1.7419276428222656
1748974233535,-6.419849853515625,-3.5401382446289062,1.6090040588378907
1748974233603,-7.301217041015625,-2.950514373779297,0.31763946533203125
1748974233668,-8.029901733398438,-5.85866683959961,-1.0984158325195312
1748974233735,-8.862919464111329,-6.773414611816406,-0.42421783447265626
1748974233803,-9.860894165039063,-10.189460906982422,-0.1922003173828125
1748974233868,-13.053754577636719,-12.087364196777344,-1.622476043701172
1748974233935,-9.079219665527344,-8.077802124023439,0.19130218505859375
1748974234003,-5.102439422607422,-5.039719848632813,0.4547543334960938
1748974234068,-4.2046064758300785,-7.601193237304688,-0.2616558837890625
1748974234135,-3.480113067626953,-7.954458618164063,0.8053253173828125
1748974234203,-4.7241760253906255,-7.893385620117188,-0.05957611083984375
1748974234268,-3.7112324523925784,-7.27846435546875,-1.039588165283203
1748974234335,-3.414100341796875,-5.020709381103516,0.5703140258789062
1748974234403,-3.593427429199219,-5.880820770263672,-0.11660751342773439
1748974234467,-5.193899230957031,-8.749156036376954,0.06197113037109375
1748974234535,-5.028193817138672,-10.90781707763672,0.2664459228515625
1748974234603,-7.034022674560547,-13.436358947753908,1.1850856018066407
1748974234668,-5.943540344238282,-9.322014770507813,1.6697776794433594
1748974234735,-3.527414703369141,-5.69101547241211,0.8071215820312501
1748974234803,0.4891827392578125,-8.83807113647461,2.6402096557617187
1748974234868,-1.6851956176757814,-6.041137390136719,-1.6687298583984376
1748974234935,-2.884801025390625,-9.794582061767578,2.278711395263672
1748974235003,-4.6271777343750005,-8.977730712890626,0.6860234069824219
1748974235068,-3.9366636657714844,-6.950496368408204,-1.0283615112304687
1748974235135,-4.990621948242188,-6.327342224121094,-0.4878355407714844
1748974235201,-4.587210845947266,-5.915249176025391,0.36598892211914064
1748974235268,-6.214626617431641,-6.988217926025391,0.22288650512695313
1748974235335,-6.128555603027344,-8.663833465576172,1.2792398071289064
1748974235402,-7.473808135986329,-9.418563995361328,1.665586395263672
1748974235467,-7.186705169677735,-7.154073028564453,1.4829661560058593
1748974235535,-9.80281494140625,-6.982080688476563,1.0454260253906251
1748974235601,-9.305998077392578,-6.1716659545898445,1.453627166748047
1748974235668,-8.51384536743164,-6.9042425537109375,1.653760986328125
1748974235735,-7.298223266601563,-6.234535217285156,1.119521942138672
1748974235802,-7.268135833740235,-5.7432568359375,0.5752537536621094
1748974235868,-7.368427276611328,-3.9936950683593753,0.18082397460937502
1748974235935,-7.828271026611328,-3.922443237304688,0.5297483825683594
1748974236002,-8.191565551757813,-4.909939727783203,-0.651295623779297
1748974236068,-9.974358215332032,-5.553750915527344,-5.350773010253906
1748974236135,-10.755134582519531,-3.3594639587402346,-2.7331663513183595
1748974236202,-9.888885955810547,-0.9062155151367188,-2.885699157714844
1748974236268,-9.866881713867189,-1.646575927734375,-2.9115953063964843
1748974236335,-9.662406921386719,-2.270328826904297,-1.5088623046875
1748974236402,-9.337283020019532,-2.6695486450195314,-1.2329859924316406
1748974236467,-9.268126831054689,-2.3005659484863283,-1.509910125732422
1748974236535,-9.243128814697267,-2.8596533203125003,-1.876497802734375
1748974236603,-9.62558349609375,-3.243904266357422,-1.6137940979003906
1748974236668,-9.397308197021484,-2.056872711181641,-2.2465283203125
1748974236735,-9.529633026123047,-2.7211912536621097,-1.0653346252441407
1748974236801,-9.48667236328125,-1.7459692382812502,-0.3143463134765625
1748974236868,-9.251212005615235,-1.4296769714355468,-1.0126441955566408
1748974236952,-9.948013000488281,-2.1875509643554687,-0.36239639282226566
1748974237001,-10.363698577880859,-2.3209236145019534,-0.5538482666015625
1748974237068,-10.12374755859375,-1.8015037536621095,-0.4547543334960938
1748974237135,-9.65043182373047,-0.2567161560058594,-0.6831793212890626
1748974237201,-9.6040283203125,-0.9735754394531251,-1.1225157165527344
1748974237268,-9.496102752685548,-0.2760260009765625,-1.3659095764160156
1748974237335,-9.436975708007813,-0.51013916015625,-1.2136761474609377
1748974237403,-10.064171447753907,-0.48693740844726563,-1.803300018310547
1748974237467,-10.847342834472657,0.45804748535156253,-1.3079800415039062
1748974237535,-10.08542724609375,0.2561174011230469,-2.061812438964844
1748974237603,-10.058632965087892,0.3435356140136719,-2.008074188232422
1748974237668,-9.715396728515625,-0.34278717041015627,-1.7652790832519532
1748974237734,-9.372310180664064,-0.44307861328125003,-1.0689271545410157
1748974237803,-8.83612518310547,-0.038470001220703126,-1.584155731201172
1748974237868,-8.586444396972656,0.7282356262207031,-2.153272247314453
1748974237935,-7.315587158203125,1.1990066528320313,-1.4714401245117188
1748974238004,-7.541317749023438,0.9773176574707032,-1.0621911621093751
1748974238068,-8.095615081787109,0.4044589233398438,-1.4248869323730469
1748974238135,-10.260263671875,0.5975573730468751,-1.7006135559082032
1748974238203,-13.33591781616211,-1.8503022766113282,-1.4187496948242189
1748974238268,-13.22095687866211,-0.4378395080566406,-0.8629554748535156
1748974238335,-9.968819732666017,-0.19923568725585938,-0.41314086914062503
1748974238403,-9.22696243286133,-1.1832893371582032,-1.7107923889160157
1748974238468,-8.855734405517579,-2.19144287109375,-1.1717633056640626
1748974238535,-8.606203308105469,-2.6957441711425782,0.07095245361328126
1748974238603,-9.002279663085938,-1.9360739135742189,-0.44083328247070314
1748974238668,-9.462871856689453,-1.9296372985839845,-0.08277786254882813
1748974238735,-9.331145782470704,-1.7762063598632813,0.044307861328125
1748974238802,-9.282646636962891,-1.1061996459960939,-0.18157241821289063
1748974238868,-9.442214813232422,-1.4641053771972656,0.11061996459960938
1748974238935,-9.893376617431642,-0.7702981567382813,0.2597099304199219
1748974239002,-9.84592529296875,-0.6828799438476563,-0.8547225952148438
1748974239068,-11.06738525390625,0.21121078491210937,-0.5110372924804688
1748974239135,-11.391311645507812,0.030237121582031252,0.17947677612304688
1748974239203,-11.34326156616211,-1.876348114013672,0.6676116943359376
1748974239268,-11.113938446044923,-0.6258485412597656,-0.6001020812988281
1748974239335,-11.600277099609375,-0.17154327392578125,0.14130615234375002
1748974239404,-10.39767791748047,-0.8180488586425781,0.3703298950195313
1748974239467,-9.767189025878906,-1.7726138305664063,0.8472381591796876
1748974239535,-8.849148101806641,-1.2217593383789063,0.15597564697265626
1748974239603,-8.064629516601563,-0.9440867614746095,-0.9300160217285157
1748974239668,-8.302035827636718,-0.3249742126464844,-0.8384065246582032
1748974239735,-8.748706970214844,0.13965957641601562,-0.8241860961914063
1748974239803,-10.058483276367188,1.0582992553710937,-1.442849578857422
1748974239868,-12.169992370605469,0.04954696655273438,-1.1160791015625
1748974239935,-10.59362045288086,0.6529421997070313,-1.135089569091797
1748974240003,-9.505982208251954,0.833466796875,0.243094482421875
1748974240068,-8.213869171142578,0.9882449340820313,0.017812957763671877
1748974240135,-9.214837646484375,1.0457254028320313,0.2935395812988281
1748974240203,-9.415420532226562,2.1477337646484376,0.9542655944824219
1748974240268,-8.804840240478516,2.688409423828125,0.34623001098632816
1748974240335,-9.52499267578125,2.465223541259766,0.5252577209472656
1748974240403,-10.053094482421875,3.0801448059082035,0.21525238037109376
1748974240467,-9.36063446044922,1.568588104248047,0.6735992431640625
1748974240535,-8.478967895507813,2.082170104980469,0.9645941162109376
1748974240603,-9.0388037109375,0.9791139221191407,1.4016851806640627
1748974240668,-10.328970794677735,-0.9231303405761719,2.8229795837402345
1748974240735,-9.700427856445312,-0.025896148681640627,3.017574920654297
1748974240801,-10.982960815429688,-2.4959097290039063,2.2279669189453126
1748974240868,-10.254874877929687,-1.531614990234375,3.0886770629882814
1748974240935,-9.154064025878906,-1.7049545288085939,2.5243505859375
1748974241002,-9.643845520019532,-1.6995657348632813,3.094365234375
1748974241068,-8.912616119384767,-0.9324110412597657,3.4447865295410156
1748974241134,-10.536589050292969,-1.776954803466797,6.941664733886719
1748974241201,-8.184081115722657,0.7213499450683594,5.332061920166016
1748974241268,-6.590195617675781,1.581760711669922,7.683072967529298
1748974241334,-3.3570689392089847,0.2893482971191406,11.89651107788086
1748974241403,-2.0733384704589843,-0.7234455871582032,9.710157623291016
1748974241468,0.124541015625,-0.7011419677734375,9.511221313476563
1748974241535,1.1380833435058595,0.6484515380859376,6.063441009521485
1748974241602,0.2225871276855469,-0.6381230163574219,9.693841552734375
1748974241668,-6.170468444824219,6.929839324951172,13.217214660644531
1748974241735,1.2502001953125002,0.8036787414550781,7.984396362304688
1748974241801,-1.7118402099609376,3.3843122863769532,10.986253967285156
1748974241868,-1.5982264709472658,2.830763397216797,9.356742553710937
1748974241952,-0.5164260864257812,1.9425105285644533,7.706873474121094
1748974242001,-0.4704716491699219,2.912044372558594,8.959917755126954
1748974242068,-0.44457550048828126,4.782404937744141,9.170080718994141
1748974242134,0.2029779052734375,3.8649627685546877,8.582552490234375
1748974242201,0.4429289245605469,4.486470336914063,7.248227233886719
1748974242268,0.25462051391601564,4.773872680664063,9.191785583496094
1748974242335,-0.002245330810546875,5.316943359375,8.781488800048828
1748974242404,-0.32871643066406253,5.101092224121094,7.598798217773438
1748974242468,-0.6716532897949219,5.382956085205079,7.345973968505859
1748974242535,-1.0005194091796876,5.664969635009766,6.859186248779297
1748974242604,-0.7461982727050782,4.992418212890625,6.874005432128906
1748974242668,-0.7707472229003907,4.566853179931641,8.391998748779297
1748974242735,-1.0024653625488282,5.654491424560547,7.329957275390625
1748974242804,-0.7530839538574219,6.024671630859375,7.756121063232422
1748974242868,-0.9728269958496094,5.874234466552735,7.727680206298828
1748974242935,-0.6581813049316406,5.388494567871094,6.835685119628907
1748974243004,0.11076965332031251,5.266647949218751,7.188651123046875
1748974243068,0.3531156921386719,5.564528503417969,8.754844207763671
1748974243134,0.9978250122070313,5.001698913574219,8.386460266113282
1748974243203,-0.08577163696289063,5.355113983154297,8.8472021484375
1748974243268,0.5821394348144532,4.713099060058594,9.409882049560547
1748974243334,-0.2992277526855469,4.2926234436035156,9.190737762451173
1748974243401,-0.8171507263183594,4.330494689941406,8.609346771240235
1748974243468,-0.918340301513672,4.1393421936035155,8.456514587402344
1748974243535,-0.5571414184570312,3.3961376953125,9.025631103515625
1748974243603,-0.6930587768554688,3.1416668701171875,8.84525619506836
1748974243668,-1.0124945068359374,3.199596405029297,9.357191619873047
1748974243735,-0.7096742248535156,3.337010650634766,9.535919952392579
1748974243802,-0.4495152282714844,2.8066635131835938,9.29986083984375
1748974243868,-0.3550616455078125,2.758613433837891,9.885443115234375
1748974243935,-1.2771441650390625,3.527714080810547,9.409283294677735
1748974244003,-0.7008425903320313,3.3762290954589846,10.470276947021485
1748974244068,-1.2469070434570313,4.481979675292969,9.500144348144532
1748974244134,-0.9839039611816407,4.229903869628907,8.416248321533203
1748974244201,-0.643062744140625,3.391197967529297,8.433761901855469
1748974244268,-2.6902056884765626,5.0392707824707035,7.486082611083985
1748974244334,-0.29309051513671874,3.708538055419922,7.779771881103516
1748974244403,-0.3531156921386719,3.8778359985351565,10.580896911621094
1748974244467,-1.071471862792969,3.557352447509766,8.25563232421875
1748974244535,0.16929794311523438,1.5269746398925783,8.515791320800782
1748974244603,-1.308728485107422,2.607876892089844,9.237141265869141
1748974244668,-2.85486328125,3.719165954589844,8.331823883056641
1748974244735,-1.9004479980468751,4.44276123046875,9.243577880859375
1748974244803,-0.3932322692871094,4.733157348632813,9.006920013427735
1748974244868,-0.7822732543945313,4.490212554931641,7.924670562744141
1748974244935,-0.8482859802246094,4.555027770996094,7.943830718994141
1748974245003,-1.6449293518066408,4.127516784667969,7.474107513427735
1748974245068,-1.4597644042968752,4.153712310791016,7.892936553955079
1748974245134,-0.4183799743652344,4.257147216796875,8.058641967773438
1748974245203,-0.4221221923828125,5.4371434020996094,9.164542236328126
1748974245268,-1.9276913452148439,4.776716766357422,8.860973510742188
1748974245334,-1.2207115173339844,4.014202423095703,8.79211669921875
1748974245402,-1.332828369140625,4.434528350830078,9.624984741210938
1748974245468,-0.5291496276855469,3.9821690368652347,8.492589569091797
1748974245535,-2.0553758239746096,3.5022669982910157,7.415279846191407
1748974245601,-0.6523434448242188,3.590882720947266,7.741002502441407
1748974245668,0.6382727050781251,4.522695007324219,9.091344451904297
1748974245735,1.6193325805664063,3.6607873535156252,9.271719360351563
1748974245802,-0.14669494628906252,3.5172358703613282,9.762698364257814
1748974245868,0.23231689453125,3.2144155883789063,10.601104888916016
1748974245935,2.070344696044922,4.037553863525391,9.187145233154297
1748974246001,1.5440391540527345,4.004322967529297,7.322921905517578
1748974246068,0.6592291259765626,4.405488739013672,8.192463684082032
1748974246134,0.018411712646484377,4.4387196350097655,7.629933471679688
1748974246202,-0.35326538085937503,5.686973876953125,8.024213562011719
1748974246268,2.1372555541992186,3.8907092285156253,11.451935577392579
1748974246334,1.124611358642578,2.9035121154785157,10.091863861083985
1748974246402,0.019609222412109377,3.9366636657714844,9.07996810913086
1748974246468,1.0816506958007812,3.6657270812988285,7.524552612304688
1748974246535,1.5913407897949219,3.7244050598144534,7.310797119140625
1748974246602,2.8166926574707034,4.504432983398438,8.036937103271486
1748974246668,2.072590026855469,4.273612976074219,7.099586334228516
1748974246735,6.852001190185547,4.608017578125001,7.967631225585938
1748974246801,4.214036865234375,6.057752838134766,9.016051025390626
1748974246868,3.1199620056152346,3.782484283447266,3.506607971191406
1748974246957,3.2876133728027344,5.987698516845703,7.646399230957032
1748974247001,3.2263906860351566,3.6010615539550783,7.084018707275391
1748974247068,1.7588424682617188,5.895639953613282,5.41319320678711
1748974247135,1.018032989501953,9.426946563720703,8.997040557861329
1748974247201,1.96152099609375,9.096284179687501,8.733438720703125
1748974247268,2.5837770080566407,11.654763793945314,1.7916242980957031
1748974247335,0.9153465270996094,6.197412414550781,7.425907745361329
1748974247404,0.6463558959960938,6.566544799804688,5.827232208251953
1748974247467,0.12469070434570313,6.649322662353516,6.038143615722657
1748974247535,-1.2216096496582032,10.734028472900391,7.527247009277344
1748974247603,-0.29294082641601565,5.353168029785157,8.814270629882813
1748974247668,0.34084121704101566,3.39374267578125,7.56392074584961
1748974247735,-3.4709820556640625,8.204588470458985,6.5080165100097656
1748974247804,-0.41269180297851565,6.422693939208985,6.215973815917969
1748974247868,0.27198440551757813,6.252797241210938,6.491101684570313
1748974247935,-0.2640509033203125,6.212530975341797,4.339476013183594
1748974248005,-3.177592163085938,8.440497894287109,4.388274536132813
1748974248068,-1.8185682678222657,7.908653869628907,7.769593048095704
1748974248134,-4.211342468261719,8.201445007324219,7.169640655517578
1748974248204,-3.176843719482422,7.130721588134766,7.910599822998047
1748974248268,-1.2838801574707033,8.01508255004883,7.255112915039063
1748974248334,-2.193538513183594,6.810238037109375,6.525230712890625
1748974248403,-1.7066011047363283,5.281167755126954,6.769971771240234
1748974248468,-2.8060647583007814,4.704117736816406,6.762786712646485
1748974248535,-2.113305358886719,6.0162890625,7.992329864501953
1748974248604,-0.27078689575195314,5.486241302490234,7.555538177490234
1748974248668,-0.6261479187011719,5.373376007080078,8.05968978881836
1748974248735,-1.0958711242675783,5.496869201660156,8.749605102539062
1748974248803,-0.8720864868164063,5.928122406005859,8.815468139648438
1748974248869,-1.3801300048828127,6.106850738525391,8.05639663696289
1748974248935,-1.7094451904296877,6.384223937988281,5.2546728515625
1748974249003,-2.4803421020507814,5.617817687988282,7.086264038085938
1748974249068,-0.7503895568847657,5.8721388244628905,8.301437072753906
1748974249135,-0.8626560974121095,6.626420288085938,7.1525761413574225
1748974249203,-0.19579284667968752,5.902525634765626,8.092022552490235
1748974249268,0.02245330810546875,6.339766387939453,8.498577117919922
1748974249335,0.6953041076660157,5.623655548095703,6.5484324645996095
1748974249401,1.6245716857910157,6.673422546386719,4.534071350097657
1748974249468,0.8390052795410157,5.887706451416016,7.707472229003907
1748974249535,2.4016058349609377,6.362070007324219,8.275989990234375
1748974249603,3.5890864562988285,6.755751342773438,5.831573181152344
1748974249668,-1.7959652709960938,5.255720672607422,10.480904846191407
1748974249735,1.6628919982910157,2.023641815185547,5.056634674072266
1748974249801,-0.7523355102539063,0.5156776428222657,9.048982543945312
1748974249868,-0.5104385375976562,3.477119293212891,7.503296813964844
1748974249935,-2.013163604736328,0.5342390441894531,10.509046325683594
1748974250004,-1.5618521118164064,-0.9714797973632813,10.002948760986328
1748974250068,-4.62044174194336,-2.6502388000488284,9.239087219238282
1748974250135,-4.312831420898438,-2.0944445800781253,10.622210998535158
1748974250203,-4.743785247802735,-10.860964508056641,8.91575958251953
1748974250268,-6.144422607421875,-2.2405407714843752,10.050100708007813
1748974250335,-2.515668640136719,0.27033782958984376,8.039032745361329
1748974250402,-5.774691467285156,0.6667135620117188,7.960745544433594
1748974250468,-4.075574798583984,-0.7828720092773438,8.803193664550781
1748974250535,-2.4565415954589844,-0.2417472839355469,6.710844726562501
1748974250604,-1.2940589904785156,1.6283139038085939,12.04545135498047
1748974250668,0.7162605285644532,2.928659820556641,5.769751739501953
1748974250735,3.333717498779297,3.8721478271484377,7.843239898681641
1748974250802,7.802075500488281,3.7027001953125,6.6981211853027345
1748974250868,6.375691680908203,3.2659085083007815,18.724861450195313
1748974250935,4.800217895507813,4.158502349853515,9.79892303466797
1748974251002,4.250860290527344,2.8533663940429688,7.162754974365234
1748974251068,5.051844635009766,1.1415261840820312,10.273885345458984
1748974251135,2.1787193298339846,3.0552964782714844,9.655521240234375
1748974251202,3.2130683898925785,1.1198213195800781,11.792327728271484
1748974251268,-4.466262359619141,3.500021667480469,6.905140686035157
1748974251335,-0.13906082153320312,0.18426681518554688,6.96277084350586
1748974251402,-0.6732998657226563,0.7948471069335938,6.720724182128906
1748974251468,2.495760040283203,2.3444247436523438,8.568930816650392
1748974251535,-1.8684146118164064,2.332299957275391,11.380833435058594
1748974251602,1.1505075073242188,1.4530284118652343,8.864116973876953
1748974251668,0.7711962890625,1.4015354919433594,9.800719299316407
1748974251735,1.0359956359863283,1.8254539489746096,10.225236511230468
1748974251802,1.0972183227539063,1.3187576293945313,9.254954223632813
1748974251868,0.9301657104492188,1.268162841796875,9.645492095947267
1748974251952,1.1431727600097656,1.2452604675292969,9.38608154296875
1748974252002,0.9057664489746095,1.4985337829589844,9.674681396484376
1748974252068,1.1798464965820312,1.2937596130371094,9.581575012207031
1748974252135,1.0220745849609376,1.4100677490234377,9.37934555053711
1748974252201,0.961600341796875,1.1834390258789063,9.705068206787109
1748974252268,1.0918295288085937,1.3009446716308595,9.529633026123047
1748974252335,1.1358380126953125,1.2310400390625,9.626930694580079
1748974252403,1.1549981689453126,1.0568023681640626,9.760752410888673
1748974252468,1.172362060546875,1.4013858032226563,9.464069366455078
1748974252535,1.097966766357422,1.4097683715820313,9.582173767089845
1748974252603,1.3413606262207032,1.1153306579589843,9.57723403930664
1748974252668,1.2900173950195313,1.2876223754882814,9.436676330566407
1748974252735,1.337618408203125,1.3865666198730469,9.61645248413086
1748974252803,1.3406121826171875,1.205892333984375,9.624086608886719
1748974252868,1.1515553283691407,1.311123504638672,9.52349578857422
1748974252935,1.1900253295898438,1.1762539672851564,9.593101043701173
1748974253003,1.285975799560547,1.1030561828613281,9.364676055908204
1748974253068,1.2982502746582032,1.2499008178710938,9.700727233886719
1748974253135,1.2323872375488283,1.2849279785156251,9.905950469970703
1748974253203,1.2799882507324218,1.1219169616699218,9.3549462890625
1748974253268,1.1870315551757813,1.3593232727050781,9.467212829589844
1748974253335,1.2989987182617189,1.1868818664550782,9.612261199951172
1748974253403,1.3650114440917969,1.2576846313476564,9.507179718017579
1748974253468,1.2078382873535156,1.350791015625,9.707912292480469
1748974253535,1.2531939697265626,1.0436297607421876,9.701475677490235
1748974253603,1.2247531127929687,1.00351318359375,9.373807067871095
1748974253669,1.2504995727539063,1.3942007446289064,9.668843536376954
1748974253735,1.3455519104003908,1.0949729919433595,9.53502182006836
1748974253802,1.2419673156738282,1.4403048706054689,9.548493804931642
1748974253869,1.1214678955078126,1.3482463073730468,9.747579803466797
1748974253935,1.2826826477050781,1.0014175415039064,9.372010803222656
1748974254002,1.235680389404297,1.2434642028808593,9.51196975708008
1748974254068,1.412911834716797,1.0888357543945313,9.716444549560547
1748974254135,1.1270063781738282,1.1784992980957032,9.568851470947266
1748974254202,1.173409881591797,1.3736933898925783,9.674082641601563
1748974254268,1.2157717895507814,0.97477294921875,9.471553802490234
1748974254335,1.206042022705078,1.3615686035156251,9.373208312988282
1748974254402,1.3552816772460938,1.3838722229003908,9.679321746826172
1748974254468,1.1419752502441407,1.1403286743164063,9.565857696533204
1748974254535,1.1059002685546875,1.303938446044922,9.567354583740235
1748974254603,1.2368778991699219,0.9502239990234376,9.264234924316407
1748974254669,1.0958711242675783,1.1741583251953125,9.186097412109376
1748974254735,1.172362060546875,1.249002685546875,9.7956298828125
1748974254803,1.2379257202148437,1.5798147583007813,9.755662994384766
1748974254868,1.0328521728515625,0.9827064514160156,9.374106445312501
1748974254935,1.086141357421875,1.1840377807617188,9.425000610351564
1748974255003,1.1725117492675783,1.031055908203125,9.775122528076173
1748974255069,1.0443782043457033,1.2826826477050781,9.48667236328125
1748974255135,0.9851014709472656,0.9909393310546876,9.674831085205078
1748974255202,0.7668553161621094,1.0410850524902344,9.235345001220704
1748974255269,1.2617262268066407,1.0186317443847657,9.616751861572267
1748974255335,0.909957733154297,1.311123504638672,9.716294860839843
1748974255401,0.6361770629882812,0.93166259765625,9.716743927001954
1748974255468,0.48154861450195313,1.0841954040527344,9.785151672363282
1748974255535,0.5318440246582031,0.9427395629882813,9.368418273925782
1748974255601,0.9370513916015626,0.6259982299804688,9.53891372680664
1748974255668,0.5056484985351563,0.6815327453613281,9.788744201660156
1748974255735,0.3339555358886719,1.09452392578125,9.879754943847656
1748974255802,0.6506968688964844,0.7894583129882813,9.784403228759766
1748974255868,0.36284545898437504,0.49097900390625004,9.531578979492188
1748974255935,0.06960525512695313,0.22647903442382813,9.742640075683594
1748974256002,1.0648855590820312,0.6147715759277345,9.990674285888673
1748974256069,1.0976673889160158,0.6409671020507813,10.415041809082032
1748974256135,0.9702822875976563,-0.039218444824218754,9.467811584472656
1748974256202,0.7937992858886719,-0.11795471191406251,10.098001098632812
1748974256268,1.1656260681152344,-0.2667453002929688,9.979447631835939
1748974256335,1.4061758422851562,-0.12723541259765625,9.552834777832032
1748974256402,1.0353968811035157,-0.32901580810546877,9.436376953125
1748974256468,1.0425819396972658,0.44083328247070314,9.739646301269532
1748974256535,0.8472381591796876,0.0005987548828125,9.335486755371095
1748974256602,0.6074368286132813,-0.7500901794433594,10.510842590332032
1748974256668,0.6517446899414063,-0.6553372192382813,9.43967010498047
1748974256735,0.3357518005371094,-0.9868977355957032,9.884095916748047
1748974256802,0.5120851135253907,-0.5995033264160157,9.931397552490235
1748974256868,0.5409750366210938,-1.0151889038085937,9.700427856445312
1748974256959,0.8747808837890625,-0.5086422729492188,9.82676513671875
1748974257001,0.7129673767089844,-0.6915618896484376,9.916428680419923
1748974257069,0.44203079223632813,-0.5746549987792969,9.826166381835938
1748974257135,0.5116360473632813,-0.7390132141113281,9.7716796875
1748974257201,0.5888754272460938,-0.3945794677734375,9.376651153564454
1748974257269,0.1790277099609375,-1.1047027587890625,9.423054656982423
1748974257335,0.5138813781738282,-0.06556365966796876,10.398426361083985
1748974257403,0.5586383056640625,-0.7129673767089844,9.676777038574219
1748974257468,0.24758514404296877,-0.6403683471679688,9.503587188720704
1748974257535,0.17483642578125,-0.8666976928710938,9.955647125244141
1748974257604,0.3782633972167969,-0.7668553161621094,9.694889373779297
1748974257668,0.310155029296875,-0.880169677734375,9.567803649902345
1748974257735,0.2165995788574219,-0.5189707946777344,10.054142303466797
1748974257804,0.4505630493164063,-0.9360035705566406,9.415121154785156
1748974257868,0.5414241027832032,-0.8996292114257813,9.52454360961914
1748974257935,0.19235000610351563,-0.542471923828125,9.800120544433595
1748974258004,0.24129821777343752,-1.0394384765625,9.72033645629883
1748974258069,0.2034269714355469,-0.9680369567871094,9.974956970214844
1748974258135,0.40011795043945314,-0.79754150390625,9.632469177246094
1748974258203,0.3146456909179688,-0.814306640625,9.513766021728516
1748974258268,0.09624984741210937,-0.7553292846679688,9.918374633789062
1748974258335,0.27542724609375,-0.5777984619140625,9.526938629150392
1748974258404,0.23052062988281252,-1.0838960266113282,9.434730377197265
1748974258468,0.15537689208984376,-0.7271878051757813,10.35411849975586
1748974258535,0.23456222534179688,-1.2707075500488283,9.584119720458984
1748974258603,0.46373565673828127,-0.9701325988769531,9.849817199707031
1748974258669,0.25761428833007816,-0.6481521606445313,9.60642333984375
1748974258735,0.24803421020507813,-0.9957293701171875,9.621092834472657
1748974258803,0.07514373779296875,-0.8931925964355469,9.747729492187501
1748974258869,-0.05014572143554688,-0.7887098693847656,9.764943695068359
1748974258934,0.31180160522460937,-0.7680528259277344,9.639205169677735
1748974259003,0.19145187377929687,-0.8791218566894532,9.819580078125
1748974259069,0.1011895751953125,-0.7135661315917969,9.644893341064453
1748974259135,0.5635780334472656,-0.9666897583007813,9.713750152587892
1748974259203,0.18696121215820313,-0.8322692871093751,9.803862762451173
1748974259269,0.25357269287109374,-0.6574328613281251,9.533225555419923
1748974259335,0.27078689575195314,-0.8175997924804688,9.63890579223633
1748974259403,0.2213896179199219,-0.7535330200195313,9.676477661132813
1748974259469,0.288599853515625,-0.8674461364746094,9.82242416381836
1748974259535,0.20357666015625,-1.0114466857910156,9.725425872802735
1748974259603,0.19160156250000002,-0.7918533325195313,9.682465209960938
1748974259668,0.32482452392578126,-0.7593708801269532,9.566606140136718
1748974259735,0.28994705200195314,-0.765208740234375,9.799671478271485
1748974259803,0.07843688964843751,-0.7435038757324219,9.763895874023438
1748974259868,0.3315605163574219,-0.8752299499511719,9.628577270507813
1748974259935,0.2842588806152344,-0.9389973449707032,9.690099334716797
1748974260001,0.24983047485351564,-0.8674461364746094,9.667047271728515
1748974260069,0.25222549438476566,-0.79275146484375,9.672885131835939
1748974260135,0.2225871276855469,-0.6994953918457032,10.046508178710939
1748974260203,0.3453318786621094,-1.7200730895996095,10.089917907714844
1748974260269,0.1293310546875,-0.4704716491699219,9.319619750976562
1748974260335,0.3339555358886719,-0.8954379272460938,9.882898406982422
1748974260401,0.5677693176269532,-1.3485456848144532,9.646390228271486
1748974260468,0.5129832458496094,-0.10553054809570313,10.786718902587891
1748974260535,1.4431489562988282,-0.511336669921875,7.7459422302246095
1748974260601,-0.14040802001953126,-0.08487350463867188,11.625125427246095
1748974260669,1.0353968811035157,1.2281959533691407,11.280691680908204
1748974260735,-0.6304888916015625,4.293072509765625,11.66030227661133
1748974260803,-0.3330574035644531,5.90372314453125,10.012828216552736
1748974260869,2.7267297363281253,5.442232818603516,8.911119232177734
1748974260935,-0.5466632080078125,4.525090026855469,11.343860321044922
1748974261002,1.4760804748535157,5.9638980102539065,10.241851959228516
1748974261069,2.5858726501464844,5.2277288818359375,8.532706146240235
1748974261135,-1.78189453125,5.421276397705078,5.6273977661132815
1748974261202,-3.6344421386718753,2.2637425231933594,3.8076319885253906
1748974261269,-4.613406372070313,3.310216369628906,3.0663734436035157
1748974261335,-7.124584350585938,3.0999037170410157,4.475093994140625
1748974261401,-6.2384271240234375,3.5759138488769535,3.166066131591797
1748974261468,-6.912924499511719,4.822521514892578,4.313130798339844
1748974261535,-5.154680786132813,2.671494598388672,5.163512420654297
1748974261602,-4.518653411865235,-1.1060499572753906,6.095175018310547
1748974261669,0.5267546081542969,-3.9172041320800783,7.809260559082031
1748974261735,-0.7563771057128906,-6.0149418640136725,10.73103469848633
1748974261801,0.5056484985351563,-3.412603454589844,16.475039978027343
1748974261869,0.02065704345703125,-2.7595115661621095,12.417128448486329
1748974261951,-1.2883708190917968,-4.372108154296876,9.064550170898437
1748974262002,-2.2977218627929688,-1.7359400939941407,8.971144409179688
1748974262069,-2.295626220703125,-1.914818115234375,8.967701568603516
1748974262135,-3.4525703430175785,-2.1101618957519532,8.784931640625
1748974262201,-4.488865356445313,-2.3875350952148438,8.089178466796875
1748974262269,-4.27031982421875,-5.1150132751464845,11.308084716796875
1748974262335,-3.3823663330078126,-4.6764253234863284,8.512647857666016
1748974262401,-3.9901025390625002,-2.863994293212891,7.597151641845704
1748974262468,-2.902613983154297,-3.4631982421875,10.537636871337892
1748974262535,-1.6229251098632813,-0.14504837036132814,10.117161254882813
1748974262603,-0.8378077697753906,2.2448817443847657,8.872499542236328
1748974262669,0.7393125915527344,0.9144483947753906,8.893905029296876
1748974262735,-0.8903485107421876,3.5654356384277346,9.876012725830078
1748974262804,1.869163055419922,2.332299957275391,8.88163055419922
1748974262869,-0.5285508728027344,2.11480224609375,9.75865676879883
1748974262935,-2.049687652587891,4.159101104736329,7.743846588134766
1748974263002,-0.40805145263671877,1.6706758117675782,6.764732666015625
1748974263069,1.187779998779297,0.9601034545898438,9.344617767333984
1748974263135,2.9955706787109375,3.3212933349609375,14.941928100585939
1748974263203,1.7775535583496094,4.073329467773438,13.047767028808595
1748974263269,0.09026229858398438,2.2370979309082033,9.226812744140625
1748974263335,0.580792236328125,3.1979498291015624,6.862479400634766
1748974263403,-0.6831793212890626,2.3068528747558594,3.6622842407226566
1748974263468,-0.41044647216796876,0.789158935546875,5.307512969970704
1748974263535,-0.7515870666503907,-2.253563690185547,8.876541137695312
1748974263603,4.7416896057128906,0.15238311767578125,9.894424438476562
1748974263669,4.036206665039063,4.49066162109375,17.138759765625
1748974263735,4.455484771728516,3.886517944335938,12.889845428466797
1748974263801,2.499202880859375,2.864293670654297,11.83903060913086
1748974263869,-1.1394305419921875,0.3619473266601563,10.610684967041017
1748974263935,-3.200644226074219,-1.749412078857422,8.824748840332031
1748974264002,-2.363734588623047,-1.1584410095214845,7.762258300781251
1748974264069,-2.525697784423828,0.022752685546875002,8.269852752685548
1748974264135,-1.5251783752441408,0.5307962036132813,8.014334106445313
1748974264201,-1.9053877258300782,0.5578898620605469,8.518036651611329
1748974264269,-3.797153778076172,1.2467573547363282,12.390184478759766
1748974264335,-1.8321899414062501,0.9057664489746095,8.677006072998047
1748974264403,-2.085612945556641,1.3419593811035158,9.33099609375
1748974264468,-2.042652282714844,2.345921630859375,6.591692504882813
1748974264535,-2.3092478942871093,2.443967742919922,6.268215179443359
1748974264601,-2.682122497558594,5.137616271972656,8.27479248046875
1748974264669,0.16510665893554688,4.281247100830078,8.868907012939454
1748974264735,3.124153289794922,2.176773376464844,8.334967346191407
1748974264803,-1.2662168884277345,3.2744407653808594,10.599458312988283
1748974264869,-1.8479072570800783,2.0745359802246095,8.519234161376954
1748974264935,1.1105406188964844,4.576582946777344,5.327870635986328
1748974265002,0.07065307617187501,4.287683715820313,4.87865478515625
1748974265069,-1.4483880615234375,0.10298583984375001,6.762487335205078
1748974265135,1.0997630310058595,-1.1521540832519532,11.446546783447266
1748974265201,-0.5613327026367188,0.5481600952148438,15.112573242187501
1748974265269,-6.4780787658691406,0.8704399108886719,11.741433563232423
1748974265335,-2.5848248291015627,0.2763253784179688,8.639434204101564
1748974265401,4.101021881103516,0.05313949584960938,10.383756866455078
1748974265468,2.05013671875,2.7786717224121094,9.91388397216797
1748974265535,-1.2323872375488283,0.948278045654297,7.369774475097657
1748974265602,-1.565145263671875,-2.7488836669921874,12.92202850341797
1748974265669,1.5774197387695312,0.3791615295410156,10.992540893554688
1748974265735,1.5229330444335938,-3.5220259094238284,5.534441070556641
1748974265801,0.7899073791503907,-2.639161834716797,10.633437652587892
1748974265869,1.841620330810547,-1.7450711059570314,7.260052642822266
1748974265935,-0.21644989013671875,-3.714375915527344,6.5479833984375
1748974266002,-0.16151412963867187,0.3342549133300781,13.164524230957031
1748974266069,-1.2978012084960937,-2.1740789794921875,3.344195709228516
1748974266135,-2.4457640075683593,0.9897418212890625,13.891712036132812
1748974266202,-2.0977377319335937,-1.0710227966308594,9.802665252685548
1748974266269,-2.198328552246094,-1.1657757568359375,9.589508514404297
1748974266335,-2.1954844665527347,-1.3148657226562501,9.474697265625
1748974266402,-2.185305633544922,-1.272803192138672,9.30749496459961
1748974266468,-2.0541783142089844,-1.1355386352539063,9.40329574584961
1748974266535,-2.0113673400878906,-1.379231872558594,9.303303680419923
1748974266602,-2.2805076599121095,-1.304237823486328,9.651779022216797
1748974266669,-2.083068237304688,-1.3843212890625,9.2208251953125
1748974266735,-1.9351757812500001,-1.447489929199219,9.551637268066406
1748974266802,-2.4002586364746095,-1.1922706604003908,9.358538818359376
1748974266869,-2.2843995666503907,-1.1047027587890625,9.473050689697265
1748974266956,-1.9504440307617188,-1.3695021057128907,9.29402297973633
1748974267002,-1.8541941833496094,-1.3778846740722657,9.381590881347657
1748974267069,-2.0579205322265626,-1.2602293395996094,9.260492706298828
1748974267135,-2.1143531799316406,-1.3689033508300783,9.572743377685548
1748974267201,-2.11480224609375,-1.2672647094726563,9.286538543701173
1748974267269,-2.108814697265625,-1.2651690673828127,9.322014770507813
1748974267335,-2.219734039306641,-1.4528787231445313,9.392518157958985
1748974267403,-2.070045318603516,-1.2199630737304688,9.319320373535156
1748974267468,-2.020198974609375,-1.3862672424316407,9.488019561767578
1748974267535,-2.009122009277344,-1.347048797607422,9.369915161132813
1748974267603,-2.057172088623047,-1.3142669677734375,9.383836212158204
1748974267669,-2.1574635314941406,-1.4425502014160156,9.48757049560547
1748974267735,-2.0124151611328127,-1.3992901611328126,9.39221878051758
1748974267803,-2.0050804138183596,-1.4163546752929688,9.269773406982422
1748974267869,-2.0757334899902347,-1.2913645935058595,9.558073883056641
1748974267935,-1.8992504882812502,-1.2199630737304688,9.471404113769532
1748974268002,-1.8461109924316408,-1.3763877868652346,9.520801391601562
1748974268068,-1.9208056640625002,-1.3489947509765625,9.553882598876953
1748974268135,-1.9299366760253907,-1.4004876708984375,9.395811309814453
1748974268203,-1.9306851196289063,-1.3305830383300783,9.25525360107422
1748974268269,-1.916015625,-1.315913543701172,9.670340423583985
1748974268335,-1.826052703857422,-1.2883708190917968,9.421707458496094
1748974268403,-1.9684066772460938,-1.2877720642089845,9.398056640625
1748974268468,-1.9366726684570315,-1.457219696044922,9.524094543457032
1748974268535,-1.8607804870605469,-1.314716033935547,9.275910644531251
1748974268603,-1.8378781127929689,-1.3582754516601563,9.558822326660156
1748974268669,-1.9151174926757812,-1.4039305114746095,9.488318939208986
1748974268735,-1.8982026672363281,-1.3198054504394532,9.219178619384767
1748974268803,-1.9413130187988281,-1.2995974731445312,9.716294860839843
1748974268868,-1.7887802124023438,-1.3946498107910157,9.39940383911133
1748974268935,-1.8853294372558596,-1.4051280212402344,9.37455551147461
1748974269001,-1.9847227478027345,-1.4001882934570313,9.457183685302734
1748974269068,-1.8303936767578126,-1.3205538940429689,9.434730377197265
1748974269135,-1.915865936279297,-1.1787986755371094,9.462572479248047
1748974269203,-1.8745518493652344,-1.3144166564941406,9.542955322265625
1748974269269,-1.8875747680664063,-1.3186079406738282,9.275760955810547
1748974269335,-1.8842816162109377,-1.3359718322753906,9.471254425048828
1748974269403,-1.8074913024902344,-1.4533277893066407,9.645492095947267
1748974269468,-1.7750088500976564,-1.33402587890625,9.365873565673828
1748974269535,-1.9019448852539063,-1.3585748291015625,9.477092285156251
1748974269602,-1.8712586975097658,-1.3644126892089845,9.451495513916017
1748974269669,-1.8892213439941408,-1.1826905822753906,9.399553527832031
1748974269735,-1.9657122802734377,-1.287472686767578,9.52020263671875
1748974269803,-1.8338365173339846,-1.3528866577148437,9.359436950683595
1748974269869,-1.9871177673339844,-1.355431365966797,9.414223022460938
1748974269935,-1.9269429016113282,-1.4450949096679688,9.661359100341798
1748974270003,-1.7308506774902344,-1.3433065795898438,9.353000335693359
1748974270068,-1.7592915344238282,-1.3437556457519533,9.325307922363281
1748974270135,-1.8576370239257813,-1.3216017150878907,9.476643218994141
1748974270202,-1.9299366760253907,-1.2807366943359375,9.491612091064454
1748974270269,-1.8503022766113282,-1.295855255126953,9.522298278808595
1748974270335,-1.7754579162597657,-1.4479389953613282,9.413025512695313
1748974270403,-1.8770965576171876,-1.4076727294921876,9.268426208496095
1748974270468,-1.9514918518066406,-1.3169613647460938,9.569150848388672
1748974270535,-1.8182688903808595,-1.3668077087402344,9.523944854736328
1748974270603,-1.9023939514160157,-1.3222004699707033,9.340725860595704
1748974270668,-1.9040405273437502,-1.2542417907714845,9.492061157226564
1748974270735,-1.738484802246094,-1.3933026123046877,9.391919403076173
1748974270802,-1.783241729736328,-1.2888198852539063,9.402397613525391
1748974270869,-1.8396743774414064,-1.4221925354003906,9.62273941040039
1748974270935,-1.8729052734375,-1.3727952575683595,9.32949920654297
1748974271002,-1.9366726684570315,-1.3177098083496095,9.513167266845704
1748974271068,-1.8821859741210938,-1.4429992675781251,9.524842987060547
1748974271135,-1.9378701782226564,-1.3346246337890626,9.264234924316407
1748974271202,-1.9344273376464844,-1.2967533874511719,9.389225006103516
1748974271269,-1.7712666320800783,-1.3223501586914064,9.578281860351563
1748974271335,-1.7525555419921877,-1.3157638549804689,9.3549462890625
1748974271402,-1.9490968322753908,-1.3992901611328126,9.586814117431642
1748974271468,-1.8239570617675782,-1.4063255310058596,9.395960998535157
1748974271535,-1.864522705078125,-1.300345916748047,9.367220764160157
1748974271602,-1.8190173339843752,-1.3142669677734375,9.593250732421875
1748974271669,-1.8336868286132812,-1.3298345947265626,9.413474578857423
1748974271735,-1.8486557006835938,-1.302890625,9.458081817626953
1748974271802,-1.8223104858398438,-1.4507830810546876,9.589209136962891
1748974271869,-1.8335371398925782,-1.3699511718750002,9.301507415771486
1748974271951,-1.8684146118164064,-1.2925621032714845,9.413175201416015
1748974272001,-1.842817840576172,-1.3777349853515626,9.545799407958985
1748974272068,-1.854942626953125,-1.2376263427734375,9.297316131591797
1748974272135,-1.8670674133300782,-1.3126203918457031,9.466165008544923
1748974272202,-1.7946180725097658,-1.3454022216796875,9.500443725585939
1748974272269,-1.8356327819824219,-1.3138179016113283,9.345216522216797
1748974272335,-1.8570382690429688,-1.393751678466797,9.567204895019533
1748974272403,-1.7715660095214845,-1.3947994995117188,9.414971466064454
1748974272468,-1.8567388916015626,-1.2927117919921876,9.370962982177735
1748974272535,-1.8616786193847656,-1.3585748291015625,9.573192443847656
1748974272603,-1.906285858154297,-1.3058843994140625,9.397757263183594
1748974272668,-1.9318826293945313,-1.3186079406738282,9.545500030517578
1748974272735,-1.8375787353515627,-1.398541717529297,9.529782714843751
1748974272803,-1.8899697875976564,-1.3945001220703126,9.394314422607422
1748974272869,-1.9728973388671875,-1.2930111694335937,9.606722717285157
1748974272935,-1.6926800537109377,-1.2671150207519533,9.488169250488282
1748974273002,-1.836680603027344,-1.2912149047851562,9.272018737792969
1748974273068,-1.783241729736328,-1.3712983703613282,9.577383728027344
1748974273135,-1.7579443359375,-1.3883628845214844,9.337133331298828
1748974273203,-1.787732391357422,-1.3245954895019532,9.433383178710939
1748974273269,-1.8875747680664063,-1.3717474365234377,9.630672912597657
1748974273335,-1.893113250732422,-1.269210662841797,9.34342025756836
1748974273401,-1.8449134826660156,-1.3353730773925783,9.48083450317383
1748974273468,-1.795067138671875,-1.4325210571289064,9.523196411132814
1748974273535,-1.9368223571777345,-1.359173583984375,9.338031463623047
1748974273603,-1.9782861328125,-1.2918136596679688,9.37365737915039
1748974273669,-1.782942352294922,-1.2948074340820312,9.624984741210938
1748974273735,-1.8074913024902344,-1.359023895263672,9.486372985839845
1748974273802,-1.876497802734375,-1.3904585266113283,9.493258666992189
1748974273869,-1.746867370605469,-1.3460009765625,9.329648895263672
1748974273935,-1.744622039794922,-1.3186079406738282,9.401200103759766
1748974274001,-1.8083894348144531,-1.3465997314453126,9.632020111083985
1748974274068,-1.9143690490722658,-1.3298345947265626,9.391620025634767
1748974274135,-1.9004479980468751,-1.2582833862304688,9.31512908935547
1748974274202,-1.8169216918945312,-1.3656101989746094,9.49670150756836
1748974274269,-1.854792938232422,-1.3739927673339845,9.413624267578125
1748974274335,-1.9604731750488282,-1.3669573974609375,9.598190460205078
1748974274402,-1.8988014221191407,-1.453627166748047,9.568252716064453
1748974274468,-1.906435546875,-1.4507830810546876,9.335187377929689
1748974274535,-1.8350340270996095,-1.3680052185058595,9.440119171142578
1748974274603,-1.7669256591796876,-1.2487033081054688,9.444160766601563
1748974274669,-1.8705102539062501,-1.200952606201172,9.468560028076173
1748974274735,-1.9043399047851564,-1.3186079406738282,9.615554351806642
1748974274803,-1.8365309143066406,-1.3629158020019532,9.378447418212891
1748974274869,-1.7461189270019533,-1.3597723388671876,9.377249908447267
1748974274935,-1.7407301330566407,-1.4944921875000001,9.65866470336914
1748974275002,-1.766177215576172,-1.2780422973632812,9.282646636962891
1748974275068,-1.8823356628417969,-1.2757969665527344,9.510772247314454
1748974275135,-1.8660195922851563,-1.3129197692871095,9.58337127685547
1748974275202,-1.7977615356445313,-1.3714480590820313,9.267228698730468
1748974275269,-1.9486477661132813,-1.3584251403808594,9.491612091064454
1748974275335,-1.9113752746582031,-1.3874647521972656,9.494456176757813
1748974275401,-1.9755917358398438,-1.3364208984375001,9.524393920898438
1748974275468,-1.820065155029297,-1.2542417907714845,9.595645751953125
1748974275535,-1.6265176391601563,-1.3477972412109376,9.320667572021485
1748974275602,-1.7245637512207033,-1.295855255126953,9.353000335693359
1748974275669,-1.7904267883300782,-1.3701008605957032,9.716594238281251
1748974275735,-1.8773959350585938,-1.3852194213867188,9.393116912841798
1748974275801,-1.7881814575195314,-1.2314891052246095,9.45643524169922
1748974275869,-1.7875827026367188,-1.390308837890625,9.564061431884767
1748974275935,-1.8109341430664063,-1.2903167724609375,9.372759246826172
1748974276002,-1.9576290893554689,-1.3442047119140625,9.445807342529298
1748974276068,-1.8832337951660156,-1.3934523010253907,9.542805633544923
1748974276136,-1.7839901733398438,-1.2487033081054688,9.444460144042969
1748974276201,-1.8311421203613283,-1.3946498107910157,9.615105285644532
1748974276269,-1.7583934020996095,-1.3789324951171875,9.460925903320312
1748974276335,-1.8541941833496094,-1.3286370849609375,9.386829986572266
1748974276402,-1.7920733642578126,-1.3460009765625,9.531578979492188
1748974276468,-1.812880096435547,-1.268162841796875,9.5178076171875
1748974276535,-1.8047969055175783,-1.2406201171875,9.310189361572267
1748974276602,-1.8110838317871094,-1.3356724548339844,9.545949096679688
1748974276669,-1.7645306396484375,-1.3070819091796875,9.379046173095704
1748974276735,-1.9336788940429688,-1.28612548828125,9.705217895507813
1748974276802,-1.782942352294922,-1.4988331604003906,9.643695831298828
1748974276869,-1.9586769104003907,-1.4570700073242189,9.289382629394531
1748974276952,-1.9227516174316408,-1.1515553283691407,9.522597656250001
1748974277002,-1.7570462036132812,-1.3412109375,9.543105010986329
1748974277068,-1.8263520812988283,-1.1880793762207031,9.356143798828125
1748974277135,-1.8976039123535158,-1.3477972412109376,9.578730926513673
1748974277202,-1.8055453491210938,-1.2201127624511718,9.547895050048828
1748974277269,-1.6914825439453125,-1.282383270263672,9.484576721191408
1748974277335,-1.6693286132812502,-1.4495855712890626,9.562714233398438
1748974277403,-1.881138153076172,-1.3515394592285157,9.390572204589844
1748974277468,-1.816622314453125,-1.2174183654785158,9.497300262451173
1748974277535,-1.6807049560546876,-1.3019924926757813,9.561666412353516
1748974277603,-1.8019528198242187,-1.3046868896484376,9.493558044433595
1748974277669,-1.8976039123535158,-1.2702584838867188,9.39760757446289
1748974277735,-1.7196240234375,-1.3585748291015625,9.538165283203126
1748974277803,-1.7167799377441406,-1.3780343627929688,9.415719909667969
1748974277869,-1.839375,-1.4144087219238282,9.577084350585938
1748974277935,-1.785337371826172,-1.3133688354492188,9.583970031738282
1748974278003,-1.8339862060546877,-1.3271401977539063,9.40658889770508
1748974278068,-1.8294955444335939,-1.2762460327148437,9.509724426269532
1748974278135,-1.8004559326171876,-1.294358367919922,9.542655944824219
1748974278203,-1.7838404846191407,-1.254840545654297,9.483379211425781
1748974278269,-1.6820521545410156,-1.421294403076172,9.637708282470703
1748974278336,-1.764979705810547,-1.3293855285644531,9.375453643798828
1748974278403,-1.720671844482422,-1.290765838623047,9.51017349243164
1748974278468,-1.6825012207031251,-1.32923583984375,9.536818084716797
1748974278535,-1.7504598999023437,-1.2181668090820312,9.368867340087892
1748974278603,-1.8594332885742189,-1.2744497680664064,9.569599914550782
1748974278669,-1.7522561645507813,-1.2949571228027343,9.550290069580079
1748974278735,-1.7564474487304689,-1.2916639709472657,9.421408081054688
1748974278802,-1.834435272216797,-1.337618408203125,9.563013610839844
1748974278869,-1.7329463195800783,-1.4012361145019532,9.421857147216798
1748974278935,-1.8211129760742188,-1.2663665771484376,9.542955322265625
1748974279002,-1.7806970214843751,-1.3001962280273438,9.608818359375
1748974279068,-1.8076409912109377,-1.3319302368164063,9.40613983154297
1748974279135,-1.790127410888672,-1.3142669677734375,9.491612091064454
1748974279203,-1.6643888854980469,-1.3534854125976563,9.50478469848633
1748974279269,-1.7251625061035156,-1.2986993408203125,9.314230957031251
1748974279335,-1.8637742614746096,-1.2802876281738282,9.601184234619142
1748974279403,-1.7040563964843751,-1.3379177856445312,9.493707733154297
1748974279468,-1.8004559326171876,-1.2892689514160156,9.36213134765625
1748974279535,-1.8253042602539062,-1.3936019897460938,9.507628784179689
1748974279603,-1.8338365173339846,-1.3465997314453126,9.556277618408204
1748974279669,-1.7938696289062501,-1.2256512451171875,9.393565979003906
1748974279736,-1.8007553100585938,-1.3706996154785156,9.560917968750001
1748974279801,-1.8558407592773438,-1.3413606262207032,9.421258392333986
1748974279869,-1.7556990051269532,-1.217717742919922,9.434131622314453
1748974279935,-1.7329463195800783,-1.299298095703125,9.495054931640626
1748974280003,-1.7534536743164064,-1.2969030761718752,9.537716217041016
1748974280068,-1.8062937927246094,-1.2762460327148437,9.473799133300782
1748974280135,-1.6814533996582033,-1.392404479980469,9.480086059570313
1748974280201,-1.8086888122558595,-1.312470703125,9.360035705566407
1748974280269,-1.8568885803222657,-1.3437556457519533,9.632319488525392
1748974280335,-1.8462606811523439,-1.2352313232421877,9.598340148925782
1748974280402,-1.8785934448242188,-1.2539424133300783,9.32336196899414
1748974280468,-1.713337097167969,-1.297950897216797,9.546248474121095
1748974280535,-1.6772621154785157,-1.2710069274902345,9.488468627929688
1748974280604,-1.7748591613769533,-1.227297821044922,9.550439758300781
1748974280669,-1.731449432373047,-1.349593505859375,9.617051239013673
1748974280735,-1.7377363586425782,-1.3454022216796875,9.416618041992187
1748974280803,-1.7675244140625002,-1.2711566162109376,9.415420532226562
1748974280869,-1.7329463195800783,-1.2668156433105469,9.512119445800781
1748974280935,-1.77470947265625,-1.2085867309570313,9.441316680908203
1748974281001,-1.8443147277832033,-1.2910652160644531,9.652976531982423
1748974281068,-1.8687139892578126,-1.264420623779297,9.458231506347657
1748974281135,-1.8187179565429688,-1.2334350585937501,9.395960998535157
1748974281203,-1.713636474609375,-1.3162129211425782,9.589658203125001
1748974281269,-1.7992584228515627,-1.1853849792480469,9.530531158447266
1748974281335,-1.8076409912109377,-1.281185760498047,9.45119613647461
1748974281402,-1.7827926635742188,-1.2954061889648438,9.611512756347656
1748974281468,-1.753303985595703,-1.2995974731445312,9.376800842285157
1748974281535,-1.7347425842285158,-1.2496014404296876,9.400301971435548
1748974281603,-1.7092955017089844,-1.252445526123047,9.540410614013672
1748974281669,-1.7163308715820313,-1.249002685546875,9.427844696044922
1748974281735,-1.840422821044922,-1.2639715576171875,9.606573028564453
1748974281803,-1.7967137145996095,-1.3790821838378906,9.532926177978515
1748974281869,-1.7850379943847656,-1.2864248657226562,9.373358001708985
1748974281952,-1.88009033203125,-1.205892333984375,9.419013061523438
1748974282002,-1.8625767517089844,-1.2699591064453126,9.529034271240235
1748974282068,-1.7771044921875,-1.1638298034667969,9.436376953125
1748974282135,-1.7917739868164064,-1.314716033935547,9.57289306640625
1748974282202,-1.8107844543457032,-1.3440550231933595,9.501192169189453
1748974282269,-1.776805114746094,-1.3013937377929687,9.516759796142578
1748974282335,-1.6857943725585938,-1.3512400817871095,9.490863647460937
1748974282403,-1.708696746826172,-1.2460089111328125,9.354197845458986
1748974282468,-1.7821939086914063,-1.2527449035644531,9.514215087890625
1748974282535,-1.6712745666503908,-1.204395446777344,9.586814117431642
1748974282604,-1.7863851928710939,-1.311273193359375,9.227561187744142
1748974282669,-1.829794921875,-1.2819342041015627,9.705666961669923
1748974282735,-1.7462686157226563,-1.2216096496582032,9.559570770263672
1748974282804,-1.8293458557128908,-1.260977783203125,9.392967224121094
1748974282869,-1.8293458557128908,-1.3983920288085938,9.650731201171876
1748974282935,-1.8784437561035157,-1.362466735839844,9.352251892089845
1748974283001,-1.8634748840332032,-1.2121792602539063,9.432335357666016
1748974283068,-1.74357421875,-1.1572434997558594,9.575288085937501
1748974283135,-1.8845809936523439,-1.3897100830078126,9.379944305419922
1748974283203,-1.7585430908203126,-1.0038125610351563,9.452693023681642
1748974283269,-1.632056121826172,-1.4638059997558595,9.51586166381836
1748974283335,-1.6949253845214844,-1.2370275878906252,9.432335357666016
1748974283404,-1.9037411499023438,-1.28133544921875,9.612261199951172
1748974283468,-1.7405804443359376,-1.2540921020507814,9.538764038085938
1748974283535,-1.7396823120117189,-1.2385244750976563,9.42050994873047
1748974283604,-1.824855194091797,-1.3219010925292969,9.447304229736329
1748974283669,-1.8693127441406252,-1.282532958984375,9.492061157226564
1748974283735,-1.8122813415527346,-1.2278965759277345,9.423653411865235
1748974283803,-1.824855194091797,-1.3415103149414063,9.646839294433594
1748974283869,-1.7729132080078125,-1.3946498107910157,9.455088043212891
1748974283935,-1.8109341430664063,-1.294358367919922,9.451944580078125
1748974284001,-1.764979705810547,-1.4025833129882814,9.616901550292969
1748974284068,-1.819915466308594,-1.2403207397460938,9.364077301025391
1748974284135,-1.8279986572265625,-1.141077117919922,9.575288085937501
1748974284203,-1.7151333618164064,-1.2521461486816408,9.495953063964844
1748974284269,-1.7753082275390626,-1.238075408935547,9.357341308593751
1748974284335,-1.8109341430664063,-1.4271322631835939,9.634564819335939
1748974284403,-1.8268011474609376,-1.384171600341797,9.47230224609375
1748974284468,-1.7803976440429687,-1.2551399230957032,9.395212554931641
1748974284535,-1.8790425109863282,-1.32923583984375,9.501341857910157
1748974284604,-1.8194664001464844,-1.2774435424804689,9.420210571289063
1748974284669,-1.7765057373046875,-1.3962963867187501,9.500294036865235
1748974284735,-1.8182688903808595,-1.2904664611816408,9.599387969970703
1748974284803,-1.7911752319335938,-1.4781761169433594,9.292526092529297
1748974284869,-1.839375,-1.4349160766601563,9.341474304199219
1748974284935,-2.0755838012695316,-1.1002120971679688,9.89277786254883
1748974285001,-1.7365388488769533,-1.3262420654296876,9.324858856201173
1748974285068,-1.7196240234375,-1.597328338623047,9.50628158569336
1748974285135,-1.4834152221679688,-1.5485298156738283,9.666897583007813
1748974285203,-1.02746337890625,-1.8672171020507813,9.594747619628906
1748974285269,-0.36239639282226566,-2.259551239013672,9.210646362304688
1748974285335,-0.13082794189453126,-2.4402255249023437,9.01440444946289
1748974285401,0.18546432495117188,-2.564766540527344,9.478140106201172
1748974285468,0.5063969421386719,-2.715652770996094,9.48712142944336
1748974285535,0.6221063232421875,-2.9883856201171874,9.296417999267579
1748974285604,0.4014651489257813,-2.682272186279297,9.164392547607422
1748974285669,0.5330415344238282,-2.8154951477050782,9.427844696044922
1748974285736,0.37437149047851564,-2.5906626892089846,9.366172943115235
1748974285803,0.5307962036132813,-2.6735902404785157,9.334289245605468
1748974285869,0.5947132873535157,-2.9032127380371096,9.458081817626953
1748974285936,0.4474195861816406,-2.809208221435547,9.162147216796875
1748974286001,0.6617738342285157,-2.980601806640625,9.462123413085939
1748974286069,0.5719606018066407,-2.857857055664063,9.208251342773439
1748974286136,0.38050872802734376,-2.9126431274414064,9.134454803466797
1748974286202,0.6499484252929688,-2.9136909484863285,9.413923645019532
1748974286269,0.7517367553710937,-2.704875183105469,9.138646087646485
1748974286336,0.6982978820800781,-2.831960906982422,9.260941772460939
1748974286403,0.4935237121582032,-2.987936553955078,9.16858383178711
1748974286468,0.6144721984863282,-2.9927265930175784,9.401499481201173
1748974286536,0.6629713439941407,-2.8075616455078127,9.190288696289063
1748974286603,0.6882687377929688,-3.0169761657714846,9.477840728759766
1748974286669,0.3104544067382813,-2.7327172851562502,9.38413558959961
1748974286736,0.23725662231445313,-2.6375152587890627,9.279054107666017
1748974286803,0.32332763671875003,-2.669099578857422,9.367669830322265
1748974286869,0.3841012573242188,-2.5845254516601566,9.269024963378907
1748974286952,0.5501060485839844,-2.7521768188476563,9.402098236083985
1748974287002,0.3333567810058594,-2.69439697265625,9.32426010131836
1748974287069,0.35715728759765625,-3.009042663574219,9.304950256347658
1748974287136,0.7887098693847656,-2.624791717529297,9.031768341064453
1748974287202,0.5096900939941407,-2.7955865478515625,9.23280029296875
1748974287269,0.3393443298339844,-2.7202931213378907,9.449848937988282
1748974287336,0.4938230895996094,-2.68481689453125,9.477691040039064
1748974287404,0.5086422729492188,-2.6801765441894534,9.22801025390625
1748974287468,0.6715036010742188,-2.6658064270019532,9.30749496459961
1748974287536,0.5114863586425782,-2.9262648010253907,9.457333374023438
1748974287604,0.316142578125,-2.7702891540527346,9.221423950195312
1748974287669,0.35042129516601567,-2.7583140563964843,9.514963531494141
1748974287736,0.4339476013183594,-2.702629852294922,9.255403289794922
1748974287804,0.5987548828125,-2.5918601989746093,9.28683792114258
1748974287869,0.536484375,-2.608026580810547,9.457782440185547
1748974287936,0.3734733581542969,-2.788102111816406,9.386680297851562
1748974288001,0.47077102661132814,-2.7357110595703125,9.277108154296876
1748974288069,0.6369255065917969,-2.6933491516113284,9.504485321044923
1748974288136,0.6140231323242188,-2.7309210205078127,9.200018463134766
1748974288204,0.5581892395019532,-2.604733428955078,9.469607849121095
1748974288269,0.4902305603027344,-2.6072781372070315,9.367969207763672
1748974288336,0.5255570983886719,-2.545756072998047,9.305249633789064
1748974288402,0.7421566772460938,-2.8824060058593752,9.337432708740234
1748974288469,0.6509962463378907,-2.489473114013672,9.052425384521484
1748974288536,0.48798522949218753,-2.335742797851563,9.599387969970703
1748974288602,0.5962101745605469,-2.6138644409179688,9.390272827148438
1748974288669,0.44337799072265627,-2.7467880249023438,9.469158782958985
1748974288736,0.26420059204101565,-2.528990936279297,9.272318115234375
1748974288802,0.55324951171875,-2.5138723754882815,9.360035705566407
1748974288869,0.6228547668457032,-2.523003387451172,9.432185668945314
1748974288936,0.659827880859375,-2.4661216735839844,9.590706024169922
1748974289002,0.6271957397460938,-2.5767416381835937,9.306297454833985
1748974289069,0.477806396484375,-2.5298890686035156,9.243877258300781
1748974289136,0.6863227844238282,-2.8108547973632816,9.369166717529298
1748974289204,0.6515950012207031,-2.5039929199218753,9.365125122070314
1748974289269,0.43484573364257817,-2.552641754150391,9.41332489013672
1748974289336,0.5251080322265625,-2.5927583312988283,9.419911193847657
1748974289402,0.6261479187011719,-2.5129742431640625,9.24043441772461
1748974289469,0.6050418090820313,-2.5869204711914064,9.496551818847657
1748974289536,0.6276448059082032,-2.2170396423339844,9.395212554931641
1748974289604,0.4697232055664063,-2.7759773254394533,9.508377227783203
1748974289669,0.8396040344238281,-2.0672012329101563,9.349407806396485
1748974289736,0.8496331787109376,-3.0181736755371094,9.157806243896484
1748974289803,0.5501060485839844,-3.2745904541015625,9.176966400146485
1748974289869,0.8556207275390626,-2.446362762451172,9.412576446533203
1748974289936,0.8431965637207032,-2.7354116821289063,9.04553970336914
1748974290003,0.779578857421875,-2.775228881835938,8.971443786621094
1748974290069,0.9029223632812501,-2.702330474853516,9.302255859375
1748974290136,0.7039860534667969,-2.612666931152344,9.402247924804689
1748974290203,0.7259902954101562,-2.6734405517578126,9.284143524169922
1748974290269,0.9883946228027344,-2.6458978271484375,9.307644653320313
1748974290336,0.8452922058105469,-2.8361521911621095,9.053024139404297
1748974290403,0.9376501464843751,-2.65607666015625,9.271719360351563
1748974290469,0.9584568786621094,-2.8225305175781252,9.167685699462892
1748974290536,0.7860154724121095,-2.7693910217285156,9.258247375488281
1748974290604,0.9907896423339845,-2.7476861572265627,9.495054931640626
1748974290669,0.8854087829589844,-2.967728576660156,9.271419982910157
1748974290736,0.7849676513671875,-2.7406507873535157,9.039402465820313
1748974290803,0.7967930603027344,-3.1341824340820312,9.541308746337892
1748974290869,0.8916957092285157,-2.6649082946777347,9.415570220947266
1748974290936,0.9512718200683594,-2.6996360778808595,9.337432708740234
1748974291002,1.0572514343261719,-2.745590515136719,9.224717102050782
1748974291069,0.9195378112792969,-2.8506719970703127,9.288634185791016
1748974291136,0.756826171875,-2.361638946533203,9.261241149902345
1748974291203,0.9954299926757812,-2.4102877807617187,9.59878921508789
1748974291269,0.9660910034179688,-2.50279541015625,9.40045166015625
1748974291336,0.6629713439941407,-2.611319732666016,9.420210571289063
1748974291403,0.846639404296875,-2.491868133544922,9.027876434326172
1748974291469,0.9202862548828126,-2.54111572265625,9.391021270751954
1748974291536,0.8277786254882813,-2.821033630371094,9.401050415039062
1748974291603,0.7964936828613282,-2.5572821044921876,9.464967498779297
1748974291669,0.6655160522460938,-2.8074119567871096,9.472451934814453
1748974291736,0.8352630615234375,-2.7692413330078125,9.070537719726563
1748974291802,1.0738668823242188,-2.5997937011718752,9.060957641601563
1748974291869,1.3073812866210939,-2.4504043579101564,9.035660247802735
1748974291953,1.1133847045898437,-2.546953582763672,9.459578704833985
1748974292002,0.9859996032714844,-2.5593777465820313,9.202712860107422
1748974292069,1.0267149353027345,-2.6602679443359376,9.288933563232423
1748974292136,1.488504638671875,-2.687062225341797,9.289682006835937
1748974292202,1.1936178588867188,-2.714455261230469,8.837322692871094
1748974292269,1.069226531982422,-2.5051904296875,9.430838470458985
1748974292336,0.9098080444335938,-2.678529968261719,9.304201812744141
1748974292404,0.869242401123047,-2.4768992614746095,9.483528900146485
1748974292469,0.7179071044921875,-2.718496856689453,9.334738311767579
1748974292536,0.88855224609375,-2.045196990966797,9.356443176269531
1748974292604,0.8671467590332032,-2.334844665527344,9.391620025634767
1748974292669,0.6251000976562501,-2.91473876953125,9.275461578369141
1748974292736,0.5682183837890625,-3.520229644775391,9.343569946289064
1748974292804,0.8834628295898438,-2.588716735839844,9.348509674072266
1748974292881,0.44981460571289067,-2.6077272033691408,9.402247924804689
1748974292936,0.37122802734375004,-2.715503082275391,9.923164672851563
1748974293002,0.4584965515136719,-2.30161376953125,9.913584594726563
1748974293069,0.6601272583007813,-2.5944049072265627,9.184750213623047
1748974293136,0.243094482421875,-2.370919647216797,9.66046096801758
1748974293202,0.4848417663574219,-2.795137481689453,9.493857421875001
1748974293269,-0.21330642700195312,-1.6512162780761719,11.799512786865234
1748974293336,1.9514918518066406,-3.836671600341797,6.317013702392578
1748974293402,1.5898439025878908,-2.504741363525391,10.852432250976562
1748974293469,0.9367520141601563,-3.0123358154296875,8.638386383056641
1748974293536,1.1955638122558594,-3.3139585876464843,10.159822540283203
1748974293602,1.6483721923828125,-2.690505065917969,7.497309265136719
1748974293669,1.4078224182128907,-2.9066555786132815,9.454339599609375
1748974293736,1.32444580078125,-2.694247283935547,9.076375579833984
1748974293802,1.4786251831054689,-2.904559936523438,9.071435852050781
1748974293869,0.2743794250488281,-2.000739440917969,8.706195373535156
1748974293936,0.6635700988769532,-2.564916229248047,9.31468002319336
1748974294002,0.6219566345214844,-2.6794281005859375,10.62385757446289
1748974294069,0.30835876464843753,-2.3707699584960937,9.398206329345703
1748974294136,0.24459136962890626,-0.9445358276367188,13.07291473388672
1748974294202,0.178428955078125,-2.352058868408203,8.330476684570312
1748974294269,1.6241226196289062,-1.9008970642089844,8.569080505371094
1748974294336,-0.2077679443359375,-2.5626708984375,10.261910247802735
1748974294403,-2.4697142028808594,-1.883383483886719,11.46061752319336
1748974294469,-5.630092163085938,-5.098397827148438,9.909093933105469
1748974294536,-3.692820739746094,-11.610156555175783,7.156318359375001
1748974294604,-7.12518310546875,-3.9980360412597657,11.95354248046875
1748974294669,-6.029162292480469,-6.638694763183594,9.778715057373047
1748974294736,-2.808160400390625,-0.15238311767578125,10.647658081054688
1748974294804,-0.8890013122558594,-0.7146139526367188,7.04180648803711
1748974294869,2.883603515625,3.224444732666016,5.209466857910156
1748974294935,1.969753875732422,6.537205810546875,1.4618600463867188
1748974295002,-3.234324188232422,5.701793060302735,1.500330047607422
1748974295069,-1.9552340698242188,8.41894271850586,2.741848297119141
1748974295136,-4.125121765136719,7.272925872802735,3.4441877746582032
1748974295204,-3.971990203857422,7.624844055175782,4.7485752868652344
1748974295269,-3.29315185546875,7.267237701416016,6.223607940673828
1748974295336,-2.245630187988281,6.354435882568359,6.714886322021485
1748974295404,-1.2482542419433595,7.515870666503907,6.942413177490235
1748974295469,-1.391356658935547,7.275470581054688,8.041577453613282
1748974295536,-1.197659454345703,6.538553009033204,7.372917938232423
1748974295604,-0.9163943481445312,6.268664245605469,6.966063995361329
1748974295669,0.3129991149902344,4.6150529479980476,6.45981674194336
1748974295736,-0.7926017761230469,5.613476715087891,8.200846252441407
1748974295803,-0.7571255493164063,7.14479232788086,7.3744148254394535
1748974295869,-0.5595364379882812,6.4216461181640625,5.635181579589844
1748974295936,-2.990930328369141,3.5989659118652346,2.9192294311523437
1748974296002,-5.500162353515625,1.7976118469238282,7.104226684570313
1748974296069,-5.261408843994141,0.9921368408203125,10.935060424804687
1748974296136,-3.3259336853027346,0.7611671447753907,10.446775817871094
1748974296203,4.824168090820312,-0.3779640197753906,13.466446380615235
1748974296269,-1.6696279907226563,-0.7970924377441406,12.89194107055664
1748974296336,-1.6359480285644532,-0.5830375671386719,9.618697814941406
1748974296403,-2.2529649353027343,-0.02245330810546875,9.04598876953125
1748974296469,-1.57831787109375,0.10972183227539063,9.593101043701173
1748974296536,-0.5251080322265625,0.9904902648925782,9.992919616699218
1748974296603,-0.6956034851074219,0.6424639892578126,10.29035110473633
1748974296669,-1.4663507080078126,0.4409829711914063,9.596843261718751
1748974296736,-0.33485366821289064,-0.1802252197265625,9.797575836181641
1748974296803,-0.741258544921875,0.18336868286132812,10.45860122680664
1748974296869,-1.3115725708007813,0.13606704711914064,9.282347259521485
1748974296955,-1.173409881591797,0.46538223266601564,8.441994781494142
1748974297002,-0.931512908935547,0.8470884704589844,12.209061126708985
1748974297069,1.0092013549804688,-0.03592529296875,7.855214996337891
1748974297136,0.9502239990234376,0.09744735717773438,10.576705627441406
1748974297202,0.0568817138671875,0.16854949951171877,10.02600082397461
1748974297269,0.6089337158203125,0.7963439941406251,9.089697875976563
1748974297336,0.6927593994140625,0.7671546936035156,10.120304718017579
1748974297404,0.4950205993652344,0.861009521484375,9.52349578857422
1748974297469,1.1720626831054688,1.2096345520019531,9.74967544555664
1748974297536,-1.1160791015625,-0.13621673583984376,8.06687484741211
1748974297604,0.2701881408691406,1.0068063354492187,9.524094543457032
1748974297669,0.6816824340820313,1.238075408935547,9.982142028808594
1748974297736,0.3758683776855469,1.5120057678222658,9.596543884277343
1748974297804,0.28800109863281254,1.1199710083007812,10.269544372558594
1748974297869,0.5266049194335938,1.136287078857422,9.518705749511719
1748974297936,0.3155438232421875,1.2138258361816407,9.297316131591797
1748974298002,0.24159759521484375,1.3355227661132814,9.233997802734375
1748974298069,0.3309617614746094,1.4979350280761718,9.318272552490235
1748974298136,0.5444178771972656,1.2744497680664064,9.02727767944336
1748974298204,0.16241226196289063,1.148411865234375,10.935060424804687
1748974298269,0.469423828125,0.8014334106445313,9.833650817871094
1748974298336,0.3074606323242188,0.9870474243164064,9.449100494384766
1748974298404,0.08472381591796875,1.0855426025390627,9.570797424316407
1748974298469,0.2136058044433594,1.3915063476562501,9.534273376464844
1748974298536,0.2839595031738281,0.9702822875976563,9.903256072998047
1748974298604,-0.00089813232421875,1.2759466552734375,9.900262298583986
1748974298669,0.24563919067382814,0.6604266357421875,9.290580139160157
1748974298736,0.4071533203125,0.87418212890625,9.624984741210938
1748974298803,0.14325210571289063,1.2412188720703126,9.814041595458985
1748974298869,0.2231858825683594,1.270408172607422,9.46317123413086
1748974298936,0.12094848632812501,0.8768765258789063,9.9584912109375
1748974299002,0.05643264770507813,0.967438201904297,9.723479919433593
1748974299069,0.48618896484375,0.9084608459472656,9.464967498779297
1748974299136,0.2465373229980469,1.1151809692382812,9.781259765625
1748974299204,0.24474105834960938,0.7939489746093751,9.687255249023439
1748974299269,0.18651214599609375,0.9464817810058594,9.576335906982422
1748974299336,0.34787658691406254,0.8918453979492188,9.532327423095703
1748974299402,0.5568420410156251,1.1720626831054688,9.680668945312501
1748974299469,0.31719039916992187,1.2413685607910157,9.526040496826173
1748974299536,0.2293231201171875,0.9756710815429688,9.755662994384766
1748974299604,0.3632945251464844,0.9894424438476563,10.17688705444336
1748974299669,0.42272094726562504,0.9084608459472656,9.562414855957032
1748974299736,0.15762222290039063,0.9704319763183594,9.252559204101564
1748974299804,0.19055374145507814,1.084794158935547,9.435927886962892
1748974299869,0.23082000732421876,0.53408935546875,9.669292602539063
1748974299936,0.11256591796875001,1.0533595275878906,9.884994049072267
1748974300002,0.13127700805664064,0.14145584106445314,9.626481628417968
1748974300069,0.09145980834960937,0.8496331787109376,9.540560302734375
1748974300136,0.2245330810546875,0.8147557067871094,9.688901824951172
1748974300203,0.6274951171875001,0.6822811889648438,10.028096466064454
1748974300269,-0.08711883544921875,0.5719606018066407,9.499994659423828
1748974300336,-0.0736468505859375,0.27991790771484376,9.694140930175783
1748974300404,0.15971786499023438,0.27737319946289063,9.616901550292969
1748974300469,0.14025833129882814,0.33410522460937503,9.672136688232422
1748974300536,-0.24219635009765625,0.51732421875,9.715696105957031
1748974300604,-0.20507354736328126,0.6831793212890626,9.711654510498047
1748974300669,-0.14894027709960939,0.27916946411132815,9.731263732910156
1748974300736,-0.11181747436523438,0.19848724365234377,9.715097351074219
1748974300802,-0.12304412841796876,0.1838177490234375,9.617799682617187
1748974300869,-0.21165985107421875,0.09909393310546875,9.59340042114258
1748974300936,-0.3802093505859375,0.11511062622070313,9.926457824707033
1748974301003,-0.20387603759765627,0.36973114013671876,9.586664428710938
1748974301069,0.16675323486328125,0.38125717163085937,9.840686187744142
1748974301136,-0.45041336059570314,0.1980381774902344,9.526639251708986
1748974301203,-0.1722917175292969,0.2442919921875,9.932894439697266
1748974301269,-0.08786727905273438,0.2625540161132813,9.783804473876954
1748974301336,-0.24758514404296877,0.11346405029296876,9.72422836303711
1748974301403,-0.16839981079101562,0.214354248046875,9.587113494873048
1748974301469,-0.18591339111328126,0.19414627075195315,9.780661010742188
1748974301536,-0.12603790283203126,0.19175125122070313,9.704319763183594
1748974301603,-0.1323248291015625,0.183218994140625,9.733509063720703
1748974301669,-0.25312362670898436,0.23875350952148439,9.795180816650392
1748974301736,-0.14654525756835937,0.2076182556152344,9.677226104736329
1748974301803,-0.2609074401855469,0.195194091796875,9.780062255859375
1748974301869,-0.15193405151367187,0.188009033203125,9.857451324462891
1748974301954,-0.14804214477539063,0.2273771667480469,9.525292053222657
1748974302002,-0.19294876098632813,0.202379150390625,9.676178283691407
1748974302069,-0.062120819091796876,0.06481521606445313,9.78649887084961
1748974302136,-0.10687774658203125,-0.0173638916015625,9.726024627685547
1748974302202,-0.27273284912109375,0.3728746032714844,9.871671752929688
1748974302269,-0.2594105529785156,0.16555572509765626,9.585317230224609
1748974302336,-0.12259506225585938,0.07798782348632813,9.631571044921875
1748974302404,-0.12543914794921876,0.07873626708984376,9.911339263916016
1748974302469,-0.16301101684570313,0.2537223815917969,9.525142364501953
1748974302536,-0.239501953125,0.33485366821289064,9.947563934326173
1748974302604,-0.14804214477539063,0.2070195007324219,9.603579254150391
1748974302669,-0.14998809814453126,0.0796343994140625,9.625433807373048
1748974302736,-0.3441343688964844,0.12124786376953126,9.809850311279297
1748974302803,-0.18531463623046876,0.06616241455078126,9.635013885498047
1748974302869,-0.13262420654296875,0.07409591674804687,9.651779022216797
1748974302936,-0.27842102050781253,0.09744735717773438,9.9584912109375
1748974303002,0.0814306640625,-0.08637039184570312,9.763895874023438
1748974303069,-0.49337402343750003,0.23246658325195313,9.564959564208985
1748974303136,-0.47436355590820317,0.360450439453125,9.61166244506836
1748974303204,0.178428955078125,0.23321502685546877,9.803114318847657
1748974303269,-0.15702346801757813,-0.2944377136230469,9.65327590942383
1748974303336,-0.38125717163085937,0.055384826660156254,9.864187316894531
1748974303402,-0.3608995056152344,0.30491592407226564,9.56900115966797
1748974303469,-0.6018983459472657,0.15193405151367187,9.683662719726563
1748974303536,-0.05703140258789063,-0.13561798095703126,9.715845794677735
1748974303604,-0.03457809448242188,-0.3725752258300781,9.586963806152344
1748974303669,-0.10792556762695313,0.21076171875000002,9.811796264648438
1748974303736,-0.21315673828125,0.781824188232422,9.51631072998047
1748974303804,0.053738250732421874,0.39547760009765626,9.918973388671876
1748974303869,-0.21525238037109376,0.3195854187011719,9.534722442626954
1748974303936,-0.12005035400390626,0.48573989868164064,9.557325439453125
1748974304002,-0.2677931213378906,0.089813232421875,9.926308135986329
1748974304069,0.07155120849609375,0.27872039794921877,10.486742706298829
1748974304136,0.0796343994140625,0.7836204528808595,9.47903823852539
1748974304204,-0.011376342773437501,0.9306147766113282,9.462871856689453
1748974304269,-0.1197509765625,0.30132339477539066,9.509724426269532
1748974304336,0.4631369018554688,0.0592767333984375,10.018516387939453
1748974304403,0.3932322692871094,0.7586224365234375,9.96852035522461
1748974304469,0.5246589660644532,0.17438735961914065,9.610165557861329
1748974304536,0.04445755004882813,0.602347412109375,9.496102752685548
1748974304603,0.34278717041015627,0.4291575622558594,9.899813232421875
1748974304669,0.6328839111328125,0.3255729675292969,9.87122268676758
1748974304736,0.6842271423339844,0.27812164306640624,9.517957305908203
1748974304803,0.34099090576171875,-0.07873626708984376,9.627379760742189
1748974304869,0.05792953491210938,0.05822891235351563,9.528585205078125
1748974304936,0.061671752929687504,0.6128256225585937,9.893376617431642
1748974305002,0.15193405151367187,0.19070343017578126,9.670190734863281
1748974305069,-0.058528289794921876,0.38125717163085937,10.158325653076172
1748974305136,-0.3124003601074219,0.38664596557617187,9.336534576416016
1748974305203,0.2770738220214844,0.24818389892578127,10.043963470458985
1748974305269,0.4689747619628907,0.07634124755859376,9.914782104492188
1748974305336,-0.209564208984375,0.26435028076171874,9.661808166503906
1748974305403,-0.016465759277343752,0.2417472839355469,9.690847778320313
1748974305469,0.13427078247070312,0.2525248718261719,9.728120269775392
1748974305536,0.00508941650390625,0.13127700805664064,9.757908325195313
1748974305603,0.0820294189453125,0.209564208984375,9.71749237060547
1748974305669,0.029788055419921876,0.25237518310546875,9.72617431640625
1748974305736,0.089813232421875,0.35640884399414063,9.845625915527345
1748974305803,0.0868194580078125,0.2927911376953125,9.573192443847656
1748974305869,0.08307723999023438,0.2571652221679688,9.738299102783204
1748974305936,0.16121475219726564,0.26150619506835937,9.627978515625001
1748974306002,0.2616558837890625,0.3291654968261719,9.812095642089844
1748974306069,0.043858795166015624,0.2477348327636719,9.83155517578125
1748974306136,-0.07424560546875,0.11076965332031251,9.704768829345703
1748974306202,0.0844244384765625,0.2369572448730469,9.59055633544922
1748974306269,0.2860551452636719,0.47077102661132814,9.760602722167969
1748974306336,0.015717315673828124,0.16375946044921877,9.726473693847657
1748974306402,-0.016914825439453125,0.29309051513671874,9.894424438476562
1748974306469,-0.23037094116210938,0.42616378784179687,9.81134719848633
1748974306536,0.1395098876953125,0.2915936279296875,9.851014709472656
1748974306603,0.3350033569335938,0.19025436401367188,9.616302795410157
1748974306669,0.20507354736328126,0.07589218139648438,9.694739685058595
1748974306736,0.2505789184570313,0.5818400573730469,9.937983856201173
1748974306802,-0.011675720214843751,0.23111938476562502,9.639504547119142
1748974306869,-0.21165985107421875,0.023201751708984378,9.832004241943359
1748974306954,0.43843826293945315,0.2579136657714844,9.543554077148437
1748974307002,0.30761032104492186,0.2652484130859375,10.016570434570314
1748974307069,0.26315277099609374,0.20866607666015627,9.74338851928711
1748974307136,0.10777587890625001,0.16989669799804688,9.75775863647461
1748974307202,0.15328125,0.18037490844726564,9.824968872070313
1748974307269,0.19010467529296876,0.28994705200195314,9.707912292480469
1748974307336,0.12903167724609377,0.27452911376953126,9.793384552001953
1748974307403,0.06436614990234375,0.17588424682617188,9.604178009033204
1748974307469,0.08891510009765625,0.23680755615234375,9.647138671875
1748974307536,0.09086105346679688,0.23082000732421876,9.824669494628907
1748974307602,0.27842102050781253,0.22109024047851564,9.635462951660157
1748974307669,0.24025039672851564,0.2716850280761719,9.749974822998047
1748974307736,0.0999920654296875,0.34129028320312504,9.732012176513672
1748974307802,0.22123992919921875,0.21809646606445313,9.538614349365234
1748974307869,0.173638916015625,0.12708572387695313,9.636810150146484
1748974307936,0.17169296264648437,0.1299298095703125,9.799072723388672
1748974308004,0.0056881713867187505,0.12543914794921876,9.875863037109376
1748974308069,0.026794281005859375,0.19309844970703127,9.800719299316407
1748974308136,0.1299298095703125,0.24010070800781252,9.798324279785156
1748974308204,0.09340576171875001,0.21570144653320314,9.632618865966798
1748974308269,0.11047027587890626,0.24623794555664064,9.711205444335938
1748974308336,0.10597961425781251,0.19160156250000002,9.710457000732422
1748974308402,0.07903564453125,0.1920506286621094,9.752369842529298
1748974308469,0.16615447998046876,0.26120681762695314,9.741891632080078
1748974308536,0.02365081787109375,0.21929397583007815,9.715995483398437
1748974308604,0.042810974121093755,0.20642074584960937,9.60013641357422
1748974308669,0.06795867919921875,0.16420852661132812,9.862840118408204
1748974308736,0.17004638671875,0.13995895385742188,9.647887115478516
1748974308803,0.13516891479492188,0.2375559997558594,9.751621398925781
1748974308869,0.09101074218750001,0.16046630859375,9.815089416503907
1748974308935,-0.036524047851562505,0.07843688964843751,9.686357116699218
1748974309004,-0.008232879638671876,0.17184265136718752,9.724378051757814
1748974309069,0.11780502319335938,0.2639012145996094,9.735604705810548
1748974309136,0.17872833251953127,0.33859588623046877,9.691745910644531
1748974309202,0.09954299926757813,0.22647903442382813,9.773925018310548
1748974309269,0.08337661743164063,0.12049942016601563,9.761051788330079
1748974309336,0.10597961425781251,0.20926483154296877,9.640851745605469
1748974309403,0.030087432861328128,0.2423460388183594,9.861043853759766
1748974309469,0.08876541137695312,0.1573228454589844,9.676777038574219
1748974309536,0.14325210571289063,0.20642074584960937,9.730066223144531
1748974309603,0.15896942138671877,0.27722351074218754,9.730365600585937
1748974309669,0.18441650390625,0.20686981201171875,9.646240539550782
1748974309736,0.12499008178710938,0.21585113525390626,9.676028594970704
1748974309803,0.11645782470703125,0.21210891723632813,9.881850585937501
1748974309869,0.15178436279296875,0.25237518310546875,9.636959838867188
1748974309936,0.08891510009765625,0.19040405273437502,9.740843811035157
1748974310002,0.1347198486328125,0.1375639343261719,9.746082916259766
1748974310069,0.09610015869140626,0.21165985107421875,9.824519805908203
1748974310136,0.11256591796875001,0.3200344848632813,9.650282135009766
1748974310203,0.16106506347656252,0.19040405273437502,9.670340423583985
1748974310269,0.1974394226074219,0.16525634765625,9.68156707763672
1748974310336,0.13576766967773438,0.24578887939453126,9.853709106445313
1748974310403,0.10972183227539063,0.13172607421875002,9.738299102783204
1748974310469,-0.02903961181640625,0.2800675964355469,9.683213653564454
1748974310536,0.10163864135742189,0.1149609375,9.642049255371095
1748974310603,0.21046234130859376,0.12034973144531251,9.800120544433595
1748974310669,0.20582199096679688,0.25312362670898436,9.735604705810548
1748974310736,0.1273851013183594,0.2616558837890625,9.777667236328126
1748974310802,0.06481521606445313,0.22109024047851564,9.59295135498047
1748974310869,0.0014968872070312501,0.16705261230468751,9.8339501953125
1748974310936,0.026195526123046875,0.192799072265625,9.715247039794923
1748974311002,0.0413140869140625,0.2878514099121094,9.78021194458008
1748974311069,0.08352630615234376,0.2341131591796875,9.773775329589844
1748974311136,0.13412109375,0.1471440124511719,9.703721008300782
1748974311202,0.056582336425781254,0.19294876098632813,9.696835327148438
1748974311269,0.12229568481445313,0.11990066528320313,9.767039337158204
1748974311336,0.15133529663085937,0.25641677856445316,9.79892303466797
1748974311402,0.008232879638671876,0.2077679443359375,9.818232879638673
1748974311469,0.00987945556640625,0.1484912109375,9.631271667480469
1748974311536,-0.013172607421875001,0.116158447265625,9.55942108154297
1748974311602,0.09490264892578125,0.30072463989257814,9.784403228759766
1748974311669,0.1866618347167969,0.20103195190429687,9.84442840576172
1748974311736,0.09565109252929688,0.17169296264648437,9.75775863647461
1748974311802,0.17079483032226564,0.1478924560546875,9.702523498535157
1748974311869,0.07289840698242188,0.044756927490234376,9.732311553955078
1748974311954,0.08607101440429688,0.13486953735351564,9.554481353759765
1748974312002,0.12633728027343752,0.27916946411132815,9.74533447265625
1748974312069,0.05179229736328125,0.07065307617187501,9.82676513671875
1748974312135,-0.11421249389648438,0.12259506225585938,9.54609878540039
1748974312202,0.3116519165039063,0.048648834228515625,9.774374084472656
1748974312269,0.032482452392578125,0.32183074951171875,10.057285766601563
1748974312336,0.05403762817382813,0.36314483642578127,9.4986474609375
1748974312402,0.204774169921875,0.26659561157226563,9.803114318847657
1748974312469,0.32168106079101566,-0.017064514160156252,9.543404388427735
1748974312536,0.09325607299804688,0.1483415222167969,9.952353973388673
1748974312605,0.12963043212890626,0.21899459838867188,9.90624984741211
1748974312669,0.055085449218750006,0.3591032409667969,9.662257232666017
1748974312736,0.058528289794921876,0.11361373901367187,9.656119995117187
1748974312805,0.1898052978515625,0.030686187744140628,9.676178283691407
1748974312869,0.2731819152832031,0.20926483154296877,9.82242416381836
1748974312936,0.25342300415039065,0.29788055419921877,9.768536224365235
1748974313005,0.12334350585937501,0.12379257202148439,9.809700622558594
1748974313069,0.04101470947265625,0.08232879638671875,9.580078125
1748974313136,0.17678237915039063,0.10642868041992189,9.763297119140626
1748974313205,0.24818389892578127,0.2927911376953125,9.796677703857423
1748974313269,0.14130615234375002,0.29144393920898437,9.811496887207031
1748974313336,0.12049942016601563,0.17678237915039063,9.695039062500001
1748974313404,0.047151947021484376,0.13711486816406251,9.614207153320313
1748974313468,0.10642868041992189,0.2070195007324219,9.74817855834961
1748974313536,0.14265335083007813,0.2173480224609375,9.746981048583985
1748974313605,0.11630813598632814,0.1770817565917969,9.651629333496095
1748974313669,0.13247451782226563,0.14699432373046875,9.800719299316407
1748974313736,-0.05134323120117188,0.07933502197265625,9.702224121093751
1748974313804,0.1502874755859375,0.15597564697265626,9.714947662353516
1748974313869,0.21225860595703125,0.13846206665039062,9.692344665527344
1748974313936,0.13576766967773438,0.1826202392578125,9.741143188476563
1748974314002,0.07469467163085938,0.23186782836914063,9.821076965332031
1748974314069,0.0383203125,0.21016296386718752,9.706864471435548
1748974314136,0.06301895141601563,0.18681152343750002,9.62603256225586
1748974314205,0.14085708618164064,0.21091140747070314,9.849218444824219
1748974314269,0.12588821411132814,0.15881973266601562,9.755513305664063
1748974314336,0.1035845947265625,0.1634600830078125,9.656569061279297
1748974314404,0.06077362060546875,0.13427078247070312,9.781110076904298
1748974314468,0.06586303710937501,0.14385086059570312,9.720635833740236
1748974314536,0.12349319458007812,0.178428955078125,9.789941711425781
1748974314605,0.08337661743164063,0.20746856689453125,9.773625640869142
1748974314669,0.12484039306640625,0.19893630981445312,9.507479095458985
1748974314736,0.03427871704101563,-0.035326538085937505,9.800719299316407
1748974314804,0.09415420532226564,0.16780105590820313,9.767189025878906
1748974314869,0.16675323486328125,0.29294082641601565,9.81284408569336
1748974314936,0.04580474853515625,0.28874954223632815,9.685009918212891
1748974315002,0.11361373901367187,0.08951385498046875,9.635912017822266
1748974315069,0.2704875183105469,0.22019210815429688,9.5657080078125
1748974315136,0.08666976928710939,0.19474502563476564,9.89951385498047
1748974315204,0.19115249633789064,0.19070343017578126,9.658215637207032
1748974315269,0.05284011840820313,0.15702346801757813,9.63710952758789
1748974315336,0.15762222290039063,0.09086105346679688,9.729168090820313
1748974315404,-0.07409591674804687,0.23680755615234375,9.617350616455079
1748974315468,0.437091064453125,0.1922003173828125,9.829908599853516
1748974315536,0.27422973632812503,0.14759307861328125,9.773925018310548
1748974315605,0.24893234252929688,0.2848576354980469,9.6231884765625
1748974315669,0.080233154296875,0.2616558837890625,9.782606964111329
1748974315736,0.23246658325195313,0.1287322998046875,9.641001434326173
1748974315804,0.34143997192382813,0.18142272949218752,9.775122528076173
1748974315869,0.0664617919921875,0.21809646606445313,9.682315521240234
1748974315936,0.26300308227539065,0.17917739868164062,9.793534240722657
1748974316002,0.14804214477539063,0.22064117431640626,9.61600341796875
1748974316069,0.42810974121093753,0.2556683349609375,9.860894165039063
1748974316136,0.2609074401855469,0.10014175415039063,9.660610656738282
1748974316204,0.24608825683593752,0.21674926757812502,9.741592254638672
1748974316269,0.33560211181640626,0.2556683349609375,9.800719299316407
1748974316336,0.2628533935546875,0.24758514404296877,9.633666687011718
1748974316404,0.2341131591796875,0.16510665893554688,9.82960922241211
1748974316469,0.23486160278320314,0.23486160278320314,9.79368392944336
1748974316536,0.20627105712890625,0.23531066894531252,9.656868438720704
1748974316604,0.12199630737304688,0.20851638793945312,9.656569061279297
1748974316669,0.35356475830078127,0.14744338989257813,9.828860778808595
1748974316736,0.2537223815917969,0.2333647155761719,9.682465209960938
1748974316804,0.18995498657226564,0.214354248046875,9.84442840576172
1748974316869,0.18067428588867188,0.15492782592773438,9.630672912597657
1748974316941,0.13457015991210938,0.16166381835937502,9.675579528808594
1748974317002,0.24069946289062502,0.23396347045898438,9.756561126708984
1748974317069,0.2740800476074219,0.22408401489257815,9.719138946533203
1748974317136,0.1802252197265625,0.25626708984375,9.746831359863283
1748974317203,0.24983047485351564,0.17947677612304688,9.749226379394532
1748974317269,0.2221380615234375,0.17753082275390625,9.651030578613282
1748974317336,0.2525248718261719,0.2281256103515625,9.83724334716797
1748974317404,0.19369720458984377,0.11391311645507814,9.627080383300783
1748974317469,0.10388397216796875,0.19788848876953127,9.741143188476563
1748974317536,0.12079879760742188,0.16660354614257813,9.754615173339845
1748974317605,0.10792556762695313,0.21076171875000002,9.806108093261718
1748974317669,0.2640509033203125,0.28755203247070316,9.764794006347657
1748974317736,0.1537303161621094,0.24129821777343752,9.696535949707032
1748974317804,0.09190887451171875,0.1149609375,9.643845520019532
1748974317870,0.15672409057617187,0.24758514404296877,9.753417663574218
1748974317936,0.22483245849609376,0.17992584228515626,9.77302688598633
1748974318005,0.2423460388183594,0.25731491088867187,9.702972564697266
1748974318069,0.1347198486328125,0.1932481384277344,9.835147705078125
1748974318136,0.16540603637695314,0.13142669677734375,9.66584976196289
1748974318205,0.10508148193359376,0.2293231201171875,9.643995208740234
1748974318269,0.1836680603027344,0.26375152587890627,9.802066497802734
1748974318336,0.12094848632812501,0.143701171875,9.686506805419922
1748974318405,0.17199234008789063,0.16645385742187502,9.744136962890625
1748974318469,0.14474899291992188,0.18336868286132812,9.66719696044922
1748974318536,0.06840774536132813,0.09445358276367188,9.731114044189454
1748974318605,0.12124786376953126,0.1830693054199219,9.682914276123048
1748974318670,0.22168899536132813,0.1435514831542969,9.790390777587891
1748974318736,0.12020004272460938,0.19025436401367188,9.736802215576173
1748974318805,0.16435821533203127,0.1483415222167969,9.776619415283204
1748974318869,0.1407073974609375,0.14055770874023438,9.817334747314453
1748974318936,0.23052062988281252,0.199984130859375,9.596094818115235
1748974319003,0.09894424438476564,0.22842498779296877,9.767488403320312
1748974319069,0.1299298095703125,0.13247451782226563,9.700128479003906
1748974319136,0.17244140625,0.19354751586914062,9.674831085205078
1748974319205,0.18037490844726564,0.22917343139648438,9.765542449951173
1748974319269,0.19639160156250002,0.164058837890625,9.672136688232422
1748974319336,0.11451187133789063,0.13921051025390627,9.748477935791016
1748974319404,0.11870315551757814,0.11810440063476563,9.816436614990234
1748974319469,0.199984130859375,0.17648300170898437,9.635163574218751
1748974319536,0.1423539733886719,0.108973388671875,9.76015365600586
1748974319604,0.1627116394042969,0.06960525512695313,9.743538208007813
1748974319669,0.2029779052734375,0.17812957763671877,9.692494354248048
1748974319736,0.19040405273437502,0.199984130859375,9.806557159423829
1748974319806,0.17558486938476564,0.11930191040039063,9.682165832519532
1748974319869,0.23441253662109376,0.10403366088867189,9.72572525024414
1748974319936,0.15552658081054688,0.15492782592773438,9.766290893554688
1748974320003,0.15283218383789063,0.06346801757812501,9.655521240234375
1748974320070,0.17468673706054688,0.12828323364257813,9.746981048583985
1748974320136,0.061372375488281256,0.17079483032226564,9.896220703125001
1748974320206,0.30491592407226564,-0.13786331176757813,10.065069580078125
1748974320269,-0.004640350341796875,0.2555186462402344,9.43682601928711
1748974320336,0.44113265991210937,0.42047561645507814,9.70701416015625
1748974320405,0.37511993408203126,0.6240522766113281,9.620793457031251
1748974320469,-0.4315525817871094,0.5180726623535157,9.60732147216797
1748974320536,0.8857081604003907,-0.17154327392578125,10.532697143554689
1748974320606,0.062120819091796876,0.14579681396484376,9.576784973144532
1748974320670,-0.16780105590820313,0.405955810546875,9.724976806640626
1748974320736,0.29608428955078125,0.8934919738769531,9.86074447631836
1748974320806,-0.6246510314941407,0.38470001220703126,9.385183410644531
1748974320870,1.050066375732422,0.8458909606933595,9.948761444091797
1748974320936,0.3243754577636719,0.21585113525390626,9.753267974853516
1748974321002,0.15073654174804688,0.43963577270507814,9.757159881591797
1748974321069,0.46493316650390626,0.1782792663574219,10.006241912841798
1748974321136,0.16720230102539063,0.3088078308105469,9.634415130615235
1748974321205,0.5656736755371095,0.09580078125000001,10.80198715209961
1748974321270,-0.21674926757812502,0.06077362060546875,9.530381469726564
1748974321336,0.3327580261230469,0.5854325866699219,10.192754058837892
1748974321404,-0.10433303833007813,0.3799099731445313,9.723629608154297
1748974321469,-0.06122268676757813,0.8617579650878907,9.595346374511719
1748974321536,0.40356079101562503,0.871637420654297,9.809101867675782
1748974321604,0.0496966552734375,0.5451663208007813,9.99486557006836
1748974321670,0.07170089721679689,0.28351043701171874,9.59340042114258
1748974321736,0.29488677978515626,0.7511380004882813,10.111323394775392
1748974321805,0.02125579833984375,0.7054829406738281,9.329199829101563
1748974321870,-0.3698808288574219,1.1109896850585939,9.388775939941407
1748974321937,0.317340087890625,0.8653504943847656,9.827513580322266
1748974322002,-0.5938151550292969,1.2171189880371094,9.434281311035157
1748974322069,0.017064514160156252,0.6878196716308594,9.959539031982422
1748974322136,0.48020141601562505,0.8060737609863282,10.04905288696289
1748974322204,0.2704875183105469,0.6906637573242188,9.098379821777344
1748974322269,-0.31763946533203125,0.9937834167480469,9.710157623291016
1748974322336,-0.15343093872070312,1.0725196838378908,9.757908325195313
1748974322405,0.239501953125,0.8409512329101563,9.663754119873047
1748974322470,-0.06855743408203126,0.7068301391601562,9.691745910644531
1748974322536,0.25701553344726563,1.0744656372070314,9.874066772460939
1748974322605,-0.048648834228515625,1.3822256469726564,9.250912628173829
1748974322670,-0.27333160400390627,1.2481045532226562,9.558373260498048
1748974322736,0.5263055419921875,1.1481124877929687,9.899813232421875
1748974322806,-0.6435118103027344,0.7403604125976563,9.536668395996093
1748974322870,-0.6360273742675782,1.2826826477050781,9.49954559326172
1748974322936,-0.5682183837890625,1.5202386474609375,9.524842987060547
1748974323006,-0.9752220153808594,1.4944921875000001,9.687554626464845
1748974323069,-1.4510824584960937,2.181713104248047,9.098978576660157
1748974323136,-1.1587403869628907,1.8293458557128908,8.75185043334961
1748974323206,0.05598358154296875,1.2543914794921875,10.215806121826173
1748974323269,0.012873229980468751,0.8095166015625,9.89861572265625
1748974323336,-0.39308258056640627,0.7397616577148438,9.748777313232422
1748974323406,-0.27033782958984376,1.4019845581054688,9.639654235839844
1748974323469,0.1933978271484375,1.4715898132324219,9.787097625732422
1748974323536,-0.17678237915039063,0.9231303405761719,9.42964096069336
1748974323606,-0.20432510375976565,0.4698728942871094,9.734407196044922
1748974323670,-0.6053411865234375,0.6553372192382813,9.602830810546875
1748974323736,0.6409671020507813,1.3683045959472657,9.429940338134767
1748974323806,0.9416917419433595,1.4581178283691407,9.60208236694336
1748974323870,0.6863227844238282,-0.4076023864746094,9.93648696899414
1748974323936,0.3406915283203125,-0.2947370910644531,9.602531433105469
1748974324002,0.09116043090820312,-0.3691323852539063,9.299711151123047
1748974324070,1.0701246643066407,0.07095245361328126,10.306816864013673
1748974324136,-0.21600082397460937,-0.11032058715820313,8.104446716308594
1748974324206,1.4578184509277345,-0.6481521606445313,10.899135131835939
1748974324269,0.3345542907714844,0.40730300903320316,9.629325714111328
1748974324336,0.3806584167480469,0.47017227172851567,9.861792297363282
1748974324405,0.10059082031250001,0.4520599365234375,9.771829376220703
1748974324469,0.2327659606933594,0.18456619262695315,9.795031127929688
1748974324536,0.6559359741210938,0.32287857055664065,9.783355407714843
1748974324606,0.9517208862304688,0.04340972900390625,9.334289245605468
1748974324670,0.4028123474121094,0.6225553894042969,9.842931518554687
1748974324736,0.16705261230468751,0.45520339965820317,9.93738510131836
1748974324805,0.13681549072265625,0.7774832153320312,9.669741668701173
1748974324870,-0.016914825439453125,0.355660400390625,9.519304504394531
1748974324936,-0.13696517944335937,0.14385086059570312,9.400601348876954
1748974325002,-0.3170407104492188,0.16780105590820313,8.462951202392578
1748974325070,0.2424957275390625,0.12828323364257813,10.259964294433594
1748974325136,0.06182144165039063,0.0520916748046875,11.235186309814454
1748974325205,0.039517822265625,0.7834707641601563,9.391919403076173
1748974325269,0.12678634643554687,0.16435821533203127,9.231453094482422
1748974325336,1.0505154418945313,-0.029788055419921876,9.955796813964843
1748974325406,0.0473016357421875,0.24264541625976563,10.108329620361328
1748974325469,0.5727090454101563,0.012124786376953125,9.283245391845703
1748974325536,0.8382568359375,0.42945693969726567,9.803114318847657
1748974325606,0.5242098999023438,0.10597961425781251,9.342522125244141
1748974325670,0.8047265625000001,0.09355545043945312,9.18010986328125
1748974325736,0.1874102783203125,0.13427078247070312,9.880054321289062
1748974325805,0.25806335449218754,0.19145187377929687,9.502689056396484
1748974325870,-0.0058378601074218755,0.1526824951171875,10.053244171142579
1748974325936,0.26240432739257813,0.21210891723632813,9.62992446899414
1748974326002,0.4531077575683594,-0.0161663818359375,9.857301635742187
1748974326070,0.2517764282226563,-0.16166381835937502,9.711654510498047
1748974326136,0.36359390258789065,-0.0185614013671875,9.505682830810548
1748974326205,0.3177891540527344,0.25806335449218754,9.89232879638672
1748974326270,0.4505630493164063,0.06331832885742188,9.650282135009766
1748974326336,0.4781057739257813,0.14953903198242188,9.547146606445313
1748974326405,0.705333251953125,-0.015118560791015626,9.751172332763673
1748974326469,0.6749464416503906,-0.0389190673828125,9.656718750000001
1748974326536,0.8017327880859375,-0.2136058044433594,9.667047271728515
1748974326605,0.9205856323242188,0.239501953125,9.637857971191407
1748974326670,0.8190966796875,0.6358776855468751,9.92780502319336
1748974326736,0.7114704895019531,0.28755203247070316,9.560917968750001
1748974326805,0.7623646545410157,-0.06900650024414062,9.654174041748048
1748974326870,0.7080276489257813,-0.15462844848632815,9.684860229492188
1748974326940,0.7381150817871094,0.14534774780273438,9.836494903564454
1748974327003,0.7729925537109376,0.2808160400390625,9.781110076904298
1748974327070,0.7682025146484376,0.14639556884765625,9.587562561035156
1748974327136,0.7879614257812501,0.07978408813476563,9.648785247802735
1748974327204,0.8568182373046875,0.007035369873046876,9.581275634765625
1748974327270,0.8620573425292969,0.18351837158203127,9.67872299194336
1748974327336,0.8809181213378907,0.26599685668945316,9.747879180908203
1748974327404,0.9379495239257813,0.20522323608398438,9.679621124267578
1748974327470,0.9301657104492188,0.18067428588867188,9.665550384521485
1748974327536,0.9018745422363281,0.1375639343261719,9.429341583251954
1748974327605,0.8388555908203126,0.28680358886718754,9.504934387207031
1748974327670,0.8370593261718751,0.2496807861328125,9.842632141113281
1748974327736,0.741258544921875,0.128133544921875,9.835896148681641
1748974327806,0.8170010375976563,0.16151412963867187,9.665550384521485
1748974327870,0.7192543029785157,0.04894821166992188,9.614955596923828
1748974327936,0.7547305297851563,0.0016465759277343752,9.694889373779297
1748974328003,0.6682104492187501,0.24444168090820315,9.737101593017579
1748974328070,0.8684939575195313,0.29174331665039066,9.68021987915039
1748974328136,0.9057664489746095,0.22064117431640626,9.495354309082032
1748974328206,0.9833052062988282,0.2483335876464844,9.619595947265626
1748974328269,1.2865745544433593,0.23785537719726563,9.50059341430664
1748974328336,1.064436492919922,0.314945068359375,9.79413299560547
1748974328406,1.0620414733886718,0.3113525390625,9.60732147216797
1748974328469,1.2025991821289064,0.16241226196289063,9.728868713378906
1748974328536,0.9993218994140626,0.26764343261718754,9.673334197998047
1748974328605,0.9656419372558595,0.3088078308105469,9.649533691406251
1748974328670,0.8910969543457031,0.3350033569335938,9.836644592285158
1748974328736,0.8044271850585938,0.5210664367675781,9.749825134277344
1748974328806,0.8743318176269532,0.24099884033203126,9.641151123046875
1748974328869,1.0436297607421876,0.11840377807617188,9.41961181640625
1748974328935,0.9271719360351564,0.05194198608398438,9.406888275146486
1748974329002,1.0377919006347658,0.07619155883789062,9.525591430664063
1748974329070,0.96998291015625,0.24084915161132814,9.639354858398438
1748974329136,0.81670166015625,0.3734733581542969,9.95804214477539
1748974329206,0.4555027770996094,0.34503250122070317,10.29573989868164
1748974329270,0.4375401306152344,0.28351043701171874,9.579479370117188
1748974329336,0.7002438354492188,0.19908599853515627,9.555529174804688
1748974329406,0.9397457885742188,0.295784912109375,9.257798309326173
1748974329469,0.7110214233398438,0.31793884277343754,9.331594848632813
1748974329536,0.7533833312988282,0.3251239013671875,10.062973937988282
1748974329606,0.9348060607910157,0.3043171691894531,10.06911117553711
1748974329670,1.2766950988769532,0.24893234252929688,9.36737045288086
1748974329736,1.477577362060547,0.42960662841796876,9.238937530517578
1748974329806,1.2201127624511718,0.6246510314941407,9.347012786865236
1748974329870,1.0114466857910156,0.6737489318847657,9.607920227050782
1748974329936,0.7879614257812501,0.5462141418457032,10.026300201416015
1748974330002,0.7520361328125,0.7108717346191407,9.836644592285158
1748974330070,0.7740403747558594,0.7743397521972657,10.06342300415039
1748974330136,0.9264234924316407,0.5373825073242188,9.716594238281251
1748974330206,0.800984344482422,0.4129911804199219,10.080786895751954
1748974330270,0.5489085388183594,0.38080810546875005,9.745484161376954
1748974330336,0.3327580261230469,0.10747650146484375,9.353150024414063
1748974330406,0.40490798950195317,-0.149688720703125,9.017547912597657
1748974330469,0.5252577209472656,0.023201751708984378,9.511820068359375
1748974330536,0.6697073364257813,0.37392242431640627,10.04082000732422
1748974330606,0.9584568786621094,0.35745666503906254,10.024953002929688
1748974330670,0.8683442687988282,0.026943969726562503,9.501341857910157
1748974330736,0.7869136047363282,-0.10268646240234376,9.102571105957031
1748974330805,0.8159532165527345,0.06481521606445313,9.530980224609376
1748974330870,0.87418212890625,0.5574407958984375,9.771979064941407
1748974330936,0.7801776123046875,0.5519023132324219,9.99965560913086
1748974331002,0.6891668701171876,0.2667453002929688,9.663754119873047
1748974331070,0.800984344482422,0.18276992797851563,9.08236312866211
1748974331136,0.5522016906738282,0.34173934936523437,9.310339050292969
1748974331205,0.6978488159179688,0.3592529296875,9.98917739868164
1748974331270,0.5734574890136719,0.6577322387695312,10.779384155273439
1748974331336,0.5700146484375,0.9834548950195313,9.560917968750001
1748974331405,-0.025297393798828127,0.8390052795410157,9.65282684326172
1748974331469,-0.06900650024414062,0.9521699523925782,8.650810546875
1748974331536,-0.10403366088867189,0.768651580810547,10.23766067504883
1748974331606,-0.024099884033203126,0.22408401489257815,10.506651306152344
1748974331670,0.2471360778808594,0.4381388854980469,9.925709381103516
1748974331736,0.08187973022460938,0.8259823608398438,9.288634185791016
1748974331805,0.4728666687011719,0.9626481628417969,9.153315582275392
1748974331870,0.5792953491210938,0.4046086120605469,9.572593688964844
1748974331943,0.3595523071289063,-0.02424957275390625,9.708511047363281
1748974332003,0.147293701171875,0.17259109497070313,10.10069549560547
1748974332070,0.008831634521484376,0.6048921203613281,10.311157836914063
1748974332136,-0.24025039672851564,0.5291496276855469,9.96567626953125
1748974332205,-0.19025436401367188,0.31090347290039066,9.408834228515625
1748974332270,-0.3384461975097656,0.28306137084960936,9.374854888916015
1748974332336,-0.22767654418945313,0.24563919067382814,9.824669494628907
1748974332406,-0.19654129028320313,0.3135978698730469,10.183473358154297
1748974332470,-0.26734405517578125,0.3351530456542969,10.099947052001953
1748974332536,-0.2728825378417969,0.3514691162109375,9.486073608398438
1748974332605,-0.5525010681152344,0.3209326171875,9.508377227783203
1748974332670,-0.2603086853027344,0.5087919616699219,9.522447967529297
1748974332736,0.2197430419921875,0.8125103759765625,9.895172882080079
1748974332805,-0.2805166625976563,0.8228388977050781,9.893675994873048
1748974332870,-0.10852432250976562,0.48035110473632814,9.27112060546875
1748974332936,-0.17528549194335938,0.5023553466796875,9.355844421386719
1748974333002,-0.3135978698730469,0.7683522033691407,9.380093994140626
1748974333070,-0.34907409667968753,1.1259585571289064,10.047855377197266
1748974333136,-0.2555186462402344,1.235680389404297,10.046807556152345
1748974333206,-0.48214736938476566,1.031205596923828,10.164013824462891
1748974333270,-0.4942721557617188,0.8753796386718751,9.984237670898438
1748974333336,-0.6762936401367188,0.888402557373047,9.676178283691407
1748974333403,-0.8572673034667969,1.0585986328125,9.569599914550782
1748974333469,-0.3882925415039063,0.9602531433105469,9.32186508178711
1748974333536,-0.9313632202148437,1.210682373046875,9.810149688720704
1748974333606,-0.4977149963378906,1.2234059143066407,9.859097900390626
1748974333670,-1.1693682861328125,1.3157638549804689,10.078990631103515
1748974333736,-1.6387921142578126,1.287472686767578,9.699380035400392
1748974333804,-1.20948486328125,1.1873309326171875,9.570198669433594
1748974333870,-0.9539662170410157,0.7378157043457032,9.38323745727539
1748974333936,-1.0792556762695313,0.8773255920410157,9.486372985839845
1748974334002,-0.8931925964355469,1.2618759155273438,9.737700347900391
1748974334070,-0.9735754394531251,1.4702426147460939,9.888586578369141
1748974334136,-1.0641371154785157,1.2988490295410158,9.904902648925782
1748974334205,-1.0328521728515625,1.0485694885253907,9.636361083984376
1748974334270,-0.9940827941894532,0.948278045654297,9.539662170410157
1748974334336,-0.91729248046875,1.093027038574219,9.713750152587892
1748974334405,-0.8837622070312501,1.2882211303710938,9.773326263427736
1748974334469,-0.8448431396484375,1.276395721435547,9.963580627441408
1748974334536,-0.9201365661621094,1.2485536193847657,9.814490661621095
1748974334605,-0.9057664489746095,1.119521942138672,9.446705474853516
1748974334670,-0.844244384765625,0.9367520141601563,9.67303482055664
1748974334736,-0.8702902221679688,1.0060578918457033,9.655072174072266
1748974334805,-0.8533753967285157,1.0439291381835938,9.883347473144532
1748974334870,-0.8015830993652344,0.9696835327148438,9.937834167480469
1748974334936,-0.7464976501464844,1.0383906555175781,9.516161041259766
1748974335002,-0.8092172241210938,0.9550140380859375,9.605525207519532
1748974335070,-0.77359130859375,0.8300239562988282,9.445507965087891
1748974335136,-0.5637277221679687,1.0109976196289063,9.805808715820312
1748974335206,-0.08472381591796875,1.0877879333496094,9.857451324462891
1748974335270,0.23201751708984375,1.2159214782714844,9.587412872314454
1748974335336,0.3864962768554688,1.2620256042480469,9.616602172851563
1748974335405,0.5040019226074219,1.2403207397460938,9.665550384521485
1748974335469,0.5498066711425782,1.2352313232421877,9.603429565429687
1748974335536,0.5918692016601563,1.1526031494140625,9.708810424804687
1748974335605,0.6051914978027344,1.2121792602539063,9.548493804931642
1748974335670,0.36553985595703126,1.2195140075683595,9.440568237304689
1748974335736,0.465831298828125,1.186582489013672,9.69788314819336
1748974335805,0.3251239013671875,1.0090516662597657,9.7668896484375
1748974335870,0.32482452392578126,1.0172845458984376,9.783355407714843
1748974335936,0.21959335327148438,1.0755134582519532,9.63082260131836
1748974336005,0.2118095397949219,1.2229568481445312,9.488468627929688
1748974336070,0.06586303710937501,1.1786489868164063,9.409582672119141
1748974336137,0.08232879638671875,1.0282118225097656,9.78021194458008
1748974336205,0.17812957763671877,1.0484197998046876,9.746382293701172
1748974336270,0.05643264770507813,1.1436218261718751,9.717791748046876
1748974336336,0.1095721435546875,1.1466156005859376,9.65477279663086
1748974336405,0.12678634643554687,1.1133847045898437,9.466165008544923
1748974336469,0.08128097534179687,1.0353968811035157,9.649384002685547
1748974336536,0.17184265136718752,1.063238983154297,9.691147155761719
1748974336605,0.067060546875,1.2626243591308595,9.742340698242188
1748974336670,-0.016465759277343752,1.1764036560058595,9.766290893554688
1748974336736,0.034727783203125,1.1255094909667969,9.676926727294923
1748974336805,0.04775070190429688,1.3129197692871095,9.59205322265625
1748974336870,-0.11017089843750001,1.3148657226562501,9.724078674316408
1748974336944,-0.01945953369140625,1.140029296875,9.620943145751953
1748974337003,-0.05358856201171875,1.17595458984375,9.671388244628906
1748974337070,-0.1287322998046875,1.324296112060547,9.714498596191406
1748974337136,0.2136058044433594,1.337618408203125,9.62992446899414
1748974337204,0.6007008361816406,1.1817924499511718,9.744436340332031
1748974337270,0.41912841796875,1.1478131103515625,9.507479095458985
1748974337336,0.5450166320800781,1.2022998046875,9.435478820800782
1748974337406,0.5933660888671876,1.075214080810547,9.678573303222656
1748974337469,0.9874964904785156,1.1234138488769532,9.361682281494142
1748974337536,1.0566526794433595,1.2012519836425781,9.901908874511719
1748974337604,0.9737251281738282,1.154249725341797,9.380393371582032
1748974337669,0.9262738037109376,1.2395722961425781,9.605076141357422
1748974337736,1.1741583251953125,1.3593232727050781,9.814939727783203
1748974337805,0.9029223632812501,1.2798385620117188,9.421408081054688
1748974337870,0.8541238403320313,1.3886622619628908,9.710756378173828
1748974337936,1.0585986328125,1.2707075500488283,9.648186492919923
1748974338002,0.9051676940917969,1.2198133850097657,9.504335632324219
1748974338070,1.0386900329589843,1.3007949829101564,9.509425048828126
1748974338136,1.0669812011718751,1.0103988647460938,9.623936920166017
1748974338205,1.0579998779296875,1.029708709716797,9.36213134765625
1748974338270,0.9728269958496094,0.9951306152343751,9.345515899658203
1748974338336,0.8771759033203126,1.0960208129882814,9.61884750366211
1748974338405,0.7464976501464844,1.3127700805664062,9.852511596679689
1748974338469,0.8767268371582032,1.452579345703125,9.769134979248047
1748974338536,0.8975335693359375,1.3766871643066407,9.572444000244142
1748974338605,0.8580157470703126,1.38192626953125,9.16663787841797
1748974338670,0.8092172241210938,1.201102294921875,9.622290344238282
1748974338736,0.7701484680175782,1.093027038574219,9.757010192871094
1748974338806,0.7488926696777344,1.1888278198242188,10.067015533447266
1748974338870,0.7339237976074219,1.2954061889648438,9.561217346191407
1748974338936,0.3897894287109375,0.9407936096191407,8.975784759521485
1748974339002,0.51492919921875,0.820144500732422,9.393416290283204
1748974339070,0.7021897888183594,1.6766633605957033,11.502680053710938
1748974339136,0.77838134765625,1.4570700073242189,10.412946166992189
1748974339206,0.8400531005859375,0.8740324401855469,9.698631591796875
1748974339270,0.86939208984375,0.5096900939941407,9.000633087158203
1748974339336,0.6382727050781251,0.4219725036621094,8.947194213867188
1748974339405,0.9827064514160156,0.7403604125976563,9.255403289794922
1748974339469,0.8318202209472657,0.7442523193359375,9.988279266357422
1748974339536,0.8318202209472657,0.8357121276855469,9.853709106445313
1748974339606,0.9499246215820313,0.8482859802246094,10.2363134765625
1748974339670,0.9937834167480469,1.0154882812500001,9.795180816650392
1748974339736,0.8710386657714844,1.2533436584472657,8.640332336425782
1748974339804,0.8027806091308595,1.1150312805175782,8.75514358520508
1748974339870,1.0606942749023438,0.7192543029785157,9.646539916992188
1748974339936,0.9633966064453126,0.7047344970703125,10.433303833007812
1748974340002,0.9671388244628907,1.1166778564453126,10.423125
1748974340070,0.9972262573242188,1.1835887145996093,9.737999725341798
1748974340136,0.9382489013671875,0.9419911193847657,8.706943817138672
1748974340206,0.520767059326172,0.8391549682617188,9.456734619140626
1748974340270,0.3309617614746094,0.7554789733886719,9.77257781982422
1748974340336,0.051492919921875005,1.1409274291992189,9.790091400146485
1748974340406,0.09729766845703125,1.0304571533203126,10.335856475830079
1748974340469,0.34024246215820314,0.9765692138671875,9.97525634765625
1748974340537,0.4927752685546875,0.6652166748046875,9.019942932128906
1748974340606,0.48214736938476566,0.5679190063476562,9.574689331054689
1748974340670,0.6731501770019531,0.9623487854003907,9.920170898437501
1748974340736,0.8815168762207032,1.2645703125,9.683962097167969
1748974340806,0.9060658264160156,1.0678793334960939,9.270821228027344
1748974340870,0.5426216125488281,0.652642822265625,9.088350677490235
1748974340937,0.19968475341796876,0.44307861328125003,10.189460906982422
1748974341003,0.006885681152343751,0.3658392333984375,9.710157623291016
1748974341070,-0.178428955078125,0.3234773254394531,9.688003692626953
1748974341137,-0.11690689086914063,0.5499563598632813,9.955198059082031
1748974341206,-0.19848724365234377,0.8878038024902344,10.021959228515625
1748974341270,-0.061372375488281256,1.0291099548339844,10.165211334228516
1748974341336,0.24025039672851564,0.7454498291015625,9.37650146484375
1748974341405,0.20597167968750002,0.8759783935546875,9.490564270019531
1748974341469,0.22378463745117189,0.9898915100097657,9.621990966796876
1748974341537,0.24144790649414063,1.1358380126953125,9.836943969726564
1748974341606,0.11585906982421876,0.8592132568359375,10.27792694091797
1748974341670,-0.4939727783203125,1.1157797241210938,10.058932342529298
1748974341737,-0.619112548828125,1.090931396484375,9.76973373413086
1748974341806,-0.15582595825195314,0.9792636108398438,8.99135238647461
1748974341870,-0.3350033569335938,0.7048841857910156,9.267827453613283
1748974341943,-0.06256988525390625,0.8722361755371094,9.887389068603516
1748974342003,0.025746459960937502,1.2153227233886719,10.517129516601564
1748974342070,-0.0622705078125,1.1564950561523437,10.161169738769532
1748974342137,-0.3263214111328125,0.8577163696289063,9.934840393066407
1748974342204,-0.03427871704101563,0.711171112060547,9.430688781738281
1748974342270,-0.34682876586914063,0.5983058166503906,9.351653137207032
1748974342336,-0.054935760498046875,0.5631289672851563,9.23235122680664
1748974342406,-0.19055374145507814,0.5387297058105469,9.697134704589844
1748974342469,-0.11226654052734375,0.6414161682128906,9.954898681640625
1748974342537,-0.15462844848632815,0.7143145751953125,9.902657318115235
1748974342605,0.05254074096679688,0.6824308776855469,9.518855438232423
1748974342670,0.367635498046875,0.7011419677734375,9.663305053710937
1748974342736,0.3028202819824219,0.7406597900390626,9.49475555419922
1748974342806,0.1898052978515625,0.8080197143554688,9.752669219970704
1748974342870,0.20148101806640625,0.8632548522949219,9.698930969238281
1748974342937,0.22528152465820314,0.7442523193359375,9.585317230224609
1748974343002,0.18516494750976564,0.7571255493164063,9.684860229492188
1748974343069,0.43349853515625003,0.9621990966796875,9.617649993896485
1748974343137,0.2555186462402344,1.2853770446777344,9.806407470703126
1748974343206,0.4237687683105469,1.3443544006347656,9.902507629394531
1748974343270,0.8529263305664063,1.1573931884765625,9.670939178466798
1748974343336,0.9824070739746095,0.9035211181640626,9.63755859375
1748974343405,0.7583230590820312,0.6682104492187501,9.439819793701172
1748974343469,0.7952961730957032,0.6524931335449219,9.612859954833985
1748974343537,1.0803034973144532,0.7702981567382813,9.513316955566406
1748974343606,1.5962805175781252,0.9271719360351564,9.378896484375
1748974343669,1.595232696533203,0.9403445434570313,9.668394470214844
1748974343737,1.1765533447265626,0.8186476135253906,9.811197509765625
1748974343806,0.8708889770507813,0.7021897888183594,10.218350830078126
1748974343870,0.51013916015625,0.6617738342285157,9.737251281738281
1748974343936,0.8523275756835937,0.7469467163085938,8.887169036865235
1748974344002,0.9575587463378906,0.7369175720214844,8.917406158447266
1748974344070,0.9867480468750001,0.6649172973632813,9.131910095214844
1748974344137,0.8428971862792969,0.8623567199707032,10.692864074707032
1748974344205,0.8508306884765625,1.2199630737304688,10.645113372802735
1748974344270,1.0913804626464845,0.7637118530273438,9.909393310546875
1748974344337,1.4768289184570313,0.5360353088378906,9.102271728515625
1748974344404,1.8287471008300782,0.5324427795410156,8.929231567382812
1748974344469,1.7013619995117188,0.8307723999023438,9.33054702758789
1748974344537,1.8145266723632814,0.9494755554199219,9.855056304931642
1748974344605,1.3310321044921876,0.7954458618164063,9.841284942626954
1748974344670,1.1032058715820312,0.3632945251464844,9.62169158935547
1748974344737,0.7946974182128906,0.21270767211914063,9.361532592773438
1748974344805,0.8099656677246094,0.4986131286621094,9.249266052246094
1748974344870,0.9313632202148437,0.7415579223632813,9.783804473876954
1748974344936,0.7526348876953125,0.5426216125488281,9.928104400634766
1748974345002,0.7021897888183594,0.5049000549316407,10.22957748413086
1748974345070,0.7535330200195313,0.7333250427246094,9.8722705078125
1748974345137,0.8292755126953125,0.6665638732910156,9.894723815917969
1748974345206,0.70892578125,0.7207511901855469,9.385333099365235
1748974345270,0.9349557495117188,0.83107177734375,8.63539260864258
1748974345337,0.8649014282226563,0.7511380004882813,9.241781616210938
1748974345405,0.7614665222167969,0.7897576904296876,9.905202026367188
1748974345469,0.7241940307617187,0.7445516967773438,11.129506072998048
1748974345537,0.760418701171875,1.044228515625,10.312355346679688
1748974345606,0.8596623229980469,0.8767268371582032,9.432185668945314
1748974345670,0.8427474975585938,0.3454815673828125,8.992699584960938
1748974345737,0.7933502197265625,0.10792556762695313,9.286089477539063
1748974345805,0.9074130249023438,0.4328997802734375,9.163195037841797
1748974345870,0.8289761352539063,0.7035369873046875,9.925709381103516
1748974345937,0.5902226257324219,0.7370672607421875,10.609637145996095
1748974346003,0.9379495239257813,0.7391629028320312,9.905052337646485
1748974346070,0.8705895996093751,0.36703674316406254,9.297316131591797
1748974346137,0.9966275024414063,0.5767506408691406,9.590855712890626
1748974346206,1.659598846435547,0.8283773803710938,8.57656494140625
1748974346270,1.7501605224609376,0.6924600219726563,9.839937744140625
1748974346336,1.2199630737304688,0.7246430969238281,9.783804473876954
1748974346405,0.33141082763671875,0.3246748352050781,10.198741607666015
1748974346469,0.7876620483398438,0.31644195556640625,9.572743377685548
1748974346537,1.0532098388671876,0.3674858093261719,9.811945953369142
1748974346605,0.8253836059570313,0.32227981567382813,9.255702667236328
1748974346670,0.7206015014648438,0.24279510498046877,9.357940063476564
1748974346737,0.8038284301757813,0.5677693176269532,9.353299713134765
1748974346805,0.8774752807617188,0.7225474548339844,9.668095092773438
1748974346870,0.9909393310546876,0.5346881103515625,9.721084899902344
1748974346943,0.7475454711914062,0.5563929748535157,10.807675323486329
1748974347003,0.9434880065917969,0.8713380432128907,10.028695220947267
1748974347070,0.8599617004394532,0.978215789794922,9.838141479492188
1748974347137,0.8704399108886719,0.85981201171875,8.868008880615236
1748974347204,1.3033396911621093,0.8782237243652344,9.718091125488282
1748974347270,1.5310162353515626,1.32205078125,10.104288024902344
1748974347337,0.9604028320312501,1.1466156005859376,8.743767242431641
1748974347406,0.5950126647949219,0.42242156982421875,9.018745422363281
1748974347470,1.1120375061035157,0.37616775512695316,9.616901550292969
1748974347537,1.513502655029297,0.8972341918945312,9.806856536865235
1748974347605,1.359023895263672,0.6038442993164063,10.709629211425781
1748974347670,1.555565185546875,0.39697448730468754,10.232271881103516
1748974347737,1.3219010925292969,0.18935623168945315,8.97413818359375
1748974347806,0.9662406921386719,-0.09729766845703125,9.642348632812501
1748974347870,0.920735321044922,-0.3680845642089844,9.686357116699218
1748974347937,1.0615924072265626,-0.09550140380859376,9.495653686523438
1748974348002,1.2587324523925782,0.15971786499023438,9.428742828369142
1748974348070,1.640438690185547,-0.052241363525390626,9.33099609375
1748974348137,1.5046710205078127,-0.2321672058105469,9.64758773803711
1748974348206,1.1416758728027345,-0.0335302734375,10.176288299560547
1748974348270,0.9180409240722657,0.5093907165527344,9.756261749267578
1748974348337,0.88855224609375,0.8689430236816407,9.986333312988283
1748974348405,1.162632293701172,0.8890013122558594,9.356592864990235
1748974348469,1.1858340454101564,0.5155279541015625,9.057814178466797
1748974348537,1.0431806945800781,0.3585044860839844,9.396709442138672
1748974348604,0.9960287475585938,0.8488847351074219,9.810748443603517
1748974348670,1.021475830078125,1.1740086364746094,9.520951080322266
1748974348737,1.2168196105957032,1.3165122985839846,9.837842102050782
1748974348804,1.2778926086425781,0.96998291015625,9.613608398437501
1748974348870,1.1180250549316406,0.8140072631835938,9.982291717529298
1748974348937,1.0747650146484375,0.950673065185547,9.684560852050781
1748974349003,0.8419990539550781,0.8512797546386719,9.40808578491211
1748974349070,0.7557783508300782,0.6246510314941407,9.310039672851563
1748974349137,1.1470646667480469,0.3758683776855469,9.211993560791017
1748974349208,1.367406463623047,0.4805007934570313,10.100845184326172
1748974349270,1.71722900390625,0.6924600219726563,9.97570541381836
1748974349337,1.330283660888672,0.6867718505859375,9.929002532958984
1748974349404,1.2497511291503907,0.43379791259765627,9.067693634033203
1748974349469,1.0136920166015626,0.07319778442382813,9.274264068603516
1748974349537,1.1990066528320313,0.17513580322265626,9.747729492187501
1748974349607,1.4685960388183594,0.38320312500000003,9.488917694091798
1748974349670,1.4888040161132814,0.3608995056152344,9.18010986328125
1748974349737,1.3736933898925783,0.2341131591796875,9.35539535522461
1748974349805,1.2870236206054688,0.24923171997070315,9.883347473144532
1748974349870,1.36755615234375,0.4900808715820313,10.068213043212891
1748974349937,1.4611116027832032,0.5933660888671876,9.80131805419922
1748974350003,1.2398716735839845,0.28455825805664064,8.964258728027344
1748974350070,0.8065228271484376,-0.05763015747070313,9.30120803833008
1748974350137,0.738863525390625,-0.08053253173828126,9.568701782226563
1748974350206,0.8806187438964844,0.23980133056640626,10.188562774658203
1748974350270,0.8328680419921876,0.5795947265625,9.893675994873048
1748974350336,0.7822732543945313,0.0892144775390625,9.641600189208985
1748974350404,1.026116180419922,-0.1898052978515625,9.52783676147461
1748974350469,0.7894583129882813,-0.3629951477050781,9.355545043945312
1748974350537,0.69695068359375,-0.055085449218750006,9.223968658447266
1748974350612,0.7830216979980469,0.0401165771484375,9.581724700927735
1748974350670,0.7590715026855469,0.024099884033203126,9.808203735351563
1748974350737,0.8279283142089844,0.0676593017578125,9.63800765991211
1748974350806,0.827479248046875,0.06511459350585938,9.497599639892579
1748974350870,1.0015672302246095,0.06481521606445313,9.754315795898439
1748974350937,0.7743397521972657,0.00718505859375,9.630074157714844
1748974351003,0.9467811584472656,-0.18815872192382813,9.985734558105468
1748974351070,0.8876541137695313,-0.05942642211914063,9.63890579223633
1748974351137,0.6852749633789063,-0.12588821411132814,9.911638641357422
1748974351208,0.9732760620117188,-0.3008743286132813,9.30030990600586
1748974351270,0.9800120544433594,-0.4171824645996094,9.833052062988282
1748974351336,1.1538006591796877,-0.25776397705078125,9.227112121582032
1748974351404,1.2311897277832031,-0.0077838134765625,9.288634185791016
1748974351470,1.101409606933594,-0.19294876098632813,10.490484924316407
1748974351537,0.7664062500000001,-0.18426681518554688,9.601932678222656
1748974351605,0.8433462524414063,-0.475411376953125,9.546697540283203
1748974351670,0.9651928710937501,-0.4448748779296875,9.67393295288086
1748974351737,0.6081852722167969,-0.38514907836914064,9.702224121093751
1748974351805,0.07200027465820313,-0.4734654235839844,9.665550384521485
1748974351870,0.8333171081542969,-0.49606842041015625,10.308463439941407
1748974351942,1.2325369262695314,-0.32572265625,9.579778747558594
1748974352003,0.35296600341796874,-0.7833210754394532,9.244925079345704
1748974352070,-0.027093658447265627,-1.2906161499023439,9.384285278320313
1748974352137,0.5164260864257812,-1.0928773498535156,8.795110473632812
1748974352206,0.7685018920898438,-1.0719209289550782,10.184670867919923
1748974352270,0.5773493957519532,-0.6679110717773438,10.16970199584961
1748974352336,0.07948471069335938,-0.9226812744140626,9.421408081054688
1748974352406,0.42691223144531254,-1.3621673583984375,9.515113220214845
1748974352470,0.7228468322753907,-1.462009735107422,8.611292724609376
1748974352537,0.38395156860351565,-1.483564910888672,9.24672134399414
1748974352605,0.300574951171875,-1.3121713256835938,9.757608947753907
1748974352670,0.38170623779296875,-1.440604248046875,10.070458374023438
1748974352737,1.059796142578125,-0.5522016906738282,9.44925018310547
1748974352804,0.8990304565429688,-1.5425422668457032,8.334967346191407
1748974352870,0.19983444213867188,-1.896556091308594,9.523196411132814
1748974352937,-0.243094482421875,-2.043101348876953,8.824599151611329
1748974353003,0.7765850830078126,-1.627266082763672,9.583970031738282
1748974353070,0.4794529724121094,-1.9365229797363281,8.000562744140625
1748974353137,0.6752458190917969,-1.1924203491210938,10.306517486572266
1748974353206,0.5795947265625,-1.4208453369140626,9.260642395019532
1748974353270,-0.1285826110839844,-1.3236973571777344,10.069709930419922
1748974353337,2.135908355712891,-0.38170623779296875,12.364438018798829
1748974353405,6.335575103759766,-4.286037139892579,11.563303985595704
1748974353469,3.955524444580078,-0.4819976806640625,15.698454895019532
1748974353537,1.2954061889648438,0.9116043090820313,5.75089096069336
1748974353606,3.3112641906738283,3.6203713989257813,4.400998077392578
1748974353670,1.5958314514160157,5.443130950927735,4.507127380371094
1748974353737,4.173171844482422,5.5958134460449225,2.398612060546875
1748974353806,3.813918914794922,7.1049751281738285,5.098846893310547
1748974353870,4.417912902832032,6.932833099365235,1.5578105163574218
1748974353937,3.5676809692382814,8.133486328125,3.156785430908203
1748974354003,4.097728729248047,8.463699645996094,4.896318054199219
1748974354069,3.7555403137207035,7.849077758789063,4.70621337890625
1748974354136,3.4871484375,8.088579711914063,3.879482574462891
1748974354206,3.4995726013183597,7.244485015869141,4.5512855529785154
1748974354269,3.416495361328125,7.454049224853516,5.728287963867188
1748974354336,3.891607360839844,7.6032888793945315,4.484075317382812
1748974354406,3.7344342041015626,8.434360656738281,4.449048156738281
1748974354470,3.03448974609375,8.420888671875,4.171974334716797
1748974354536,2.809208221435547,7.991431732177735,4.44321029663086
1748974354606,3.147205352783203,7.345375213623047,4.29906005859375
1748974354669,4.1147932434082035,7.618257751464844,4.147724761962891
1748974354736,3.801943817138672,8.473279724121094,4.269122314453125
1748974354806,3.3950898742675784,8.14201858520508,4.003873901367188
1748974354870,3.104693756103516,8.152347106933593,4.2625360107421875
1748974354936,3.516637115478516,8.190517730712891,4.4351271057128905
1748974355003,3.667673034667969,7.663613433837891,4.730612640380859
1748974355069,4.386328582763672,8.518186340332031,4.848267974853516
1748974355136,3.8290374755859378,8.683891754150391,4.263434143066407
1748974355206,3.587439880371094,7.438780975341797,2.898871765136719
1748974355269,4.10311752319336,6.908882904052735,3.579207000732422
1748974355336,4.0971299743652345,6.940317535400391,2.932551727294922
1748974355405,4.23005355834961,5.797893218994141,1.7356407165527346
1748974355469,1.2593312072753906,4.375550994873047,0.22034179687500002
1748974355536,0.7168592834472657,0.35281631469726565,7.992928619384766
1748974355603,-0.2579136657714844,4.909640350341797,10.396630096435548
1748974355670,-3.2454011535644534,-0.22228775024414063,11.365864562988282
1748974355736,-2.178270263671875,-1.371148681640625,25.382117614746097
1748974355806,2.139051818847656,-0.39532791137695317,9.191785583496094
1748974355870,0.3279679870605469,-3.0359866333007814,0.7997868347167969
1748974355936,-2.284998321533203,-0.7896080017089844,15.914455718994141
1748974356003,-0.34757720947265625,-1.2566368103027343,9.30988998413086
1748974356069,-0.8412506103515626,-1.751956787109375,15.9843603515625
1748974356136,-1.249152374267578,-1.562600555419922,9.07517807006836
1748974356205,0.6809339904785157,-1.7857864379882813,8.781788177490235
1748974356269,-0.6225553894042969,-1.457219696044922,9.300160217285157
1748974356336,-0.6255491638183595,-3.0096414184570315,6.924151153564454
1748974356406,-0.4314028930664063,-0.7466473388671876,8.97847915649414
1748974356470,-0.27063720703125,-0.7806266784667969,9.806557159423829
1748974356536,-0.1333726501464844,-0.6725514221191407,9.476643218994141
1748974356606,0.10253677368164063,-1.0412347412109375,9.716594238281251
1748974356670,-0.3104544067382813,-0.6914122009277344,10.588231658935548
1748974356736,-0.06451583862304688,-0.19848724365234377,9.45643524169922
1748974356806,-0.1197509765625,-0.7451504516601563,10.30861312866211
1748974356870,0.03203338623046875,-0.6804849243164063,9.799821166992189
1748974356943,-0.04894821166992188,-0.5120851135253907,9.123527526855469
1748974357003,-0.276624755859375,-0.7964936828613282,10.21326141357422
1748974357069,-0.08038284301757813,-0.8535250854492188,9.283844146728516
1748974357136,-0.28111541748046875,-0.7569758605957032,10.846744079589845
1748974357204,0.05179229736328125,-0.026195526123046875,10.338401184082032
1748974357270,0.07933502197265625,0.23860382080078127,9.467212829589844
1748974357336,-0.041613464355468754,-0.25806335449218754,9.308393096923828
1748974357405,-0.2817141723632813,-0.4056564331054688,9.772278442382813
1748974357469,-0.18546432495117188,-0.10313552856445313,9.56855209350586
1748974357536,-0.24668701171875002,0.11166778564453125,10.450518035888672
1748974357605,-0.247884521484375,0.19594253540039064,10.268047485351563
1748974357670,-0.5369334411621094,0.09714797973632813,9.917626190185548
1748974357736,-1.3316308593750001,-0.36643798828125,9.781110076904298
1748974357804,-1.1585906982421876,-0.6104306030273438,8.709787902832032
1748974357870,-0.25761428833007816,-0.6530918884277344,9.288933563232423
1748974357937,-0.7399113464355469,-0.6246510314941407,10.22478744506836
1748974358003,-1.350791015625,-0.6460565185546875,9.873168640136718
1748974358070,-1.477427673339844,-0.619112548828125,10.688074035644531
1748974358137,-0.681233367919922,-0.6183641052246094,10.392289123535157
1748974358207,-0.439486083984375,-0.8168513488769532,9.164841613769532
1748974358270,-0.985550537109375,-1.0327024841308594,8.903485107421876
1748974358337,-0.8927435302734376,-1.0906320190429688,9.247020721435547
1748974358405,-0.8922944641113282,-1.5569123840332033,9.699380035400392
1748974358469,-0.8704399108886719,-1.4063255310058596,10.375224609375001
1748974358537,-0.7550299072265625,-1.1485615539550782,9.99965560913086
1748974358606,-1.0219248962402345,-0.9366023254394532,10.086475067138672
1748974358670,-0.5351371765136719,-0.6378236389160157,9.267528076171876
1748974358737,-0.6773414611816406,-0.6463558959960938,9.361981658935548
1748974358806,-0.6423143005371094,-0.918340301513672,9.462422790527345
1748974358870,-0.7210505676269532,-0.47795608520507815,8.77580062866211
1748974358937,-0.8518785095214845,-0.6313870239257813,10.846295013427735
1748974359003,-0.568817138671875,-0.5492079162597656,10.164013824462891
1748974359070,-0.9042695617675782,-0.67300048828125,9.749974822998047
1748974359137,-0.6206094360351563,-0.6840774536132813,9.275012512207033
1748974359205,-0.9177415466308594,-0.6140231323242188,9.845625915527345
1748974359270,-0.8372090148925782,-0.3838018798828125,9.449848937988282
1748974359336,-0.9231303405761719,-0.561632080078125,10.143506469726564
1748974359406,-0.6002517700195312,-0.3791615295410156,9.780661010742188
1748974359470,-0.7976911926269532,-0.06421646118164062,9.377549285888673
1748974359537,-0.7328759765625,-0.14115646362304687,9.549242248535156
1748974359605,-0.3836521911621094,-0.7021897888183594,9.232650604248047
1748974359670,-0.8487350463867188,-0.5511538696289062,9.807305603027345
1748974359737,-0.44457550048828126,-0.2902464294433594,10.206375732421876
1748974359806,-0.7650590515136719,-0.4908293151855469,9.705217895507813
1748974359870,-0.5396278381347657,-0.3147953796386719,9.483977966308593
1748974359937,-0.8936416625976563,-0.5813909912109375,9.857601013183594
1748974360003,-0.841849365234375,-0.8357121276855469,9.677974548339844
1748974360070,-0.8262817382812501,-1.00351318359375,9.509425048828126
1748974360137,-0.6243516540527344,-0.564027099609375,9.398954772949219
1748974360206,-0.7849676513671875,-0.3266207885742188,9.611812133789064
1748974360270,-0.8056246948242188,-0.32841705322265624,10.579549713134766
1748974360337,-0.8554710388183594,-0.609532470703125,9.860445098876953
1748974360406,-0.7119195556640625,-0.5987548828125,9.345216522216797
1748974360469,-0.9264234924316407,-0.4740641784667969,9.546847229003907
1748974360537,-0.7792794799804688,-0.17962646484375,9.520502014160156
1748974360605,-0.587977294921875,-0.4601431274414063,9.236542510986329
1748974360670,-0.49576904296875,-0.40086639404296875,8.923842773437501
1748974360737,-1.1365864562988282,-0.3200344848632813,9.037456512451172
1748974360806,-1.026116180419922,-0.21195922851562501,10.523865509033204
1748974360870,-1.0108479309082032,-0.0431103515625,10.866802368164063
1748974360937,-0.9743238830566406,0.07798782348632813,10.114017791748047
1748974361003,-0.6578819274902344,-0.4721182250976563,8.540489959716798
1748974361070,-0.4782554626464844,-0.8464897155761719,9.129664764404298
1748974361137,-0.23845413208007812,-0.5932164001464844,9.012308807373048
1748974361205,-0.9340576171875,-0.2817141723632813,10.315049743652343
1748974361270,-0.7321275329589844,-0.21270767211914063,9.427994384765626
1748974361336,-0.9617500305175781,-0.6506968688964844,10.405910797119141
1748974361405,-0.21824615478515627,-0.9104067993164063,9.11155242919922
1748974361470,-0.8210426330566407,-0.6486012268066407,10.186616821289062
1748974361537,-0.9644444274902344,-0.4237687683105469,9.590406646728516
1748974361606,-0.7834707641601563,-0.3209326171875,9.258097686767579
1748974361670,-1.018032989501953,-0.5032534790039063,9.784403228759766
1748974361737,-0.8111631774902344,-0.29219238281250004,9.346863098144532
1748974361806,-1.0758128356933594,-0.07259902954101563,9.885892181396486
1748974361870,-0.9131011962890625,0.055085449218750006,10.184371490478517
1748974361939,-0.5258564758300781,0.12633728027343752,8.861123199462892
1748974362003,-1.1509565734863283,0.08577163696289063,10.378817138671875
1748974362070,-0.8565188598632812,-0.3523672485351563,10.462942199707031
1748974362137,-0.63468017578125,-0.3698808288574219,9.332942047119142
1748974362206,-0.5487588500976562,-0.20552261352539064,9.554930419921876
1748974362270,-0.7608677673339844,-0.089813232421875,8.58898910522461
1748974362337,-0.9656419372558595,-0.4123924255371094,10.756781158447266
1748974362405,-0.5924679565429688,0.04176315307617188,9.60492645263672
1748974362470,-1.2246034240722656,-0.3550616455078125,9.780810699462892
1748974362537,-0.5090913391113282,-0.6822811889648438,8.811276855468751
1748974362607,-0.7071295166015625,-0.5846841430664063,9.747729492187501
1748974362670,-0.8181985473632812,-0.025746459960937502,9.348958740234375
1748974362737,-0.9873468017578125,-0.21959335327148438,9.454788665771485
1748974362806,-1.2627740478515626,-0.6138734436035157,10.456804962158204
1748974362870,-0.8116122436523437,-0.6747967529296875,9.477840728759766
1748974362937,-1.0439291381835938,-0.22528152465820314,10.781330108642578
1748974363003,-0.8122109985351563,0.34503250122070317,8.915609893798829
1748974363070,-0.8026309204101563,-0.48259643554687504,8.06687484741211
1748974363137,-0.8879534912109376,-1.347048797607422,9.829309844970703
1748974363206,-1.1235635375976563,-1.0518626403808595,9.754465484619141
1748974363270,-1.1082952880859376,-0.610580291748047,10.471025390625
1748974363337,-0.7920030212402344,-0.31105316162109375,10.413395233154297
1748974363403,-0.858464813232422,-0.3150947570800781,9.356143798828125
1748974363469,-0.8963360595703126,-0.6671626281738282,9.48667236328125
1748974363537,-0.9202862548828126,-0.38350250244140627,9.513017578125
1748974363606,-0.8565188598632812,-0.082628173828125,9.750274200439454
1748974363670,-0.8975335693359375,-0.2633024597167969,9.66869384765625
1748974363737,-1.063089294433594,-0.4736151123046875,10.11940658569336
1748974363802,-0.9136999511718751,-0.20058288574218752,9.725126495361328
1748974363870,-0.7216493225097657,-0.18426681518554688,9.914033660888672
1748974363937,-0.7137158203125,-0.28380981445312503,9.781559143066406
1748974364006,-0.8647517395019532,-0.5487588500976562,9.036109313964845
1748974364070,-0.9455836486816407,-0.8906478881835938,9.631121978759767
1748974364137,-0.4592449951171875,-0.6435118103027344,9.395511932373047
1748974364206,-0.8449928283691407,-0.12064910888671876,9.732610931396485
1748974364270,-1.0662327575683594,-0.229921875,10.606493682861329
1748974364337,-0.7827223205566407,-0.41688308715820316,9.606123962402345
1748974364406,-1.1606863403320313,-0.3028202819824219,9.810598754882813
1748974364469,-1.0002200317382812,-0.14594650268554688,9.950258331298828
1748974364537,-0.9916877746582031,0.09819580078125001,9.83679428100586
1748974364606,-0.7295828247070313,0.0047900390625,9.63082260131836
1748974364670,-0.6824308776855469,-0.5634283447265626,8.550968170166016
1748974364737,-1.1352392578125001,-0.9845027160644532,10.106084289550783
1748974364805,-0.2842588806152344,-0.44756927490234377,10.29903305053711
1748974364870,-0.06197113037109375,0.10059082031250001,10.172246704101562
1748974364937,-0.24803421020507813,-0.06631210327148437,10.546318817138673
1748974365003,-0.5674699401855469,-0.11825408935546876,9.479636993408203
1748974365070,-0.8045768737792969,-0.41583526611328125,9.830507354736328
1748974365137,-0.16600479125976564,-0.32946487426757814,9.677076416015625
1748974365205,-0.5020559692382813,0.08487350463867188,9.37171142578125
1748974365270,-0.6330335998535157,0.17513580322265626,9.591454467773438
1748974365336,-0.4793032836914063,-0.1095721435546875,9.435778198242188
1748974365406,-0.5056484985351563,0.00748443603515625,9.865983581542968
1748974365469,-0.23965164184570314,0.26375152587890627,10.129884796142578
1748974365537,-0.3595523071289063,0.1293310546875,9.67438201904297
1748974365607,-0.487386474609375,-0.05254074096679688,10.076894989013672
1748974365670,-0.544866943359375,-0.12244537353515626,9.699529724121094
1748974365737,-0.3649411010742188,-0.2859054565429688,9.242080993652344
1748974365806,-0.3585044860839844,-0.42706192016601563,9.571246490478517
1748974365870,-0.4590953063964844,-0.4152365112304688,9.480535125732422
1748974365937,-0.6099815368652344,-0.2664459228515625,10.593919830322266
1748974366003,-0.3082090759277344,-0.08128097534179687,9.662257232666017
1748974366070,-0.6966513061523438,-0.4513114929199219,10.037676544189454
1748974366137,-0.5444178771972656,-0.8213420104980469,9.697134704589844
1748974366206,-0.5480104064941407,-0.7900570678710938,9.356293487548829
1748974366270,-0.5890251159667969,-0.8345146179199219,9.602531433105469
1748974366337,-0.30805938720703124,-0.5882766723632813,10.086624755859376
1748974366406,-0.5096900939941407,-0.43664199829101563,10.07779312133789
1748974366470,-0.28410919189453127,-0.5126838684082031,9.71315139770508
1748974366537,-0.16046630859375,-0.956660614013672,9.543404388427735
1748974366605,-0.12424163818359375,-0.9276210021972656,9.677226104736329
1748974366670,0.3990701293945313,-0.7960446166992188,9.530531158447266
1748974366737,0.12499008178710938,-0.9231303405761719,10.149793395996094
1748974366805,-0.6713539123535157,-1.06099365234375,10.11506561279297
1748974366870,-0.3661386108398438,-1.024768981933594,9.657317504882814
1748974366940,-0.3836521911621094,-0.9195378112792969,9.417067108154297
1748974367003,-0.4273612976074219,-1.1273057556152344,9.40524169921875
1748974367070,-0.6309379577636719,-1.3419593811035158,10.128836975097657
1748974367137,-0.5953120422363282,-1.167572021484375,9.810748443603517
1748974367205,-0.4079017639160156,-1.2660671997070314,10.393187255859376
1748974367270,-0.30446685791015626,-1.4081217956542968,10.039173431396485
1748974367337,-0.1634600830078125,-1.1856843566894533,8.696166229248048
1748974367406,-0.36000137329101567,-1.3635145568847657,10.37327865600586
1748974367470,-0.2424957275390625,-0.9834548950195313,9.68156707763672
1748974367537,-0.6007008361816406,-0.7691006469726563,11.260034637451172
1748974367606,-0.35670822143554687,-1.0659333801269533,9.95894027709961
1748974367670,-0.27991790771484376,-1.5063175964355469,9.85400848388672
1748974367737,-0.07828720092773438,-1.4250366210937502,8.809779968261719
1748974367806,-0.33799713134765624,-1.4191987609863281,9.407037963867188
1748974367870,-0.5367837524414063,-1.1707154846191408,10.22912841796875
1748974367937,-0.33066238403320314,-1.0892848205566408,10.140812072753906
1748974368003,-0.6644682312011719,-0.9961784362792969,11.333531799316408
1748974368070,0.01945953369140625,-1.1816427612304687,9.668843536376954
1748974368137,-0.3968247985839844,-1.2383747863769532,9.257648620605469
1748974368205,-0.8315208435058594,-1.2578343200683595,9.58621536254883
1748974368270,-0.21270767211914063,-1.3156141662597658,9.741143188476563
1748974368337,0.016615447998046876,-1.0648855590820312,10.247240753173829
1748974368406,-0.19010467529296876,-0.8078700256347656,9.852361907958985
1748974368469,0.05673202514648438,-0.9205856323242188,9.618248748779298
1748974368537,0.04176315307617188,-1.333876190185547,9.53891372680664
1748974368605,-0.38455032348632817,-1.2015513610839845,10.116712188720703
1748974368670,0.0047900390625,-1.3400134277343752,9.971214752197266
1748974368737,-0.14040802001953126,-1.1289523315429688,9.38503372192383
1748974368806,-0.15402969360351562,-0.9722282409667969,9.225764923095703
1748974368870,-0.021106109619140626,-0.8277786254882813,9.446256408691406
1748974368937,0.06915618896484375,-1.1418255615234376,8.693771209716797
1748974369003,-0.19878662109375,-1.1295510864257814,10.763966217041016
1748974369070,0.47376480102539065,-0.7279362487792969,8.6747607421875
1748974369137,-0.3394940185546875,-0.6891668701171876,10.438243560791015
1748974369206,-0.19609222412109376,-0.6164181518554688,10.103838958740235
1748974369270,-0.3565585327148438,-0.046702880859375004,10.164313201904298
1748974369337,0.15043716430664064,-0.2363584899902344,8.493038635253907
1748974369405,-0.15837066650390627,-0.5381309509277344,9.718390502929688
1748974369470,0.46493316650390626,-0.5598358154296875,7.666158142089844
1748974369537,-0.12603790283203126,-0.11825408935546876,9.997709655761719
1748974369606,0.05523513793945313,0.6652166748046875,11.006911010742188
1748974369670,-0.4046086120605469,1.1870315551757813,11.806548156738282
1748974369737,-0.006586303710937501,1.2582833862304688,9.773625640869142
1748974369805,-0.7313790893554688,0.7695497131347656,10.719209289550783
1748974369870,-0.1945953369140625,0.23546035766601564,7.843090209960938
1748974369937,-0.9825567626953126,0.38080810546875005,9.681866455078126
1748974370003,-0.013172607421875001,1.2124786376953125,9.89427474975586
1748974370070,0.11541000366210938,1.4235397338867188,9.113498382568359
1748974370137,-0.7056326293945313,1.319356384277344,10.95526840209961
1748974370205,-0.7753875732421875,0.7493417358398438,10.839109954833985
1748974370270,-0.09789642333984376,0.6185137939453126,10.382110290527343
1748974370337,-0.8999285888671875,0.3040177917480469,10.208621063232423
1748974370406,-0.59396484375,0.17678237915039063,8.923693084716797
1748974370470,-0.5465135192871095,0.2662962341308594,8.46833999633789
1748974370537,-1.2630734252929687,0.811761932373047,10.001002807617189
1748974370605,-0.9991722106933594,0.6506968688964844,10.369835815429688
1748974370670,-0.7294331359863282,0.20148101806640625,9.641300811767579
1748974370737,-0.7875123596191407,-0.07529342651367188,10.009085998535157
1748974370806,-0.38395156860351565,-0.12184661865234375,8.614735565185548
1748974370870,-0.28770172119140625,-0.28635452270507816,8.856333160400391
1748974370937,-0.705333251953125,0.4005670166015625,10.460547180175782
1748974371003,-0.6177653503417969,1.1916719055175782,10.42117904663086
1748974371070,-0.6662644958496095,0.10642868041992189,9.666598205566407
1748974371137,-0.4237687683105469,-0.04775070190429688,9.652377777099609
1748974371205,-0.5224136352539063,0.3637435913085938,8.572523345947266
1748974371270,-0.7355703735351563,0.4604425048828125,9.344767456054688
1748974371337,-0.2848576354980469,0.3683839416503906,9.889185333251953
1748974371405,-0.5502557373046876,1.0837463378906251,10.534792785644532
1748974371470,-0.035326538085937505,1.01788330078125,10.300529937744141
1748974371537,-0.7512876892089844,1.1103909301757813,10.799891510009767
1748974371606,-0.16181350708007813,1.4718891906738283,9.28833480834961
1748974371670,-0.20447479248046876,0.8252339172363282,8.863218841552735
1748974371737,-0.36134857177734375,0.7988887023925781,9.389524383544922
1748974371806,-0.15133529663085937,1.1810440063476564,10.323282623291016
1748974371870,-0.38275405883789065,1.5992742919921876,10.708731079101563
1748974371944,-0.5393284606933594,0.931512908935547,10.048753509521484
1748974372003,-0.3860472106933594,0.41463775634765626,8.480165405273437
1748974372070,-0.5069956970214844,-0.011226654052734375,9.18684585571289
1748974372137,-0.3918850708007813,0.415535888671875,10.461145935058594
1748974372204,-0.32841705322265624,0.9253756713867188,10.20562728881836
1748974372270,-0.2507286071777344,0.9180409240722657,9.5034375
1748974372337,-0.17184265136718752,0.4700225830078125,9.26438461303711
1748974372405,-0.009131011962890626,0.4058061218261719,9.075028381347657
1748974372470,-0.037272491455078126,0.8568182373046875,10.074200592041016
1748974372537,0.09984237670898438,1.6429833984375002,10.078092498779297
1748974372606,-0.9349557495117188,1.6684304809570314,11.432925109863282
1748974372670,-0.21001327514648438,1.0424322509765624,10.227781219482422
1748974372737,-1.2410691833496095,1.0620414733886718,8.85004623413086
1748974372806,-0.233514404296875,0.6429130554199219,5.953569488525391
1748974372870,-0.4881349182128906,1.1488609313964844,9.243577880859375
1748974372937,-0.5538482666015625,1.8024018859863282,11.025771789550781
1748974373003,-0.9964778137207032,2.082170104980469,11.417058105468751
1748974373070,-1.0190808105468752,1.3054353332519533,11.318113861083985
1748974373137,-0.5035528564453126,1.0533595275878906,8.323740692138673
1748974373205,-0.8913963317871094,0.7872129821777344,7.268734588623047
1748974373270,-1.7018110656738281,0.9538165283203125,9.91867401123047
1748974373337,-0.47331573486328127,1.8018031311035156,10.228379974365234
1748974373405,-0.5200186157226563,1.7504598999023437,10.672057342529298
1748974373469,-1.1193722534179689,1.6802558898925781,10.835367736816407
1748974373537,-0.5367837524414063,1.068029022216797,9.457033996582032
1748974373606,-0.8996292114257813,0.44262954711914065,8.815917205810548
1748974373670,-1.3527369689941406,1.3076806640625,10.300529937744141
1748974373737,-1.139879608154297,1.1056008911132813,10.404713287353516
1748974373807,-1.016536102294922,0.9949809265136719,10.361004180908203
1748974373870,-1.0123448181152344,0.6682104492187501,9.71749237060547
1748974373936,-1.0436297607421876,0.8141569519042969,8.826245727539064
1748974374003,-0.8738827514648438,0.6798861694335938,8.769813079833984
1748974374070,-1.3669573974609375,0.8640032958984375,10.874286804199219
1748974374137,-0.6743476867675782,1.4828164672851563,10.276430053710937
1748974374206,-1.4742842102050782,0.9195378112792969,11.119177551269532
1748974374270,-0.7682025146484376,0.9994715881347657,9.247020721435547
1748974374337,-0.9624984741210938,0.6655160522460938,8.456364898681642
1748974374405,-1.2214599609375,0.458646240234375,8.517737274169923
1748974374470,-1.3965957641601563,0.9430389404296875,10.564730529785157
1748974374537,-0.6527925109863282,1.2696597290039062,10.09306137084961
1748974374606,-1.2978012084960937,2.026036834716797,11.282188568115235
1748974374670,-0.8213420104980469,1.0114466857910156,9.29357391357422
1748974374737,-1.141077117919922,0.44801834106445315,8.757388916015625
1748974374806,-1.3907579040527345,0.7149133300781251,9.288185119628906
1748974374870,-1.1922706604003908,0.9840536499023438,9.440119171142578
1748974374937,-1.0785072326660157,0.9756710815429688,9.967173156738282
1748974375003,-1.0810519409179689,0.9524693298339845,9.616153106689454
1748974375070,-1.0172845458984376,1.094374237060547,9.621990966796876
1748974375137,-0.8830137634277344,0.6171665954589844,9.321416015625001
1748974375206,-1.161434783935547,0.7045848083496095,10.11701156616211
1748974375270,-1.0099497985839845,1.114582214355469,9.856852569580079
1748974375337,-1.2398716735839845,1.3021421813964844,10.256820831298828
1748974375405,-1.0243199157714844,1.0964698791503906,8.630303192138673
1748974375470,-1.0099497985839845,1.3509407043457031,9.138496398925781
1748974375537,-1.0865904235839845,1.0588980102539063,9.354197845458986
1748974375605,-1.2626243591308595,1.1479627990722656,10.149344329833985
1748974375670,-1.3765374755859376,1.1792477416992189,10.416089630126953
1748974375737,-1.3010943603515626,1.2892689514160156,10.37178176879883
1748974375805,-0.9210346984863281,1.2738510131835938,8.636290740966798
1748974375870,-1.2199630737304688,1.4004876708984375,8.605454864501954
1748974375937,-1.004561004638672,1.1810440063476564,9.05990982055664
1748974376003,-1.2472064208984375,1.4383589172363282,10.299631805419923
1748974376070,-0.7505392456054688,1.4784754943847658,10.037676544189454
1748974376137,-1.1442205810546875,1.3057347106933594,10.283315734863281
1748974376206,-1.0316546630859376,1.4181509399414063,9.162147216796875
1748974376270,-0.9473799133300782,1.2970527648925783,8.641380157470703
1748974376337,-1.1285032653808593,1.3642630004882814,9.405840454101563
1748974376405,-1.1464659118652345,1.538650360107422,9.300160217285157
1748974376470,-1.3403128051757813,1.4217434692382813,10.011780395507813
1748974376537,-0.5947132873535157,1.483564910888672,9.858199768066406
1748974376605,-1.7595909118652344,1.4425502014160156,10.203531646728516
1748974376670,-0.7768844604492188,1.6962725830078127,8.99898651123047
1748974376737,-1.6423846435546876,1.620081024169922,9.811496887207031
1748974376806,-0.849034423828125,1.2826826477050781,8.993747406005859
1748974376870,-1.10410400390625,0.9333091735839845,9.364825744628908
1748974376941,-1.2711566162109376,1.3482463073730468,9.984087982177735
1748974377003,-0.54366943359375,0.9690847778320313,8.73463623046875
1748974377070,-1.5385006713867189,1.1597882080078126,11.460018768310547
1748974377137,-0.7994874572753906,1.8785934448242188,10.014774169921875
1748974377205,-1.1132350158691406,1.4121633911132814,8.654702453613282
1748974377270,-1.0337503051757813,0.8192463684082032,8.232580261230469
1748974377337,-1.1898756408691407,0.8376580810546875,9.290280761718751
1748974377405,-1.0431806945800781,0.9063652038574219,9.328750762939453
1748974377470,-1.3754896545410158,1.593735809326172,10.691516876220703
1748974377537,-1.1156300354003907,1.811532897949219,10.261012115478517
1748974377605,-0.8643026733398438,1.5681390380859377,9.61884750366211
1748974377670,-1.7187258911132814,1.1481124877929687,8.977730712890626
1748974377737,-1.3979429626464845,0.7807763671875,7.479346618652344
1748974377806,-2.7542724609375,1.4067745971679688,11.474388885498048
1748974377870,-0.41688308715820316,1.5498770141601563,8.137228546142579
1748974377937,-1.9333795166015626,2.1930894470214843,10.305469665527344
1748974378003,-1.2807366943359375,2.1523741149902347,8.872499542236328
1748974378070,-1.6432827758789064,2.0169058227539063,9.702972564697266
1748974378137,-1.5202386474609375,1.9965481567382815,10.412796478271485
1748974378206,-1.3359718322753906,1.9414627075195314,9.486372985839845
1748974378270,-1.8757493591308594,2.1674926757812503,10.092312927246095
1748974378337,-1.3427078247070314,1.9128721618652345,8.619824981689453
1748974378406,-1.5465838623046875,1.918111267089844,9.183403015136719
1748974378470,-1.4429992675781251,1.6706758117675782,9.327852630615235
1748974378537,-1.74357421875,1.6425343322753907,9.97525634765625
1748974378606,-1.6290623474121095,1.8621276855468751,10.862012329101564
1748974378670,-1.098116455078125,1.6941769409179688,9.758956146240235
1748974378737,-1.811532897949219,1.2988490295410158,9.479187927246095
1748974378806,-1.5798147583007813,1.1153306579589843,8.434510345458985
1748974378870,-1.7654287719726562,1.0065069580078125,9.462123413085939
1748974378937,-1.5021263122558595,1.006956024169922,9.645043029785157
1748974379003,-1.3945001220703126,1.0542576599121094,9.12262939453125
1748974379070,-1.9095790100097658,1.1850856018066407,10.908266143798828
1748974379137,-1.0267149353027345,1.315913543701172,9.20256317138672
1748974379205,-1.5389497375488281,1.2702584838867188,9.264833679199219
1748974379270,-1.3763877868652346,1.1512559509277345,8.613987121582031
1748974379337,-1.663490753173828,0.904119873046875,9.414372711181642
1748974379405,-1.7006135559082032,1.2552896118164063,9.859247589111328
1748974379470,-1.6717236328125,1.609303436279297,9.906399536132813
1748974379537,-1.7429754638671875,1.4191987609863281,9.865833892822266
1748974379605,-1.6471746826171876,1.2687615966796875,9.969418487548829
1748974379670,-1.5467335510253908,1.33881591796875,8.819509735107422
1748974379737,-1.9336788940429688,1.5609539794921876,9.195527801513672
1748974379805,-1.7000148010253908,1.6010705566406251,9.221124572753906
1748974379870,-1.6557069396972657,1.78189453125,10.096204833984375
1748974379936,-1.2103829956054688,1.8140776062011719,9.826615447998048
1748974380003,-1.6480728149414063,1.9658619689941408,9.863738250732423
1748974380070,-1.731449432373047,2.205663299560547,9.698930969238281
1748974380137,-1.7109420776367188,2.0926483154296878,9.956694946289064
1748974380208,-1.4456936645507814,1.9559825134277344,9.389674072265626
1748974380270,-2.048789520263672,1.8738034057617188,9.937235412597657
1748974380337,-1.4964381408691407,1.5361056518554688,9.155111846923829
1748974380405,-1.730401611328125,1.3992901611328126,10.237211608886719
1748974380470,-1.2493020629882814,1.4769786071777344,9.386680297851562
1748974380537,-1.635498962402344,1.475481719970703,9.323062591552734
1748974380606,-1.670526123046875,1.4721885681152345,9.405092010498047
1748974380670,-1.375789031982422,1.0237211608886718,9.39611068725586
1748974380737,-1.7071998596191407,0.8204438781738281,10.139614562988282
1748974380806,-1.5875985717773438,0.9705816650390625,9.04553970336914
1748974380870,-2.19623291015625,1.1085946655273438,10.737471313476563
1748974380937,-1.7522561645507813,1.0973680114746094,9.494605865478515
1748974381003,-2.3140379333496095,0.9370513916015626,10.613978118896485
1748974381070,-1.8383271789550781,0.9298663330078125,8.592282257080079
1748974381137,-2.252066802978516,0.7223977661132813,8.940009155273438
1748974381206,-2.495460662841797,0.75922119140625,9.494456176757813
1748974381270,-2.2299128723144532,0.4710704040527344,9.054670715332032
1748974381337,-2.654729461669922,0.29054580688476567,10.05668701171875
1748974381406,-2.210303649902344,0.58198974609375,9.856104125976563
1748974381470,-2.3153851318359377,0.42032592773437505,10.239606628417969
1748974381537,-2.0345690917968753,0.37631744384765625,9.68111801147461
1748974381605,-1.97589111328125,0.43888732910156253,8.813671875
1748974381670,-2.125430145263672,0.7333250427246094,9.408534851074219
1748974381737,-2.5478517150878908,0.7457492065429688,10.480605468750001
1748974381806,-1.8696121215820314,0.5390290832519532,9.164392547607422
1748974381870,-2.16270263671875,0.9033714294433595,10.041418762207032
1748974381943,-1.6110997009277344,0.7991880798339844,9.242979125976563
1748974382003,-2.2815554809570315,0.6102809143066407,10.22957748413086
1748974382070,-2.1480331420898438,0.38395156860351565,9.66480194091797
1748974382137,-2.3248155212402346,0.5815406799316406,10.261610870361329
1748974382205,-1.675166473388672,0.6638694763183595,8.885821838378906
1748974382270,-2.3260130310058593,0.17872833251953127,9.467811584472656
1748974382337,-2.4310945129394534,0.5572911071777344,7.865244140625
1748974382406,-2.32556396484375,-0.3694317626953125,10.946885833740234
1748974382470,-1.7449214172363283,0.29533584594726564,11.076067199707031
1748974382537,-1.7190252685546876,0.07694000244140625,9.59205322265625
1748974382605,-1.8018031311035156,-0.3495231628417969,8.436156921386718
1748974382670,-2.105970611572266,-0.29758117675781254,9.349557495117187
1748974382737,-1.9029927062988283,-0.15043716430664064,8.78059066772461
1748974382806,-2.2607487487792968,-0.32781829833984377,10.812315673828126
1748974382870,-1.4275813293457031,-0.4655319213867188,9.668544158935548
1748974382937,-1.983076171875,-0.4631369018554688,10.094408569335938
1748974383003,-1.6158897399902346,-0.026494903564453127,8.836424560546876
1748974383070,-2.0971389770507813,-0.24548950195312502,9.458231506347657
1748974383137,-2.032323760986328,-0.3207829284667969,9.511371002197267
1748974383206,-2.0517832946777346,-0.3706292724609375,10.072853393554688
1748974383270,-1.7693206787109377,-0.18351837158203127,9.959239654541015
1748974383337,-1.7539027404785157,-0.36284545898437504,9.59340042114258
1748974383406,-1.8269508361816407,-0.5960604858398438,9.249415740966798
1748974383470,-1.8407221984863282,-0.44996429443359376,9.513915710449218
1748974383537,-1.7339941406250001,-0.34727783203125,9.561217346191407
1748974383605,-1.8401234436035157,-0.43110351562500004,9.940378875732423
1748974383670,-1.9836749267578127,-0.4834945678710938,9.700727233886719
1748974383737,-1.8862275695800783,-0.7131170654296876,9.637708282470703
1748974383805,-1.5431410217285157,-0.5801934814453126,9.540410614013672
1748974383870,-1.8788928222656252,-0.5403762817382812,9.289382629394531
1748974383937,-1.8506016540527346,-0.71132080078125,9.586065673828125
1748974384006,-1.4813195800781251,-0.4303550720214844,9.87511459350586
1748974384070,-1.5831079101562502,-0.4822970581054688,9.942474517822266
1748974384137,-1.787732391357422,-0.4776567077636719,9.478589172363282
1748974384206,-1.175804901123047,-0.39008880615234376,9.80416213989258
1748974384270,-1.1978091430664064,-0.2836601257324219,9.24567352294922
1748974384337,-1.6239729309082032,0.2890489196777344,12.006382598876954
1748974384407,-1.1373348999023438,-0.23680755615234375,9.299711151123047
1748974384470,-1.5320640563964845,-0.28021728515625,10.032138061523439
1748974384537,-1.4365626525878907,-0.19444564819335938,9.865833892822266
1748974384605,-1.3269905090332033,-0.11346405029296876,9.767787780761719
1748974384670,-1.3407618713378906,-0.12439132690429688,9.705367584228517
1748974384737,-1.3756393432617189,-0.21390518188476565,9.478589172363282
1748974384806,-1.4033317565917969,-0.24983047485351564,9.539213104248047
1748974384870,-1.325493621826172,-0.3059637451171875,9.957443389892578
1748974384937,-1.3214520263671876,-0.06945556640625,10.040670318603516
1748974385006,-1.312321014404297,-0.298179931640625,9.454938354492189
1748974385070,-1.3051359558105469,-0.15642471313476564,9.298813018798828
1748974385137,-1.4946418762207032,-0.2999761962890625,9.723030853271485
1748974385206,-1.4708413696289062,-0.1886077880859375,10.351873168945312
1748974385270,-1.3232482910156251,-0.13576766967773438,9.854158172607422
1748974385337,-1.4497352600097657,-0.11780502319335938,9.54894287109375
1748974385406,-1.3919554138183594,-0.4017645263671875,9.400002593994142
1748974385470,-1.260828094482422,-0.108973388671875,9.06844207763672
1748974385536,-1.5313156127929688,-0.29533584594726564,9.998458099365235
1748974385605,-1.387614440917969,-0.05598358154296875,10.040969696044922
1748974385670,-1.5215858459472658,0.14385086059570312,10.066416778564454
1748974385737,-1.5060182189941407,-0.10972183227539063,9.548194427490236
1748974385806,-1.4944921875000001,-0.2028282165527344,9.281299438476562
1748974385870,-1.292113037109375,-0.09624984741210937,9.387279052734376
1748974385937,-1.4172528076171875,-0.076640625,9.817035369873047
1748974386003,-1.4434483337402344,-0.06601272583007813,10.028545532226563
1748974386070,-1.5429913330078127,-0.17483642578125,9.966275024414063
1748974386137,-1.487157440185547,-0.3990701293945313,9.732161865234376
1748974386206,-1.629810791015625,-0.3549119567871094,9.369166717529298
1748974386270,-1.6256195068359376,-0.40805145263671877,9.624685363769531
1748974386337,-1.3253439331054688,-0.4477189636230469,9.74533447265625
1748974386406,-1.4938934326171875,-0.2520758056640625,9.753866729736329
1748974386470,-1.4569203186035158,-0.2924917602539063,9.574988708496095
1748974386537,-1.440454559326172,-0.2381547546386719,9.809850311279297
1748974386605,-1.807042236328125,-0.3243754577636719,9.785451049804688
1748974386670,-1.5163467407226563,-0.5234614562988281,9.743089141845704
1748974386737,-1.5269746398925783,-0.3141966247558594,9.613458709716797
1748974386805,-1.4397061157226563,-0.12109817504882812,9.337283020019532
1748974386870,-1.4685960388183594,-0.25297393798828127,9.582024078369141
1748974386944,-1.4561718750000001,-0.3585044860839844,9.85595443725586
1748974387003,-1.6137940979003906,-0.3649411010742188,10.166408843994141
1748974387071,-1.5778688049316407,-0.36254608154296875,9.912087707519532
1748974387137,-1.4395564270019532,-0.3243754577636719,9.382489013671876
1748974387205,-1.4114149475097657,-0.2812651062011719,9.407037963867188
1748974387271,-1.5112573242187501,-0.379610595703125,9.514963531494141
1748974387337,-1.579365692138672,-0.3878434753417969,9.947264556884766
1748974387406,-1.5811619567871094,-0.24519012451171876,10.109527130126954
1748974387470,-1.550775146484375,-0.12124786376953126,9.73620346069336
1748974387537,-1.5748750305175783,-0.2171983337402344,9.405690765380859
1748974387606,-1.7036073303222656,-0.45220962524414066,9.415121154785156
1748974387670,-1.4397061157226563,-0.45580215454101564,9.961634674072267
1748974387737,-1.6974700927734376,-0.05882766723632813,9.924212493896485
1748974387805,-1.4876065063476562,-0.2034269714355469,9.759554901123048
1748974387870,-1.3272898864746094,-0.47720764160156254,9.578431549072267
1748974387937,-1.2039463806152344,-0.2594105529785156,9.467811584472656
1748974388005,-1.2916639709472657,-0.17498611450195314,9.650581512451172
1748974388071,-1.2504995727539063,-0.21600082397460937,9.77018280029297
1748974388137,-1.22385498046875,-0.28306137084960936,9.936187591552734
1748974388206,-1.1608360290527344,-0.2770738220214844,9.754465484619141
1748974388271,-1.2174183654785158,-0.15762222290039063,9.546847229003907
1748974388337,-1.1719129943847657,-0.23246658325195313,9.615105285644532
1748974388403,-1.1344908142089845,-0.2604583740234375,9.646539916992188
1748974388470,-1.1584410095214845,-0.13666580200195313,9.87840774536133
1748974388537,-1.152902526855469,-0.1273851013183594,9.840686187744142
1748974388608,-1.2064910888671876,-0.21615051269531252,9.58441909790039
1748974388671,-1.2618759155273438,-0.3841012573242188,9.642648010253907
1748974388737,-1.2289443969726563,-0.3673361206054688,9.683363342285157
1748974388805,-1.1557466125488283,-0.14504837036132814,9.691446533203125
1748974388870,-1.2145742797851564,-0.25836273193359377,9.853709106445313
1748974388937,-1.227597198486328,-0.39278320312500004,9.782906341552735
1748974389006,-1.1928694152832031,-0.2655477905273438,9.563462677001954
1748974389071,-1.2174183654785158,-0.22468276977539064,9.680668945312501
1748974389137,-1.1740086364746094,-0.21644989013671875,9.670490112304687
1748974389205,-1.2534933471679688,-0.20537292480468752,9.776170349121093
1748974389271,-1.1740086364746094,-0.2525248718261719,9.796677703857423
1748974389337,-0.71132080078125,-0.18441650390625,9.649384002685547
1748974389406,-0.26854156494140624,-0.14654525756835937,9.738299102783204
1748974389470,-0.168848876953125,-0.12424163818359375,9.767488403320312
1748974389537,-0.35640884399414063,-0.0305364990234375,9.659413146972657
1748974389605,-0.46418472290039064,-0.16450790405273438,9.834698638916016
1748974389671,-0.21210891723632813,-0.27931915283203124,9.801767120361328
1748974389737,-0.18950592041015626,-0.25956024169921876,9.625433807373048
1748974389805,-0.4279600524902344,-0.29234207153320313,9.623787231445313
1748974389870,-0.6803352355957032,-0.32751892089843754,9.68261489868164
1748974389936,-0.7831713867187501,-0.34757720947265625,9.741891632080078
1748974390003,-0.689615936279297,-0.38200561523437504,9.802216186523438
1748974390071,-0.4923262023925781,-0.30132339477539066,9.652078399658203
1748974390137,-0.3638932800292969,-0.15717315673828125,9.670340423583985
1748974390206,-0.3381468200683594,-0.130528564453125,9.685458984375
1748974390271,-0.2956352233886719,-0.17274078369140625,9.647737426757812
1748974390337,-0.47077102661132814,-0.16136444091796875,9.795779571533204
1748974390406,-0.5501060485839844,-0.10538085937500001,9.783355407714843
1748974390470,-0.571212158203125,-0.13486953735351564,9.752818908691406
1748974390537,-0.6686595153808594,-0.18441650390625,9.7381494140625
1748974390605,-0.566422119140625,-0.2805166625976563,9.751771087646485
1748974390671,-0.39622604370117187,-0.20088226318359376,9.654024353027344
1748974390737,-0.3394940185546875,-0.21540206909179688,9.731563110351564
1748974390806,-0.33679962158203125,-0.2751278686523438,9.623038787841798
1748974390870,-0.44786865234375,-0.26539810180664064,9.668095092773438
1748974390937,-0.4927752685546875,-0.247884521484375,9.752070465087892
1748974391003,-0.5216651916503906,-0.21136047363281252,9.645791473388673
1748974391071,-0.5941145324707031,-0.18636245727539064,9.760303344726562
1748974391137,-0.5230123901367187,-0.17468673706054688,9.75012451171875
1748974391203,-0.44622207641601563,-0.12948074340820312,9.66719696044922
1748974391270,-0.4333488464355469,-0.12319381713867188,9.735305328369142
1748974391337,-0.37676651000976563,-0.20567230224609376,9.703271942138672
1748974391405,-0.4117936706542969,-0.17184265136718752,9.713600463867188
1748974391470,-0.5426216125488281,-0.1980381774902344,9.787247314453126
1748974391536,-0.5098397827148438,-0.2417472839355469,9.696835327148438
1748974391603,-0.5266049194335938,-0.24129821777343752,9.710457000732422
1748974391671,-0.48948211669921876,-0.24459136962890626,9.796677703857423
1748974391737,-0.4171824645996094,-0.2233355712890625,9.688452758789063
1748974391806,-0.44756927490234377,-0.21600082397460937,9.708960113525391
1748974391870,-0.5150788879394531,-0.22827529907226562,9.898765411376953
1748974391946,-0.3841012573242188,-0.17558486938476564,9.680968322753907
1748974392003,-0.4974156188964844,-0.01526824951171875,9.82571731567383
1748974392071,-0.477806396484375,-0.2496807861328125,9.69788314819336
1748974392137,-0.5095404052734376,-0.17139358520507814,9.76733871459961
1748974392206,-0.5755531311035157,-0.12543914794921876,9.768087158203125
1748974392271,-0.43544448852539064,-0.19624191284179687,9.692344665527344
1748974392337,-0.45804748535156253,-0.19235000610351563,9.69743408203125
1748974392405,-0.45565246582031255,-0.24025039672851564,9.747430114746095
1748974392470,-0.41119491577148437,-0.23321502685546877,9.652377777099609
1748974392537,-0.47915359497070314,-0.22049148559570314,9.735455017089844
1748974392603,-0.49636779785156254,-0.27303222656250004,9.732311553955078
1748974392670,-0.5399272155761718,-0.22109024047851564,9.700577545166016
1748974392737,-0.5057981872558595,-0.20836669921875,9.707762603759766
1748974392805,-0.49412246704101564,-0.21450393676757815,9.75296859741211
1748974392870,-0.4105961608886719,-0.10313552856445313,9.652377777099609
1748974392937,-0.40430923461914064,-0.08966354370117188,9.73620346069336
1748974393008,-0.4429289245605469,-0.18591339111328126,9.704469451904297
1748974393070,-0.45954437255859376,-0.16929794311523438,9.707163848876954
1748974393137,-0.45744873046875,-0.18441650390625,9.736353149414063
1748974393203,-0.4896318054199219,-0.16121475219726564,9.768985290527345
1748974393271,-0.446671142578125,-0.1429527282714844,9.716294860839843
1748974393337,-0.42526565551757817,-0.19639160156250002,9.786349182128907
1748974393403,-0.44786865234375,-0.16136444091796875,9.607770538330078
1748974393470,-0.4739144897460938,-0.14459930419921876,9.733209686279297
1748974393537,-0.4728666687011719,-0.2532733154296875,9.694589996337891
1748974393606,-0.4876858520507813,-0.15642471313476564,9.694589996337891
1748974393671,-0.5294490051269531,-0.1471440124511719,9.746981048583985
1748974393737,-0.4602928161621094,-0.17797988891601563,9.703571319580078
1748974393803,-0.51013916015625,-0.20657043457031252,9.67917205810547
1748974393871,-0.5318440246582031,-0.17812957763671877,9.752070465087892
1748974393937,-0.4171824645996094,-0.10463241577148438,9.78365478515625
1748974394006,-0.475411376953125,-0.0688568115234375,9.673184509277345
1748974394070,-0.44337799072265627,-0.2273771667480469,9.843230895996093
1748974394137,-0.536484375,-0.14998809814453126,9.578281860351563
1748974394206,-0.6183641052246094,-0.168848876953125,9.963131561279297
1748974394271,-0.37018020629882814,-0.17857864379882812,9.736353149414063
1748974394337,-0.4843927001953125,-0.40430923461914064,9.730365600585937
1748974394405,-0.5441184997558594,-0.1323248291015625,9.6519287109375
1748974394470,-0.38275405883789065,-0.14175521850585937,9.761650543212891
1748974394537,-0.38350250244140627,-0.06960525512695313,9.830207977294922
1748974394607,-0.41613464355468754,-0.18815872192382813,9.710457000732422
1748974394671,-0.4581971740722656,-0.2616558837890625,9.757908325195313
1748974394737,-0.36284545898437504,-0.22842498779296877,9.65956283569336
1748974394806,-0.45340713500976565,-0.15537689208984376,9.770332489013672
1748974394870,-0.48573989868164064,-0.22049148559570314,9.65716781616211
1748974394937,-0.5394781494140626,-0.10642868041992189,9.782756652832031
1748974395006,-0.4930746459960938,-0.12843292236328124,9.700727233886719
1748974395071,-0.5562432861328125,-0.2603086853027344,9.821376342773439
1748974395137,-0.5870791625976562,-0.247884521484375,9.60492645263672
1748974395203,-0.5035528564453126,-0.16510665893554688,9.736802215576173
1748974395271,-0.6465055847167969,-0.07993377685546875,9.794731750488282
1748974395337,-0.4638853454589844,-0.29069549560546876,9.734107818603515
1748974395406,-0.6179150390625,-0.28216323852539066,9.69593719482422
1748974395470,-0.5393284606933594,0.03936813354492188,9.663005676269531
1748974395536,-0.5837860107421875,-0.22588027954101564,9.763297119140626
1748974395605,-0.5596861267089844,-0.2603086853027344,9.683812408447267
1748974395671,-0.4207749938964844,-0.05059478759765625,9.696535949707032
1748974395737,-0.62031005859375,0.040415954589843754,9.819580078125
1748974395806,-0.4656816101074219,-0.22168899536132813,9.683662719726563
1748974395871,-0.6042933654785156,-0.2775228881835938,9.744136962890625
1748974395937,-0.5861810302734375,-0.1926493835449219,9.699679412841798
1748974396005,-0.5912704467773438,-0.05403762817382813,9.707762603759766
1748974396071,-0.41688308715820316,-0.10373428344726562,9.723928985595704
1748974396137,-0.4956193542480469,-0.08562194824218751,9.661808166503906
1748974396206,-0.49367340087890627,-0.12364288330078126,9.65043182373047
1748974396271,-0.5487588500976562,-0.12648696899414064,9.779164123535157
1748974396337,-0.49247589111328127,-0.15567626953125,9.64429458618164
1748974396406,-0.5056484985351563,-0.14669494628906252,9.750723266601563
1748974396470,-0.5201683044433594,-0.030237121582031252,9.661808166503906
1748974396537,-0.508941650390625,-0.08936416625976563,9.717642059326172
1748974396605,-0.5001100158691406,-0.25147705078125,9.72138427734375
1748974396671,-0.6354286193847657,0.09909393310546875,9.79173797607422
1748974396737,-0.42047561645507814,-0.09610015869140626,9.594298553466798
1748974396805,-0.5544470214843751,-0.07948471069335938,9.804760894775391
1748974396870,-0.5108876037597656,-0.26494903564453126,9.723629608154297
1748974396945,-0.47451324462890626,-0.0700543212890625,9.607920227050782
1748974397004,-0.5053491210937501,-0.062120819091796876,9.711055755615234
1748974397071,-0.5008584594726563,-0.13397140502929689,9.633816375732422
1748974397137,-0.5168751525878906,-0.1323248291015625,9.72707244873047
1748974397203,-0.5282514953613282,-0.09011260986328125,9.761949920654297
1748974397271,-0.5007087707519532,-0.0772393798828125,9.656868438720704
1748974397337,-0.5324427795410156,-0.06436614990234375,9.732610931396485
1748974397405,-0.5343887329101563,-0.18905685424804688,9.734556884765626
1748974397470,-0.5298980712890625,-0.08008346557617188,9.570348358154297
1748974397537,-0.5770500183105469,-0.04894821166992188,9.780511322021486
1748974397606,-0.4930746459960938,-0.137713623046875,9.797126770019531
1748974397671,-0.4902305603027344,-0.13546829223632814,9.723180541992187
1748974397737,-0.5087919616699219,-0.05478607177734375,9.810299377441407
1748974397806,-0.5249583435058593,-0.27812164306640624,9.644144897460938
1748974397871,-0.6268963623046875,-0.15208374023437501,9.821526031494141
1748974397937,-0.6638694763183595,-0.10762619018554688,9.595645751953125
1748974398003,-0.3150947570800781,0.02604583740234375,9.593250732421875
1748974398071,-0.5310955810546876,-0.04221221923828125,9.826465759277344
1748974398137,-0.5358856201171875,-0.28410919189453127,9.708810424804687
1748974398205,-0.5465135192871095,-0.15283218383789063,9.715546417236329
1748974398271,-0.5493576049804688,-0.02484832763671875,9.71464828491211
1748974398337,-0.47990203857421876,-0.08666976928710939,9.751771087646485
1748974398403,-0.5668711853027344,-0.14160552978515625,9.71315139770508
1748974398470,-0.5135820007324219,-0.12963043212890626,9.780062255859375
1748974398537,-0.5249583435058593,-0.08726852416992188,9.6998291015625
1748974398606,-0.4950205993652344,-0.10223739624023438,9.707912292480469
1748974398671,-0.5481600952148438,-0.10328521728515626,9.72901840209961
1748974398737,-0.5099894714355468,-0.19145187377929687,9.6902490234375
1748974398803,-0.5409750366210938,-0.09610015869140626,9.727820892333986
1748974398871,-0.5396278381347657,-0.08337661743164063,9.705217895507813
1748974398937,-0.4673281860351563,-0.11630813598632814,9.634564819335939
1748974399007,-0.5245092773437501,-0.03906875610351563,9.753267974853516
1748974399071,-0.5099894714355468,-0.17947677612304688,9.74144256591797
1748974399137,-0.4839436340332032,-0.13427078247070312,9.646539916992188
1748974399207,-0.5096900939941407,-0.04565505981445313,9.733059997558595
1748974399270,-0.49531997680664064,-0.14579681396484376,9.70312225341797
1748974399337,-0.4912783813476563,-0.13546829223632814,9.725126495361328
1748974399403,-0.5080435180664062,-0.10193801879882813,9.729467468261719
1748974399470,-0.5950126647949219,-0.09684860229492188,9.706565093994142
1748974399537,-0.44622207641601563,-0.1197509765625,9.610464935302735
1748974399603,-0.6402186584472657,-0.14085708618164064,9.634115753173829
1748974399671,-0.6010002136230469,-0.12484039306640625,9.664652252197266
1748974399737,-0.4709207153320313,0.024548950195312502,9.711654510498047
1748974399806,-0.5682183837890625,-0.15837066650390627,9.778265991210938
1748974399871,-0.5566923522949219,-0.16046630859375,9.648785247802735
1748974399937,-0.5478607177734375,-0.05254074096679688,9.759255523681642
1748974400006,-0.5519023132324219,-0.0532891845703125,9.78365478515625
1748974400071,-0.49367340087890627,-0.03323089599609375,9.8722705078125
1748974400137,-0.42107437133789066,-0.24324417114257812,9.60732147216797
1748974400207,-0.3597019958496094,-0.37272491455078127,9.659712524414063
1748974400271,-0.5813909912109375,-0.28291168212890627,9.776469726562501
1748974400337,-0.7402107238769532,-0.6604266357421875,9.497749328613281
1748974400406,-0.5272036743164062,-0.6553372192382813,9.713899841308594
1748974400470,-0.5584886169433594,-0.5430706787109375,9.666298828125
1748974400537,-0.5141807556152344,-0.5013075256347657,9.776769104003908
1748974400606,-0.5291496276855469,-0.6066883850097656,9.52065170288086
1748974400671,-0.5921685791015625,-0.5490582275390625,9.76449462890625
1748974400737,-0.4571493530273438,-0.6156697082519531,9.819729766845704
1748974400805,-0.5613327026367188,-0.6005511474609375,9.649833068847657
1748974400871,-0.5471122741699219,-0.5689668273925782,9.707313537597656
1748974400937,-0.4981640625,-0.6096821594238282,9.630523223876954
1748974401006,-0.427510986328125,-0.5884263610839844,9.625433807373048
1748974401071,-0.4291575622558594,-0.6658154296875001,9.81
1748974401137,-0.44307861328125003,-0.6762936401367188,9.589209136962891
1748974401206,-0.4317022705078125,-0.536484375,9.72901840209961
1748974401271,-0.49531997680664064,-0.5783972167968751,9.717192993164064
1748974401337,-0.46643005371093754,-0.6375242614746094,9.65043182373047
1748974401403,-0.5751040649414063,-0.6345304870605469,9.688003692626953
1748974401470,-0.540076904296875,-0.6559359741210938,9.691147155761719
1748974401537,-0.4228706359863281,-0.5924679565429688,9.713899841308594
1748974401605,-0.532891845703125,-0.5866300964355469,9.736353149414063
1748974401671,-0.5331912231445313,-0.6988966369628906,9.715546417236329
1748974401737,-0.45879592895507815,-0.6084846496582031,9.641899566650391
1748974401806,-0.5891748046875,-0.5601351928710938,9.771529998779297
1748974401871,-0.4638853454589844,-0.7062313842773438,9.641001434326173
1748974401944,-0.4721182250976563,-0.622705078125,9.704319763183594
1748974402004,-0.5254074096679687,-0.6236032104492187,9.736502838134767
1748974402071,-0.4999603271484375,-0.6740483093261719,9.640103302001954
1748974402137,-0.4974156188964844,-0.5725593566894531,9.714797973632812
1748974402203,-0.5032534790039063,-0.7291337585449219,9.58621536254883
1748974402271,-0.48289581298828127,-0.7095245361328125,9.654024353027344
1748974402337,-0.5361849975585937,-0.7023394775390626,9.707313537597656
1748974402406,-0.5810916137695313,-0.5260061645507813,9.672735443115235
1748974402471,-0.41344024658203127,-0.6041436767578126,9.750274200439454
1748974402537,-0.591420135498047,-0.7777825927734375,9.749226379394532
1748974402605,-0.48873367309570315,-0.8041278076171875,9.672136688232422
1748974402671,-0.43544448852539064,-0.5971083068847657,9.705816650390625
1748974402737,-0.5968089294433594,-0.647852783203125,9.704768829345703
1748974402806,-0.4424798583984375,-0.7563771057128906,9.69548812866211
1748974402871,-0.511336669921875,-0.6771917724609375,9.687704315185547
1748974402937,-0.5349874877929688,-0.6950047302246094,9.74533447265625
1748974403005,-0.49067962646484375,-0.6884184265136719,9.62273941040039
1748974403071,-0.5243595886230469,-0.662222900390625,9.73380844116211
1748974403137,-0.5360353088378906,-0.7487429809570313,9.750723266601563
1748974403203,-0.45415557861328126,-0.7006929016113281,9.670939178466798
1748974403271,-0.5632786560058594,-0.6810836791992188,9.742939453125
1748974403337,-0.5818400573730469,-0.6741979980468751,9.671837310791016
1748974403405,-0.4064048767089844,-0.6560856628417969,9.656119995117187
1748974403470,-0.44622207641601563,-0.7288343811035156,9.837991790771484
1748974403537,-0.5682183837890625,-0.8027806091308595,9.65327590942383
1748974403607,-0.487386474609375,-0.6221063232421875,9.687704315185547
1748974403671,-0.4727169799804688,-0.6589297485351563,9.736053771972657
1748974403737,-0.6204597473144532,-0.7598199462890626,9.617200927734375
1748974403806,-0.4740641784667969,-0.7183561706542969,9.705666961669923
1748974403871,-0.4692741394042969,-0.7337741088867188,9.761500854492189
1748974403937,-0.5164260864257812,-0.6554869079589845,9.62603256225586
1748974404006,-0.5068460083007813,-0.6731501770019531,9.735005950927734
1748974404071,-0.5776487731933594,-0.7716453552246094,9.708511047363281
1748974404137,-0.4517605590820313,-0.7929011535644531,9.645342407226563
1748974404203,-0.4848417663574219,-0.6917115783691407,9.75865676879883
1748974404271,-0.5812413024902344,-0.6927593994140625,9.650581512451172
1748974404337,-0.44158172607421875,-0.7045848083496095,9.75251953125
1748974404406,-0.5475613403320313,-0.7497908020019531,9.680818634033203
1748974404470,-0.4423301696777344,-0.73527099609375,9.622140655517578
1748974404537,-0.5294490051269531,-0.6689588928222656,9.742789764404298
1748974404606,-0.5432203674316407,-0.7596702575683594,9.721533966064454
1748974404671,-0.43544448852539064,-0.775986328125,9.628128204345703
1748974404737,-0.5704637145996094,-0.681383056640625,9.734706573486328
1748974404806,-0.5608836364746094,-0.7583230590820312,9.614805908203126
1748974404871,-0.5237608337402344,-0.7485932922363282,9.732161865234376
1748974404937,-0.4631369018554688,-0.8777746582031251,9.760303344726562
1748974405005,-0.5897735595703125,-0.6878196716308594,9.693392486572266
1748974405071,-0.5031037902832032,-0.5852828979492187,9.692793731689454
1748974405137,-0.44697052001953125,-0.8054750061035156,9.739496612548828
1748974405205,-0.5673202514648438,-0.8411009216308594,9.608069915771486
1748974405271,-0.4878355407714844,-0.6233038330078126,9.714348907470704
1748974405337,-0.47615982055664063,-0.7312294006347657,9.741741943359376
1748974405406,-0.5334906005859376,-0.8066725158691407,9.554331665039063
1748974405470,-0.5656736755371095,-0.7378157043457032,9.75775863647461
1748974405537,-0.48693740844726563,-0.7062313842773438,9.731263732910156
1748974405606,-0.4722679138183594,-0.7631130981445313,9.641749877929689
1748974405671,-0.5810916137695313,-0.7943980407714845,9.730066223144531
1748974405737,-0.4822970581054688,-0.7276368713378907,9.72467742919922
1748974405807,-0.43424697875976564,-0.7021897888183594,9.675429840087892
1748974405871,-0.6038442993164063,-0.7364685058593751,9.692793731689454
1748974405937,-0.4752616882324219,-0.7786807250976563,9.739795989990235
1748974406003,-0.5456153869628907,-0.6864724731445313,9.737550659179687
1748974406071,-0.4773573303222656,-0.7707472229003907,9.730066223144531
1748974406137,-0.40969802856445314,-0.8345146179199219,9.63755859375
1748974406206,-0.5812413024902344,-0.5965095520019531,9.720785522460938
1748974406271,-0.5430706787109375,-0.7008425903320313,9.727671203613282
1748974406337,-0.4890330505371094,-0.8663983154296876,9.61450653076172
1748974406404,-0.5968089294433594,-0.7713459777832031,9.661658477783204
1748974406471,-0.38320312500000003,-0.6785389709472657,9.685458984375
1748974406537,-0.5306465148925782,-0.7060816955566407,9.714797973632812
1748974406605,-0.5667214965820313,-0.7638615417480469,9.695188751220703
1748974406671,-0.4321513366699219,-0.7842192077636719,9.64040267944336
1748974406737,-0.5450166320800781,-0.6887178039550782,9.700577545166016
1748974406807,-0.40116577148437504,-0.726888427734375,9.742191009521484
1748974406871,-0.5068460083007813,-0.7634124755859375,9.619745635986328
1748974406955,-0.5180726623535157,-0.7670050048828125,9.58771224975586
1748974407004,-0.4182302856445313,-0.7464976501464844,9.713001708984375
1748974407071,-0.4822970581054688,-0.6762936401367188,9.573192443847656
1748974407137,-0.5396278381347657,-0.7210505676269532,9.742041320800782
1748974407204,-0.45984375,-0.8108638000488282,9.678573303222656
1748974407271,-0.38739440917968754,-0.7140151977539063,9.647737426757812
1748974407338,-0.49472122192382817,-0.6810836791992188,9.69878128051758
1748974407404,-0.4794529724121094,-0.7695497131347656,9.624236297607423
1748974407470,-0.45699966430664063,-0.7351213073730469,9.658365325927734
1748974407537,-0.427510986328125,-0.7714956665039063,9.740843811035157
1748974407604,-0.3878434753417969,-0.6369255065917969,9.652976531982423
1748974407671,-0.4345463562011719,-0.678838348388672,9.703271942138672
1748974407737,-0.4800517272949219,-0.8078700256347656,9.664652252197266
1748974407803,-0.44682083129882816,-0.7171586608886719,9.605375518798828
1748974407871,-0.44846740722656253,-0.6568341064453125,9.68111801147461
1748974407937,-0.3960763549804688,-0.7393125915527344,9.723629608154297
1748974408005,-0.4836442565917969,-0.7345225524902345,9.588909759521485
1748974408071,-0.4827461242675781,-0.7011419677734375,9.708810424804687
1748974408137,-0.4439767456054688,-0.7325765991210937,9.648186492919923
1748974408206,-0.4752616882324219,-0.7394622802734375,9.65327590942383
1748974408271,-0.506546630859375,-0.7310797119140625,9.754764862060547
1748974408337,-0.465831298828125,-0.7358697509765625,9.599986724853515
1748974408406,-0.4739144897460938,-0.7482939147949219,9.52065170288086
1748974408470,-0.5192701721191406,-0.7828720092773438,9.747430114746095
1748974408537,-0.5551954650878906,-0.7945477294921875,9.57184524536133
1748974408603,-0.39398071289062503,-0.8041278076171875,9.698332214355469
1748974408671,-0.7083270263671876,-0.6740483093261719,9.710457000732422
1748974408737,-0.35670822143554687,-0.5757028198242188,9.766141204833986
1748974408805,-0.4219725036621094,-0.731678466796875,9.631271667480469
1748974408871,-0.42167312622070313,-0.7045848083496095,9.722581787109375
1748974408937,-0.44921585083007814,-0.6032455444335938,9.610464935302735
1748974409007,-0.47571075439453125,-0.5740562438964844,9.70701416015625
1748974409071,-0.2604583740234375,-0.4028123474121094,9.19971908569336
1748974409138,-0.4243675231933594,-0.41613464355468754,10.034982147216798
1748974409205,-0.40430923461914064,-0.5870791625976562,9.664951629638672
1748974409271,-0.3183879089355469,-0.30611343383789064,9.671388244628906
1748974409337,-0.3715274047851563,-0.34338592529296874,9.783355407714843
1748974409405,-0.4071533203125,-0.41463775634765626,9.708810424804687
1748974409470,-0.3980223083496094,-0.4369413757324219,9.7285693359375
1748974409537,-0.46837600708007815,-0.31763946533203125,9.75251953125
1748974409605,-0.3718267822265625,-0.3715274047851563,9.675429840087892
1748974409671,-0.24893234252929688,-0.39547760009765626,9.663754119873047
1748974409737,-0.49412246704101564,-0.38320312500000003,9.806856536865235
1748974409806,-0.4225712585449219,-0.30371841430664065,9.642947387695314
1748974409871,-0.296982421875,-0.43724075317382816,9.810898132324219
1748974409937,-0.4785548400878907,-0.3106040954589844,9.679621124267578
1748974410003,-0.4278103637695313,-0.3944297790527344,9.696535949707032
1748974410071,-0.3906875610351563,-0.31644195556640625,9.7189892578125
1748974410137,-0.36284545898437504,-0.4137396240234375,9.69698501586914
1748974410207,-0.27063720703125,-0.3266207885742188,9.715546417236329
1748974410271,-0.44203079223632813,-0.25222549438476566,9.737700347900391
1748974410337,-0.350870361328125,-0.36119888305664066,9.689500579833984
1748974410406,-0.2989283752441406,-0.3345542907714844,9.68590805053711
1748974410470,-0.39787261962890624,-0.2794688415527344,9.71135513305664
1748974410537,-0.35745666503906254,-0.3303630065917969,9.7285693359375
1748974410606,-0.35206787109375004,-0.3242257690429688,9.681866455078126
1748974410671,-0.38619689941406254,-0.2674937438964844,9.726324005126953
1748974410738,-0.40610549926757816,-0.3116519165039063,9.650731201171876
1748974410803,-0.4272116088867188,-0.30132339477539066,9.796228637695313
1748974410871,-0.5477110290527344,-0.34503250122070317,9.883946228027344
1748974410937,-0.27617568969726564,-0.24683670043945313,9.625733184814454
1748974411006,-0.3155438232421875,-0.5602848815917969,9.701026611328125
1748974411071,-0.44337799072265627,-0.47496231079101564,9.64758773803711
1748974411137,-0.48154861450195313,-0.3550616455078125,9.603728942871093
1748974411206,0.1375639343261719,-1.1954141235351563,9.110654296875001
1748974411271,-0.7725434875488282,-0.24743545532226563,9.735455017089844
1748974411337,-0.21615051269531252,-0.028889923095703127,9.331744537353517
1748974411406,-0.3124003601074219,-0.3502716064453125,10.064171447753907
1748974411470,-0.34323623657226565,-0.39547760009765626,9.577383728027344
1748974411537,-0.46792694091796877,-0.17618362426757814,9.718839569091797
1748974411605,-0.3833528137207031,-0.18007553100585938,9.8914306640625
1748974411671,-0.33365615844726565,-0.4135899353027344,9.464518432617188
1748974411737,-0.358055419921875,-0.3576063537597656,9.772128753662109
1748974411807,-0.41927810668945314,-0.3694317626953125,9.786199493408203
1748974411871,-0.36479141235351564,-0.298179931640625,9.52304672241211
1748974411946,-0.3531156921386719,-0.2165995788574219,9.817334747314453
1748974412004,-0.4123924255371094,-0.3849993896484375,9.622140655517578
1748974412071,-0.3585044860839844,-0.26195526123046875,9.67303482055664
1748974412137,-0.41149429321289066,-0.23321502685546877,9.796228637695313
1748974412206,-0.3543132019042969,-0.2686912536621094,9.59340042114258
1748974412271,-0.3854484558105469,-0.23516098022460938,9.802515563964844
1748974412338,-0.40131546020507813,-0.0059875488281250005,9.629325714111328
1748974412405,-0.42571472167968755,-0.19130218505859375,9.646240539550782
1748974412470,-0.5783972167968751,-0.4608915710449219,9.887838134765625
1748974412537,-0.5053491210937501,-0.2197430419921875,9.609117736816406
1748974412607,-0.45640090942382816,0.10777587890625001,9.69788314819336
1748974412671,-0.46702880859375,-0.20881576538085939,9.678872680664062
1748974412737,-0.5322930908203125,-0.3249742126464844,9.823172607421876
1748974412806,-0.2963836669921875,-0.02305206298828125,10.017618255615234
1748974412871,-0.4827461242675781,0.047900390625000004,9.59010726928711
1748974412937,-0.5306465148925782,-0.24893234252929688,9.756710815429688
1748974413003,-0.5054988098144532,0.011226654052734375,9.642648010253907
1748974413071,-0.370030517578125,-0.1483415222167969,9.603429565429687
1748974413137,-0.508941650390625,-0.35206787109375004,10.207722930908204
1748974413206,-0.6882687377929688,0.0700543212890625,9.613009643554689
1748974413271,-0.5267546081542969,-0.39592666625976564,9.888436889648437
1748974413337,-0.5438191223144532,-0.061072998046875,9.442364501953126
1748974413405,-0.53887939453125,-0.14175521850585937,9.814939727783203
1748974413470,-0.350870361328125,-0.06346801757812501,9.70551727294922
1748974413537,-0.5414241027832032,-0.106578369140625,9.620045013427735
1748974413606,-0.6659651184082032,-0.10777587890625001,9.664652252197266
1748974413671,-0.41628433227539063,-0.24159759521484375,9.642947387695314
1748974413737,-0.3932322692871094,-0.09475296020507813,9.722581787109375
1748974413806,-0.6143225097656251,-0.0532891845703125,9.72138427734375
1748974413871,-0.4739144897460938,-0.07753875732421875,9.708361358642579
1748974413938,-0.44442581176757817,-0.1407073974609375,9.700427856445312
1748974414006,-0.5644761657714844,0.00389190673828125,9.719288635253907
1748974414071,-0.5075944519042969,-0.06451583862304688,9.670939178466798
1748974414137,-0.4939727783203125,-0.124541015625,9.649833068847657
1748974414207,-0.5360353088378906,-0.16570541381835938,9.796228637695313
1748974414271,-0.4689747619628907,-0.024399261474609375,9.597591705322266
1748974414337,-0.5171745300292969,-0.009729766845703125,9.799072723388672
1748974414403,-0.35042129516601567,-0.10597961425781251,9.70312225341797
1748974414471,-0.5050497436523438,-0.08756790161132813,9.674681396484376
1748974414537,-0.41119491577148437,0.06391708374023437,9.867181091308595
1748974414608,-0.501606903076172,-0.1682501220703125,9.632319488525392
1748974414671,-0.5962101745605469,-0.06062393188476563,9.680369567871095
1748974414738,-0.6081852722167969,-0.0173638916015625,9.774823150634766
1748974414807,-0.7129673767089844,0.36239639282226566,9.992171173095704
1748974414871,-0.6170169067382812,-0.30326934814453127,9.468859405517579
1748974414937,-0.346080322265625,-0.4782554626464844,9.650731201171876
1748974415003,-0.5056484985351563,-0.7551795959472657,9.533674621582032
1748974415071,-0.681383056640625,-0.18935623168945315,9.662556610107423
1748974415138,-0.5480104064941407,-0.4076023864746094,9.632618865966798
1748974415206,-0.3399430847167969,-0.5872288513183594,9.742340698242188
1748974415271,-0.5797444152832032,-0.5700146484375,9.719288635253907
1748974415337,-0.5087919616699219,-0.525706787109375,9.60447738647461
1748974415408,-0.5385800170898438,-0.39053787231445314,9.515562286376953
1748974415470,-0.5071453857421875,-0.5691165161132813,9.791438598632814
1748974415537,-0.4751119995117188,-0.5622308349609375,9.61645248413086
1748974415606,-0.531544647216797,-0.5764512634277345,9.631870422363281
1748974415671,-0.5372328186035157,-0.5453160095214844,9.731563110351564
1748974415738,-0.4734654235839844,-0.5188211059570312,9.643995208740234
1748974415808,-0.47615982055664063,-0.607137451171875,9.722282409667969
1748974415871,-0.5234614562988281,-0.5745053100585937,9.680968322753907
1748974415937,-0.5134323120117188,-0.4938230895996094,9.64758773803711
1748974416005,-0.5077441406250001,-0.5465135192871095,9.756261749267578
1748974416071,-0.5029541015625,-0.5953120422363282,9.671388244628906
1748974416138,-0.5080435180664062,-0.5536985778808594,9.600735168457032
1748974416204,-0.5441184997558594,-0.5733078002929688,9.76449462890625
1748974416271,-0.45744873046875,-0.5830375671386719,9.608369293212892
1748974416338,-0.5451663208007813,-0.5905220031738282,9.671687622070314
1748974416406,-0.5387297058105469,-0.5519023132324219,9.758806457519531
1748974416470,-0.4626878356933594,-0.5550457763671875,9.626481628417968
1748974416538,-0.5126838684082031,-0.5770500183105469,9.709109802246095
1748974416606,-0.5336402893066406,-0.6324348449707031,9.710606689453126
1748974416671,-0.4432283020019531,-0.5590873718261719,9.620494079589845
1748974416738,-0.5539979553222657,-0.5513035583496094,9.723928985595704
1748974416805,-0.45340713500976565,-0.6411167907714844,9.638157348632813
1748974416871,-0.4189787292480469,-0.5896238708496094,9.660910034179688
1748974416946,-0.6062393188476562,-0.550704803466797,9.75865676879883
1748974417004,-0.47181884765625004,-0.58198974609375,9.627978515625001
1748974417071,-0.47436355590820317,-0.58198974609375,9.68351303100586
1748974417138,-0.5391787719726563,-0.62031005859375,9.741292877197266
1748974417205,-0.4225712585449219,-0.5828878784179687,9.612710266113282
1748974417271,-0.18232086181640625,-0.5495072937011719,9.7285693359375
1748974417338,-0.045056304931640624,-0.6026467895507813,9.740694122314453
1748974417407,-0.14923965454101562,-0.5710624694824219,9.601184234619142
1748974417470,-0.1389111328125,-0.5174739074707031,9.690847778320313
1748974417538,-0.12379257202148439,-0.5596861267089844,9.69788314819336
1748974417606,-0.1772314453125,-0.5447172546386719,9.577084350585938
1748974417671,-0.16360977172851562,-0.6033952331542969,9.74578353881836
1748974417737,-0.21330642700195312,-0.6608757019042969,9.691745910644531
1748974417803,-0.2219883728027344,-0.6014492797851563,9.646988983154298
1748974417871,-0.15582595825195314,-0.6087840270996094,9.761650543212891
1748974417938,-0.11061996459960938,-0.6429130554199219,9.593999176025392
1748974418003,-0.14444961547851562,-0.5833369445800781,9.692045288085938
1748974418071,-0.19579284667968752,-0.5764512634277345,9.773326263427736
1748974418138,-0.09490264892578125,-0.5387297058105469,9.636361083984376
1748974418203,0.11106903076171876,-0.4692741394042969,9.642648010253907
1748974418271,0.24533981323242188,-0.6057902526855469,9.904453582763672
1748974418338,-0.24923171997070315,-0.5671705627441407,9.940378875732423
1748974418406,-0.08352630615234376,-0.6288423156738282,9.813592529296875
1748974418470,-0.16076568603515626,-0.6740483093261719,9.692793731689454
1748974418538,-0.19100280761718752,-0.6563850402832031,9.648635559082031
1748974418607,-0.17917739868164062,-0.6116281127929688,9.745933227539062
1748974418670,-0.18621276855468752,-0.583187255859375,9.64758773803711
1748974418738,-0.1968406677246094,-0.6078858947753907,9.69878128051758
1748974418804,0.02065704345703125,-0.5704637145996094,9.8243701171875
1748974418871,-0.11511062622070313,-0.5812413024902344,9.497449951171875
1748974418938,0.6978488159179688,-0.583187255859375,9.577084350585938
1748974419006,0.9195378112792969,-0.5596861267089844,9.922266540527344
1748974419071,0.6110293579101563,-0.37511993408203126,9.528285827636719
1748974419138,1.0446775817871095,-0.39996826171875,10.430010681152345
1748974419205,0.9789642333984375,-0.6569837951660157,9.076824645996094
1748974419271,0.827479248046875,-0.21091140747070314,10.083630981445314
1748974419337,0.8912466430664063,-0.2543211364746094,9.46601531982422
1748974419404,0.5658233642578125,-0.7406597900390626,9.144334259033204
1748974419471,0.5336402893066406,-0.37736526489257816,10.033485260009765
1748974419538,0.07394622802734375,-0.4942721557617188,9.805958404541016
1748974419606,0.17947677612304688,-0.5739065551757813,9.893376617431642
1748974419671,0.26420059204101565,-0.4656816101074219,9.36258041381836
1748974419738,0.3411405944824219,-0.6864724731445313,9.179960174560547
1748974419806,0.46957351684570314,-0.5126838684082031,9.737400970458985
1748974419871,0.5577401733398438,-0.46598098754882816,9.848170623779298
1748974419938,0.700393524169922,-0.4489164733886719,9.763895874023438
1748974420006,1.1641291809082033,-0.5721102905273437,9.893975372314454
1748974420071,0.8687933349609376,-0.5378315734863282,9.298064575195314
1748974420138,0.5956114196777345,-0.11930191040039063,9.366622009277345
1748974420207,0.4336482238769531,0.031284942626953124,9.944270782470703
1748974420271,0.6068380737304688,-0.055085449218750006,9.80281494140625
1748974420337,0.271834716796875,-0.18890716552734377,10.198142852783203
1748974420405,0.5457650756835938,-0.223934326171875,9.765243072509767
1748974420470,0.5845344543457032,-0.142503662109375,9.441316680908203
1748974420537,0.6972500610351563,-0.164058837890625,9.340426483154298
1748974420606,0.7246430969238281,-0.1646575927734375,9.617500305175781
1748974420671,0.7294331359863282,-0.17274078369140625,10.111323394775392
1748974420738,0.6185137939453126,-0.15298187255859375,9.781559143066406
1748974420806,0.6890171813964844,-0.12289443969726563,9.353000335693359
1748974420871,0.5917195129394531,-0.2724334716796875,9.625433807373048
1748974420938,0.5372328186035157,-0.31404693603515627,9.687105560302735
1748974421006,0.5629792785644532,-0.02844085693359375,10.012828216552736
1748974421071,0.5697152709960938,-0.026345214843750003,9.945617980957032
1748974421138,0.5598358154296875,-0.2137554931640625,9.733209686279297
1748974421207,0.7827223205566407,-0.37167709350585937,9.169481964111329
1748974421271,0.83586181640625,-0.5312452697753907,9.072333984375
1748974421338,0.6231541442871094,-0.5245092773437501,10.181078338623047
1748974421407,0.5631289672851563,-0.19235000610351563,10.218500518798828
1748974421470,0.7105723571777344,0.02903961181640625,9.859397277832032
1748974421538,0.6099815368652344,-0.16420852661132812,9.502239990234376
1748974421605,0.7250921630859375,-0.5132826232910157,9.199419708251954
1748974421671,0.8949888610839845,-0.346080322265625,9.138197021484375
1748974421738,0.7448510742187501,-0.19983444213867188,10.231074371337892
1748974421807,0.9500743103027344,-0.00089813232421875,9.823621673583984
1748974421871,0.7761360168457032,-0.2429447937011719,9.78844482421875
1748974421947,0.7147636413574219,-0.35356475830078127,9.325906677246094
1748974422004,0.3842509460449219,-0.30895751953125,9.879605255126954
1748974422071,0.18621276855468752,-0.08726852416992188,9.677226104736329
1748974422138,-0.1646575927734375,-0.2974314880371094,10.032736816406251
1748974422206,0.2884501647949219,-0.22498214721679688,9.616302795410157
1748974422271,0.017513580322265625,-0.09550140380859376,9.680519256591797
1748974422338,0.11810440063476563,-0.15911911010742188,9.325008544921875
1748974422406,-0.08816665649414063,-0.16525634765625,10.121651916503907
1748974422471,0.09056167602539063,-0.10283615112304688,9.510921936035157
1748974422538,0.05074447631835938,0.08996292114257813,10.601703643798828
1748974422606,0.1585203552246094,-0.037122802734375,9.613009643554689
1748974422671,0.21704864501953125,0.10253677368164063,9.219328308105469
1748974422738,-0.10089019775390626,-0.12409194946289064,9.981094207763672
1748974422807,0.08786727905273438,-0.25162673950195313,9.997559967041017
1748974422871,0.16510665893554688,-0.23740631103515628,9.359137573242188
1748974422938,0.6593788146972657,-0.2748284912109375,9.90535171508789
1748974423006,1.4266831970214844,-0.01107696533203125,9.577832794189453
1748974423071,0.6035449218750001,0.004640350341796875,9.457033996582032
1748974423138,0.2544708251953125,0.1191522216796875,9.669891357421875
1748974423207,0.09520202636718751,0.05313949584960938,9.750274200439454
1748974423271,0.6017486572265626,0.14894027709960939,10.455008697509767
1748974423338,0.765208740234375,0.1375639343261719,9.64429458618164
1748974423404,0.7448510742187501,0.07409591674804687,9.683962097167969
1748974423471,0.5954617309570313,0.076640625,9.078022155761719
1748974423538,0.23381378173828127,0.1866618347167969,9.130413208007813
1748974423605,0.4547543334960938,0.5769003295898438,10.113269348144533
1748974423671,0.662222900390625,0.7026388549804687,10.487042083740235
1748974423738,0.7430548095703126,0.42945693969726567,10.065967712402344
1748974423806,0.9936337280273438,0.4692741394042969,8.992699584960938
1748974423871,0.49412246704101564,0.6026467895507813,9.705666961669923
1748974423938,0.7114704895019531,0.7798782348632813,9.27156967163086
1748974424004,0.4132905578613281,0.8861572265625001,9.711953887939453
1748974424071,0.5336402893066406,0.7825726318359375,9.863438873291017
1748974424138,0.39248382568359375,0.7768844604492188,9.394613800048829
1748974424206,0.2884501647949219,0.3339555358886719,9.20450912475586
1748974424271,0.07978408813476563,0.6890171813964844,9.90145980834961
1748974424338,-0.030835876464843752,0.8482859802246094,10.333311767578126
1748974424407,0.039218444824218754,0.7226971435546875,10.08393035888672
1748974424471,-0.04924758911132813,0.6973997497558594,10.209070129394531
1748974424538,-0.35131942749023437,0.6743476867675782,9.38218963623047
1748974424606,-1.0106982421875002,0.5252577209472656,8.763975219726563
1748974424671,-1.1600875854492188,0.47256729125976565,9.772278442382813
1748974424738,-0.350870361328125,0.31748977661132816,9.176816711425781
1748974424806,-0.12214599609375,0.3100053405761719,10.256671142578126
1748974424871,-0.3688330078125,0.8066725158691407,10.084379425048828
1748974424938,-0.6912625122070313,0.7099736022949219,9.83005828857422
1748974425006,-1.2008029174804689,0.6542893981933594,9.409432983398437
1748974425071,-1.047970733642578,0.70174072265625,9.160500640869142
1748974425138,-0.4927752685546875,0.5830375671386719,9.760453033447266
1748974425207,-0.28695327758789063,0.6345304870605469,10.006092224121094
1748974425271,-0.4070036315917969,0.7479945373535156,9.85834945678711
1748974425338,-0.6289920043945313,0.9180409240722657,9.867480468750001
1748974425407,-0.928070068359375,0.9012757873535157,10.134525146484375
1748974425471,-0.5337899780273437,0.47601013183593754,9.323062591552734
1748974425538,-0.355660400390625,0.19040405273437502,11.196566619873048
1748974425606,0.24144790649414063,1.1880793762207031,8.530760192871094
1748974425671,0.052690429687500005,0.8223898315429687,9.435478820800782
1748974425738,0.5222639465332032,0.3694317626953125,9.078321533203125
1748974425807,1.0494676208496094,0.20791763305664063,8.751551055908203
1748974425871,1.6407380676269532,0.5291496276855469,10.575508117675781
1748974425938,1.2924124145507814,0.9383985900878907,10.659932556152345
1748974426004,0.43664199829101563,0.5743556213378906,10.180479583740235
1748974426071,0.2844085693359375,0.4071533203125,9.212143249511719
1748974426138,0.6956034851074219,0.09475296020507813,9.09104507446289
1748974426207,0.9228309631347656,0.2647993469238281,9.800419921875001
1748974426271,1.0491682434082032,0.738863525390625,10.130333862304688
1748974426338,0.8381071472167969,0.9942324829101563,9.191785583496094
1748974426407,0.13995895385742188,0.8672964477539062,10.865904235839844
1748974426470,0.6741979980468751,0.47795608520507815,10.062674560546876
1748974426538,0.6489006042480469,0.3823049926757813,9.22845932006836
1748974426606,0.8505313110351563,0.7093748474121094,9.48427734375
1748974426670,1.0719209289550782,1.047970733642578,9.267079010009766
1748974426738,0.6744973754882813,0.7909552001953125,9.007818145751953
1748974426806,0.4465214538574219,0.2820135498046875,9.992021484375
1748974426871,0.5420228576660157,0.290994873046875,10.301727447509766
1748974426948,0.6044430541992187,0.8077203369140625,9.870923309326173
1748974427004,0.7590715026855469,0.8566685485839844,9.57004898071289
1748974427071,0.7095245361328125,0.4219725036621094,8.954678649902345
1748974427138,0.38664596557617187,0.13217514038085937,9.80281494140625
1748974427204,0.5078938293457032,0.6108796691894531,9.799072723388672
1748974427271,0.07634124755859376,0.8032296752929687,10.607541503906251
1748974427338,0.5049000549316407,0.6712042236328125,10.087822265625
1748974427406,0.4387376403808594,0.22288650512695313,9.358089752197266
1748974427471,0.26240432739257813,-0.06571334838867188,9.613758087158203
1748974427538,0.010627899169921875,0.12603790283203126,8.327931976318359
1748974427605,0.48109954833984375,0.40131546020507813,8.601712646484376
1748974427671,0.34563125610351564,0.2508782958984375,9.321116638183595
1748974427738,0.3119512939453125,0.06930587768554688,10.600506134033203
1748974427806,0.09175918579101563,0.9144483947753906,10.295590209960938
1748974427871,-0.9547146606445313,1.2558883666992189,11.103460235595703
1748974427938,-1.9023939514160157,1.011746063232422,10.478060760498048
1748974428004,-0.8113128662109376,0.6110293579101563,8.41370361328125
1748974428071,-0.437091064453125,0.8601113891601563,10.200088806152344
1748974428138,0.13621673583984376,1.426084442138672,9.466614074707032
1748974428206,-0.5433700561523438,1.37713623046875,10.169103240966797
1748974428271,-0.7349716186523438,1.1225157165527344,9.70746322631836
1748974428338,-1.3199551391601563,0.8848100280761719,9.893526306152344
1748974428406,-0.5929170227050782,0.7949967956542969,8.963809661865234
1748974428470,-0.4005670166015625,0.5673202514648438,9.032217407226563
1748974428537,-0.23860382080078127,0.7704478454589844,9.679770812988282
1748974428607,-0.746048583984375,1.1439212036132813,9.97570541381836
1748974428670,-0.65384033203125,0.7267387390136719,10.76935501098633
1748974428737,-0.5851332092285156,0.5090913391113282,10.377320251464845
1748974428806,-0.20178039550781252,0.7490423583984376,8.663085021972657
1748974428870,-0.4369413757324219,0.2866539001464844,8.976533203125001
1748974428937,-1.191372528076172,0.13846206665039062,10.099947052001953
1748974429006,-0.9659413146972656,0.42766067504882815,9.3645263671875
1748974429071,-1.3397140502929688,0.0149688720703125,10.43554916381836
1748974429137,-0.3779640197753906,-0.959205322265625,5.223986663818359
1748974429207,-2.185605010986328,0.16091537475585938,9.435927886962892
1748974429270,-0.14340179443359377,0.8725355529785157,8.25608139038086
1748974429337,-0.8159532165527345,0.3534150695800781,9.372310180664064
1748974429407,-0.6315367126464844,0.7297325134277344,8.785680084228517
1748974429470,-0.9834548950195313,0.290994873046875,10.28900390625
1748974429537,-0.925675048828125,0.3607498168945313,10.575508117675781
1748974429606,-1.229842529296875,0.36359390258789065,9.934840393066407
1748974429671,-0.5435197448730469,0.20447479248046876,9.208999786376953
1748974429738,-0.7153623962402345,0.07619155883789062,8.773255920410156
1748974429806,-0.9800120544433594,-0.3165916442871094,10.085277557373047
1748974429870,-1.0445278930664064,0.18426681518554688,10.24349853515625
1748974429937,-0.4147874450683594,0.5984555053710938,7.135661315917969
1748974430006,-1.1561956787109375,0.46762756347656254,9.679770812988282
1748974430071,-0.7168592834472657,1.0806028747558594,8.913963317871094
1748974430137,-0.8797206115722657,0.6063890075683595,9.859097900390626
1748974430207,-0.9746232604980469,0.6773414611816406,9.992769927978516
1748974430270,-1.1355386352539063,0.8904981994628907,9.645791473388673
1748974430337,-0.6653663635253907,0.5164260864257812,9.105115814208984
1748974430407,-1.309027862548828,0.13187576293945313,10.118059387207031
1748974430470,-0.8845106506347656,0.7547305297851563,9.995015258789063
1748974430537,-1.2665162658691407,1.017733612060547,9.548044738769532
1748974430606,-0.4194277954101563,0.06930587768554688,10.09351043701172
1748974430670,-1.3049862670898438,-0.15013778686523438,9.989027709960938
1748974430737,-1.3078303527832031,0.49217651367187504,9.622589721679688
1748974430807,-1.7259109497070313,0.7167095947265625,9.596992950439454
1748974430870,-0.8704399108886719,0.6494993591308594,12.457095336914064
1748974430937,-0.7577243041992188,-0.2682421875,8.796757049560547
1748974431006,-1.294208679199219,0.7393125915527344,9.66001190185547
1748974431071,-0.722098388671875,0.350870361328125,9.610464935302735
1748974431137,-1.1686198425292968,0.5670208740234375,9.928553466796876
1748974431206,-1.1988569641113282,0.6774911499023438,9.62169158935547
1748974431270,-1.363813934326172,0.5713618469238282,10.01207977294922
1748974431337,-1.4172528076171875,0.6879693603515625,10.245145111083986
1748974431406,-1.3187576293945313,0.8999285888671875,10.070308685302734
1748974431470,-1.1796968078613281,1.0186317443847657,9.207053833007812
1748974431537,-1.2973521423339844,1.0708731079101563,9.574090576171875
1748974431606,-1.2102333068847657,1.1570938110351563,9.782606964111329
1748974431670,-1.2268487548828126,1.0050100708007812,9.9776513671875
1748974431737,-1.1690689086914063,0.9777667236328126,9.444310455322267
1748974431806,-1.033301239013672,0.9976753234863281,9.67587890625
1748974431870,-1.0150392150878906,0.7839198303222656,9.876910858154297
1748974431946,-1.214424591064453,0.6697073364257813,9.942474517822266
1748974432004,-1.0490185546875002,0.6563850402832031,9.976304168701173
1748974432071,-0.7373666381835938,1.0629396057128906,9.436227264404298
1748974432138,-1.1021580505371094,1.2843292236328125,9.42919189453125
1748974432206,-1.08494384765625,1.0758128356933594,9.447154541015626
1748974432271,-1.2259506225585939,0.8602610778808594,10.055788879394532
1748974432338,-1.3365705871582032,0.8044271850585938,10.028545532226563
1748974432405,-1.0735675048828126,0.8940907287597657,9.807155914306641
1748974432470,-1.0321037292480468,0.9357041931152345,9.40613983154297
1748974432538,-1.0078541564941408,0.7976911926269532,9.031768341064453
1748974432607,-1.0566526794433595,0.5393284606933594,9.47035629272461
1748974432671,-1.036893768310547,0.5550457763671875,9.770332489013672
1748974432738,-1.1311976623535156,0.8427474975585938,10.25068359375
1748974432805,-1.098116455078125,1.1150312805175782,9.884095916748047
1748974432871,-1.2075389099121094,0.9988728332519532,9.671238555908204
1748974432938,-1.1252101135253907,0.8735833740234376,9.598938903808595
1748974433006,-0.9862989807128907,0.8746311950683594,9.512867889404298
1748974433071,-1.1386820983886718,1.0557545471191407,9.778116302490234
1748974433138,-1.033151550292969,1.0252180480957032,9.791438598632814
1748974433206,-1.191222839355469,0.9497749328613282,9.808203735351563
1748974433271,-1.1066487121582032,0.8246351623535156,9.755064239501953
1748974433338,-1.1895762634277345,0.8164022827148438,9.651329956054688
1748974433407,-1.1859837341308594,0.920735321044922,9.626930694580079
1748974433471,-1.1033555603027345,0.8524772644042969,9.997859344482423
1748974433538,-1.0255174255371093,1.0156379699707032,9.603279876708985
1748974433605,-1.146166534423828,1.0663824462890625,9.764195251464844
1748974433671,-1.0207273864746094,0.9180409240722657,9.529782714843751
1748974433738,-1.0553054809570312,0.9322613525390625,9.60687240600586
1748974433806,-1.0798544311523437,0.969833221435547,9.789193267822267
1748974433871,-1.0856922912597657,0.8581654357910157,9.88514373779297
1748974433938,-1.0922785949707032,0.8330177307128906,9.828561401367187
1748974434007,-1.1241622924804688,0.8108638000488282,9.710457000732422
1748974434071,-1.1035052490234376,0.7885601806640625,9.486522674560547
1748974434138,-1.1743080139160156,0.8581654357910157,9.718240814208984
1748974434207,-1.0681787109375,0.8277786254882813,9.857750701904298
1748974434271,-1.1584410095214845,0.8735833740234376,9.767488403320312
1748974434342,-1.1391311645507813,0.8521778869628907,9.686357116699218
1748974434406,-1.1186238098144532,0.852626953125,9.665400695800782
1748974434470,-1.0734178161621095,0.8677455139160156,9.62169158935547
1748974434541,-0.8702902221679688,0.9357041931152345,9.759255523681642
1748974434604,-0.7550299072265625,0.858614501953125,9.780960388183594
1748974434671,-0.5538482666015625,0.9990225219726563,9.833201751708986
1748974434740,-0.2794688415527344,1.0187814331054688,9.70701416015625
1748974434806,-0.15777191162109375,0.98914306640625,9.523645477294922
1748974434871,-0.014070739746093752,1.012943572998047,9.667047271728515
1748974434940,0.08217910766601563,0.9339079284667969,9.715546417236329
1748974435006,0.09101074218750001,0.9349557495117188,9.757459259033203
1748974435071,0.19025436401367188,0.8708889770507813,9.814191284179689
1748974435140,0.1722917175292969,0.9056167602539062,9.712852020263673
1748974435206,0.14579681396484376,0.9051676940917969,9.50583251953125
1748974435271,0.1327738952636719,0.8390052795410157,9.593250732421875
1748974435341,0.14220428466796875,0.7393125915527344,9.713301086425782
1748974435405,0.1836680603027344,0.8247848510742188,9.69788314819336
1748974435471,0.15043716430664064,0.8141569519042969,9.843081207275391
1748974435540,0.17169296264648437,0.7424560546875001,9.638307037353517
1748974435604,0.16106506347656252,0.8355624389648438,9.613458709716797
1748974435671,0.15073654174804688,0.795146484375,9.664652252197266
1748974435741,0.15103591918945314,0.7708969116210938,9.66001190185547
1748974435806,0.067060546875,0.8921447753906251,9.811646575927735
1748974435871,0.07828720092773438,0.8705895996093751,9.775421905517579
1748974435941,0.00209564208984375,0.9425898742675781,9.60208236694336
1748974436004,-0.07559280395507813,0.8824150085449219,9.652078399658203
1748974436071,-0.1215472412109375,0.7717950439453125,9.679321746826172
1748974436140,-0.18875747680664062,0.8860075378417969,9.629625091552734
1748974436207,-0.28949798583984376,0.906514892578125,9.828711090087891
1748974436271,-0.28500732421875,0.7997868347167969,9.725126495361328
1748974436340,-0.25761428833007816,0.8149053955078125,9.589658203125001
1748974436406,-0.24279510498046877,0.8162525939941406,9.68875213623047
1748974436471,-0.31030471801757814,0.8319699096679688,9.65043182373047
1748974436541,-0.2568658447265625,0.9116043090820313,9.637408905029297
1748974436605,-0.2974314880371094,0.7545808410644531,9.801767120361328
1748974436671,-0.3147953796386719,0.7753875732421875,9.617949371337891
1748974436740,-0.36703674316406254,0.8698411560058594,9.775272216796875
1748974436805,-0.2716850280761719,0.8189469909667969,9.765093383789063
1748974436871,-0.19249969482421875,0.8623567199707032,9.607620849609376
1748974436944,-0.06661148071289062,0.8770262145996094,9.690997467041017
1748974437004,0.05164260864257813,0.8652008056640625,9.63890579223633
1748974437071,0.11301498413085938,0.9235794067382813,9.701176300048829
1748974437139,0.13382171630859377,0.8855584716796876,9.718689880371095
1748974437204,0.20387603759765627,0.7831713867187501,9.6615087890625
1748974437271,-0.011376342773437501,0.9243278503417969,9.664203186035158
1748974437342,0.10448272705078125,0.9060658264160156,9.74144256591797
1748974437404,0.13172607421875002,0.8773255920410157,9.647288360595704
1748974437471,0.07798782348632813,0.8509803771972657,9.75296859741211
1748974437542,0.16121475219726564,0.85981201171875,9.715696105957031
1748974437604,0.15911911010742188,0.8731343078613282,9.680818634033203
1748974437671,0.035326538085937505,0.9380992126464844,9.657916259765626
1748974437742,0.08457412719726563,0.8589138793945313,9.70267318725586
1748974437807,0.12469070434570313,0.909957733154297,9.65043182373047
1748974437871,0.00269439697265625,0.8225395202636719,9.782756652832031
1748974437942,0.1573228454589844,0.7170089721679688,9.6519287109375
1748974438005,0.04535568237304688,0.7608677673339844,9.70267318725586
1748974438071,0.012873229980468751,0.8081694030761719,9.790390777587891
1748974438141,0.05763015747070313,0.6689588928222656,9.498198394775391
1748974438206,0.06750961303710938,0.7256909179687501,9.781110076904298
1748974438271,-0.030237121582031252,0.6578819274902344,9.606722717285157
1748974438341,-0.06930587768554688,0.7782316589355469,9.615853729248048
1748974438406,0.1383123779296875,0.8804690551757813,9.723779296875
1748974438471,-0.17797988891601563,0.7550299072265625,9.655072174072266
1748974438542,-0.092208251953125,0.8496331787109376,9.702373809814453
1748974438605,-0.0664617919921875,0.8482859802246094,9.73096435546875
1748974438671,-0.17648300170898437,0.8669970703125001,9.718091125488282
1748974438740,-0.0987945556640625,0.9449848937988282,9.67153793334961
1748974438806,-0.13516891479492188,0.8304730224609376,9.680818634033203
1748974438871,-0.14205459594726563,0.809366912841797,9.678423614501954
1748974438941,-0.1011895751953125,0.8734336853027345,9.676777038574219
1748974439006,-0.15582595825195314,0.7870632934570313,9.753866729736329
1748974439071,-0.06915618896484375,0.8925938415527345,9.648785247802735
1748974439142,-0.03502716064453125,0.7773335266113282,9.662855987548829
1748974439204,-0.08367599487304687,0.7274871826171876,9.718240814208984
1748974439271,-0.06541397094726563,0.8211923217773438,9.591304779052734
1748974439341,-0.07349716186523438,0.841849365234375,9.806557159423829
1748974439407,-0.09729766845703125,0.8075706481933594,9.561666412353516
1748974439471,-0.050295410156250005,0.8515791320800782,9.499994659423828
1748974439541,-0.1627116394042969,0.9357041931152345,9.799372100830078
1748974439604,-0.06691085815429688,0.8966354370117188,9.586814117431642
1748974439671,-0.26435028076171874,0.9235794067382813,9.694440307617189
1748974439741,-0.15522720336914064,0.9110055541992188,9.775721282958985
1748974439806,-0.16136444091796875,0.9845027160644532,9.62887664794922
1748974439871,-0.14085708618164064,0.9175918579101563,9.75970458984375
1748974439941,-0.22378463745117189,0.8425978088378907,9.6998291015625
1748974440007,-0.15343093872070312,0.8538244628906251,9.658365325927734
1748974440071,-0.09744735717773438,0.9110055541992188,9.73575439453125
1748974440142,-0.14953903198242188,0.8433462524414063,9.675729217529298
1748974440204,-0.2130070495605469,0.787811737060547,9.611512756347656
1748974440271,-0.2568658447265625,0.814306640625,9.725276184082032
1748974440342,0.0077838134765625,0.7357200622558594,9.592352600097657
1748974440407,-0.13636642456054687,0.8725355529785157,9.689201202392578
1748974440471,-0.2760260009765625,0.9303153991699219,9.736951904296875
1748974440541,-0.13846206665039062,0.7734416198730469,9.653126220703125
1748974440607,-0.10268646240234376,0.730331268310547,9.735155639648438
1748974440671,-0.22902374267578127,0.7503895568847657,9.71315139770508
1748974440742,-0.15283218383789063,0.889749755859375,9.676627349853517
1748974440807,-0.22842498779296877,0.847687225341797,9.694739685058595
1748974440870,-0.17408798217773438,0.6807843017578126,9.795929260253907
1748974440942,-0.18486557006835938,0.8318202209472657,9.576934661865234
1748974441005,-0.15133529663085937,0.8461903381347656,9.836644592285158
1748974441071,-0.14205459594726563,0.7542814636230469,9.614207153320313
1748974441141,-0.2639012145996094,0.8005352783203126,9.738299102783204
1748974441207,-0.199984130859375,0.8336164855957031,9.783954162597658
1748974441271,-0.22004241943359376,0.7170089721679688,9.672885131835939
1748974441342,-0.15402969360351562,0.7858657836914062,9.708511047363281
1748974441406,-0.21091140747070314,0.827479248046875,9.705217895507813
1748974441471,-0.21270767211914063,0.7830216979980469,9.656419372558593
1748974441542,-0.2034269714355469,0.7993377685546875,9.681716766357422
1748974441604,-0.20193008422851563,0.7741900634765625,9.74428665161133
1748974441671,-0.16151412963867187,0.8268804931640625,9.61211151123047
1748974441742,-0.26689498901367187,0.8405021667480469,9.762099609375001
1748974441805,-0.16705261230468751,0.7708969116210938,9.618697814941406
1748974441871,-0.20447479248046876,0.8129594421386719,9.661808166503906
1748974441949,-0.19504440307617188,0.7786807250976563,9.750423889160157
1748974442004,-0.22004241943359376,0.8039781188964844,9.55852294921875
1748974442071,-0.20836669921875,0.8382568359375,9.730215911865235
1748974442139,-0.19444564819335938,0.8042774963378907,9.739646301269532
1748974442207,-0.19160156250000002,0.8015830993652344,9.655371551513673
1748974442271,-0.17648300170898437,0.8411009216308594,9.70596633911133
1748974442342,-0.23935226440429688,0.741258544921875,9.737400970458985
1748974442404,-0.17079483032226564,0.7658074951171875,9.605824584960938
1748974442471,-0.18561401367187502,0.8164022827148438,9.814340972900391
1748974442542,-0.219144287109375,0.7762857055664063,9.742789764404298
1748974442607,-0.195194091796875,0.798589324951172,9.644593963623047
1748974442671,-0.23381378173828127,0.8547225952148438,9.754764862060547
1748974442742,-0.17977615356445314,0.7454498291015625,9.566306762695312
1748974442806,-0.20013381958007814,0.7905061340332031,9.723330230712891
1748974442871,-0.24129821777343752,0.8276289367675782,9.719288635253907
1748974442941,-0.16091537475585938,0.8041278076171875,9.661209411621094
1748974443006,-0.18142272949218752,0.8280780029296876,9.73620346069336
1748974443071,-0.19773880004882813,0.7207511901855469,9.806108093261718
1748974443141,-0.1681004333496094,0.8229885864257813,9.61405746459961
1748974443206,-0.12005035400390626,0.801134033203125,9.728868713378906
1748974443271,-0.006586303710937501,0.757873992919922,9.756710815429688
1748974443341,0.07394622802734375,0.8445437622070313,9.643995208740234
1748974443407,-0.06376739501953126,0.841849365234375,9.743538208007813
1748974443471,-0.032482452392578125,0.767603759765625,9.570198669433594
1748974443540,0.001945953369140625,0.8532257080078125,9.534273376464844
1748974443605,-0.03308120727539063,0.8523275756835937,9.680818634033203
1748974443671,-0.07589218139648438,0.7360194396972657,9.685309295654298
1748974443740,-0.18202148437500001,0.76880126953125,9.665251007080078
1748974443804,-0.0736468505859375,0.7650590515136719,9.676477661132813
1748974443871,0.049097900390625004,0.8508306884765625,9.572593688964844
1748974443941,0.03817062377929688,0.8677455139160156,9.73575439453125
1748974444004,-0.00928070068359375,0.8165519714355469,9.663754119873047
1748974444071,-0.017812957763671877,0.8008346557617188,9.596843261718751
1748974444142,-0.11840377807617188,0.8150550842285157,9.741891632080078
1748974444206,-0.08053253173828126,0.7647596740722656,9.594597930908204
1748974444271,-0.0149688720703125,0.8403524780273438,9.689201202392578
1748974444341,-0.1874102783203125,0.8319699096679688,9.556876373291017
1748974444404,0.025297393798828127,0.6496490478515625,9.544003143310547
1748974444471,0.036524047851562505,0.9301657104492188,9.66001190185547
1748974444541,0.0221539306640625,0.8699908447265625,9.690398712158204
1748974444607,-0.027991790771484375,0.7285350036621094,9.630523223876954
1748974444671,-0.053738250732421874,0.8214916992187501,9.648485870361329
1748974444742,-0.12439132690429688,0.8807684326171875,9.71135513305664
1748974444806,-0.027093658447265627,0.8379574584960938,9.609117736816406
1748974444871,-0.07274871826171875,0.8472381591796876,9.72662338256836
1748974444941,-0.00449066162109375,0.7875123596191407,9.759554901123048
1748974445006,-0.00718505859375,0.8773255920410157,9.613907775878907
1748974445071,-0.07110214233398438,0.8640032958984375,9.725575561523438
1748974445141,0.014220428466796876,0.7593708801269532,9.62169158935547
1748974445208,-0.04685256958007813,0.7945477294921875,9.647737426757812
1748974445271,-0.08277786254882813,0.8264314270019532,9.673184509277345
1748974445342,-0.03861968994140625,0.8649014282226563,9.626781005859376
1748974445406,-0.023950195312500002,0.8839118957519532,9.62558349609375
1748974445471,0.007334747314453125,0.7571255493164063,9.721084899902344
1748974445541,-0.035326538085937505,0.8241860961914063,9.579479370117188
1748974445606,0.05718109130859375,0.9454339599609376,9.714797973632812
1748974445671,0.013322296142578125,0.8077203369140625,9.64474365234375
1748974445742,0.047451324462890625,0.8135581970214845,9.594148864746094
1748974445806,0.04939727783203125,0.8568182373046875,9.817933502197267
1748974445871,0.22902374267578127,0.7765850830078126,9.790690155029298
1748974445941,0.22543121337890626,0.7562274169921875,9.824669494628907
1748974446007,0.267044677734375,0.8475375366210938,9.880204010009766
1748974446071,0.34817596435546877,0.8860075378417969,9.55942108154297
1748974446142,0.1878593444824219,0.97716796875,9.642049255371095
1748974446206,0.20567230224609376,0.8931925964355469,9.789492645263673
1748974446272,0.2505789184570313,0.8599617004394532,9.62273941040039
1748974446340,0.1782792663574219,0.8566685485839844,9.732012176513672
1748974446406,0.2806663513183594,0.8834628295898438,9.60926742553711
1748974446471,0.20806732177734377,0.926722869873047,9.655970306396485
1748974446541,0.25162673950195313,0.9357041931152345,9.741143188476563
1748974446606,0.5405259704589844,0.6613247680664063,9.419312438964845
1748974446671,1.4679972839355468,0.8414002990722657,9.247769165039063
1748974446741,0.7108717346191407,0.8943901062011719,10.640323333740234
1748974446806,0.35775604248046877,1.1130853271484376,8.901688842773439
1748974446871,0.9532177734375,0.7940986633300782,9.928104400634766
1748974446940,0.9298663330078125,1.175804901123047,9.311985626220704
1748974447004,0.7848179626464844,1.3133688354492188,9.405541076660157
1748974447071,0.9455836486816407,1.2214599609375,10.083331604003908
1748974447139,0.6667135620117188,1.2997471618652345,9.523196411132814
1748974447207,0.9812095642089844,1.3377680969238281,9.88993377685547
1748974447271,0.9042695617675782,1.1389814758300782,9.30509994506836
1748974447341,0.8189469909667969,1.1448193359375,9.413025512695313
1748974447407,1.0636880493164063,1.2975018310546875,9.799521789550782
1748974447471,0.784368896484375,1.410516815185547,9.722581787109375
1748974447541,0.9981243896484375,1.549427947998047,9.806407470703126
1748974447606,0.7732919311523437,1.1837384033203127,9.380992126464845
1748974447671,0.8220904541015626,1.392554168701172,9.727222137451172
1748974447742,1.0753637695312501,1.3030403137207032,9.527986450195312
1748974447807,0.8066725158691407,1.3952485656738283,9.686506805419922
1748974447871,0.8229885864257813,1.3329780578613282,9.67153793334961
1748974447941,0.6644682312011719,1.5019766235351564,9.70746322631836
1748974448006,0.6759942626953125,1.162632293701172,9.476643218994141
1748974448071,0.6506968688964844,1.3439053344726564,9.505533142089844
1748974448142,0.7038363647460938,1.3730946350097657,9.644893341064453
1748974448204,0.5984555053710938,1.3762380981445312,9.748477935791016
1748974448271,0.5538482666015625,1.2781919860839845,9.499246215820312
1748974448341,0.5671705627441407,1.3033396911621093,9.584718475341797
1748974448404,0.49651748657226563,1.263223114013672,9.745184783935548
1748974448471,0.43604324340820316,1.1630813598632812,9.698032836914063
1748974448542,0.3165916442871094,1.2253518676757813,9.663454742431641
1748974448608,0.23396347045898438,1.172362060546875,9.54609878540039
1748974448671,0.31344818115234374,1.2986993408203125,9.486971740722657
1748974448741,0.06436614990234375,1.0987152099609376,9.610614624023437
1748974448806,0.02185455322265625,0.7228468322753907,9.789941711425781
1748974448871,-0.36434234619140626,0.6959028625488282,10.031688995361328
1748974448941,-0.669407958984375,0.8677455139160156,9.518705749511719
1748974449008,-0.24099884033203126,0.8629554748535156,9.482630767822267
1748974449071,-0.1722917175292969,0.6036946105957032,9.776469726562501
1748974449141,-0.43379791259765627,0.5414241027832032,9.662406921386719
1748974449204,-0.2082170104980469,0.6547384643554688,9.88424560546875
1748974449271,-0.21345611572265627,1.0003697204589845,9.728419647216798
1748974449342,-0.28680358886718754,1.1704161071777344,9.67303482055664
1748974449408,-0.233514404296875,0.9204359436035157,9.651180267333984
1748974449471,-0.4881349182128906,0.8786727905273438,9.740694122314453
1748974449541,-0.14055770874023438,0.8891510009765625,9.615105285644532
1748974449607,0.056582336425781254,1.0660830688476564,9.795031127929688
1748974449671,0.4278103637695313,0.8343649291992188,9.27875473022461
1748974449741,0.26000930786132814,1.0207273864746094,9.70746322631836
1748974449806,0.6496490478515625,1.056353302001953,9.307794342041015
1748974449871,1.5416441345214844,1.0204280090332032,9.435628509521484
1748974449941,2.113455047607422,1.1879296875,9.676926727294923
1748974450004,1.7106427001953126,1.4241384887695314,9.967622222900392
1748974450071,0.9756710815429688,1.149459686279297,10.259964294433594
1748974450142,0.6607260131835938,0.7569758605957032,9.305399322509766
1748974450206,0.379610595703125,0.6524931335449219,9.524094543457032
1748974450271,0.41808059692382815,0.5782475280761719,9.270072784423828
1748974450340,0.31284942626953127,0.6192622375488281,9.69264404296875
1748974450408,0.23067031860351564,0.4218228149414063,10.478958892822266
1748974450471,0.7776329040527344,0.28231292724609375,10.44752426147461
1748974450541,1.274000701904297,0.38859191894531253,9.325906677246094
1748974450606,1.4211447143554687,0.6483018493652344,9.366172943115235
1748974450671,1.3512400817871095,0.7438032531738281,9.123527526855469
1748974450741,0.9668394470214844,0.5941145324707031,9.39132064819336
1748974450807,0.9113049316406251,0.6888674926757813,9.608518981933594
1748974450871,0.7144642639160157,0.8258326721191407,9.79607894897461
1748974450942,0.640667724609375,0.7656578063964844,9.703571319580078
1748974451007,0.5334906005859376,0.5038522338867187,10.025851135253907
1748974451071,0.6595285034179688,0.40161483764648437,9.779912567138672
1748974451141,0.6981481933593751,0.45954437255859376,9.665700073242188
1748974451206,0.9051676940917969,0.7369175720214844,9.68351303100586
1748974451271,1.1549981689453126,0.7107220458984376,9.59205322265625
1748974451341,1.1907737731933594,0.44682083129882816,9.564510498046875
1748974451406,1.2808863830566406,0.33215927124023437,9.067843322753907
1748974451471,1.0803034973144532,0.2736309814453125,9.703721008300782
1748974451542,0.9752220153808594,0.3779640197753906,9.85595443725586
1748974451607,0.7834707641601563,0.3215313720703125,10.206675109863282
1748974451671,0.8357121276855469,0.15283218383789063,9.805060272216798
1748974451741,0.9488768005371094,-0.04535568237304688,9.590256958007814
1748974451807,0.9310638427734376,-0.07424560546875,9.674082641601563
1748974451871,1.279090118408203,-0.18696121215820313,9.36737045288086
1748974451944,1.1406280517578125,-0.023201751708984378,8.75664047241211
1748974452004,1.1642788696289064,0.02484832763671875,9.366172943115235
1748974452071,1.1238629150390627,-0.2884501647949219,9.894125061035156
1748974452139,0.6628216552734375,-0.23740631103515628,10.753038940429688
1748974452206,0.446671142578125,0.6120771789550782,11.782597961425783
1748974452271,0.8110134887695313,-0.061671752929687504,10.28900390625
1748974452341,1.1671229553222657,-0.71611083984375,7.54476058959961
1748974452406,0.42272094726562504,-0.9325607299804688,8.103698272705078
1748974452471,0.4662803649902344,-0.7265890502929688,8.63359634399414
1748974452541,-0.2233355712890625,-0.21674926757812502,10.486443328857423
1748974452607,0.24099884033203126,0.096998291015625,10.25068359375
1748974452671,0.25956024169921876,-0.2321672058105469,10.649154968261719
1748974452741,0.48529083251953126,-0.26734405517578125,9.205706634521485
1748974452807,0.27991790771484376,-0.17274078369140625,8.395591278076171
1748974452871,0.2579136657714844,-0.34323623657226565,9.596394195556641
1748974452941,0.3423381042480469,0.00808319091796875,9.913734283447265
1748974453007,0.32901580810546877,0.27692413330078125,10.199639739990236
1748974453071,0.5376818847656251,0.45265869140625004,9.19537811279297
1748974453141,0.41703277587890625,0.29264144897460936,9.840536499023438
1748974453206,0.5195695495605469,0.35206787109375004,9.52589080810547
1748974453271,0.36718643188476563,0.3330574035644531,9.956694946289064
1748974453341,0.3059637451171875,0.841849365234375,10.854527893066408
1748974453405,0.7900570678710938,0.8578660583496094,9.316925354003907
1748974453471,0.09445358276367188,0.2944377136230469,10.261311492919923
1748974453541,1.6049624633789064,0.5435197448730469,9.239835662841797
1748974453606,2.2640419006347656,0.7467970275878907,9.480535125732422
1748974453671,2.0213964843750003,0.5568420410156251,9.289382629394531
1748974453741,1.66693359375,0.3285667419433594,9.44071792602539
1748974453806,1.5908917236328126,0.042361907958984375,9.404343566894532
1748974453871,1.7510586547851563,0.23441253662109376,9.670190734863281
1748974453941,0.7641609191894532,0.5891748046875,9.334438934326172
1748974454006,-0.027991790771484375,0.350870361328125,10.075398101806641
1748974454071,0.42002655029296876,0.6117778015136719,9.83155517578125
1748974454141,1.1050021362304687,0.4805007934570313,9.441466369628907
1748974454205,1.5425422668457032,0.6421646118164063,9.746082916259766
1748974454271,1.324146423339844,1.0100994873046876,9.530980224609376
1748974454341,0.6210585021972657,1.204395446777344,9.275311889648439
1748974454407,0.38634658813476563,1.1216175842285157,9.65956283569336
1748974454471,0.6979985046386719,0.9165440368652344,9.669741668701173
1748974454541,0.8662486267089844,1.0315049743652345,10.083780670166016
1748974454606,1.0579998779296875,1.09452392578125,10.057285766601563
1748974454671,1.3747412109375001,1.4374607849121095,9.522897033691407
1748974454740,0.7399113464355469,0.8879534912109376,9.286239166259767
1748974454807,0.7982899475097657,0.5384303283691406,8.608748016357422
1748974454871,1.018032989501953,0.6459068298339844,9.627230072021485
1748974454941,1.2499008178710938,0.7267387390136719,9.749226379394532
1748974455006,1.4174024963378906,0.9134005737304688,10.339449005126953
1748974455071,1.1609857177734375,0.9357041931152345,9.282796325683595
1748974455141,0.3483256530761719,0.7949967956542969,9.848020935058594
1748974455206,0.7620652770996094,0.6387217712402344,10.172396392822266
1748974455271,1.2422666931152344,0.7930508422851563,9.608518981933594
1748974455341,1.3347743225097657,0.7108717346191407,10.049501953125
1748974455407,1.575623474121094,1.4400054931640627,9.872120819091798
1748974455471,0.8819659423828126,2.0645068359375003,8.38825653076172
1748974455541,1.413959655761719,1.2771441650390625,9.260492706298828
1748974455607,0.7821235656738281,1.0241702270507813,9.408834228515625
1748974455671,1.3753399658203125,0.3836521911621094,7.711962890625
1748974455740,0.9340576171875,0.15672409057617187,9.566456451416016
1748974455807,1.3671070861816408,0.4339476013183594,10.574609985351563
1748974455871,1.2153227233886719,0.9252259826660156,10.21475830078125
1748974455941,0.9440867614746095,0.9780661010742188,10.935509490966798
1748974456008,1.055006103515625,0.9348060607910157,10.715018005371094
1748974456071,1.2386741638183594,0.7945477294921875,9.023385772705078
1748974456141,0.3239263916015625,0.7390132141113281,9.814191284179689
1748974456207,1.0913804626464845,0.37601806640625,8.290809173583984
1748974456271,0.06197113037109375,0.41852966308593753,10.02315673828125
1748974456341,0.9027726745605469,0.11121871948242187,9.377848663330079
1748974456407,1.3681549072265626,-0.09954299926757813,7.596852264404297
1748974456471,-0.9548643493652345,0.23785537719726563,10.870993652343751
1748974456541,0.028590545654296876,-0.22917343139648438,9.866582336425783
1748974456606,-0.10268646240234376,0.4668791198730469,11.345806274414063
1748974456671,0.650247802734375,0.6944059753417969,9.072483673095704
1748974456741,-0.5001100158691406,0.97477294921875,11.331436157226562
1748974456807,1.3635145568847657,0.32751892089843754,6.961573333740235
1748974456871,0.17887802124023439,0.10987152099609375,8.373736724853517
1748974456942,0.18052459716796876,0.11511062622070313,9.143885192871094
1748974457006,0.12034973144531251,0.5945635986328125,10.68702621459961
1748974457071,0.4908293151855469,0.48618896484375,7.384893035888672
1748974457139,-1.899100799560547,0.7324269104003907,12.747341766357422
1748974457206,1.900298309326172,0.5316943359375,9.77886474609375
1748974457271,0.631087646484375,0.4805007934570313,10.21520736694336
1748974457341,0.8672964477539062,0.7481442260742188,9.26917465209961
1748974457407,0.5002597045898438,0.9493258666992188,9.070986785888673
1748974457471,0.434696044921875,0.49591873168945316,8.267308044433594
1748974457541,0.5177732849121094,0.08652008056640625,9.358838195800782
1748974457607,0.6767427062988282,0.5028044128417969,10.22718246459961
1748974457671,0.6487509155273438,0.7222480773925781,9.783205718994141
1748974457740,0.20372634887695312,0.4842430114746094,10.42552001953125
1748974457807,0.890947265625,0.11870315551757814,9.886191558837892
1748974457877,0.5465135192871095,0.03742218017578125,8.749305725097656
1748974457941,-0.30386810302734374,-0.37317398071289065,9.550290069580079
1748974458007,0.05837860107421875,-0.5415737915039063,9.325756988525391
1748974458071,0.3008743286132813,-0.8731343078613282,9.965376892089845
1748974458141,-0.4032614135742188,-0.27542724609375,9.951755218505859
1748974458206,-0.9948312377929688,-0.25237518310546875,9.546248474121095
1748974458276,0.11032058715820313,-0.6252497863769532,8.80454086303711
1748974458341,0.3691323852539063,-0.8470884704589844,9.888137512207031
1748974458408,-0.1279838562011719,-1.0401869201660157,9.350455627441407
1748974458471,-0.9310638427734376,-1.0394384765625,10.134375457763673
1748974458541,-0.2956352233886719,-0.4740641784667969,10.515482940673829
1748974458607,0.4902305603027344,-0.4385879516601563,9.414372711181642
1748974458675,-0.39173538208007813,-0.6020480346679687,9.76254867553711
1748974458740,-0.6209088134765626,-0.9928852844238282,8.932225341796876
1748974458806,-0.5598358154296875,-0.6724017333984376,9.39221878051758
1748974458871,-0.026943969726562503,-0.5852828979492187,8.858877868652344
1748974458940,-0.21899459838867188,-0.5480104064941407,10.128537597656251
1748974459007,-0.1830693054199219,-0.9077124023437501,8.611292724609376
1748974459071,-0.2639012145996094,-1.1895762634277345,10.393187255859376
1748974459141,0.20013381958007814,-0.9958790588378906,10.656340026855469
1748974459209,0.3276686096191406,-0.46613067626953125,9.915231170654298
1748974459271,0.08726852416992188,-0.41583526611328125,9.66001190185547
1748974459340,0.5475613403320313,-0.3192860412597656,9.237740020751954
1748974459407,0.5054988098144532,-0.7345225524902345,9.649234313964845
1748974459471,1.074166259765625,-0.7923023986816407,9.461674346923829
1748974459540,1.1988569641113282,-0.5930667114257813,10.21086639404297
1748974459607,0.19504440307617188,-0.8170010375976563,8.583450622558594
1748974459671,0.001197509765625,-1.1060499572753906,9.80955093383789
1748974459740,1.2892689514160156,-1.0819500732421876,10.16970199584961
1748974459807,0.8628057861328126,-0.7451504516601563,10.019863586425782
1748974459871,0.6372248840332032,-0.9665400695800782,9.98049545288086
1748974459940,1.1154803466796877,-0.7485932922363282,9.304800567626954
1748974460007,0.9328601074218751,-1.3317805480957032,9.486522674560547
1748974460071,0.4363426208496094,-1.1526031494140625,9.520502014160156
1748974460142,0.690963134765625,-0.7536827087402345,10.07105712890625
1748974460206,0.67300048828125,-0.4369413757324219,9.086255035400391
1748974460271,0.9120533752441407,0.26494903564453126,10.540480957031251
1748974460342,1.1331436157226562,0.4272116088867188,10.44228515625
1748974460406,0.8457412719726562,0.3932322692871094,10.096055145263673
1748974460471,0.9000782775878907,0.2477348327636719,9.905651092529297
1748974460540,1.2253518676757813,0.3703298950195313,9.468260650634766
1748974460606,0.8396040344238281,0.7309300231933594,10.386750640869142
1748974460671,1.131347351074219,0.9301657104492188,10.113119659423829
1748974460741,1.0600955200195312,1.4829661560058593,9.679471435546876
1748974460806,1.345851287841797,1.709894256591797,8.741521911621094
1748974460871,1.3947994995117188,1.294508056640625,9.498497772216798
1748974460940,0.7235952758789063,0.4459226989746094,9.749974822998047
1748974461012,1.0538085937500001,1.32444580078125,10.097102966308594
1748974461071,0.9219328308105469,2.2433848571777344,10.60275146484375
1748974461141,0.9328601074218751,2.0778291320800784,9.991123352050781
1748974461207,0.4632865905761719,2.3872357177734376,9.469308471679687
1748974461271,0.8728349304199219,2.5370741271972657,9.094787292480468
1748974461340,1.033151550292969,1.588945770263672,6.288423156738282
1748974461406,1.0623408508300782,1.7459692382812502,8.342601470947265
1748974461471,0.5745053100585937,1.4772779846191406,12.356953582763673
1748974461540,1.1825408935546875,2.681972808837891,10.916798400878907
1748974461606,0.49831375122070315,1.979483642578125,11.349847869873047
1748974461671,0.8379574584960938,2.2908361816406253,10.04995101928711
1748974461740,0.805924072265625,1.6760646057128907,8.810678100585937
1748974461806,0.8508306884765625,1.7145346069335938,7.591463470458985
1748974461871,0.32721954345703125,1.673968963623047,7.479496307373047
1748974461946,0.5842350769042969,2.0005897521972655,11.579620056152343
1748974462006,0.9062155151367188,2.102378082275391,10.762619018554688
1748974462071,0.7520361328125,1.264270935058594,11.425290985107422
1748974462139,0.7954458618164063,1.3421090698242188,10.699749755859376
1748974462205,0.9647438049316407,1.1567944335937501,9.084458770751954
1748974462271,0.7141648864746094,1.2660671997070314,8.304730224609376
1748974462342,0.7119195556640625,1.295555877685547,9.471104736328126
1748974462406,0.9940827941894532,1.4916481018066408,9.712253265380859
1748974462471,0.8092172241210938,1.6838484191894532,10.69945037841797
1748974462541,0.6923103332519531,1.2114308166503907,10.215506744384767
1748974462606,0.37077896118164066,0.6147715759277345,9.607022094726563
1748974462671,0.3387455749511719,0.9440867614746095,9.336085510253907
1748974462741,0.379610595703125,0.6650669860839844,9.105115814208984
1748974462806,-0.08113128662109376,0.890797576904297,9.776619415283204
1748974462871,-0.3135978698730469,1.2347822570800782,10.171498260498048
1748974462941,-1.3654605102539064,1.1777508544921875,9.840237121582032
1748974463009,-0.023351440429687502,0.9024732971191407,8.41699676513672
1748974463071,0.3107537841796875,1.0202783203125,10.271190948486328
1748974463141,0.16375946044921877,1.3133688354492188,9.340875549316406
1748974463206,-0.7964936828613282,0.5325924682617188,8.97129409790039
1748974463271,-0.6828799438476563,1.5346087646484377,10.861413574218751
1748974463341,0.3733236694335938,1.5546670532226563,10.892249450683595
1748974463407,-0.12469070434570313,1.2231065368652345,10.189760284423828
1748974463471,-0.08068222045898438,0.9391470336914063,8.230634307861328
1748974463541,-1.120869140625,1.423988800048828,10.976524200439453
1748974463607,-0.15612533569335937,0.1327738952636719,7.689958648681641
1748974463671,-0.062420196533203125,0.2517764282226563,8.980574798583985
1748974463739,-0.4207749938964844,0.32811767578125,9.881551208496095
1748974463807,-0.3658392333984375,-0.05254074096679688,10.201585693359375
1748974463871,-0.3477268981933594,-0.027542724609375003,9.866432647705079
1748974463940,-0.07469467163085938,-0.06077362060546875,9.62992446899414
1748974464009,-0.22573059082031252,-0.8164022827148438,10.05953109741211
1748974464071,-0.15971786499023438,-0.7848179626464844,8.90602981567383
1748974464141,-0.3323089599609375,-0.906514892578125,8.62775848388672
1748974464207,-0.22782623291015627,-1.317410430908203,9.941426696777345
1748974464271,-0.09310638427734376,-1.1656260681152344,9.097332000732422
1748974464340,-0.3285667419433594,-1.0578501892089844,10.415790252685547
1748974464406,-0.3008743286132813,-1.2184661865234376,10.275382232666017
1748974464471,-0.16615447998046876,-1.0367440795898437,9.797725524902344
1748974464539,-0.3320095825195313,-0.9877958679199219,9.15271682739258
1748974464607,-0.2998265075683594,-1.2022998046875,9.267677764892579
1748974464671,-0.37601806640625,-1.0982661437988281,9.689650268554688
1748974464740,-0.3239263916015625,-0.9304650878906251,10.29903305053711
1748974464807,-0.3104544067382813,-1.0330018615722656,10.413544921875001
1748974464871,-0.229921875,-0.920735321044922,10.201286315917969
1748974464940,-0.32332763671875003,-0.9598040771484375,9.198820953369141
1748974465010,-0.17214202880859375,-1.3474978637695314,9.250613250732423
1748974465071,-0.22617965698242187,-1.5308665466308595,9.522298278808595
1748974465140,-0.17947677612304688,-1.4343173217773437,10.053693237304689
1748974465206,-0.17917739868164062,-1.638043670654297,10.277178497314454
1748974465271,-0.22842498779296877,-1.4335688781738283,10.503657531738282
1748974465340,-0.27812164306640624,-1.427431640625,9.146429901123048
1748974465410,-0.35865417480468753,-1.7509089660644532,9.720186767578125
1748974465471,-0.13576766967773438,-1.8615289306640626,9.467811584472656
1748974465540,-0.3998185729980469,-1.661844177246094,9.633067932128906
1748974465607,-0.3878434753417969,-1.7257612609863282,10.167157287597657
1748974465671,-0.21764739990234377,-1.8711090087890625,9.715097351074219
1748974465741,-0.335302734375,-1.9275416564941408,9.77452377319336
1748974465806,-0.3740721130371094,-1.6916322326660158,10.166558532714845
1748974465871,-0.5129832458496094,-1.680106201171875,10.116412811279297
1748974465940,-0.17079483032226564,-1.8506016540527346,9.425150299072266
1748974466008,-0.45699966430664063,-2.082768859863281,10.30142807006836
1748974466071,-0.276624755859375,-1.3608201599121095,9.110953674316407
1748974466141,-0.27033782958984376,-1.4382092285156252,10.424322509765625
1748974466205,-0.07095245361328126,-1.1030561828613281,9.90535171508789
1748974466271,-0.5462141418457032,-1.1873309326171875,10.065518646240236
1748974466340,-0.6825805664062501,-1.432071990966797,9.987530822753907
1748974466406,-0.5445675659179687,-1.4756314086914064,10.288704528808594
1748974466471,-0.34173934936523437,-1.4498849487304688,9.886640625
1748974466540,0.006586303710937501,-1.5934364318847658,10.292446746826172
1748974466607,-0.33605117797851564,-1.7979112243652344,9.600884857177736
1748974466671,-0.0425115966796875,-1.7368382263183595,8.74227035522461
1748974466739,-0.05748046875,-1.3335768127441407,9.396260375976563
1748974466806,-0.2423460388183594,-1.4632072448730469,11.320359191894532
1748974466871,0.17648300170898437,-1.638043670654297,11.109298095703126
1748974466944,-0.13067825317382814,-1.7281562805175783,10.64631088256836
1748974467005,0.15343093872070312,-1.867965545654297,9.181157684326172
1748974467071,0.3718267822265625,-1.939666442871094,8.200846252441407
1748974467139,0.022902374267578126,-2.146985321044922,9.617350616455079
1748974467206,0.33560211181640626,-1.6905844116210937,9.732610931396485
1748974467271,-0.05882766723632813,-1.3563294982910157,10.82204544067383
1748974467341,0.33769775390625,-1.6552578735351564,10.919043731689454
1748974467407,0.3788621520996094,-2.4914190673828127,10.322085113525391
1748974467471,0.3588038635253906,-2.412383422851563,9.727371826171876
1748974467540,0.20597167968750002,-2.215692443847656,9.221723327636719
1748974467606,0.10298583984375001,-2.1665945434570313,9.06559799194336
1748974467671,0.05313949584960938,-2.30640380859375,9.906848602294922
1748974467741,0.10044113159179688,-2.2541624450683595,9.680818634033203
1748974467807,-0.06571334838867188,-2.2206321716308595,10.635533294677735
1748974467871,0.0508941650390625,-2.166145477294922,10.38240966796875
1748974467940,0.1945953369140625,-2.1453387451171877,9.659862213134765
1748974468010,0.47136978149414066,-2.288441162109375,9.772877197265625
1748974468077,0.29488677978515626,-2.010169830322266,9.472601623535157
1748974468141,0.18396743774414062,-1.9540365600585938,10.153535614013672
1748974468206,0.38514907836914064,-1.9248472595214845,9.925859069824218
1748974468271,0.3742218017578125,-1.9705023193359377,10.39154067993164
1748974468340,0.4186793518066406,-1.8761984252929689,10.063273315429688
1748974468406,0.15358062744140627,-2.1823118591308597,10.23586441040039
1748974468471,0.27422973632812503,-2.1240829467773437,9.508077850341797
1748974468539,0.40894958496093753,-2.05732177734375,9.871971130371094
1748974468607,0.5122348022460937,-2.0336709594726563,9.173373870849609
1748974468672,0.23037094116210938,-2.055974578857422,10.92173812866211
1748974468745,0.3826043701171875,-2.1076171875000003,9.644593963623047
1748974468811,-0.06481521606445313,-2.440375213623047,10.801388397216797
1748974468872,0.44756927490234377,-2.3643333435058596,9.566456451416016
1748974468940,0.2686912536621094,-2.646197204589844,9.909093933105469
1748974469010,0.48094985961914066,-2.5292903137207032,9.057365112304687
1748974469072,1.1220666503906251,-2.6027874755859375,8.410111083984376
1748974469140,0.28036697387695314,-2.412982177734375,9.126820678710938
1748974469207,0.1537303161621094,-2.801274719238281,11.075767822265625
1748974469272,0.5983058166503906,-2.767145690917969,9.581874389648439
1748974469340,0.7045848083496095,-2.6825715637207033,11.25704086303711
1748974469407,0.6012995910644532,-2.5930577087402344,8.884923706054687
1748974469471,0.06301895141601563,-2.6436524963378907,9.45029800415039
1748974469546,0.8363108825683594,-2.491568756103516,8.512049102783203
1748974469609,0.6192622375488281,-2.7568171691894534,10.097252655029298
1748974469672,0.5454656982421875,-2.133663024902344,10.18452117919922
1748974469741,-0.33021331787109376,-2.181713104248047,11.64174087524414
1748974469806,1.0925779724121094,-2.6780809020996097,8.89270751953125
1748974469872,0.7084767150878907,-2.4767495727539064,10.040221252441407
1748974469941,1.1401789855957032,-1.9303857421875001,8.951535186767579
1748974470009,0.37661682128906254,-1.8784437561035157,9.689949645996094
1748974470072,0.6738986206054688,-2.472707977294922,9.94651611328125
1748974470140,0.7008425903320313,-2.7102639770507815,9.92211685180664
1748974470207,0.4881349182128906,-2.2608984375000003,11.255843353271485
1748974470271,1.0874885559082033,-1.7426760864257813,9.2351953125
1748974470340,0.8547225952148438,-2.221230926513672,9.208251342773439
1748974470406,0.937500457763672,-2.1977297973632814,8.413853302001954
1748974470471,0.87897216796875,-2.416425018310547,9.77841567993164
1748974470541,1.0834469604492187,-1.948198699951172,9.95699432373047
1748974470606,0.45999343872070314,-2.3260130310058593,12.350516967773439
1748974470672,0.7973918151855469,-2.204465789794922,8.565637664794922
1748974470741,0.19923568725585938,-2.6009912109375,11.788585510253906
1748974470807,0.5150788879394531,-2.292782135009766,8.818162536621093
1748974470872,0.40924896240234376,-1.7953665161132812,9.532177734375
1748974470941,1.2635224914550782,-1.9351757812500001,8.356223144531251
1748974471008,0.6459068298339844,-2.31119384765625,10.338700561523439
1748974471072,1.7717156982421876,-1.7908758544921877,8.520581359863282
1748974471140,0.4908293151855469,-1.8154248046875001,11.380234680175782
1748974471206,1.304088134765625,-2.5462051391601563,9.201365661621095
1748974471272,0.5566923522949219,-3.407064971923828,11.89980422973633
1748974471339,1.2169692993164063,-2.4816893005371097,9.17382293701172
1748974471406,0.61552001953125,-3.3685949707031253,9.055868225097656
1748974471471,1.1487112426757813,-3.3082704162597656,8.341553649902345
1748974471541,0.46912445068359376,-3.353925476074219,8.465944976806641
1748974471606,0.9241781616210938,-3.65958984375,8.618627471923828
1748974471672,0.7885601806640625,-3.7938606262207033,10.437644805908203
1748974471740,0.9822573852539063,-3.522924041748047,10.394684143066407
1748974471807,0.45565246582031255,-3.2224987792968753,10.094109191894532
1748974471872,1.0689271545410157,-3.029550018310547,9.606123962402345
1748974471945,0.7165599060058594,-3.3317715454101564,8.548872528076172
1748974472005,0.8660989379882813,-3.4563125610351566,9.532327423095703
1748974472072,0.8408015441894532,-2.711461486816406,9.59340042114258
1748974472139,0.7580236816406251,-2.5197102355957033,10.247390441894531
1748974472207,1.077908477783203,-2.8623477172851564,9.944719848632813
1748974472272,0.9412426757812501,-2.7366091918945314,9.758207702636719
1748974472341,1.071771240234375,-2.5786875915527343,9.879156188964844
1748974472406,1.0005194091796876,-2.4971072387695314,9.668394470214844
1748974472471,0.9524693298339845,-2.768343200683594,9.302555236816406
1748974472540,1.1427236938476564,-2.5204586791992187,9.324858856201173
1748974472606,0.7581733703613281,-2.503843231201172,11.237281951904297
1748974472672,1.009500732421875,-2.7174490356445316,9.303902435302735
1748974472741,0.8496331787109376,-2.8865972900390626,9.374256134033203
1748974472807,0.6944059753417969,-3.4554144287109376,8.944350128173829
1748974472872,0.5415737915039063,-3.6154316711425785,10.374625854492187
1748974472941,1.157991943359375,-2.881058807373047,9.420659637451172
1748974473010,0.8687933349609376,-2.6429040527343752,8.370443572998047
1748974473072,0.65863037109375,-3.4787658691406254,8.995992736816406
1748974473141,1.1497590637207031,-4.194277954101563,11.507320404052734
1748974473207,1.1247610473632812,-3.223845977783203,8.403973846435548
1748974473272,0.8945397949218751,-3.847149810791016,9.76299774169922
1748974473341,0.7719447326660157,-3.6001634216308593,8.393645324707032
1748974473407,0.4989125061035157,-3.130140838623047,8.988807678222656
1748974473478,1.1091934204101563,-2.9526100158691406,8.954079895019532
1748974473541,0.7779322814941406,-3.1235545349121097,9.745633850097656
1748974473607,0.6641688537597656,-3.127446441650391,9.921368408203126
1748974473672,1.1901750183105468,-2.5738975524902346,9.821376342773439
1748974473741,0.8961863708496094,-2.3523582458496093,10.107281799316407
1748974473807,1.0520123291015626,-2.187700653076172,9.550140380859375
1748974473872,0.8643026733398438,-2.2700294494628905,9.40329574584961
1748974473940,1.1636801147460938,-1.9872674560546877,9.654024353027344
1748974474006,1.1322454833984374,-1.7076489257812502,9.48712142944336
1748974474072,0.9189390563964844,-1.6594491577148438,9.621541900634766
1748974474141,1.0252180480957032,-1.5846047973632813,9.93828323364258
1748974474210,1.0831475830078126,-1.663191375732422,10.248138885498047
1748974474272,1.1385324096679688,-1.3712983703613282,9.945917358398438
1748974474341,1.4096186828613282,-0.9589059448242188,9.292376403808595
1748974474407,0.9626481628417969,-0.6348298645019531,9.698631591796875
1748974474471,1.48251708984375,-1.111139373779297,9.541308746337892
1748974474540,1.2433145141601563,-1.0168354797363282,9.529932403564453
1748974474605,1.2271481323242188,-1.017733612060547,9.885293426513673
1748974474672,1.197360076904297,-0.6891668701171876,9.586514739990236
1748974474740,1.2933105468750001,-0.6870712280273438,9.835147705078125
1748974474807,1.1678713989257814,-0.6111790466308594,9.498797149658204
1748974474872,1.5202386474609375,-0.13247451782226563,13.530962219238281
1748974474940,1.4347663879394532,-0.7923023986816407,9.744586029052735
1748974475009,0.9702822875976563,-0.4782554626464844,9.122928771972656
1748974475072,1.0517129516601562,-0.5569917297363282,10.054142303466797
1748974475142,1.586700439453125,-0.3454815673828125,10.407108306884766
1748974475205,1.217867431640625,-0.5140310668945313,9.825567626953125
1748974475272,1.0879376220703125,-0.650247802734375,9.394015045166016
1748974475341,1.4102174377441408,-0.5167254638671875,9.154662780761718
1748974475406,1.5079641723632813,-0.41568557739257816,10.036928100585937
1748974475471,1.3509407043457031,-0.2559677124023438,9.779912567138672
1748974475541,1.0705737304687502,-0.38095779418945314,9.811646575927735
1748974475606,1.3094769287109376,-0.765208740234375,10.142159271240235
1748974475672,1.4507830810546876,-0.4999603271484375,9.575138397216797
1748974475740,1.2686119079589844,-0.18950592041015626,9.783505096435547
1748974475805,1.5599061584472658,0.003592529296875,8.997938690185547
1748974475872,1.1322454833984374,-0.11600875854492188,9.656269683837891
1748974475940,1.4953903198242189,-0.16795074462890625,10.046957244873047
1748974476009,1.12805419921875,-0.44622207641601563,10.380314025878906
1748974476072,0.6713539123535157,0.030985565185546876,11.267968139648438
1748974476141,1.0985655212402343,0.5370831298828125,9.28354476928711
1748974476206,1.354383544921875,-0.3543132019042969,6.86936508178711
1748974476272,1.5147001647949219,-0.48379394531250003,8.398585052490235
1748974476341,1.9832258605957032,-0.12663665771484375,10.430609436035157
1748974476406,1.3864169311523438,0.33769775390625,9.004375305175781
1748974476471,0.9324110412597657,0.22243743896484375,9.140442352294922
1748974476540,1.53999755859375,-0.7309300231933594,12.770992584228516
1748974476606,1.4480886840820313,-0.7445516967773438,10.766211547851563
1748974476672,1.3701008605957032,0.36209701538085937,7.626790008544922
1748974476741,0.8220904541015626,0.07843688964843751,7.181615753173828
1748974476806,0.4908293151855469,-0.11047027587890626,8.593180389404298
1748974476872,1.3726455688476564,0.44262954711914065,9.65911376953125
1748974476941,1.1240126037597657,0.3138972473144531,9.67917205810547
1748974477005,0.6957531738281251,0.4770579528808594,11.028915252685547
1748974477071,1.5669415283203125,0.6854246520996095,9.951455841064453
1748974477139,1.197509765625,0.6273454284667969,9.723479919433593
1748974477209,1.3126203918457031,0.8246351623535156,8.937165069580079
1748974477272,1.2072395324707033,0.6183641052246094,9.500294036865235
1748974477341,1.2717553710937501,0.7191046142578126,9.50583251953125
1748974477407,1.2111314392089845,0.9213340759277344,10.09351043701172
1748974477471,1.2195140075683595,1.0400372314453126,9.900711364746094
1748974477541,1.2180171203613281,0.8482859802246094,9.349258117675781
1748974477606,1.3329780578613282,0.7644602966308595,9.635462951660157
1748974477672,1.274000701904297,0.6355783081054688,9.104217681884766
1748974477742,1.1189231872558594,0.4866380310058594,9.404343566894532
1748974477806,1.5280224609375002,0.45265869140625004,9.573042755126954
1748974477872,1.2148736572265626,0.3826043701171875,9.725425872802735
1748974477942,1.2246034240722656,0.42152343750000004,9.490863647460937
1748974478010,1.1668235778808593,0.5213658142089844,9.382788391113282
1748974478072,1.0690768432617188,0.16660354614257813,9.249415740966798
1748974478141,1.0240205383300782,0.4086502075195313,9.416318664550781
1748974478206,0.8596623229980469,0.5399272155761718,9.923613739013673
1748974478276,1.1005114746093752,0.45220962524414066,9.610914001464844
1748974478342,0.8351133728027345,0.6271957397460938,9.451046447753907
1748974478406,0.7961943054199219,0.7638615417480469,9.440568237304689
1748974478471,0.7946974182128906,0.7879614257812501,9.554032287597657
1748974478541,1.0529104614257814,0.7451504516601563,9.493707733154297
1748974478610,0.9518705749511719,0.7117698669433594,9.429491271972656
1748974478676,0.7981402587890626,0.8381071472167969,9.335187377929689
1748974478740,0.6737489318847657,0.8984317016601563,9.91972183227539
1748974478806,0.7942483520507813,0.7662565612792969,9.108109588623048
1748974478872,0.6864724731445313,0.5691165161132813,9.582622833251953
1748974478941,0.7280859375000001,0.9752220153808594,9.658215637207032
1748974479006,0.542322235107422,1.3531860351562501,9.94412109375
1748974479072,0.6806346130371094,1.418899383544922,9.374106445312501
1748974479141,0.7081773376464844,1.129401397705078,8.187374267578125
1748974479206,0.6041436767578126,1.4962884521484376,9.658215637207032
1748974479272,0.314945068359375,1.6390914916992188,11.348800048828126
1748974479341,0.3201841735839844,1.9393670654296875,9.669741668701173
1748974479406,0.13995895385742188,1.638043670654297,9.315428466796876
1748974479475,0.8170010375976563,1.6808546447753907,9.401050415039062
1748974479540,0.6466552734375001,1.9380198669433595,9.359436950683595
1748974479606,0.6697073364257813,2.015259246826172,8.60246109008789
1748974479672,0.3195854187011719,1.2198133850097657,7.676336975097657
1748974479741,-0.14639556884765625,1.5468832397460939,12.337044982910157
1748974479807,0.49487091064453126,2.343077545166016,10.261910247802735
1748974479872,0.07394622802734375,2.1110600280761718,10.087971954345704
1748974479940,0.2436932373046875,1.790277099609375,8.803343353271485
1748974480008,0.21749771118164063,1.9767892456054688,9.178014221191408
1748974480072,-0.5072950744628907,1.889520721435547,9.575288085937501
1748974480140,-1.106349334716797,1.923050994873047,9.428443450927736
1748974480209,-0.10298583984375001,1.7155824279785157,9.766590270996094
1748974480272,0.2998265075683594,1.9636166381835938,10.165211334228516
1748974480341,-0.31225067138671875,1.45856689453125,9.294172668457032
1748974480410,-0.9259744262695313,1.4465917968750002,9.48757049560547
1748974480471,-0.11061996459960938,1.4995816040039063,9.706116027832032
1748974480541,0.25417144775390627,1.5989749145507812,10.09306137084961
1748974480607,-0.031284942626953124,1.2918136596679688,9.344019012451172
1748974480672,-0.6593788146972657,1.2310400390625,9.130862274169923
1748974480741,-0.30865814208984377,1.5449372863769533,10.031688995361328
1748974480806,-0.00868194580078125,1.6756155395507812,10.131082305908203
1748974480872,-0.06780899047851563,1.608255615234375,9.93543914794922
1748974480941,-0.46059219360351566,1.7739610290527346,9.233848114013673
1748974481009,-0.48678771972656254,2.0288809204101566,9.931696929931642
1748974481071,0.023201751708984378,2.1079165649414064,9.23953628540039
1748974481141,-0.20088226318359376,1.9205062866210938,10.646161193847657
1748974481206,0.17857864379882812,1.7474661254882813,9.152267761230469
1748974481272,-0.0437091064453125,1.8271005249023438,9.55942108154297
1748974481341,0.57719970703125,1.9044895935058594,9.198820953369141
1748974481406,0.23231689453125,1.9580781555175781,9.599986724853515
1748974481471,0.7536827087402345,2.1836590576171875,9.747280426025391
1748974481541,0.7788304138183594,2.2935305786132814,10.097701721191406
1748974481605,0.11720626831054688,2.1525238037109378,9.533824310302736
1748974481672,0.047151947021484376,2.142344970703125,9.32905014038086
1748974481741,0.4129911804199219,2.257156219482422,10.057734832763673
1748974481807,1.232237548828125,2.1802162170410155,9.148974609375001
1748974481872,0.6894662475585938,2.2641915893554687,9.708211669921875
1748974481944,0.15238311767578125,2.339784393310547,9.12547348022461
1748974482005,0.4550537109375,2.010618896484375,8.59662322998047
1748974482071,0.890797576904297,2.477498016357422,10.824141082763672
1748974482139,0.9883946228027344,2.7318191528320312,9.947563934326173
1748974482209,0.09624984741210937,2.502346343994141,9.587562561035156
1748974482272,0.5456153869628907,2.313439178466797,8.464897155761719
1748974482341,0.4237687683105469,2.3604414367675783,9.627828826904297
1748974482406,0.7834707641601563,2.4867787170410156,9.699679412841798
1748974482471,0.6265969848632813,2.4960594177246094,10.63717987060547
1748974482542,0.7475454711914062,2.398911437988281,9.45748306274414
1748974482606,0.5944139099121094,1.8637742614746096,8.817114715576173
1748974482672,0.7737409973144531,2.264490966796875,9.700577545166016
1748974482742,0.9050180053710938,2.5698559570312502,9.81044906616211
1748974482809,0.5433700561523438,1.9233503723144532,10.065818023681642
1748974482878,0.6373745727539063,1.9547850036621095,9.72138427734375
1748974482942,0.6572831726074219,2.449057159423828,9.665400695800782
1748974483009,1.1979588317871095,2.463127899169922,8.684340820312501
1748974483071,-0.004041595458984375,2.485730895996094,11.505823516845703
1748974483142,0.6914122009277344,2.429148559570313,9.169481964111329
1748974483207,0.7327262878417969,2.0713925170898437,9.469308471679687
1748974483272,1.2719050598144532,2.5857229614257813,8.885672149658204
1748974483341,0.5869294738769532,2.5240512084960938,9.76404556274414
1748974483408,0.8060737609863282,2.022294616699219,10.023905181884766
1748974483476,0.6435118103027344,2.1092637634277347,9.662257232666017
1748974483541,0.765208740234375,2.629282379150391,9.514065399169922
1748974483607,0.3430865478515625,2.3415806579589846,9.079668731689454
1748974483672,0.8337661743164063,2.2171893310546875,10.24634262084961
1748974483740,0.3119512939453125,1.887125701904297,8.938512268066408
1748974483807,0.7300318908691407,1.8880238342285158,9.336384887695313
1748974483876,0.5872288513183594,2.448458404541016,9.741891632080078
1748974483941,0.6584806823730469,2.771336975097656,10.093959503173828
1748974484006,0.49487091064453126,2.175426177978516,9.167685699462892
1748974484072,0.6134243774414063,2.0347187805175784,8.822653198242188
1748974484140,0.7679031372070313,2.9394374084472656,10.254276123046875
1748974484205,0.6409671020507813,2.458487548828125,9.541608123779298
1748974484272,0.8623567199707032,1.9365229797363281,8.884324951171875
1748974484341,0.7997868347167969,2.319426727294922,9.130562896728517
1748974484408,0.9300160217285157,2.635569305419922,8.812324676513672
1748974484471,0.6649172973632813,2.6420059204101562,10.494526519775391
1748974484541,0.7421566772460938,2.724185028076172,9.259295196533204
1748974484608,0.2667453002929688,2.7725344848632814,10.957813110351562
1748974484672,1.0240205383300782,3.067720642089844,8.941655731201172
1748974484741,0.07020401000976563,3.0720616149902344,10.090067596435548
1748974484806,0.7596702575683594,3.3221914672851565,9.33234329223633
1748974484872,0.4602928161621094,2.799628143310547,8.527616729736328
1748974484941,0.4207749938964844,2.9150381469726563,9.436526641845704
1748974485008,1.0023156738281251,3.152893524169922,10.050250396728517
1748974485072,0.5825885009765626,2.570754089355469,8.500672760009767
1748974485141,0.0724493408203125,3.0313462829589843,10.51937484741211
1748974485209,0.6635700988769532,3.5082545471191406,9.900861053466798
1748974485272,0.080233154296875,2.9656329345703125,9.832752685546875
1748974485341,0.23231689453125,2.831511840820313,8.996890869140625
1748974485408,0.0031434631347656253,2.8577073669433597,9.476493530273437
1748974485471,-0.17618362426757814,2.762505340576172,10.004595336914063
1748974485541,-0.7355703735351563,2.488125915527344,9.63710952758789
1748974485606,-0.8737330627441406,2.204615478515625,9.399703216552735
1748974485672,-0.06316864013671876,2.2959255981445312,9.542655944824219
1748974485741,-0.20642074584960937,2.52195556640625,10.156080322265625
1748974485806,-0.3255729675292969,2.4180715942382816,9.491612091064454
1748974485872,-0.5403762817382812,1.8015037536621095,9.465865631103517
1748974485941,-0.3387455749511719,2.1905447387695314,10.554701385498047
1748974486008,0.32602203369140625,2.119442596435547,8.655899963378907
1748974486072,-0.43484573364257817,2.0948936462402346,9.857900390625
1748974486140,-0.2878514099121094,2.0685484313964846,8.733289031982423
1748974486206,-0.2644999694824219,2.142494659423828,10.175390167236328
1748974486272,0.020207977294921877,2.614163818359375,9.841883697509767
1748974486341,-0.4824467468261719,2.9759614562988284,10.684331817626953
1748974486406,-0.047151947021484376,2.731370086669922,9.526639251708986
1748974486471,0.25267456054687504,2.4668701171875003,9.324559478759767
1748974486541,0.4248165893554688,2.6737399291992188,9.583071899414064
1748974486606,0.13906082153320312,2.2974224853515626,8.661438446044922
1748974486672,0.5501060485839844,2.206711120605469,10.04800506591797
1748974486741,1.4018348693847658,2.2037173461914064,9.173224182128907
1748974486805,-0.18411712646484377,2.21539306640625,9.748777313232422
1748974486872,0.27258316040039066,2.307451629638672,9.29941177368164
1748974486941,0.7216493225097657,2.2733226013183594,10.664722595214844
1748974487005,0.8458909606933595,2.1586610412597658,9.45643524169922
1748974487072,0.5505551147460938,2.4412733459472657,10.048154754638672
1748974487139,0.6036946105957032,2.707569580078125,9.106912078857423
1748974487209,0.757873992919922,2.900518341064453,9.801168365478516
1748974487272,1.0294093322753908,2.5126748657226563,9.353000335693359
1748974487342,0.599952392578125,2.4101380920410156,10.052645416259766
1748974487408,0.4680766296386719,2.331551513671875,9.264085235595704
1748974487471,0.7128176879882813,2.204465789794922,9.335187377929689
1748974487541,0.9198371887207032,2.302511901855469,9.955048370361329
1748974487606,0.6944059753417969,2.042801971435547,10.003248138427734
1748974487672,0.6204597473144532,2.154170379638672,9.504036254882813
1748974487742,0.5224136352539063,2.363734588623047,10.076445922851564
1748974487806,0.702938232421875,2.5161177062988282,9.808652801513672
1748974487872,0.4890330505371094,2.3378384399414065,9.91148895263672
1748974487942,0.41763153076171877,2.3905288696289064,9.371861114501954
1748974488009,0.7711962890625,2.8566595458984376,9.387578430175783
1748974488077,0.40490798950195317,2.6146128845214847,9.538464660644532
1748974488142,0.4164340209960938,2.611918487548828,9.176667022705079
1748974488209,0.9066645812988282,3.071013793945313,12.858111419677735
1748974488272,0.6174659729003906,2.5704547119140626,9.368567962646486
1748974488341,0.33709899902343754,2.954406280517578,9.669591979980469
1748974488409,0.37661682128906254,2.868934020996094,9.48472640991211
1748974488471,0.3592529296875,2.8984226989746094,10.061776428222657
1748974488542,0.137713623046875,2.8969258117675785,9.485923919677735
1748974488609,-0.14609619140625002,2.827021179199219,9.76404556274414
1748974488672,0.23501129150390626,2.967728576660156,9.997410278320313
1748974488741,0.26105712890625,2.8300149536132815,9.438023529052735
1748974488808,-0.3008743286132813,3.1534922790527347,9.626930694580079
1748974488872,-0.6153703308105469,2.90515869140625,8.847800903320312
1748974488941,-0.4110452270507813,2.6923013305664063,9.209897918701172
1748974489009,0.5569917297363282,2.6634114074707034,10.129136352539064
1748974489072,-0.7514373779296876,2.5487498474121093,9.485774230957032
1748974489141,-0.2788700866699219,3.1534922790527347,9.478140106201172
1748974489208,0.06631210327148437,3.015030212402344,9.971963195800782
1748974489272,0.2709365844726563,2.5427622985839844,9.297765197753908
1748974489341,-0.5948629760742188,2.5137226867675784,10.64675994873047
1748974489406,-0.1634600830078125,2.806813201904297,8.637937316894531
1748974489471,-0.20507354736328126,2.874622192382813,9.524244232177734
1748974489541,0.23186782836914063,2.8422894287109375,9.931397552490235
1748974489609,-0.2633024597167969,2.3902294921875002,9.693991241455079
1748974489672,-0.26809249877929686,2.4625291442871093,9.301657104492188
1748974489744,0.1335223388671875,2.7824139404296875,10.052196350097656
1748974489808,-0.10253677368164063,2.1939875793457033,9.664053497314454
1748974489872,-0.10568023681640626,2.452050933837891,9.902357940673829
1748974489941,-0.22917343139648438,2.8074119567871096,9.938432922363281
1748974490009,-0.16585510253906252,2.617906036376953,9.141490173339845
1748974490072,-0.42870849609375,2.6966423034667972,9.672735443115235
1748974490140,-0.09669891357421875,2.739752655029297,9.888287200927735
1748974490206,-0.4891827392578125,2.5465045166015625,9.628277893066407
1748974490272,-0.22168899536132813,2.4704626464843753,9.363328857421875
1748974490341,-0.5176235961914063,2.6324258422851563,9.910441131591798
1748974490408,-0.1191522216796875,2.414029998779297,9.555229797363282
1748974490471,-0.40610549926757816,2.5071363830566407,10.103090515136719
1748974490541,-0.23650817871093752,2.3004162597656252,9.369017028808594
1748974490608,-0.1802252197265625,2.0670515441894532,9.378297729492187
1748974490672,-0.13696517944335937,2.1441412353515625,9.399703216552735
1748974490740,-0.11870315551757814,2.2326072692871093,10.067015533447266
1748974490808,0.20462448120117188,2.3114932250976565,9.073531494140626
1748974490872,0.029189300537109376,2.292183380126953,10.081235961914063
1748974490941,0.2698887634277344,2.677332458496094,10.276280364990235
1748974491008,0.19190093994140625,2.452200622558594,9.78889389038086
1748974491072,0.7952961730957032,2.4298970031738283,8.999734954833984
1748974491141,1.1404783630371094,2.549198913574219,8.16267562866211
1748974491207,0.47915359497070314,2.575843505859375,10.232271881103516
1748974491272,-0.3092568969726563,1.9742445373535158,10.950628051757812
1748974491341,0.6369255065917969,1.817670135498047,9.938732299804688
1748974491406,0.5477110290527344,1.9067349243164065,8.863368530273437
1748974491471,0.6590794372558594,2.6634114074707034,9.269324340820313
1748974491541,0.2089654541015625,3.121458892822266,10.28855484008789
1748974491605,0.3296145629882813,2.678529968261719,10.26355682373047
1748974491672,0.5099894714355468,2.055824890136719,9.387728118896485
1748974491741,0.2601589965820313,1.9462527465820314,8.318950653076172
1748974491806,0.31180160522460937,1.9808308410644533,9.050329742431641
1748974491872,-0.6453080749511719,3.4631982421875,14.081517333984376
1748974491942,0.11720626831054688,2.477498016357422,8.354576568603516
1748974492005,-0.12648696899414064,1.6676820373535157,10.113419036865235
1748974492072,0.32587234497070316,1.2118798828125001,9.322763214111328
1748974492139,0.14594650268554688,1.6507672119140626,9.653425598144532
1748974492208,-1.026265869140625,0.7081773376464844,9.824519805908203
1748974492272,0.0544866943359375,0.6744973754882813,9.450896759033204
1748974492342,0.38200561523437504,1.0397378540039064,10.199939117431642
1748974492408,0.572259979248047,1.3594729614257812,9.512718200683594
1748974492472,-0.12005035400390626,1.4407539367675781,9.468709716796875
1748974492542,-0.0005987548828125,1.5509248352050782,9.636211395263672
1748974492608,0.3818559265136719,1.3320799255371094,10.105186157226562
1748974492672,0.10523117065429688,1.1551478576660157,10.655591583251955
1748974492742,0.04056564331054688,0.8888516235351563,9.80326400756836
1748974492808,-0.08277786254882813,0.5587879943847657,8.823551330566406
1748974492872,0.00928070068359375,0.847687225341797,9.654024353027344
1748974492941,0.39592666625976564,0.93166259765625,9.749825134277344
1748974493008,0.532891845703125,0.9144483947753906,10.749446411132814
1748974493072,0.7526348876953125,1.0114466857910156,9.539512481689453
1748974493141,-0.09295669555664063,0.9348060607910157,9.28549072265625
1748974493208,0.5842350769042969,1.4688954162597656,8.645272064208985
1748974493272,0.5873785400390625,0.9539662170410157,9.782307586669923
1748974493342,0.32602203369140625,0.7108717346191407,9.760602722167969
1748974493409,0.20327728271484377,0.9160949707031251,10.057585144042969
1748974493471,0.2429447937011719,0.8704399108886719,9.560169525146485
1748974493542,0.6256988525390625,0.5789959716796875,9.29836395263672
1748974493609,0.015567626953125,0.5718109130859376,9.109456787109375
1748974493672,-0.4046086120605469,0.437091064453125,10.09306137084961
1748974493741,0.6619235229492187,0.6658154296875001,10.112820281982422
1748974493808,1.794917449951172,0.29608428955078125,10.264005889892578
1748974493872,1.4682966613769532,0.7596702575683594,9.195976867675782
1748974493941,2.9568013000488285,0.762813720703125,9.642198944091797
1748974494008,1.7760566711425783,0.8806187438964844,9.776170349121093
1748974494072,0.2435435485839844,0.4999603271484375,8.88791748046875
1748974494140,0.2333647155761719,0.5375321960449219,9.999954986572266
1748974494207,1.7509089660644532,0.3694317626953125,9.433233489990235
1748974494272,1.4570700073242189,0.31913635253906253,9.828112335205079
1748974494341,1.7787510681152345,0.17483642578125,9.857750701904298
1748974494408,1.4259347534179687,0.10612930297851562,9.30075897216797
1748974494471,0.9154962158203126,0.17214202880859375,9.362281036376954
1748974494541,2.1031265258789062,0.03697311401367188,9.686656494140626
1748974494607,1.3419593811035158,0.6917115783691407,9.864786071777344
1748974494672,1.9233503723144532,0.03203338623046875,9.56855209350586
1748974494741,1.9511924743652345,0.39248382568359375,9.26528274536133
1748974494807,1.4986834716796875,-0.12379257202148439,10.12509475708008
1748974494872,1.2371772766113283,0.2173480224609375,9.014853515625001
1748974494941,1.56873779296875,0.40116577148437504,9.65911376953125
1748974495008,1.8982026672363281,0.501756591796875,9.868228912353516
1748974495072,2.0398081970214843,0.5867797851562501,9.540111236572265
1748974495141,2.0513342285156253,0.6173162841796875,9.807455291748047
1748974495207,1.8696121215820314,0.6357279968261719,9.600884857177736
1748974495272,1.6446299743652344,0.6572831726074219,9.265582122802735
1748974495341,1.7771044921875,0.6306385803222656,9.670041046142579
1748974495407,1.8601817321777345,0.6762936401367188,10.190508728027345
1748974495472,2.2502705383300783,0.47151947021484375,9.505383453369141
1748974495541,1.7274078369140626,0.42122406005859375,9.305998077392578
1748974495608,1.9205062866210938,0.4650828552246094,9.094038848876954
1748974495672,1.9172131347656252,0.25836273193359377,9.735005950927734
1748974495741,1.9127224731445314,0.17378860473632812,10.133177947998048
1748974495808,2.1802162170410155,0.3918850708007813,9.290879516601564
1748974495871,1.746867370605469,0.40505767822265626,9.695637817382813
1748974495941,1.8134788513183595,0.3441343688964844,9.9968115234375
1748974496007,1.9288888549804688,0.8411009216308594,10.326875152587892
1748974496072,1.6350498962402344,0.71611083984375,9.656569061279297
1748974496141,1.7664765930175783,0.7391629028320312,8.721164245605468
1748974496206,1.9414627075195314,0.7319778442382813,8.831185455322267
1748974496272,1.7631834411621095,0.25102798461914066,11.175011444091798
1748974496341,1.8305433654785157,0.10193801879882813,9.462722167968751
1748974496408,1.1509565734863283,0.32677047729492187,9.148675231933595
1748974496472,0.9066645812988282,0.25776397705078125,9.666598205566407
1748974496541,0.8047265625000001,0.43724075317382816,9.844278717041016
1748974496608,0.8316705322265625,0.1586700439453125,9.630972290039063
1748974496671,0.8171507263183594,0.3614982604980469,10.045310668945312
1748974496742,0.7837701416015626,0.09714797973632813,9.81044906616211
1748974496808,0.6791377258300781,-0.07229965209960938,9.45029800415039
1748974496872,0.8719367980957031,0.4272116088867188,11.303594055175783
1748974496940,0.8292755126953125,-0.17438735961914065,9.445657653808594
1748974497005,0.2827619934082031,0.037571868896484374,8.994944915771486
1748974497072,0.6153703308105469,0.09984237670898438,9.004674682617187
1748974497139,0.5117857360839844,0.1872605895996094,10.503807220458985
1748974497208,0.8360115051269532,0.310155029296875,9.425150299072266
1748974497271,0.4369413757324219,0.24608825683593752,9.988878021240234
1748974497341,1.9455043029785157,0.4153861999511719,8.88746841430664
1748974497407,1.4847624206542969,0.2920426940917969,10.240804138183595
1748974497472,1.5296690368652344,0.13307327270507813,9.339827728271485
1748974497541,1.960173797607422,0.04086502075195313,8.93866195678711
1748974497608,1.4959890747070312,0.552052001953125,10.541828155517578
1748974497672,1.309027862548828,0.15358062744140627,9.376651153564454
1748974497741,0.6489006042480469,0.2124082946777344,9.349407806396485
1748974497808,1.9157162475585938,0.5366340637207031,9.958341522216797
1748974497872,1.4940431213378906,0.5480104064941407,9.729467468261719
1748974497941,1.0195298767089844,0.5279521179199219,10.02644989013672
1748974498009,1.2186158752441407,0.5206173706054688,9.957293701171876
1748974498076,1.5744259643554688,0.6447093200683595,9.725126495361328
1748974498141,1.0735675048828126,0.5490582275390625,9.435778198242188
1748974498209,1.3009446716308595,0.1770817565917969,9.902208251953125
1748974498271,0.9153465270996094,-0.09430389404296875,9.415420532226562
1748974498341,1.5015275573730469,0.4439767456054688,9.897418212890626
1748974498408,1.7262103271484377,0.4317022705078125,10.724298706054688
1748974498471,1.6603472900390626,0.17797988891601563,8.64886459350586
1748974498541,1.1799961853027345,-0.326920166015625,9.773326263427736
1748974498608,1.84177001953125,-0.2424957275390625,9.120084686279297
1748974498671,1.8705102539062501,-0.12768447875976563,10.465037841796876
1748974498740,1.7624349975585938,0.2639012145996094,9.702224121093751
1748974498807,1.5581098937988282,-0.3872447204589844,8.043822784423828
1748974498871,1.2924124145507814,-0.487386474609375,9.472751312255859
1748974498940,2.3909779357910157,0.014819183349609376,11.10136459350586
1748974499007,1.2981005859375,-0.3757186889648438,8.60814926147461
1748974499071,1.119521942138672,-0.15148498535156252,10.293195190429689
1748974499142,1.5314653015136719,-0.5828878784179687,9.514664154052735
1748974499207,0.8427474975585938,-0.36359390258789065,9.772128753662109
1748974499271,1.389111328125,-0.39697448730468754,9.40524169921875
1748974499342,1.311123504638672,-0.31344818115234374,8.487350463867188
1748974499408,1.362466735839844,-0.7836204528808595,9.036259002685547
1748974499471,0.9122030639648437,0.1275347900390625,8.505313110351564
1748974499540,1.8203645324707032,1.0585986328125,8.741970977783204
1748974499607,1.658551025390625,0.7050338745117188,10.782228240966797
1748974499671,1.5835569763183595,0.18142272949218752,9.890233154296876
1748974499741,1.5630496215820313,-0.4722679138183594,10.239756317138673
1748974499808,1.7263600158691408,0.48798522949218753,8.610693969726563
1748974499871,1.8857785034179688,0.8437953186035156,8.574918365478515
1748974499941,1.5390994262695312,0.35715728759765625,8.439450073242188
1748974500007,1.4169534301757813,0.3779640197753906,9.494905242919922
1748974500071,1.1039543151855469,0.6381230163574219,10.913804626464845
1748974500142,1.8221607971191407,1.041534118652344,10.723101196289063
1748974500208,1.077908477783203,0.6352789306640625,10.837613067626954
1748974500271,1.8336868286132812,0.3207829284667969,8.15638870239258
1748974500341,1.2629237365722656,0.11660751342773439,9.269474029541016
1748974500407,1.67890869140625,0.5117857360839844,8.714128875732422
1748974500471,1.47772705078125,0.5974076843261719,9.749376068115234
1748974500541,1.6408877563476563,0.3297642517089844,10.21041732788086
1748974500608,1.9594253540039064,0.572259979248047,9.9249609375
1748974500671,1.804497528076172,0.3638932800292969,9.752070465087892
1748974500741,1.8455122375488282,0.41987686157226567,9.409882049560547
1748974500808,1.3439053344726564,0.26764343261718754,8.258326721191407
1748974500871,1.4329701232910157,-0.28650421142578125,10.393486633300782
1748974500940,1.823507995605469,-0.298179931640625,9.064699859619141
1748974501008,1.3331277465820313,-0.6445596313476563,9.952353973388673
1748974501071,1.713486785888672,-0.22153930664062502,10.485245819091798
1748974501141,1.1526031494140625,-0.24818389892578127,8.316106567382812
1748974501206,1.3753399658203125,-0.4070036315917969,9.487271118164063
1748974501271,2.123184814453125,-0.7238946533203126,9.468709716796875
1748974501341,1.3608201599121095,-0.5730084228515625,9.80850311279297
1748974501407,1.7839901733398438,-0.1407073974609375,9.701475677490235
1748974501471,1.7257612609863282,0.2884501647949219,10.046508178710939
1748974501540,1.5628999328613282,0.25267456054687504,9.382489013671876
1748974501607,1.6616944885253908,0.3088078308105469,8.586294708251954
1748974501671,1.4515315246582032,0.4182302856445313,9.771080932617188
1748974501741,1.878743133544922,0.5210664367675781,9.808353424072266
1748974501807,1.4456936645507814,0.22662872314453125,9.62273941040039
1748974501871,1.5834072875976564,0.6020480346679687,9.835896148681641
1748974501941,1.421294403076172,0.4751119995117188,10.14575180053711
1748974502005,1.5476316833496095,0.7131170654296876,8.861272888183594
1748974502071,1.2970527648925783,0.2333647155761719,9.643995208740234
1748974502139,1.4061758422851562,0.4017645263671875,9.635313262939453
1748974502207,1.4814692687988282,0.2552192687988281,10.200986938476563
1748974502271,1.4958393859863282,0.15417938232421877,8.916358337402345
1748974502342,1.4250366210937502,0.118553466796875,10.178982696533204
1748974502407,1.8226098632812502,-0.028141479492187503,9.617051239013673
1748974502471,1.5822097778320314,-0.2743794250488281,9.477391662597658
1748974502541,1.5907420349121095,-0.23740631103515628,9.635762329101563
1748974502607,1.5881973266601563,0.22348526000976562,8.900491333007812
1748974502671,1.1379336547851564,-0.013921051025390626,9.252559204101564
1748974502741,1.6783099365234375,-0.2375559997558594,8.80064895629883
1748974502808,1.1093431091308594,-0.5146298217773437,9.537117462158204
1748974502871,1.7583934020996095,-0.24758514404296877,9.338480529785157
1748974502941,0.8831634521484375,-0.3285667419433594,9.317973175048829
1748974503009,0.7929011535644531,-0.5421725463867187,8.963360595703126
1748974503071,0.5158273315429688,-0.5519023132324219,9.488468627929688
1748974503142,0.670455780029297,-0.41448806762695317,9.124126281738281
1748974503208,0.5278024291992188,-0.10403366088867189,9.93020004272461
1748974503271,0.6343807983398437,-0.35296600341796874,8.89360565185547
1748974503342,0.44188110351562504,-0.4550537109375,9.788295135498048
1748974503408,0.9499246215820313,-0.09116043090820312,9.820478210449219
1748974503471,0.2908451843261719,0.046403503417968756,9.556277618408204
1748974503541,0.6494993591308594,-0.076640625,9.219927062988281
1748974503607,0.719553680419922,-0.22617965698242187,9.121731262207032
1748974503671,0.65384033203125,-0.046702880859375004,9.624685363769531
1748974503741,0.786763916015625,0.33021331787109376,10.046957244873047
1748974503808,0.5863307189941407,0.027692413330078127,10.516081695556641
1748974503871,0.8161029052734375,0.40131546020507813,9.836045837402343
1748974503941,0.37511993408203126,0.0383203125,9.864337005615235
1748974504008,0.9181906127929688,0.15597564697265626,8.804840240478516
1748974504071,0.31823822021484377,0.086220703125,8.961564331054689
1748974504141,0.477806396484375,0.28725265502929687,9.723479919433593
1748974504207,0.9083111572265625,0.16555572509765626,10.511441345214845
1748974504271,0.2601589965820313,0.013471984863281251,10.906918945312501
1748974504341,0.8637039184570313,0.32302825927734374,9.816586303710938
1748974504407,0.9776170349121094,-0.03442840576171875,8.954678649902345
1748974504471,0.7911048889160157,0.0335302734375,8.19860092163086
1748974504541,0.9577084350585938,-0.27452911376953126,9.2351953125
1748974504607,0.9945318603515626,-0.154478759765625,10.731633453369142
1748974504671,1.2530442810058595,0.17962646484375,10.228080596923828
1748974504741,0.8458909606933595,-0.23995101928710938,9.96417938232422
1748974504807,0.8656498718261719,-0.40775207519531254,8.76187957763672
1748974504871,0.9123527526855469,-0.4926255798339844,8.287366333007814
1748974504941,0.6539900207519531,-0.8044271850585938,8.459059295654297
1748974505008,0.7896080017089844,-0.3746708679199219,9.109007720947266
1748974505071,0.9601034545898438,-0.11121871948242187,10.578801269531251
1748974505142,0.6750961303710938,-0.7532336425781251,9.396410064697266
1748974505208,0.5120851135253907,-0.9219328308105469,9.642049255371095
1748974505272,0.26764343261718754,-0.5926176452636719,9.219328308105469
1748974505341,-0.3246748352050781,-0.4279600524902344,8.90318572998047
1748974505407,0.5989045715332032,-0.5721102905273437,8.969647521972657
1748974505472,-0.12843292236328124,-0.4782554626464844,10.095905456542969
1748974505541,0.07798782348632813,-0.4183799743652344,8.979377288818359
1748974505606,0.7174580383300782,-0.39053787231445314,10.058932342529298
1748974505672,0.2424957275390625,-0.09235794067382813,9.741292877197266
1748974505740,0.1429527282714844,-0.354462890625,10.268646240234375
1748974505808,0.434696044921875,-0.23680755615234375,9.938432922363281
1748974505872,0.054187316894531254,-0.31374755859375003,10.495274963378908
1748974505940,0.2760260009765625,-0.429906005859375,8.47118408203125
1748974506008,0.35865417480468753,-0.022752685546875002,8.705596618652343
1748974506072,0.3131488037109375,-0.24698638916015625,9.610764312744141
1748974506140,0.5529501342773437,-0.2245330810546875,9.97091537475586
1748974506207,0.5279521179199219,-0.25806335449218754,10.598111114501954
1748974506272,0.3177891540527344,-0.024548950195312502,11.000175018310548
1748974506345,0.1333726501464844,-0.5767506408691406,9.24088348388672
1748974506408,0.01916015625,-0.9120533752441407,9.478439483642578
1748974506472,-0.16136444091796875,-0.4656816101074219,8.406069488525391
1748974506540,0.06990463256835938,-0.5986051940917969,9.103768615722657
1748974506607,0.4989125061035157,-0.1149609375,9.476343841552735
1748974506672,0.4531077575683594,-0.15672409057617187,9.527986450195312
1748974506741,0.35835479736328124,-0.6632707214355469,10.142308959960937
1748974506807,0.871787109375,-0.6140231323242188,10.450817413330078
1748974506872,-0.18920654296875,-0.46298721313476565,10.637628936767578
1748974506949,0.4495152282714844,-0.8381071472167969,9.171278228759766
1748974507005,0.2775228881835938,-0.8782237243652344,9.333690490722656
1748974507072,0.22962249755859376,-0.7966433715820312,8.793763275146485
1748974507141,-0.3231779479980469,-0.8467890930175782,9.687255249023439
1748974507207,0.02844085693359375,-1.0102491760253907,9.660760345458986
1748974507272,0.2347119140625,-0.6421646118164063,9.871372375488281
1748974507345,-0.05763015747070313,-0.8731343078613282,9.050778808593751
1748974507406,0.2881507873535156,-1.0319540405273437,10.236163787841797
1748974507472,0.6087840270996094,-0.45041336059570314,9.496402130126954
1748974507545,0.21315673828125,-0.3323089599609375,10.191406860351563
1748974507606,0.6195616149902344,-0.2785707092285156,9.98094451904297
1748974507672,0.04535568237304688,-0.6233038330078126,9.398356018066407
1748974507750,0.2016307067871094,-0.27647506713867187,8.725355529785157
1748974507813,0.3074606323242188,-0.3004252624511719,10.407707061767578
1748974507872,0.2233355712890625,-0.23052062988281252,9.213490447998048
1748974507947,0.24878265380859377,-0.10672805786132813,10.572364654541015
1748974508009,0.05134323120117188,0.19579284667968752,9.369017028808594
1748974508071,0.00868194580078125,0.005239105224609375,8.826395416259766
1748974508148,-0.21345611572265627,-0.31763946533203125,9.119186553955078
1748974508208,0.6571334838867188,-0.17633331298828125,9.936636657714844
1748974508272,-0.15642471313476564,-0.30731094360351563,10.140662384033204
1748974508344,0.4159849548339844,-0.1986369323730469,8.981173553466798
1748974508409,0.05748046875,-0.8903485107421876,9.62034439086914
1748974508471,0.39053787231445314,-0.14624588012695314,9.749226379394532
1748974508548,0.22947280883789065,-0.46178970336914066,10.630294189453126
1748974508608,0.6403683471679688,-0.0016465759277343752,10.86904769897461
1748974508672,0.7117698669433594,0.34129028320312504,9.748328247070313
1748974508747,0.4643344116210938,-0.3381468200683594,8.337212677001954
1748974508808,0.23052062988281252,-0.7545808410644531,9.147178344726562
1748974508872,0.4977149963378906,-0.5632786560058594,9.490115203857423
1748974508944,0.44801834106445315,-0.0053887939453125,10.648556213378907
1748974509008,0.494571533203125,0.2938389587402344,10.46997756958008
1748974509072,0.45041336059570314,0.4842430114746094,9.085805969238281
1748974509145,0.15522720336914064,-0.09355545043945312,8.344397735595704
1748974509209,0.3092568969726563,-0.5325924682617188,9.267378387451172
1748974509272,0.4331991577148438,0.025596771240234375,9.683812408447267
1748974509341,0.6358776855468751,0.7408094787597657,10.450518035888672
1748974509407,0.5951623535156251,0.8890013122558594,10.525661773681641
1748974509472,0.13172607421875002,0.16166381835937502,8.652157745361329
1748974509546,0.5272036743164062,-0.19594253540039064,10.448721771240235
1748974509606,0.3059637451171875,0.3308120727539063,10.154733123779298
1748974509672,0.2667453002929688,0.07798782348632813,9.017547912597657
1748974509744,0.580642547607422,-0.01916015625,10.870245208740235
1748974509808,0.5155279541015625,0.39128631591796875,8.604556732177734
1748974509872,0.5035528564453126,-0.08307723999023438,9.403595123291016
1748974509947,0.7274871826171876,-0.19624191284179687,10.421927490234376
1748974510007,0.3742218017578125,-0.19714004516601563,12.435989227294922
1748974510072,1.2284953308105468,-0.35281631469726565,7.820636901855469
1748974510147,-0.5703140258789062,-0.9788145446777344,9.298513641357422
1748974510208,0.8029302978515626,0.20118164062500002,7.613467712402344
1748974510272,-0.04415817260742188,-0.0431103515625,10.04037094116211
1748974510347,0.3990701293945313,-0.4237687683105469,10.82354232788086
1748974510408,0.32706985473632816,0.5646258544921875,8.468040618896485
1748974510471,1.6229251098632813,0.3514691162109375,10.413245544433595
1748974510548,1.0599458312988281,-0.4528083801269531,8.701405334472657
1748974510607,0.6108796691894531,-0.5486091613769531,9.315877532958984
1748974510672,0.7240443420410156,-0.11585906982421876,9.928104400634766
1748974510746,1.0163864135742189,0.7444020080566407,11.288325805664064
1748974510808,0.4920268249511719,-0.16061599731445314,10.792706451416016
1748974510872,0.6237528991699219,-1.18074462890625,9.228908386230469
1748974510946,-0.0293389892578125,-0.5779481506347657,9.264085235595704
1748974511008,0.267044677734375,-0.7417076110839844,9.528884582519531
1748974511072,0.44786865234375,-0.9764195251464844,9.375154266357422
1748974511145,0.622705078125,-1.1523037719726563,9.197922821044923
1748974511207,1.560355224609375,-0.833466796875,10.806328125
1748974511272,0.81191162109375,-1.1617341613769532,10.505603485107422
1748974511343,0.8822653198242187,-1.2027488708496095,10.011181640625
1748974511407,0.7234455871582032,-1.1463162231445314,9.508526916503907
1748974511472,0.5984555053710938,-1.1617341613769532,8.853189697265625
1748974511545,0.034877471923828125,-0.9925859069824219,9.45314208984375
1748974511606,1.0187814331054688,-0.9562115478515626,9.373807067871095
1748974511672,0.7107220458984376,-0.5255570983886719,9.892179107666015
1748974511746,1.129102020263672,-0.7048841857910156,9.920470275878907
1748974511807,0.6020480346679687,-0.4956193542480469,9.562564544677734
1748974511872,0.32482452392578126,-0.47331573486328127,9.792486419677735
1748974511938,0.7096742248535156,-0.12439132690429688,9.705666961669923
1748974512005,0.36134857177734375,-0.4577481079101563,9.855205993652344
1748974512072,0.5023553466796875,-1.018032989501953,9.59774139404297
1748974512139,0.5132826232910157,-0.06750961303710938,9.686955871582033
1748974512207,0.5183720397949219,-0.13217514038085937,9.328750762939453
1748974512272,0.6246510314941407,-0.012274475097656251,9.291029205322266
1748974512342,0.8363108825683594,-0.4025129699707031,9.936786346435547
1748974512406,0.8425978088378907,0.08217910766601563,9.74144256591797
1748974512472,0.2508782958984375,-0.54366943359375,10.157427520751954
1748974512542,0.03577560424804688,-0.6649172973632813,10.094707946777344
1748974512607,0.36239639282226566,-0.5545967102050782,9.369166717529298
1748974512672,0.3391946411132813,-0.3920347595214844,9.223519592285157
1748974512743,0.3335064697265625,-0.5168751525878906,9.256451110839844
1748974512807,0.6167175292968751,-0.35581008911132816,9.357041931152343
1748974512872,0.4843927001953125,-0.5906716918945313,10.753338317871094
1748974512942,0.7258406066894532,-0.3646417236328125,10.011331329345703
1748974513007,0.7622149658203126,-0.6518943786621094,9.461674346923829
1748974513072,0.024998016357421875,-0.2279759216308594,9.8483203125
1748974513142,0.827479248046875,-0.15492782592773438,8.715176696777345
1748974513207,0.5153782653808594,-0.9705816650390625,9.931996307373048
1748974513272,0.6447093200683595,-0.33290771484375004,10.290201416015625
1748974513342,0.4340972900390625,0.0017962646484375,9.35060531616211
1748974513405,0.3477268981933594,-0.3715274047851563,9.542955322265625
1748974513471,0.8208929443359375,-1.1247610473632812,9.605375518798828
1748974513542,0.520767059326172,-0.8723858642578125,9.53068084716797
1748974513608,0.2601589965820313,-0.028590545654296876,10.011181640625
1748974513672,0.2621049499511719,-0.8497828674316407,9.645941162109375
1748974513742,0.27842102050781253,-0.4956193542480469,8.453221435546876
1748974513807,0.29907806396484377,-0.22004241943359376,10.334060211181642
1748974513872,0.5505551147460938,-0.2947370910644531,9.789043579101563
1748974513941,0.5691165161132813,-0.3629951477050781,9.768087158203125
1748974514008,0.4186793518066406,-0.4429289245605469,9.902357940673829
1748974514072,0.9039701843261719,-0.4974156188964844,8.876541137695312
1748974514141,0.6988966369628906,-0.47196853637695313,10.033784637451172
1748974514207,0.8449928283691407,-0.5010081481933594,9.979148254394532
1748974514272,0.6942562866210937,-0.3155438232421875,9.223070526123047
1748974514342,0.9680369567871094,-0.7009922790527344,9.151669006347657
1748974514406,0.8904981994628907,-0.4029620361328125,10.188263397216797
1748974514472,0.808319091796875,-0.13666580200195313,9.981692962646484
1748974514541,0.7509883117675782,-0.22962249755859376,9.710756378173828
1748974514606,0.49636779785156254,-0.4483177185058594,9.507329406738283
1748974514672,0.24908203125,-0.7131170654296876,8.900042266845704
1748974514741,0.2525248718261719,-0.4305047607421875,9.521699523925781
1748974514807,0.35820510864257815,-0.164058837890625,10.15203872680664
1748974514872,0.6722520446777344,0.05044509887695313,9.887987823486329
1748974514941,0.4090992736816406,0.09984237670898438,10.062225494384766
1748974515007,0.4846920776367188,-0.2321672058105469,9.230105895996095
1748974515072,0.18696121215820313,0.006286926269531251,9.357341308593751
1748974515141,0.5565426635742188,0.1872605895996094,9.021140441894532
1748974515207,0.6971003723144532,0.1932481384277344,9.332043914794923
1748974515272,0.3992198181152344,0.1502874755859375,9.447603607177735
1748974515341,0.2579136657714844,0.13726455688476563,9.660760345458986
1748974515406,0.4986131286621094,-0.3303630065917969,9.336085510253907
1748974515472,0.44457550048828126,-0.305364990234375,8.930578765869141
1748974515541,0.2662962341308594,-0.5858816528320313,9.954898681640625
1748974515606,0.4058061218261719,-0.5557942199707031,9.36737045288086
1748974515672,0.44038421630859376,-0.22962249755859376,10.335108032226563
1748974515740,0.7598199462890626,-0.4956193542480469,9.713600463867188
1748974515806,0.6740483093261719,-0.7355703735351563,10.321935424804687
1748974515872,0.5704637145996094,-0.7414082336425781,9.73141342163086
1748974515940,0.746048583984375,-0.4860392761230469,9.565258941650391
1748974516008,0.6541397094726563,-0.2552192687988281,10.42162811279297
1748974516072,0.28949798583984376,-0.1429527282714844,9.40374481201172
1748974516140,0.7662565612792969,-0.6373745727539063,10.410251770019531
1748974516206,0.5777984619140625,-0.508941650390625,8.996441802978516
1748974516272,0.1627116394042969,-0.3441343688964844,10.185269622802736
1748974516341,0.4808001708984375,-0.08367599487304687,9.004824371337891
1748974516409,0.35940261840820314,-0.5761518859863282,9.000184020996095
1748974516472,0.3112028503417969,-0.37137771606445313,9.857151947021485
1748974516540,0.3811074829101563,-0.4463717651367188,9.928703155517578
1748974516606,0.16570541381835938,-0.4355941772460938,10.593470764160157
1748974516672,0.5885760498046876,-0.06990463256835938,9.988728332519532
1748974516742,0.2471360778808594,-0.09101074218750001,8.504115600585937
1748974516806,0.23396347045898438,0.1035845947265625,9.367669830322265
1748974516873,0.11541000366210938,0.17199234008789063,9.917177124023437
1748974516948,0.029937744140625,0.520916748046875,10.014774169921875
1748974517005,0.10912307739257814,0.5316943359375,10.531948699951172
1748974517072,-0.17812957763671877,0.5176235961914063,9.146878967285156
1748974517139,-0.2743794250488281,0.4968168640136719,9.849368133544923
1748974517207,0.0143701171875,0.4876858520507813,9.202862548828126
1748974517274,-0.5162763977050782,0.57240966796875,9.375453643798828
1748974517342,0.006436614990234376,0.4544549560546875,10.255623321533204
1748974517406,-0.05358856201171875,0.45879592895507815,9.265881500244141
1748974517474,-0.15582595825195314,1.2961546325683595,10.283615112304688
1748974517542,0.33185989379882813,1.209335174560547,9.476044464111329
1748974517606,-0.10328521728515626,0.8819659423828126,9.638456726074219
1748974517673,-0.2315684509277344,0.5460644531250001,10.597362670898438
1748974517742,-0.3023712158203125,0.6089337158203125,8.837023315429688
1748974517807,-0.6403683471679688,0.7976911926269532,10.148745574951173
1748974517872,-0.2213896179199219,0.8876541137695313,9.609566802978517
1748974517942,-0.34278717041015627,0.2728825378417969,9.32949920654297
1748974518007,-0.28500732421875,0.3849993896484375,10.227481842041016
1748974518074,0.12109817504882812,0.7170089721679688,9.572294311523438
1748974518142,-0.0449066162109375,0.721948699951172,9.907746734619142
1748974518207,-0.5372328186035157,0.4571493530273438,10.746153259277344
1748974518274,0.06197113037109375,0.1734892272949219,8.667425994873048
1748974518342,-0.5132826232910157,0.4032614135742188,9.377848663330079
1748974518407,0.2171983337402344,0.5706134033203125,8.929231567382812
1748974518474,-0.44607238769531254,0.5635780334472656,9.821376342773439
1748974518542,-0.0718505859375,0.7379653930664063,10.838660888671875
1748974518607,-0.2501298522949219,0.8150550842285157,9.688901824951172
1748974518674,-0.6858737182617188,0.9331594848632813,9.612710266113282
1748974518742,-0.3065625,0.6158193969726563,9.503736877441407
1748974518807,-0.47720764160156254,0.24743545532226563,8.915909271240235
1748974518875,-0.7890092468261719,0.9526190185546876,10.778785400390625
1748974518941,0.00239501953125,1.1505075073242188,10.040221252441407
1748974519007,-0.4902305603027344,1.1955638122558594,10.29753616333008
1748974519073,0.06795867919921875,1.0723699951171874,10.370135192871095
1748974519141,-0.14923965454101562,0.6665638732910156,8.533753967285156
1748974519206,-0.5381309509277344,0.8399034118652344,10.6961572265625
1748974519275,0.5295986938476562,1.2265493774414062,9.634415130615235
1748974519342,0.02365081787109375,0.9422904968261719,10.124945068359375
1748974519406,0.46882507324218753,0.8411009216308594,9.282047882080079
1748974519476,0.34099090576171875,0.5445675659179687,8.684191131591797
1748974519541,-0.288599853515625,0.5748046875,9.955048370361329
1748974519606,0.4004173278808594,0.7923023986816407,10.668913879394532
1748974519675,0.2724334716796875,0.6864724731445313,10.339149627685547
1748974519741,0.7467970275878907,1.06099365234375,8.865763549804688
1748974519806,-0.022004241943359377,0.5291496276855469,9.086853790283204
1748974519875,0.22468276977539064,0.34203872680664066,9.438173217773437
1748974519941,0.45939468383789067,0.5935157775878906,10.632988586425782
1748974520006,0.2537223815917969,0.8488847351074219,10.604547729492188
1748974520074,0.5691165161132813,0.46762756347656254,9.335486755371095
1748974520140,0.29144393920898437,1.0026150512695313,9.122180328369142
1748974520206,0.4245172119140625,0.22707778930664063,9.113498382568359
1748974520274,0.5875282287597656,0.48693740844726563,9.711055755615234
1748974520342,0.2034269714355469,0.4034111022949219,10.111622772216798
1748974520406,0.6388714599609375,0.5848338317871095,8.89076156616211
1748974520476,0.3800596618652344,0.6029461669921875,9.137598266601563
1748974520541,-0.1826202392578125,0.4932243347167969,9.654024353027344
1748974520607,0.5183720397949219,0.043858795166015624,9.52589080810547
1748974520673,0.38035903930664067,0.15657440185546875,10.568023681640625
1748974520741,0.5387297058105469,0.4231700134277344,8.950936431884767
1748974520806,-0.40011795043945314,0.34338592529296874,9.547745361328126
1748974520874,0.29847930908203124,0.21225860595703125,10.29663803100586
1748974520941,0.6084846496582031,-0.1878593444824219,9.87661148071289
1748974521007,0.4454736328125,-0.39517822265625,9.597591705322266
1748974521076,0.5902226257324219,0.30551467895507817,10.432705078125
1748974521141,0.3501219177246094,0.609532470703125,9.686057739257812
1748974521206,0.3234773254394531,-0.12783416748046875,9.197623443603517
1748974521274,0.20881576538085939,-0.30566436767578126,9.518855438232423
1748974521340,0.2954855346679688,0.00808319091796875,9.442963256835938
1748974521407,0.5264552307128907,-0.026794281005859375,10.226583709716797
1748974521473,0.07574249267578126,-0.020507354736328125,9.761051788330079
1748974521541,0.5682183837890625,-0.4776567077636719,8.036937103271486
1748974521606,-0.1993853759765625,-0.4734654235839844,9.784702606201172
1748974521672,0.4099974060058594,-0.1730401611328125,10.055639190673828
1748974521741,0.12903167724609377,-0.14938934326171877,9.65761688232422
1748974521807,0.42810974121093753,0.04775070190429688,9.417965240478516
1748974521875,0.1333726501464844,-0.4070036315917969,8.418343963623048
1748974521942,-0.04445755004882813,-0.35296600341796874,9.692045288085938
1748974522005,0.3890409851074219,-0.16375946044921877,9.176367645263673
1748974522072,0.023950195312500002,-0.0007484436035156251,9.673633575439453
1748974522140,0.4788542175292969,-0.3100053405761719,9.735604705810548
1748974522207,0.21764739990234377,-0.5427713012695313,9.844278717041016
1748974522273,0.4412823486328125,0.0592767333984375,9.742640075683594
1748974522342,0.25896148681640624,-0.0718505859375,9.177116088867187
1748974522406,0.2333647155761719,-0.6900650024414063,9.371561737060548
1748974522473,0.41433837890625,-0.5649252319335938,9.629774780273438
1748974522542,0.2293231201171875,-0.860859832763672,9.997110900878907
1748974522606,0.6288423156738282,-0.9445358276367188,9.763147430419922
1748974522674,0.37167709350585937,-0.6354286193847657,10.007439422607423
1748974522742,0.6216572570800781,-0.730331268310547,10.136770477294922
1748974522808,0.3680845642089844,-0.1980381774902344,9.469757537841797
1748974522874,-0.14444961547851562,0.39772293090820315,8.878936157226564
1748974522942,-0.12693603515625002,-0.43828857421875,8.82894012451172
1748974523007,-0.16510665893554688,-0.32826736450195315,9.92106903076172
1748974523072,0.26300308227539065,-0.06316864013671876,9.78365478515625
1748974523141,0.09984237670898438,-0.3852987670898438,9.905202026367188
1748974523208,0.2436932373046875,-0.5604345703125,8.667725372314454
1748974523274,-0.45580215454101564,-0.26614654541015625,9.009614410400392
1748974523341,0.22079086303710938,-0.12948074340820312,10.531948699951172
1748974523407,0.6198609924316406,0.621507568359375,9.612410888671876
1748974523474,0.07679031372070313,0.18082397460937502,11.196267242431642
1748974523541,0.16061599731445314,0.021704864501953126,8.868607635498048
1748974523607,-0.35476226806640626,-0.3165916442871094,9.849667510986329
1748974523673,0.24608825683593752,-0.33560211181640626,8.758436737060547
1748974523742,-0.29713211059570316,-0.2547702026367188,10.064021759033203
1748974523806,0.5075944519042969,0.22707778930664063,9.794432373046876
1748974523874,0.045056304931640624,-0.034727783203125,10.593321075439453
1748974523941,1.0051597595214845,-0.24533981323242188,9.622589721679688
1748974524006,-0.55324951171875,-0.4770579528808594,10.431806945800782
1748974524075,0.18606307983398437,-1.076561279296875,9.863588562011719
1748974524142,-0.16136444091796875,-1.0437794494628907,8.966054992675781
1748974524207,0.020207977294921877,-1.1672726440429688,9.987381134033203
1748974524275,0.15567626953125,-0.6680607604980469,9.186696166992188
1748974524342,0.057330780029296875,-0.7533833312988282,11.038495330810548
1748974524406,0.2740800476074219,-1.0675799560546875,9.250912628173829
1748974524474,0.12005035400390626,-1.5597564697265627,10.580298156738282
1748974524541,0.74006103515625,-1.4138099670410158,10.0734521484375
1748974524606,-0.0007484436035156251,-0.5930667114257813,10.364896087646486
1748974524674,0.0520916748046875,-0.24489074707031253,9.728269958496094
1748974524741,-0.183218994140625,-0.9970765686035157,9.585616607666017
1748974524806,-0.5809419250488281,-1.7110917663574219,10.190957794189453
1748974524874,0.014519805908203126,-1.4256353759765625,10.672805786132812
1748974524941,0.2219883728027344,-1.114582214355469,10.827134857177734
1748974525007,-0.21794677734375,-0.48409332275390626,10.91889404296875
1748974525075,0.39353164672851565,-0.6985972595214844,10.173144836425783
1748974525141,0.11930191040039063,-0.4194277954101563,11.524983673095704
1748974525206,0.5986051940917969,0.1974394226074219,8.451874237060547
1748974525274,-0.3890409851074219,-0.42391845703125003,12.069251861572265
1748974525341,0.23111938476562502,-1.1123368835449219,9.557026062011719
1748974525406,-0.023950195312500002,-1.0542576599121094,9.406888275146486
1748974525474,0.30296997070312504,-0.6923103332519531,11.58186538696289
1748974525542,0.44262954711914065,-0.018860778808593753,8.811127166748047
1748974525606,-0.0700543212890625,-0.8556207275390626,11.257938995361329
1748974525673,0.5234614562988281,-0.9069639587402344,9.759554901123048
1748974525741,0.08846603393554688,-0.8770262145996094,9.655221862792969
1748974525805,-0.3752696228027344,-1.325493621826172,9.980046386718751
1748974525873,0.30731094360351563,-0.8421487426757813,8.562793579101562
1748974525941,-0.044756927490234376,-0.9377998352050781,9.98378860473633
1748974526006,0.4878355407714844,-0.8599617004394532,10.062824249267578
1748974526074,0.16959732055664065,-0.5343887329101563,9.819879455566406
1748974526141,0.5676196289062501,-1.0669812011718751,9.800270233154297
1748974526205,0.5084925842285156,-0.5318440246582031,9.016051025390626
1748974526275,-0.10253677368164063,-1.535357208251953,9.488318939208986
1748974526341,0.35131942749023437,-1.118324432373047,9.165590057373047
1748974526406,0.2836601257324219,-1.1457174682617188,9.389823760986328
1748974526475,0.25162673950195313,-1.0891351318359375,9.672436065673828
1748974526542,0.7433541870117187,-0.9650431823730469,9.579329681396485
1748974526605,0.5629792785644532,-0.5572911071777344,9.604776763916016
1748974526672,0.38559814453125,-0.688568115234375,9.455537109375001
1748974526741,0.760269012451172,-0.6734495544433594,9.408684539794923
1748974526805,-0.14654525756835937,-1.0139913940429688,9.997859344482423
1748974526872,0.47975234985351567,-0.7394622802734375,9.18295394897461
1748974526957,-0.1293310546875,-0.765208740234375,10.06521926879883
1748974527005,0.42766067504882815,-0.6941065979003906,10.260263671875
1748974527072,0.6402186584472657,-0.8126600646972657,9.887389068603516
1748974527140,0.4734654235839844,-0.8961863708496094,9.891580352783203
1748974527206,0.8240364074707032,-0.48978149414062505,9.095086669921875
1748974527274,0.29832962036132815,-0.38889129638671877,9.765542449951173
1748974527342,0.46538223266601564,-0.9734257507324219,9.429790649414063
1748974527406,0.317340087890625,-0.9984237670898438,10.729388122558595
1748974527472,0.33066238403320314,-0.9243278503417969,9.863738250732423
1748974527547,0.5763015747070312,-1.0722203063964844,9.392817535400392
1748974527605,0.07858657836914062,-0.9216334533691407,9.11304931640625
1748974527672,-0.178428955078125,-1.0318043518066407,8.898096313476563
1748974527741,0.007334747314453125,-1.3010943603515626,10.878478088378907
1748974527806,0.023201751708984378,-0.87897216796875,9.830806732177734
1748974527875,0.21136047363281252,-0.6836283874511719,10.19844223022461
1748974527942,-0.07229965209960938,-0.8056246948242188,8.803043975830079
1748974528006,-0.0772393798828125,-1.1987072753906252,10.337952117919922
1748974528074,0.02844085693359375,-0.5051994323730469,9.332193603515625
1748974528142,-0.14684463500976563,-0.6568341064453125,9.487869873046876
1748974528206,0.06795867919921875,-1.1603869628906252,10.215357055664063
1748974528274,-0.16360977172851562,-0.6936575317382813,9.395062866210939
1748974528342,-0.258662109375,-0.07334747314453126,10.36130355834961
1748974528407,0.10044113159179688,-0.7134164428710937,9.311536560058594
1748974528473,0.1335223388671875,-1.0654843139648438,10.312505035400392
1748974528542,-0.040415954589843754,-0.8141569519042969,9.335935821533203
1748974528606,-0.4037104797363281,-0.3936813354492188,9.647438049316406
1748974528674,-0.3150947570800781,-0.35775604248046877,9.980196075439453
1748974528742,-0.09610015869140626,-0.6442602539062501,10.268197174072267
1748974528806,0.06676116943359375,-0.6068380737304688,9.310039672851563
1748974528874,-0.3104544067382813,-0.7743397521972657,10.020013275146486
1748974528941,-0.4213737487792969,-0.8969348144531251,9.754764862060547
1748974529007,-0.3656895446777344,-1.1820918273925782,9.553882598876953
1748974529074,0.06870712280273437,-0.987945556640625,9.79128890991211
1748974529141,-0.06870712280273437,-0.8144563293457031,9.459578704833985
1748974529206,-0.1884580993652344,-1.226100311279297,10.151439971923828
1748974529274,0.2760260009765625,-1.2048445129394532,10.489886169433595
1748974529341,0.044756927490234376,-0.8647517395019532,9.287137298583986
1748974529406,-0.2285746765136719,-0.6057902526855469,9.306297454833985
1748974529476,-0.271834716796875,-0.6577322387695312,8.866961059570313
1748974529541,-0.40011795043945314,-0.9925859069824219,9.416917419433593
1748974529605,-0.1335223388671875,-0.7313790893554688,10.199190673828125
1748974529674,-0.02484832763671875,-0.3776646423339844,9.86792953491211
1748974529741,0.13247451782226563,-0.741258544921875,10.060728607177735
1748974529805,-0.3745211791992188,-0.4956193542480469,9.078321533203125
1748974529874,-0.17079483032226564,-0.8039781188964844,9.254505157470703
1748974529941,-0.16839981079101562,-1.1166778564453126,10.584639129638672
1748974530006,0.3315605163574219,-0.91250244140625,10.199789428710938
1748974530076,-0.039517822265625,-0.7969427490234375,9.221124572753906
1748974530142,-0.12633728027343752,-0.8307723999023438,9.526040496826173
1748974530207,0.4451742553710938,-0.7840695190429688,9.444310455322267
1748974530272,-0.26180557250976566,-0.4317022705078125,9.508077850341797
1748974530342,-0.07604187011718751,-0.4177812194824219,10.650352478027344
1748974530406,0.4549040222167969,-0.9210346984863281,9.932744750976562
1748974530472,-0.43619293212890625,-0.6864724731445313,9.483229522705079
1748974530541,-0.2559677124023438,-0.47795608520507815,9.250613250732423
1748974530606,0.281414794921875,-0.7506889343261719,9.245972900390626
1748974530672,-0.5297483825683594,-0.5783972167968751,9.548194427490236
1748974530741,-0.11780502319335938,-0.6631210327148438,10.622210998535158
1748974530806,-0.06301895141601563,-0.77359130859375,10.260563049316406
1748974530873,-0.7505392456054688,-0.7991880798339844,9.527986450195312
1748974530941,-0.6129753112792969,-0.7294331359863282,8.977581024169922
1748974531005,-0.7212002563476563,-0.65384033203125,9.060957641601563
1748974531072,-0.7933502197265625,-0.6626719665527344,9.659712524414063
1748974531141,-0.5766009521484375,-0.6936575317382813,10.381212158203125
1748974531206,-0.659827880859375,-0.7189549255371094,10.128836975097657
1748974531273,-0.5533992004394531,-0.918489990234375,10.32732421875
1748974531342,-0.40266265869140627,-0.6054908752441407,9.156309356689453
1748974531405,-1.0208770751953125,-1.0774594116210938,9.68875213623047
1748974531473,-0.9818083190917969,-1.1205697631835938,9.699380035400392
1748974531541,-0.8762777709960938,-1.0602452087402345,10.957064666748048
1748974531605,-0.6403683471679688,-0.9298663330078125,10.524015197753906
1748974531676,-0.918340301513672,-1.32923583984375,9.611812133789064
1748974531741,-0.5363346862792969,-0.8024812316894532,8.685388641357422
1748974531806,-0.4448748779296875,0.21600082397460937,10.488389282226564
1748974531873,-0.8253836059570313,-0.036074981689453126,9.19403091430664
1748974531942,-0.22767654418945313,-0.9702822875976563,9.020391998291016
1748974532006,-1.2582833862304688,-0.4195774841308594,11.97270263671875
1748974532072,-0.5267546081542969,0.37676651000976563,9.578281860351563
1748974532140,-0.18636245727539064,-0.7024891662597657,10.116861877441407
1748974532208,-0.8370593261718751,-0.057779846191406255,9.72467742919922
1748974532273,-0.6171665954589844,-0.49172744750976566,9.469907226562501
1748974532342,-0.7581733703613281,0.19654129028320313,11.110794982910157
1748974532405,-0.5498066711425782,-0.6004014587402344,9.324559478759767
1748974532473,-0.5174739074707031,-0.8437953186035156,9.772128753662109
1748974532542,-0.75443115234375,-0.0748443603515625,10.716963958740235
1748974532606,-0.30416748046875003,0.6349795532226563,9.216783599853516
1748974532673,-0.5563929748535157,0.48948211669921876,9.084907836914063
1748974532742,-0.983155517578125,-0.5804928588867188,9.935139770507813
1748974532807,-0.9386979675292969,-0.11076965332031251,10.074200592041016
1748974532873,-0.9822573852539063,-0.31284942626953127,10.830877075195312
1748974532941,0.39892044067382815,-0.15073654174804688,11.077564086914062
1748974533006,-0.5183720397949219,0.5011578369140626,9.208999786376953
1748974533073,-0.6659651184082032,0.4992118835449219,9.334588623046875
1748974533141,-0.5516029357910156,0.07319778442382813,10.453212432861328
1748974533205,-0.6116281127929688,-0.6008505249023438,10.195298767089843
1748974533273,-1.4711407470703126,-0.2832110595703125,9.486971740722657
1748974533341,-0.8774752807617188,-0.2429447937011719,9.821825408935547
1748974533407,-0.5791456604003906,-0.086220703125,11.092083892822266
1748974533475,-0.7345225524902345,-0.20372634887695312,9.182055816650392
1748974533542,-1.0976673889160158,0.1627116394042969,10.020612030029298
1748974533606,-0.9343569946289063,0.15522720336914064,10.235565032958984
1748974533672,-0.9283694458007813,-0.024698638916015626,10.359207916259766
1748974533742,-1.050216064453125,0.1442999267578125,9.656419372558593
1748974533807,-1.7089961242675782,-0.11990066528320313,9.47185317993164
1748974533874,-1.1067984008789062,0.08038284301757813,10.006990356445312
1748974533941,-1.5676899719238282,0.22378463745117189,10.131531372070313
1748974534007,-1.2280462646484376,-0.46343627929687503,9.762249298095703
1748974534074,-1.4816189575195313,0.009580078125,9.774823150634766
1748974534142,-1.0303074645996095,-0.8702902221679688,9.644893341064453
1748974534207,-1.9034417724609376,0.22408401489257815,10.42447219848633
1748974534274,-0.5307962036132813,0.5572911071777344,9.578730926513673
1748974534342,-0.7664062500000001,0.5396278381347657,9.815538482666016
1748974534406,-1.1475137329101563,0.0640667724609375,10.168055419921876
1748974534473,-1.0374925231933594,-0.6379733276367188,9.500892791748047
1748974534542,-1.0109976196289063,0.3546125793457031,10.420280914306641
1748974534606,-1.127904510498047,0.3333567810058594,9.956096191406251
1748974534674,-1.8269508361816407,-0.0053887939453125,9.615554351806642
1748974534742,-1.627415771484375,-0.40311172485351565,10.898236999511719
1748974534805,-1.0901829528808595,-1.2005035400390625,9.844578094482422
1748974534874,0.9169931030273438,-0.3945794677734375,9.067843322753907
1748974534941,0.6069877624511719,0.40745269775390625,9.373058624267578
1748974535006,1.2645703125,-0.5222639465332032,8.046666870117187
1748974535073,1.7838404846191407,-0.47660888671875,9.261241149902345
1748974535141,1.4615606689453127,-0.43529479980468755,11.551029510498047
1748974535205,1.5277230834960938,-0.10223739624023438,13.605507202148438
1748974535272,5.109624481201172,-0.37601806640625,3.6714152526855472
1748974535341,4.6430447387695315,-0.7327262878417969,2.985092468261719
1748974535405,2.6444009399414066,0.55564453125,13.50506607055664
1748974535474,2.167342987060547,-0.14879058837890627,10.876382446289064
1748974535541,2.368973693847656,0.06496490478515625,11.03190902709961
1748974535606,2.252515869140625,-0.05014572143554688,8.801547088623048
1748974535674,1.52562744140625,-0.40266265869140627,9.010213165283204
1748974535742,2.0969892883300782,0.16570541381835938,10.443632354736328
1748974535806,2.5366250610351564,0.3291654968261719,8.725954284667969
1748974535873,2.1249810791015626,0.23710693359375,9.542057189941406
1748974535941,2.22976318359375,-0.24668701171875002,10.59601547241211
1748974536005,2.5764422607421875,0.14699432373046875,9.583820343017578
1748974536073,2.41178466796875,0.0293389892578125,10.15817596435547
1748974536141,1.7720150756835937,0.21390518188476565,8.764274597167969
1748974536205,1.8761984252929689,0.02724334716796875,9.449848937988282
1748974536275,2.47166015625,0.18052459716796876,9.59340042114258
1748974536341,2.5598268127441406,0.4032614135742188,9.898915100097657
1748974536407,2.182760925292969,0.5276527404785156,9.920021209716797
1748974536475,2.234403533935547,0.40775207519531254,9.637259216308594
1748974536541,2.2209315490722656,0.0940045166015625,9.451046447753907
1748974536606,2.26808349609375,-0.10523117065429688,9.841734008789063
1748974536673,2.474803619384766,0.089813232421875,9.374256134033203
1748974536741,1.936223602294922,0.23186782836914063,9.168434143066406
1748974536805,2.163600769042969,0.07993377685546875,9.5273876953125
1748974536873,2.3568489074707033,0.07229965209960938,10.275531921386719
1748974536950,2.701132965087891,0.24054977416992188,9.338779907226563
1748974537006,2.1646485900878907,0.2540217590332031,9.562414855957032
1748974537073,1.9407142639160158,0.11061996459960938,8.877738647460937
1748974537140,2.041754150390625,0.0089813232421875,9.249864807128906
1748974537205,2.5209077453613284,0.14654525756835937,10.192604370117188
1748974537273,2.6301805114746095,0.3261717224121094,9.943971405029297
1748974537343,2.2752685546875,0.11421249389648438,9.473350067138673
1748974537407,2.17707275390625,-0.15193405151367187,9.174122314453125
1748974537473,2.01900146484375,-0.11406280517578125,9.228609008789062
1748974537542,2.129322052001953,-0.020806732177734377,9.620643768310547
1748974537605,2.3742127990722657,0.22692810058593751,10.038724365234376
1748974537673,2.3842419433593753,0.34742752075195316,9.940827941894531
1748974537741,2.2233265686035155,0.21046234130859376,9.563612365722657
1748974537806,2.0302281188964844,0.13067825317382814,9.41048080444336
1748974537873,2.341880035400391,0.0664617919921875,8.970994720458984
1748974537942,2.5247996520996097,0.07559280395507813,9.774673461914062
1748974538006,2.9102481079101565,0.3769161987304688,9.550290069580079
1748974538073,2.963686981201172,0.37362304687500003,9.627230072021485
1748974538142,2.8063641357421876,0.21420455932617188,9.357490997314454
1748974538206,2.933599548339844,0.16166381835937502,9.097332000732422
1748974538276,2.893033905029297,0.09924362182617188,9.408983917236329
1748974538342,2.831811218261719,0.1299298095703125,9.33234329223633
1748974538406,2.891537017822266,0.10388397216796875,9.329349517822266
1748974538475,2.980601806640625,-0.06301895141601563,9.468410339355469
1748974538542,2.9130921936035157,-0.1299298095703125,9.074878692626953
1748974538606,2.9987141418457033,-0.140108642578125,9.208850097656251
1748974538674,2.7321185302734374,0.20013381958007814,9.200916595458985
1748974538742,2.8398944091796876,-0.144898681640625,9.391919403076173
1748974538806,2.8213330078125,-0.1734892272949219,9.593999176025392
1748974538874,2.661615142822266,-0.09175918579101563,9.5034375
1748974538942,2.5596771240234375,-0.012124786376953125,9.328601074218751
1748974539007,2.6002427673339845,-0.10403366088867189,9.335935821533203
1748974539073,2.7196943664550783,-0.267044677734375,9.268575897216797
1748974539143,2.854563903808594,-0.10867401123046876,9.321266326904297
1748974539206,3.060535583496094,-0.0059875488281250005,9.433981933593751
1748974539274,3.120411071777344,-0.060474243164062504,9.228309631347656
1748974539342,3.221001892089844,-0.09565109252929688,9.267528076171876
1748974539406,3.321592712402344,-0.02065704345703125,9.215735778808595
1748974539475,3.453468475341797,-0.09804611206054688,8.995693359375
1748974539541,3.2852183532714845,-0.16525634765625,9.036109313964845
1748974539605,3.380570068359375,-0.19175125122070313,9.164392547607422
1748974539674,3.45601318359375,-0.12693603515625002,9.116192779541016
1748974539741,3.3799713134765628,-0.2820135498046875,9.127120056152345
1748974539805,3.3688943481445315,-0.1722917175292969,9.282796325683595
1748974539875,3.366948394775391,-0.2136058044433594,8.993448028564453
1748974539942,3.374283142089844,-0.22243743896484375,9.265133056640625
1748974540005,3.390150146484375,-0.33260833740234375,8.903485107421876
1748974540073,3.363954620361328,-0.20911514282226565,9.092242584228517
1748974540141,3.4855018615722657,-0.1585203552246094,9.10676239013672
1748974540205,3.458108825683594,-0.17932708740234377,8.979077911376953
1748974540273,3.370391235351563,-0.22842498779296877,9.083410949707032
1748974540342,3.3920960998535157,-0.14669494628906252,9.269474029541016
1748974540406,3.3985327148437503,-0.1770817565917969,8.972940673828125
1748974540474,3.3489857482910157,-0.23261627197265627,9.288783874511719
1748974540542,3.2395632934570315,-0.16615447998046876,9.056916046142579
1748974540606,3.2289353942871095,-0.17498611450195314,9.215586090087891
1748974540673,3.4012271118164064,-0.33126113891601566,8.970845031738282
1748974540741,3.247496795654297,-0.20806732177734377,9.156159667968751
1748974540806,3.3057257080078126,-0.20387603759765627,9.108408966064454
1748974540873,3.2350726318359375,-0.29728179931640625,9.223369903564453
1748974540942,3.352727966308594,-0.2225871276855469,9.299262084960938
1748974541007,3.134481811523438,-0.2743794250488281,9.118587799072266
1748974541073,3.216660919189453,-0.3549119567871094,9.111253051757814
1748974541141,3.246598663330078,-0.19579284667968752,9.130562896728517
1748974541206,2.970722351074219,-0.010777587890625,9.128916320800782
1748974541273,3.294049987792969,-0.21151016235351563,9.159752197265625
1748974541341,3.5278637695312502,-0.2508782958984375,9.269773406982422
1748974541405,3.4453852844238284,-0.3034190368652344,9.004375305175781
1748974541473,3.6582426452636723,0.140108642578125,8.962013397216797
1748974541541,3.5675312805175783,-0.032332763671875,8.696914672851562
1748974541605,3.210523681640625,-0.09295669555664063,9.13310760498047
1748974541673,3.3022828674316407,-0.3212319946289063,10.94568832397461
1748974541742,4.764292602539062,-0.10582992553710938,5.102140045166016
1748974541805,5.319188690185547,0.9800120544433594,9.320817260742189
1748974541875,6.5909440612792976,0.8048762512207032,9.366172943115235
1748974541942,6.70844970703125,-0.3483256530761719,4.787943420410157
1748974542006,7.996820526123047,-0.2805166625976563,4.960684204101563
1748974542073,7.425907745361329,0.046702880859375004,7.6826239013671875
1748974542140,7.4079450988769535,-0.12094848632812501,6.038442993164063
1748974542206,6.944508819580078,-0.5791456604003906,6.565646667480469
1748974542273,7.279212799072266,0.05239105224609375,6.3424607849121095
1748974542342,7.9502673339843755,0.02544708251953125,5.338348846435547
1748974542406,8.362061004638672,-0.3902384948730469,4.145030364990235
1748974542473,8.378826141357422,-0.4129911804199219,4.622537384033204
1748974542542,7.998916168212891,-0.17438735961914065,5.5446199035644534
1748974542606,7.854316864013672,-0.6367758178710938,4.550686798095703
1748974542673,7.834857330322266,0.12094848632812501,4.057312774658203
1748974542742,7.074738006591797,0.09984237670898438,5.558990020751954
1748974542808,6.740183715820313,-0.1407073974609375,9.883497161865234
1748974542873,6.773863677978516,0.5800437927246094,8.311915283203126
1748974542942,6.69931869506836,0.641865234375,7.60418701171875
1748974543008,6.102360076904297,0.43739044189453125,7.428901519775391
1748974543073,5.883964233398438,0.32213012695312504,6.721622314453126
1748974543142,6.114933929443359,0.31090347290039066,7.5556878662109375
1748974543207,6.177952880859375,0.6939569091796876,7.698341217041016
1748974543273,6.204298095703125,0.6280938720703125,7.963290252685547
1748974543342,6.054160308837891,0.2743794250488281,7.640860748291016
1748974543406,5.856571197509766,0.03203338623046875,7.768694915771484
1748974543474,5.655988311767579,0.04700225830078125,7.887547760009766
1748974543542,5.601351928710938,0.0916094970703125,8.256680145263672
1748974543607,5.479205932617187,0.09924362182617188,7.795040130615234
1748974543674,5.46782958984375,0.09954299926757813,7.592361602783203
1748974543741,5.656437377929688,0.20986358642578126,7.8975769042968755
1748974543808,5.797593841552735,0.28830047607421877,7.973918151855469
1748974543873,5.78397216796875,0.17333953857421877,8.259075164794922
1748974543944,5.7401133728027345,0.1633103942871094,8.110284576416015
1748974544008,5.875132598876953,-0.006436614990234376,7.116950225830078
1748974544073,5.590724029541016,0.3691323852539063,7.669451293945313
1748974544142,5.302273864746094,-0.1782792663574219,7.81015869140625
1748974544206,4.402045898437501,-0.1886077880859375,9.823471984863282
1748974544273,3.988455963134766,0.08652008056640625,9.921218719482422
1748974544342,4.388274536132813,0.11047027587890626,8.402027893066407
1748974544406,4.305496673583985,-0.08532257080078126,8.728498992919922
1748974544473,4.201463012695313,-0.21046234130859376,8.418343963623048
1748974544542,4.345912628173829,-0.11600875854492188,8.756790161132812
1748974544605,4.266278228759766,-0.14864089965820312,8.791218566894532
1748974544673,4.053271179199219,-0.0221539306640625,8.360414428710937
1748974544742,4.163292388916016,-0.2625540161132813,9.14463363647461
1748974544807,3.838767242431641,-0.2644999694824219,8.725804595947267
1748974544875,3.7308416748046875,-0.23366409301757815,8.650361480712892
1748974544942,4.024381256103516,-0.023950195312500002,8.997639312744141
1748974545005,4.032763824462891,-0.0664617919921875,9.581724700927735
1748974545073,3.896098022460938,-0.03861968994140625,8.704548797607423
1748974545142,3.8706509399414064,-0.15328125,8.22973617553711
1748974545206,3.8779856872558596,-0.2149530029296875,8.602311401367189
1748974545273,4.116140441894531,-0.11585906982421876,9.311087493896485
1748974545342,3.959715728759766,0.024399261474609375,9.256301422119142
1748974545406,3.992198181152344,0.13022918701171876,8.991651763916016
1748974545473,3.774251403808594,-0.1573228454589844,8.734935607910156
1748974545541,3.818559265136719,-0.3983216857910156,8.54782470703125
1748974545605,3.8782850646972657,-0.18112335205078126,9.792486419677735
1748974545673,3.956422576904297,-0.1387614440917969,8.924591217041016
1748974545741,3.655847625732422,-0.17648300170898437,9.214687957763672
1748974545805,3.7592825317382816,-0.38934036254882814,8.360414428710937
1748974545873,3.7555403137207035,-0.4623884582519531,8.957522735595704
1748974545941,3.7893699645996097,-0.03861968994140625,8.875493316650392
1748974546006,4.071982269287109,-0.009131011962890626,9.631571044921875
1748974546073,3.7136274719238282,-0.076640625,8.810827789306641
1748974546142,3.5666331481933597,-0.11346405029296876,8.594677276611328
1748974546207,3.666325836181641,-0.11945159912109375,8.784781951904296
1748974546273,3.8922061157226566,-0.26300308227539065,8.955576782226563
1748974546342,3.9770796203613283,-0.2775228881835938,9.73620346069336
1748974546406,4.021088104248047,-0.06496490478515625,8.853938140869142
1748974546473,3.529959411621094,-0.09071136474609376,9.006920013427735
1748974546541,3.7649707031250004,-0.47990203857421876,8.218659210205079
1748974546607,3.7655694580078127,-0.45415557861328126,9.017847290039063
1748974546674,3.906127166748047,-0.14759307861328125,9.435778198242188
1748974546741,3.981719970703125,-0.049846343994140625,9.182055816650392
1748974546807,3.733536071777344,-0.16435821533203127,8.866511993408203
1748974546873,3.5796560668945316,-0.36015106201171876,8.858428802490234
1748974546942,3.454516296386719,-0.22782623291015627,8.875193939208986
1748974547006,3.6616854858398438,-0.12409194946289064,9.395960998535157
1748974547073,3.8073326110839845,-0.044756927490234376,9.066645812988282
1748974547140,3.63324462890625,-0.12708572387695313,8.964707794189454
1748974547207,3.852089538574219,-0.16046630859375,9.051377563476564
1748974547273,3.8052369689941408,-0.0089813232421875,9.017547912597657
1748974547342,3.7450621032714846,-0.013022918701171875,8.4639990234375
1748974547406,3.839365997314453,-0.25162673950195313,9.001531219482422
1748974547473,3.792064361572266,-0.3929328918457031,9.179960174560547
1748974547542,3.659440155029297,-0.33545242309570317,8.998238067626954
1748974547606,3.588936767578125,-0.5218148803710938,9.060957641601563
1748974547673,3.553759918212891,-0.37242553710937504,8.930728454589843
1748974547741,3.5054104614257815,-0.3008743286132813,9.1441845703125
1748974547806,3.6205210876464844,-0.31868728637695315,8.899892578125
1748974547873,3.6694692993164066,-0.30296997070312504,9.294771423339844
1748974547941,3.7652700805664066,-0.22902374267578127,8.843160552978516
1748974548006,3.6712655639648437,-0.23531066894531252,9.438472595214844
1748974548073,3.7745507812500003,-0.1627116394042969,8.516988830566406
1748974548142,3.5883380126953126,-0.2734812927246094,8.849746856689453
1748974548210,3.7284466552734377,-0.17483642578125,8.91141860961914
1748974548275,3.73383544921875,-0.09954299926757813,9.172176361083984
1748974548342,3.6815940856933596,-0.15058685302734376,9.402547302246095
1748974548406,3.610192565917969,-0.3146456909179688,9.007818145751953
1748974548473,3.503464508056641,-0.3159928894042969,8.966054992675781
1748974548542,3.457061004638672,-0.3339555358886719,9.008267211914063
1748974548607,3.6314483642578126,-0.44786865234375,9.282197570800781
1748974548673,3.6299514770507812,-0.47571075439453125,9.10436737060547
1748974548743,3.566932525634766,-0.6086343383789062,8.791817321777344
1748974548808,3.527714080810547,-0.6953041076660157,8.984317016601564
1748974548873,3.6986585998535157,-0.6126759338378907,8.967252502441406
1748974548942,3.705843658447266,-0.41508682250976564,9.378746795654298
1748974549007,3.586691436767578,-0.4135899353027344,8.590785369873048
1748974549074,3.374283142089844,-0.6682104492187501,9.229956207275391
1748974549141,3.5578015136718752,-0.4724176025390625,8.677904205322266
1748974549206,3.523672485351563,-0.45295806884765627,9.45838119506836
1748974549275,3.683090972900391,-0.24339385986328127,8.714278564453126
1748974549341,3.406915283203125,-0.468226318359375,9.097481689453126
1748974549405,3.7175193786621095,-0.3683839416503906,8.925189971923828
1748974549473,3.5853442382812504,-0.21674926757812502,9.445058898925781
1748974549541,3.6311489868164064,-0.12079879760742188,9.220226440429688
1748974549606,3.318149871826172,-0.4022135925292969,8.963210906982422
1748974549673,3.3726365661621096,-0.45954437255859376,8.644523620605469
1748974549741,3.4229319763183597,-0.3112028503417969,9.53068084716797
1748974549806,3.417243804931641,-0.11151809692382814,9.422306213378906
1748974549874,3.199596405029297,-0.3758683776855469,9.13415542602539
1748974549941,3.2052845764160156,-0.4278103637695313,9.033714294433594
1748974550007,3.1521450805664064,-0.3234773254394531,9.503587188720704
1748974550073,3.3094679260253907,-0.22528152465820314,9.027427368164062
1748974550142,3.0912217712402343,-0.32721954345703125,9.396410064697266
1748974550207,3.2611184692382813,-0.08577163696289063,8.972940673828125
1748974550273,2.8937823486328127,0.06556365966796876,9.191635894775391
1748974550342,4.268673248291016,0.7270381164550782,10.725945281982423
1748974550406,3.751648406982422,-0.93645263671875,8.245303802490234
1748974550473,4.406386871337891,0.2465373229980469,8.741222534179688
1748974550542,5.523214416503906,0.6658154296875001,11.058403930664063
1748974550606,4.9671208190917975,0.16839981079101562,8.578660583496093
1748974550673,6.676416320800781,-0.41448806762695317,3.1714549255371094
1748974550741,8.934620361328125,-0.051492919921875005,-0.6474037170410156
1748974550806,7.656428375244141,0.6367758178710938,2.4218138122558597
1748974550873,6.451883239746094,0.4149371337890625,12.831616516113282
1748974550942,6.45936767578125,0.43619293212890625,7.772137756347656
1748974551007,6.409072265625,0.35102005004882814,8.427175598144531
1748974551073,6.62222900390625,0.6261479187011719,8.263416137695312
1748974551141,5.911956024169922,1.3751902770996094,9.54699691772461
1748974551207,6.350543975830078,-0.0449066162109375,6.678661651611328
1748974551273,7.498357086181641,1.294508056640625,5.2031799316406255
1748974551343,5.484445037841797,-1.4841636657714845,5.7877143859863285
1748974551407,6.903194732666016,2.04295166015625,7.566166076660156
1748974551473,7.3163356018066406,0.7240443420410156,9.88229965209961
1748974551542,7.1684431457519535,0.5794450378417969,5.57365951538086
1748974551606,7.85371810913086,0.5888754272460938,4.337679748535156
1748974551673,6.9500473022460945,1.0683283996582031,6.460265808105469
1748974551741,6.551875305175781,0.8205935668945313,5.372926940917969
1748974551807,5.891448669433594,0.9892927551269531,8.168214111328126
1748974551873,6.230493621826172,1.324146423339844,8.342900848388672
1748974551942,6.76114013671875,1.0246192932128906,7.175628204345704
1748974552006,6.940616912841797,1.6774118041992188,7.095694427490235
1748974552073,6.857240295410157,1.9624191284179688,8.149652709960938
1748974552140,6.961124267578126,1.3428575134277345,6.844067687988281
1748974552207,6.940616912841797,1.3558804321289064,6.592740325927735
1748974552273,7.0627629089355475,1.2338841247558594,5.786217498779298
1748974552342,6.4711930847167976,2.4014561462402346,6.236331481933594
1748974552407,6.965614929199219,2.519410858154297,6.552474060058594
1748974552473,7.61376708984375,2.460882568359375,6.818470916748047
1748974552542,8.174351348876954,2.12917236328125,6.709347839355469
1748974552606,8.069868621826172,1.9558328247070313,6.517746276855469
1748974552673,7.139852600097656,2.149679718017578,6.288273468017579
1748974552743,7.166347503662109,2.0661534118652343,6.927593994140626
1748974552808,6.574178924560547,1.8604811096191407,6.228847045898438
1748974552873,6.485563201904297,2.489323425292969,7.410789184570313
1748974552942,7.662565612792969,1.43940673828125,3.9769299316406252
1748974553006,6.664141845703125,1.764979705810547,4.550986175537109
1748974553073,6.520590362548829,1.7610877990722658,8.103997650146486
1748974553142,7.185657348632813,1.9682569885253907,4.778213653564453
1748974553207,7.574099578857422,1.6016693115234375,6.1785516357421875
1748974553275,7.069199523925781,1.6482225036621094,5.855074310302735
1748974553342,7.77183837890625,2.0646565246582034,5.711073760986328
1748974553407,7.626939697265626,1.5811619567871094,4.966821441650391
1748974553475,7.614515533447266,1.4747332763671877,4.672383728027344
1748974553542,7.387737121582032,1.6567547607421875,4.8984136962890625
1748974553606,7.033124542236329,1.9270925903320313,6.075715484619141
1748974553673,7.573949890136719,1.4099180603027344,4.7292654418945315
1748974553742,8.411607971191406,2.5858726501464844,6.292764129638672
1748974553808,8.48076416015625,3.507506103515625,6.3213546752929695
1748974553873,9.25285858154297,3.5497183227539066,5.371729431152344
1748974553942,8.452023925781251,2.8261230468750003,5.063670043945312
1748974554007,7.556136932373048,2.0986358642578127,4.072880401611329
1748974554073,7.775730285644531,2.3209236145019534,4.362378387451172
1748974554142,7.760761413574219,2.888243865966797,4.790637817382812
1748974554206,8.118966522216798,2.851420440673828,5.470823364257813
1748974554273,8.130342864990235,2.6015899658203128,6.324498138427734
1748974554341,7.833210754394532,2.4183709716796877,5.834417266845703
1748974554406,7.368876342773438,2.535277862548828,5.645959167480469
1748974554473,7.266339569091797,2.582579498291016,5.303920440673829
1748974554542,7.287146301269532,2.488574981689453,5.9339602661132815
1748974554607,7.339986419677735,2.4399261474609375,6.745422821044922
1748974554673,7.1684431457519535,2.5224046325683593,6.3276416015625
1748974554742,7.367978210449219,2.6231451416015625,7.066804504394532
1748974554808,7.16155746459961,2.0504360961914063,6.949149169921875
1748974554875,6.908733215332032,2.1868025207519532,3.865262145996094
1748974554942,7.261399841308594,1.9628681945800783,4.612957305908203
1748974555007,5.591472473144531,1.4886543273925783,8.936865692138673
1748974555073,5.703289947509766,1.85853515625,8.359665985107423
1748974555142,5.836363220214844,2.0134629821777343,8.078101501464845
1748974555206,5.715714111328126,1.9791842651367189,7.674690399169922
1748974555273,5.4354968261718755,1.7161811828613283,8.753946075439453
1748974555343,5.556295623779297,1.6396902465820313,6.9376231384277345
1748974555408,5.966592407226563,1.751807098388672,8.30398178100586
1748974555474,6.730903015136719,1.7573455810546876,7.10602294921875
1748974555542,5.936954040527344,1.2519964599609377,7.4413256835937505
1748974555608,6.459966430664063,1.7423767089843751,7.190746765136719
1748974555673,6.393804016113282,1.517244873046875,6.718628540039063
1748974555742,6.180946655273438,1.6845968627929688,7.421866149902344
1748974555806,5.646557922363281,1.749412078857422,6.9994445800781255
1748974555873,5.058131561279297,1.498982849121094,8.50276840209961
1748974555941,5.737418975830078,1.2299922180175782,7.290439453125001
1748974556007,6.116430816650391,1.6346008300781252,7.2140982055664065
1748974556073,6.578070831298828,2.1028271484375,7.83889892578125
1748974556142,6.062991943359376,1.969604187011719,5.951922912597657
1748974556206,5.688470764160156,2.0437001037597655,8.654552764892578
1748974556273,6.111191711425781,1.9963984680175781,6.651118927001954
1748974556342,6.164181518554688,1.93278076171875,8.957522735595704
1748974556407,6.199508056640625,1.6956738281250001,6.95558578491211
1748974556473,6.103707275390625,1.6482225036621094,8.071066131591797
1748974556542,5.66422119140625,1.503772888183594,7.613018646240235
1748974556606,5.456303558349609,1.49688720703125,7.428153076171875
1748974556673,5.651347961425781,1.5560142517089846,7.755222930908204
1748974556742,6.198460235595704,1.450034637451172,7.314689025878907
1748974556806,6.056705017089844,1.409319305419922,7.430099029541016
1748974556873,6.135890350341797,1.4979350280761718,7.843988342285157
1748974556943,5.750591583251953,1.5000306701660158,6.980883178710938
1748974557006,5.516927490234376,1.736239471435547,7.019353179931641
1748974557072,5.770200805664063,1.9405645751953127,7.703879699707032
1748974557140,5.827232208251953,1.9473005676269532,7.044949951171875
1748974557206,6.274651794433594,1.7335450744628906,8.479866027832031
1748974557273,6.64138916015625,1.7089961242675782,7.809559936523438
1748974557342,6.401138763427735,1.4816189575195313,6.429280242919922
1748974557407,5.8969871520996096,1.5334112548828125,8.516689453125
1748974557473,5.8968374633789065,1.9080821228027345,5.815406799316406
1748974557542,5.609435119628906,1.761387176513672,9.099128265380859
1748974557606,6.035299530029297,1.554217987060547,6.869215393066407
1748974557673,5.916596374511719,1.6199313354492189,8.53345458984375
1748974557742,6.165079650878907,1.6375946044921876,6.750512237548828
1748974557808,5.864953765869141,1.5744259643554688,6.923552398681641
1748974557873,5.94009750366211,1.9513421630859376,7.942184143066407
1748974557942,6.061944122314453,1.886077880859375,7.40345443725586
1748974558007,5.809269561767579,1.1879296875,7.207960968017579
1748974558073,6.088439025878906,1.7658778381347657,7.92317367553711
1748974558142,6.208788757324219,1.7971627807617188,7.6687028503417976
1748974558208,6.343957672119141,1.5753240966796875,6.996151428222657
1748974558273,6.124364318847657,1.6006214904785157,8.424032135009766
1748974558342,6.206543426513672,1.687291259765625,6.354286193847656
1748974558407,6.104006652832031,1.7823435974121096,8.176896057128907
1748974558473,5.986351318359375,1.7507592773437501,6.456822967529297
1748974558542,6.12451400756836,1.7884808349609376,8.551566925048828
1748974558608,5.630840606689453,1.7286053466796876,7.214547271728516
1748974558673,5.55928939819336,1.7720150756835937,8.575966186523438
1748974558743,5.2355126953125,1.7658778381347657,7.752528533935547
1748974558807,5.177732849121094,1.8336868286132812,8.602610778808595
1748974558874,5.154830474853516,1.6989669799804688,7.561974792480469
1748974558942,4.8349456787109375,1.7118402099609376,8.375682678222656
1748974559006,5.5042039489746095,1.5691868591308595,7.722141723632813
1748974559074,5.0868717956542975,1.572030944824219,8.383915557861329
1748974559142,5.16650619506836,1.5346087646484377,8.101153564453126
1748974559210,5.172194366455078,1.816472625732422,8.466094665527343
1748974559274,5.104684753417969,1.5015275573730469,7.810907135009766
1748974559342,5.038821716308594,1.217867431640625,8.061486053466798
1748974559407,5.078788604736328,1.0683283996582031,7.708819427490234
1748974559473,5.367388458251954,1.6777111816406252,8.670270080566407
1748974559542,6.157146148681641,1.3660592651367187,8.048762512207032
1748974559607,5.922284545898438,1.3843212890625,8.162825317382813
1748974559673,5.991889801025391,1.1252101135253907,8.208180999755859
1748974559742,5.952521667480469,0.7147636413574219,6.5098127746582035
1748974559807,6.123615875244141,0.9023236083984375,7.373067626953126
1748974559873,5.267995147705078,1.3810281372070312,7.344926147460938
1748974559942,4.981790313720704,1.1478131103515625,7.361242218017579
1748974560007,6.049969024658203,1.0292596435546875,8.424930267333984
1748974560073,6.131549377441407,1.1988569641113282,7.415878601074219
1748974560143,4.900509338378907,1.342408447265625,9.655670928955079
1748974560208,6.077362060546875,1.648671569824219,7.709418182373048
1748974560273,6.9147207641601565,1.3717474365234377,9.533824310302736
1748974560341,5.706134033203125,0.12094848632812501,5.165907440185547
1748974560406,7.323820037841797,1.4301260375976563,3.422333221435547
1748974560473,7.311695251464844,1.1639794921875,8.15459243774414
1748974560541,8.547225952148438,1.5690371704101562,5.251978454589844
1748974560606,8.788075103759766,1.5983761596679689,6.323749694824219
1748974560673,7.7356137084960945,1.3488450622558594,5.342540130615235
1748974560741,7.312443695068359,1.6374449157714845,5.311255187988282
1748974560807,7.376510467529298,0.9554631042480469,5.784870300292969
1748974560873,8.073012084960938,1.3488450622558594,7.222929840087891
1748974560942,7.951614532470703,1.0246192932128906,6.727160797119141
1748974561008,8.866062927246094,0.8378077697753906,2.725232849121094
1748974561074,8.947942657470703,1.521885223388672,3.5392401123046877
1748974561142,7.916138305664063,0.6767427062988282,4.119134216308594
1748974561208,8.659342803955079,0.9012757873535157,3.2623159790039065
1748974561273,8.73179214477539,1.4627581787109376,5.399571533203125
1748974561342,9.128916320800782,1.7958155822753907,2.057022399902344
1748974561407,9.524693298339844,1.2073892211914063,3.458258514404297
1748974561472,9.35105438232422,1.1349398803710937,2.5231530761718752
1748974561541,7.411687316894532,0.8000862121582032,1.8790425109863282
1748974561606,9.099876708984375,0.540076904296875,6.144871673583984
1748974561673,7.702682189941407,1.3760884094238282,5.250930633544922
1748974561742,9.086853790283204,1.375938720703125,5.456004180908203
1748974561806,7.7830650329589846,0.9526190185546876,5.680986328125
1748974561873,8.218210144042969,0.8987310791015626,4.585863647460938
1748974561943,7.95430892944336,1.2136761474609377,4.755460968017578
1748974562006,8.800349578857423,1.3307327270507814,5.049748992919922
1748974562073,7.895481262207031,1.5569123840332033,5.1009425354003906
1748974562140,9.040899353027344,1.1514056396484376,5.396577758789062
1748974562206,8.120014343261719,0.9154962158203126,5.08462646484375
1748974562273,7.990084533691407,1.3096266174316407,4.54335205078125
1748974562342,8.565787353515626,1.9525396728515625,5.7348742675781255
1748974562407,8.159382476806641,1.3904585266113283,3.9576200866699223
1748974562473,8.608897705078125,0.7283853149414062,6.299949188232422
1748974562542,8.354426879882812,1.1491603088378908,4.847818908691407
1748974562607,8.571176147460937,1.3295352172851562,5.068460083007813
1748974562673,8.60575424194336,1.4792239379882812,4.19412826538086
1748974562742,8.195008392333985,1.4432986450195313,4.642745361328125
1748974562808,9.065897369384766,0.9159452819824219,4.8033613586425785
1748974562873,7.893834686279297,1.2166699218750001,4.349205780029297
1748974562942,8.392896881103516,1.2162208557128906,4.475093994140625
1748974563007,8.664432220458984,0.9023236083984375,6.300847320556641
1748974563073,7.894583129882813,1.3094769287109376,3.7919146728515627
1748974563143,8.378826141357422,1.349593505859375,5.92288330078125
1748974563207,8.04097869873047,1.5976277160644532,5.22159164428711
1748974563274,8.624165954589845,1.3268408203125002,5.1684521484375
1748974563342,8.187374267578125,1.045276336669922,4.93418930053711
1748974563408,8.379424896240234,1.450184326171875,5.012027435302735
1748974563473,7.8939843750000005,2.0642074584960937,5.03193603515625
1748974563542,7.566016387939453,2.0877085876464845,5.449866943359376
1748974563608,7.883057098388672,1.736239471435547,5.839356994628907
1748974563673,7.924071807861329,1.3192066955566406,6.179150390625001
1748974563742,7.943531341552735,1.3946498107910157,6.241570587158203
1748974563808,7.925718383789063,1.5883470153808594,6.170917510986328
1748974563873,7.0609666442871095,1.5874488830566407,5.546266479492187
1748974563942,7.0168084716796875,1.3750405883789063,5.445675659179688
1748974564007,7.107370147705079,1.302740936279297,5.882617034912109
1748974564073,7.629185028076172,1.8434165954589845,6.318061523437501
1748974564142,8.10908706665039,1.279090118408203,6.918462982177735
1748974564207,7.712711334228516,1.4913487243652344,6.370153198242188
1748974564273,7.249724121093751,0.8708889770507813,6.204447784423828
1748974564342,6.790928192138672,1.0253677368164062,5.514233093261719
1748974564407,6.577621765136719,0.6734495544433594,5.457800445556641
1748974564472,7.792046356201173,0.48798522949218753,6.69407958984375
1748974564542,8.147257690429688,1.1153306579589843,5.9956320190429695
1748974564607,7.850574645996094,0.8113128662109376,6.400240631103516
1748974564673,8.138126678466797,0.6899153137207031,6.380481719970703
1748974564742,7.5059912109375,0.4646337890625,4.768184509277344
1748974564808,7.095395050048828,0.7556286621093751,5.355862426757813
1748974564873,7.942633209228516,0.35700759887695316,4.827760620117187
1748974564942,7.940088500976563,0.8719367980957031,5.370980987548829
1748974565007,7.912845153808594,0.988993377685547,5.862409057617188
1748974565074,7.2616992187500005,1.278790740966797,6.621181182861329
1748974565142,7.437583465576172,1.1952644348144532,5.737718353271485
1748974565208,7.580985260009766,1.414259033203125,5.377716979980469
1748974565273,6.945706329345703,1.3778846740722657,6.247558135986329
1748974565342,7.83889892578125,1.4660513305664062,6.332132263183594
1748974565408,8.016429748535156,1.6350498962402344,4.834047546386719
1748974565473,8.057893524169922,1.5323634338378906,6.0043139648437505
1748974565542,8.318202209472657,1.2335847473144532,5.904920654296875
1748974565608,7.74354721069336,1.5563136291503907,5.454357604980469
1748974565673,7.748636627197266,1.1382330322265626,5.580994262695313
1748974565743,7.579488372802735,2.056124267578125,6.55322250366211
1748974565808,7.3533087158203125,1.3021421813964844,4.601880340576172
1748974565873,7.3022648620605475,1.2638218688964844,6.048322448730469
1748974565942,7.986641693115235,1.3151651000976563,5.719905395507813
1748974566008,7.958949279785156,1.3127700805664062,5.2894006347656255
1748974566073,8.365204467773438,1.1073971557617188,6.301446075439453
1748974566142,7.512278137207032,1.387764129638672,5.250032501220703
1748974566206,7.7423497009277344,1.1057505798339844,5.9516235351562505
1748974566273,7.320227508544923,1.4636563110351564,4.743336181640625
1748974566342,8.513995056152345,1.1814930725097657,7.351961517333985
1748974566407,7.8817098999023445,1.3451028442382813,4.747527465820313
1748974566473,8.019872589111328,0.9213340759277344,6.5150518798828125
1748974566542,7.78620849609375,1.2159214782714844,4.546495513916016
1748974566606,7.749085693359375,1.8250048828125,6.07421859741211
1748974566674,7.549101562500001,1.5349081420898438,5.367238769531251
1748974566742,8.445138244628907,1.2789404296875,5.469326477050782
1748974566807,8.240962829589844,1.6305592346191407,6.412365417480469
1748974566874,7.2599029541015625,1.466949462890625,5.0638197326660155
1748974566943,8.225245513916017,1.259630584716797,6.580615539550782
1748974567006,7.251819763183594,1.1602372741699218,4.453089752197266
1748974567073,7.334298248291016,1.1413764953613281,6.4809228515625
1748974567140,7.7619589233398445,1.2719050598144532,5.1678533935546875
1748974567207,8.481662292480468,1.409319305419922,6.182892608642579
1748974567273,7.169191589355469,1.3774356079101564,5.3563114929199225
1748974567343,8.137228546142579,1.1895762634277345,6.383774871826172
1748974567407,7.579488372802735,1.033450927734375,5.153333587646484
1748974567473,7.563022613525391,1.1994557189941406,6.260131988525391
1748974567542,7.6438545227050785,0.9454339599609376,4.920867004394531
1748974567607,8.109236755371095,1.4082714843750002,6.242618408203126
1748974567673,8.347690887451172,1.0475216674804688,5.1941986083984375
1748974567742,7.985294494628906,1.3260923767089845,5.194348297119141
1748974567808,8.314010925292969,1.4988331604003906,6.902146911621094
1748974567873,7.230264587402344,1.2123289489746094,4.866380310058594
1748974567944,8.62925537109375,0.7833210754394532,6.100414123535157
1748974568008,7.327113189697266,1.2132270812988282,5.163662109375
1748974568073,8.365204467773438,1.2258009338378908,7.0461474609375
1748974568142,7.325616302490235,0.9624984741210938,3.6256105041503908
1748974568207,7.554190979003907,1.2973521423339844,5.718408508300781
1748974568273,7.911198577880859,0.9587562561035157,5.755830688476562
1748974568342,8.380772094726563,1.0066566467285156,6.136938171386719
1748974568407,7.682773590087891,1.1338920593261719,6.666686553955079
1748974568473,7.242239685058594,0.7746391296386719,5.251978454589844
1748974568542,6.7071025085449225,0.9994715881347657,5.395829315185547
1748974568607,6.814728698730469,0.9500743103027344,6.59154281616211
1748974568673,7.40345443725586,1.5796650695800782,5.704038391113282
1748974568742,7.455695800781251,1.4724879455566406,7.643704833984375
1748974568809,7.3708222961425784,0.9924362182617188,6.56519760131836
1748974568874,7.9680802917480476,1.384021911621094,5.625002746582031
1748974568942,6.617588653564454,1.2617262268066407,6.302044830322266
1748974569006,6.8618806457519534,0.9848020935058595,6.2843815612792975
1748974569073,7.049141235351563,0.9657916259765625,6.063590698242188
1748974569143,7.732470245361329,1.5272740173339845,6.465205535888672
1748974569209,7.764952697753906,1.3211526489257812,6.01913314819336
1748974569273,7.833809509277344,0.9617500305175781,7.108118591308594
1748974569342,6.990912322998048,1.0660830688476564,6.405180358886719
1748974569407,6.799909515380859,0.939895477294922,6.606811065673829
1748974569472,7.155270538330078,1.1597882080078126,5.6432647705078125
1748974569542,7.675887908935548,1.044228515625,6.314618682861329
1748974569607,7.78905258178711,1.2671150207519533,6.698420562744141
1748974569673,7.846233673095703,1.3467494201660157,6.563850402832031
1748974569742,6.861281890869141,1.213077392578125,6.129603424072266
1748974569806,6.8021548461914065,0.6289920043945313,6.088289337158203
1748974569873,7.122189331054688,0.7143145751953125,6.1769050598144535
1748974569943,7.737859039306641,1.2539424133300783,6.517147521972657
1748974570008,7.912695465087891,1.337618408203125,7.014862518310547
1748974570073,7.283404083251954,1.1472143554687502,5.913153533935547
1748974570142,6.482868804931641,0.7012916564941407,6.010900268554688
1748974570208,7.291487274169922,1.0455757141113282,6.766678619384766
1748974570273,6.994355163574219,1.1443702697753906,5.559139709472657
1748974570342,7.204368438720704,1.3186079406738282,6.509214019775391
1748974570408,7.668852539062501,1.4600637817382813,7.038213958740235
1748974570472,6.893315277099609,1.3189073181152344,6.0378442382812505
1748974570542,7.329657897949219,1.517244873046875,7.425159301757813
1748974570607,6.769073638916016,1.6971707153320312,5.805826721191407
1748974570673,7.517517242431641,1.4109658813476562,7.366930389404297
1748974570742,7.245532836914063,1.359023895263672,5.672304382324219
1748974570807,7.090754699707031,1.3138179016113283,6.402036895751953
1748974570873,7.0239935302734375,1.509910125732422,7.342231750488281
1748974570942,7.374564514160157,1.8193167114257813,6.075865173339844
1748974571006,6.968309326171875,1.354383544921875,5.784720611572266
1748974571073,7.6332266235351565,1.2025991821289064,6.252048797607422
1748974571142,7.298522644042969,1.1708651733398439,5.5199212646484375
1748974571207,7.608078918457031,0.8705895996093751,5.998027038574219
1748974571273,6.958280181884766,1.2998968505859376,7.165449371337891
1748974571341,6.744674377441407,1.3398637390136718,5.109325103759766
1748974571406,6.901548156738282,0.846639404296875,7.262297973632813
1748974571472,7.359745330810547,0.6104306030273438,5.547613677978516
1748974571541,7.123686218261719,0.9669891357421876,6.516997833251954
1748974571606,7.252867584228516,1.448837127685547,6.5433430480957036
1748974571673,7.6809773254394536,1.2521461486816408,6.729555816650391
1748974571743,8.05729476928711,0.937500457763672,6.2120819091796875
1748974571806,6.773115234375,1.0318043518066407,6.414910125732423
1748974571873,7.4043525695800785,0.7658074951171875,6.528224487304688
1748974571939,6.658902740478516,0.8345146179199219,5.330864410400391
1748974572006,7.630232849121094,1.0237211608886718,7.223378906250001
1748974572073,7.343429260253907,2.0290306091308596,5.825435943603516
1748974572140,8.010292510986329,1.5796650695800782,6.61309799194336
1748974572206,7.417974243164063,1.4724879455566406,7.042105865478516
1748974572273,7.445516967773438,1.0794053649902344,6.7545538330078125
1748974572342,6.438860321044922,1.1317964172363282,5.440137176513672
1748974572407,7.498207397460938,0.7882608032226562,6.869215393066407
1748974572473,7.364235992431641,1.129102020263672,6.371799774169922
1748974572542,7.847580871582031,1.3669573974609375,7.049141235351563
1748974572606,7.364086303710938,1.3118719482421877,6.659651184082032
1748974572673,8.06687484741211,1.609303436279297,7.680528259277344
1748974572742,7.739804992675782,1.5630496215820313,6.561605072021485
1748974572808,8.95303207397461,0.91729248046875,-1.478924560546875
1748974572874,5.987698516845703,0.22423370361328127,14.805262298583985
1748974572943,5.992638244628907,1.2855267333984375,7.667655029296875
1748974573008,6.92445053100586,1.1852352905273438,7.677983551025391
1748974573073,6.961273956298829,1.4769786071777344,7.131619720458985
1748974573142,6.782994689941407,1.0982661437988281,5.129533081054688
1748974573208,6.2560903930664065,1.6205300903320314,9.442663879394532
1748974573273,6.824308776855469,1.687141571044922,5.853128356933594
1748974573342,6.208938446044923,0.5836363220214844,7.808811492919922
1748974573406,6.757697296142578,1.2204121398925782,10.93850326538086
1748974573472,7.016209716796875,1.3736933898925783,5.613177337646484
1748974573542,6.921157379150391,-0.019609222412109377,5.691314849853516
1748974573608,6.7545538330078125,0.36823425292968753,7.97346908569336
1748974573674,7.280559997558594,0.9611512756347657,4.656666412353516
1748974573742,7.9731697082519535,0.9924362182617188,8.117020568847657
1748974573808,7.939190368652344,1.6476237487792968,10.824290771484376
1748974573874,7.062014465332032,1.511107635498047,5.375172271728516
1748974573943,6.381679229736329,1.0722203063964844,4.007915496826172
1748974574009,6.704408111572266,0.16001724243164064,5.534590759277344
1748974574073,6.493496704101563,0.7866142272949219,5.4320539855957035
1748974574142,8.557404785156251,1.6459771728515626,7.528594207763672
1748974574207,7.765850830078126,2.4924668884277343,9.064550170898437
1748974574273,7.794141998291016,1.6905844116210937,7.566615142822266
1748974574342,5.970334625244141,1.4268328857421875,7.204817504882813
1748974574407,5.807622985839844,1.744771728515625,4.875211944580078
1748974574472,4.788691864013672,2.0939955139160156,4.923711090087891
1748974574542,6.613547058105469,1.332678680419922,11.053314514160157
1748974574606,5.301076354980469,2.4971072387695314,9.746232604980468
1748974574673,5.209017791748047,1.677561492919922,9.79173797607422
1748974574747,4.867428131103516,1.7947677612304689,9.437424774169923
1748974574806,3.5691778564453127,1.2005035400390625,6.879244537353516
1748974574873,3.5974690246582033,1.004710693359375,7.099586334228516
1748974574943,3.569477233886719,1.4277310180664062,10.560838623046875
1748974575007,4.9530500793457035,1.3585748291015625,8.13917449951172
1748974575073,4.582869873046875,1.526824951171875,10.027048645019532
1748974575144,4.008963317871094,1.332678680419922,8.67281478881836
1748974575208,3.743265838623047,0.7372169494628906,9.081165618896485
1748974575273,3.5254687500000004,0.17812957763671877,7.261549530029297
1748974575343,4.201612701416016,1.0222242736816407,9.790690155029298
1748974575408,4.221221923828125,1.7021104431152345,9.012757873535156
1748974575472,3.9707926940917972,1.1382330322265626,9.949060821533203
1748974575543,2.947670288085938,0.47451324462890626,3.5515145874023437
1748974575608,2.8358528137207033,0.3261717224121094,5.833968200683594
1748974575673,1.9353254699707032,0.2567161560058594,8.762029266357422
1748974575742,1.7215699768066408,0.7547305297851563,8.994495849609375
1748974575809,1.5501763916015625,0.28455825805664064,10.75214080810547
1748974575874,2.458487548828125,0.5932164001464844,10.058333587646485
1748974575943,1.4551240539550783,0.0718505859375,10.142608337402343
1748974576008,1.8769468688964845,0.5246589660644532,8.532706146240235
1748974576073,1.388961639404297,0.1742376708984375,9.004674682617187
1748974576142,1.462009735107422,0.4842430114746094,8.026309204101564
1748974576208,2.1411474609375003,1.155596923828125,10.580447845458984
1748974576273,1.8971548461914063,0.9795629882812501,10.184371490478517
1748974576342,2.395169219970703,0.8062234497070313,10.627749481201173
1748974576406,1.7161811828613283,0.27422973632812503,9.822573852539064
1748974576474,1.2546908569335937,0.08666976928710939,9.310039672851563
1748974576541,1.153201904296875,-0.3754193115234375,8.872948608398438
1748974576606,1.3425581359863281,0.35745666503906254,8.90273666381836
1748974576673,1.4650035095214844,0.18097366333007814,9.46796127319336
1748974576743,1.7287550354003907,0.6688092041015625,10.089319152832031
1748974576809,2.09564208984375,0.27258316040039066,9.57289306640625
1748974576873,1.8628761291503908,-0.19953506469726565,10.292446746826172
1748974576944,1.9655625915527344,-0.45265869140625004,9.16708694458008
1748974577006,2.063309326171875,0.1772314453125,9.382039947509766
1748974577073,2.2351519775390627,0.32721954345703125,9.215286712646485
1748974577141,2.242486724853516,0.257464599609375,9.229956207275391
1748974577206,2.4264541625976563,0.22647903442382813,9.808952178955078
1748974577273,2.2014720153808596,0.05942642211914063,9.623338165283204
1748974577342,2.288141784667969,0.19594253540039064,10.173893280029297
1748974577406,2.099384307861328,0.045056304931640624,8.877139892578125
1748974577473,2.059716796875,0.22019210815429688,9.05556884765625
1748974577542,2.4348367309570316,0.31719039916992187,9.261390838623047
1748974577606,1.9223025512695313,0.03861968994140625,9.167685699462892
1748974577673,2.07169189453125,0.037721557617187505,9.625284118652344
1748974577748,2.373164978027344,0.17004638671875,10.397378540039062
1748974577809,2.052681427001953,-0.094603271484375,9.442963256835938
1748974577873,2.2146446228027346,-0.23396347045898438,9.034313049316406
1748974577942,2.2013223266601565,0.2938389587402344,9.172625427246095
1748974578008,1.9836749267578127,-0.32048355102539067,9.306297454833985
1748974578073,2.209106140136719,-0.41613464355468754,10.917995910644532
1748974578142,2.2677841186523438,0.29309051513671874,8.038284301757812
1748974578206,2.033521270751953,0.36015106201171876,11.576626281738282
1748974578273,2.0408560180664064,-0.5361849975585937,9.306297454833985
1748974578342,2.72792724609375,0.6198609924316406,9.514215087890625
1748974578408,1.4840139770507814,-0.08816665649414063,8.57267303466797
1748974578473,2.6873616027832035,0.42526565551757817,8.69960906982422
1748974578542,2.1118084716796877,0.1167572021484375,10.900931396484376
1748974578606,2.600691833496094,0.29114456176757814,7.864196319580079
1748974578673,2.400857391357422,0.16660354614257813,9.805359649658204
1748974578742,1.945953369140625,-0.12109817504882812,11.100765838623047
1748974578806,2.5860223388671875,0.7020401000976563,7.783214721679688
1748974578873,1.8817369079589845,-0.24384292602539065,9.96328125
1748974578942,1.8001565551757814,0.29683273315429687,8.92474090576172
1748974579006,2.2867945861816406,-0.020507354736328125,9.378896484375
1748974579073,2.0411553955078126,0.7153623962402345,9.913135528564453
1748974579142,2.186503143310547,0.5188211059570312,9.948162689208985
1748974579208,2.2135968017578125,0.09265731811523438,9.704619140625
1748974579273,2.1872515869140625,0.0077838134765625,9.147178344726562
1748974579343,1.9354751586914063,0.21615051269531252,8.857830047607422
1748974579407,2.1173469543457033,-0.027093658447265627,9.460925903320312
1748974579474,2.3736140441894533,0.1023870849609375,9.551038513183594
1748974579542,1.8579364013671875,0.3483256530761719,9.305998077392578
1748974579606,2.250120849609375,0.3403921508789063,9.442663879394532
1748974579673,2.1772224426269533,0.5266049194335938,9.97046630859375
1748974579743,2.0935464477539063,0.28216323852539066,10.193203125
1748974579808,2.1031265258789062,-0.11032058715820313,8.877439270019531
1748974579873,1.9487974548339844,-0.3070115661621094,8.132139129638672
1748974579942,2.3046075439453126,-0.2219883728027344,10.239756317138673
1748974580007,2.3966661071777344,0.33171020507812504,9.004225616455079
1748974580073,2.1035755920410155,-0.1926493835449219,10.601853332519532
1748974580142,2.3749612426757816,0.42885818481445315,9.632918243408204
1748974580206,2.387684783935547,-0.11002120971679688,10.053842926025391
1748974580273,1.9318826293945313,-0.16600479125976564,8.194559326171875
1748974580343,2.0609143066406252,-0.04266128540039063,8.921747131347656
1748974580406,1.9393670654296875,0.12678634643554687,9.407187652587892
1748974580473,2.422262878417969,0.4528083801269531,10.272538146972657
1748974580542,2.0972886657714844,0.082628173828125,9.315578155517578
1748974580606,2.2731729125976563,0.056282958984375006,10.470875701904298
1748974580673,2.1742286682128906,0.2285746765136719,9.208101654052735
1748974580742,1.9847227478027345,0.31674133300781254,8.906927947998048
1748974580807,1.6795074462890627,-0.05882766723632813,8.729097747802735
1748974580873,2.2228775024414062,0.0556842041015625,10.237810363769531
1748974580942,2.2781126403808596,0.3305126953125,9.8243701171875
1748974581006,1.8157241821289063,-0.13980926513671876,9.654473419189454
1748974581073,2.0565733337402343,0.039966888427734375,8.908125457763672
1748974581142,2.2546115112304688,-0.48094985961914066,9.52589080810547
1748974581206,2.1444406127929687,0.06586303710937501,9.035660247802735
1748974581273,1.9318826293945313,-0.08038284301757813,8.681347045898438
1748974581342,1.440454559326172,-0.124541015625,9.568701782226563
1748974581406,2.125729522705078,0.22153930664062502,10.5524560546875
1748974581473,1.966161346435547,0.12289443969726563,10.0063916015625
1748974581542,1.2482542419433595,-0.39158569335937504,9.211544494628907
1748974581607,1.7670753479003907,0.030237121582031252,9.122779083251954
1748974581673,1.3992901611328126,0.3884422302246094,9.355095977783204
1748974581742,1.5187417602539064,0.4680766296386719,9.661209411621094
1748974581806,1.7453704833984376,0.34084121704101566,9.58771224975586
1748974581873,1.1594888305664064,0.2267784118652344,10.133028259277344
1748974581946,1.8723065185546877,-0.14564712524414064,10.13048355102539
1748974582006,1.4355148315429689,-0.13546829223632814,8.997639312744141
1748974582073,1.53999755859375,-0.36658767700195316,9.257349243164063
1748974582140,1.5214361572265627,-0.18082397460937502,9.14373550415039
1748974582207,1.8208135986328127,-0.1932481384277344,10.286010131835939
1748974582273,1.8866766357421876,0.028740234375,10.534643096923828
1748974582347,1.4935940551757814,0.021106109619140626,9.770631866455078
1748974582407,2.0281324768066407,-0.6161187744140625,9.300459594726563
1748974582473,1.7244140625000002,-0.7229965209960938,9.27875473022461
1748974582542,2.241588592529297,-0.5463638305664062,9.032816162109375
1748974582606,2.1375549316406253,-0.8530760192871094,9.205556945800781
1748974582673,2.500250701904297,-0.4685256958007813,9.642498321533203
1748974582743,2.576891326904297,-0.4806504821777344,9.293124847412109
1748974582811,2.3311024475097657,-0.6391708374023438,10.027647399902344
1748974582873,2.1487815856933596,-0.8123606872558594,9.451046447753907
1748974582943,2.273921356201172,-0.8415499877929687,9.349108428955079
1748974583008,2.3766078186035156,-0.8092172241210938,8.817414093017579
1748974583073,2.1535716247558594,-0.7358697509765625,9.020541687011718
1748974583143,2.193688201904297,-0.5605842590332032,9.756710815429688
1748974583207,2.527643737792969,-0.59156982421875,10.294093322753907
1748974583273,2.4267535400390625,-0.3330574035644531,9.121282196044922
1748974583343,2.1019290161132815,-0.7226971435546875,9.029523010253907
1748974583406,2.1909938049316406,-0.5505551147460938,9.102571105957031
1748974583472,2.367327117919922,-0.7453001403808595,9.319170684814454
1748974583542,2.515069885253906,-0.5990542602539063,9.580976257324219
1748974583606,2.3340962219238284,-0.6336323547363282,9.821376342773439
1748974583673,2.439177703857422,-0.5631289672851563,9.829160156250001
1748974583742,2.3969654846191406,-0.7381150817871094,8.857380981445313
1748974583817,2.0115170288085937,-0.3565585327148438,9.309740295410156
1748974583873,2.2531146240234374,-0.26599685668945316,8.666378173828125
1748974583943,2.049537963867188,-0.21555175781250002,11.208541717529297
1748974584008,2.9963191223144534,0.6441105651855469,8.609346771240235
1748974584073,2.1621038818359377,-0.6420149230957032,10.362201690673828
1748974584143,2.4613316345214846,-0.8292755126953125,8.560248870849609
1748974584208,2.0448976135253907,-0.6462062072753907,8.77490249633789
1748974584273,2.442770233154297,-0.5454656982421875,8.57506805419922
1748974584342,2.661615142822266,-0.6902146911621094,10.626102905273438
1748974584406,2.793640594482422,-0.11241622924804688,8.750503234863281
1748974584472,2.914439392089844,-0.5873785400390625,11.047476654052735
1748974584543,2.914289703369141,0.0622705078125,9.224417724609376
1748974584606,2.6096731567382814,-0.53408935546875,8.543034667968751
1748974584673,1.7543518066406252,-0.7487429809570313,9.144933013916017
1748974584743,2.828368377685547,-0.7286846923828125,9.105714569091797
1748974584806,2.647544403076172,-0.4070036315917969,9.862091674804688
1748974584873,2.9463230895996095,-0.3725752258300781,13.58260482788086
1748974584944,2.5080345153808596,-0.8074209594726562,8.333470458984376
1748974585006,1.8209632873535158,-0.5900729370117188,9.309291229248048
1748974585073,2.659519500732422,0.013471984863281251,9.336384887695313
1748974585143,1.2024494934082033,-0.3192860412597656,10.11790969848633
1748974585206,0.2644999694824219,-0.5848338317871095,9.816885681152344
1748974585273,2.2097048950195313,0.7241940307617187,9.049581298828125
1748974585343,2.011666717529297,0.5053491210937501,9.411079559326172
1748974585406,0.583187255859375,0.09580078125000001,9.48622329711914
1748974585472,0.6950047302246094,0.20881576538085939,10.327473907470704
1748974585543,1.1419752502441407,0.4537065124511719,9.956245880126954
1748974585606,1.4397061157226563,0.4673281860351563,9.794282684326172
1748974585673,0.5471122741699219,-0.036374359130859374,9.093290405273438
1748974585742,-0.48020141601562505,-0.04460723876953125,9.52499267578125
1748974585806,0.7216493225097657,0.39577697753906255,9.822573852539064
1748974585873,0.18561401367187502,0.47496231079101564,10.460397491455078
1748974585942,0.5686674499511719,0.2375559997558594,9.551637268066406
1748974586006,0.5944139099121094,0.29069549560546876,9.93499008178711
1748974586073,0.5155279541015625,0.2817141723632813,8.81651596069336
1748974586142,0.3147953796386719,0.041164398193359375,9.657317504882814
1748974586206,0.5493576049804688,0.021405487060546877,9.821226654052735
1748974586273,0.6161187744140625,0.4520599365234375,10.504405975341797
1748974586342,0.5349874877929688,0.5912704467773438,9.640103302001954
1748974586406,0.6089337158203125,0.6093827819824219,9.04733596801758
1748974586473,0.4550537109375,0.8623567199707032,10.057435455322267
1748974586542,0.4698728942871094,0.6924600219726563,9.41916275024414
1748974586607,0.31748977661132816,0.11032058715820313,10.459349670410157
1748974586673,0.6780899047851563,0.465831298828125,9.79607894897461
1748974586747,0.36539016723632817,0.8361611938476563,9.854906616210938
1748974586806,0.7860154724121095,0.45101211547851566,9.54609878540039
1748974586873,0.5710624694824219,0.1627116394042969,8.784332885742188
1748974586958,0.5634283447265626,0.204774169921875,9.775870971679687
1748974587006,0.7695497131347656,-0.24548950195312502,9.16424285888672
1748974587073,0.22483245849609376,-0.39772293090820315,11.172167358398438
1748974587140,0.6001020812988281,0.7002438354492188,9.950707397460938
1748974587206,-0.02185455322265625,0.888402557373047,9.515262908935547
1748974587273,0.6834786987304687,0.3296145629882813,8.55396194458008
1748974587342,0.33799713134765624,0.2938389587402344,9.272018737792969
1748974587406,0.40236328125000004,-0.08846603393554688,9.622889099121094
1748974587472,0.43888732910156253,0.06825805664062501,10.184221801757813
1748974587543,0.6448590087890625,0.2854563903808594,10.66113006591797
1748974587607,0.49517028808593755,0.6048921203613281,10.564580841064453
1748974587673,0.5454656982421875,-0.17962646484375,8.726553039550781
1748974587749,-0.13022918701171876,-0.0700543212890625,9.048683166503906
1748974587807,-0.27991790771484376,0.3920347595214844,9.69309310913086
1748974587873,0.6911128234863282,0.2571652221679688,8.625962219238282
1748974587942,0.14594650268554688,-0.13247451782226563,11.563154296875
1748974588006,0.2950364685058594,0.9885443115234376,9.03161865234375
1748974588073,0.07319778442382813,-0.03817062377929688,11.335328063964845
1748974588142,0.8732839965820313,-0.7851173400878907,8.281079406738282
1748974588206,0.08562194824218751,-0.6273454284667969,10.504855041503907
1748974588273,0.5361849975585937,-0.1191522216796875,9.238338775634766
1748974588343,1.1190728759765625,-0.22752685546875,7.211703186035157
1748974588408,0.11990066528320313,-0.9039701843261719,11.755354614257813
1748974588472,0.9145980834960938,0.14519805908203126,9.016649780273438
1748974588543,-0.6285429382324219,-0.228724365234375,10.633287963867188
1748974588607,0.9051676940917969,-0.28380981445312503,9.689650268554688
1748974588673,0.15627502441406252,-0.13546829223632814,10.571765899658203
1748974588742,0.09774673461914063,-0.6810836791992188,8.28242660522461
1748974588808,-0.017064514160156252,-0.1347198486328125,8.688981170654298
1748974588873,0.25147705078125,0.2644999694824219,9.76539276123047
1748974588942,0.18276992797851563,0.1525328063964844,9.494905242919922
1748974589006,0.11271560668945313,0.07140151977539062,11.306587829589844
1748974589073,0.5760021972656251,0.6508465576171876,9.708960113525391
1748974589143,0.06182144165039063,0.5754034423828125,10.353220367431641
1748974589207,0.21136047363281252,0.7006929016113281,8.702153778076172
1748974589273,0.016465759277343752,0.38889129638671877,9.236392822265625
1748974589342,0.31913635253906253,0.31150222778320313,9.872120819091798
1748974589406,0.3285667419433594,0.3758683776855469,10.01402572631836
1748974589473,0.31150222778320313,0.47032196044921876,10.722801818847657
1748974589543,0.48094985961914066,0.4237687683105469,8.838819580078125
1748974589607,0.09954299926757813,0.30566436767578126,9.0579638671875
1748974589673,0.2817141723632813,-0.06436614990234375,9.576635284423828
1748974589742,0.41388931274414065,0.07065307617187501,10.177036743164063
1748974589807,0.30761032104492186,-0.21510269165039064,9.528734893798829
1748974589873,0.4110452270507813,-0.29069549560546876,10.045610046386718
1748974589943,0.3703298950195313,0.30027557373046876,9.843081207275391
1748974590006,0.36643798828125,-0.45415557861328126,9.485923919677735
1748974590073,0.4303550720214844,-0.2950364685058594,9.428293762207032
1748974590143,0.3514691162109375,-0.3143463134765625,9.706565093994142
1748974590207,0.6593788146972657,-0.13906082153320312,10.315947875976564
1748974590273,0.35685791015625,-0.30267059326171875,9.823022918701172
1748974590342,1.0327024841308594,-0.076640625,9.476194152832031
1748974590406,0.9810598754882813,-0.1728904724121094,10.053842926025391
1748974590472,0.22662872314453125,-0.37242553710937504,9.422306213378906
1748974590542,0.817749481201172,-0.12843292236328124,9.825567626953125
1748974590607,0.4393363952636719,0.08562194824218751,9.440418548583985
1748974590673,1.3483959960937502,0.12633728027343752,10.245294799804688
1748974590742,0.13651611328125002,-0.22123992919921875,9.419761505126953
1748974590807,0.8422984313964844,-0.45640090942382816,9.947563934326173
1748974590873,0.889749755859375,-0.4278103637695313,9.867031402587891
1748974590942,0.8601113891601563,-0.23486160278320314,10.048753509521484
1748974591006,0.9021739196777344,0.14459930419921876,9.559570770263672
1748974591073,1.2219090270996094,-0.040415954589843754,9.707912292480469
1748974591142,0.7363188171386719,-0.18516494750976564,9.550739135742187
1748974591206,0.47750701904296877,-0.6234535217285156,9.690847778320313
1748974591273,0.9144483947753906,-0.31853759765625,10.157128143310548
1748974591342,1.1407777404785158,0.16450790405273438,10.17449203491211
1748974591406,0.4602928161621094,0.13846206665039062,9.394613800048829
1748974591473,1.4982344055175782,-0.3591032409667969,9.712402954101563
1748974591541,0.6328839111328125,-0.6565347290039063,9.94217514038086
1748974591607,1.0388397216796876,-0.4812492370605469,9.090895385742188
1748974591673,0.9339079284667969,-0.22049148559570314,10.634934539794923
1748974591742,1.256187744140625,0.5828878784179687,9.099427642822267
1748974591807,0.5004093933105469,0.06391708374023437,9.233399047851563
1748974591873,0.8803193664550781,-0.3983216857910156,9.804760894775391
1748974591943,1.1491603088378908,-0.3897894287109375,10.047106933593751
1748974592006,0.5685177612304688,-0.3646417236328125,10.539882202148439
1748974592073,0.7680528259277344,-0.2986289978027344,9.196276245117188
1748974592140,1.1115884399414062,-0.3944297790527344,9.836345214843751
1748974592206,1.505120086669922,-0.2796185302734375,8.998238067626954
1748974592273,1.0533595275878906,-0.000149688720703125,9.741891632080078
1748974592342,1.377285919189453,-0.15073654174804688,9.66046096801758
1748974592406,1.4813195800781251,-0.24623794555664064,10.284064178466798
1748974592473,0.6048921203613281,-0.3722758483886719,9.780661010742188
1748974592542,2.018851776123047,0.08487350463867188,9.448352050781251
1748974592606,1.809287567138672,-0.09909393310546875,9.788744201660156
1748974592673,0.5822891235351563,-0.4544549560546875,9.383087768554688
1748974592742,1.7010626220703127,-0.08756790161132813,9.963880004882814
1748974592808,1.6480728149414063,-0.10882369995117189,10.392588500976563
1748974592873,1.319506072998047,-0.183218994140625,8.97698226928711
1748974592942,1.3431568908691407,-0.18291961669921875,8.799152069091797
1748974593008,1.657353515625,-0.13546829223632814,10.044412536621094
1748974593073,1.657054138183594,-0.0700543212890625,10.173893280029297
1748974593142,1.4256353759765625,-0.16196319580078125,10.303972778320313
1748974593208,1.5476316833496095,-0.015417938232421876,10.452913055419922
1748974593273,1.6506175231933595,0.18606307983398437,9.238787841796876
1748974593342,1.2910652160644531,0.2860551452636719,7.5312886047363286
1748974593407,1.5141014099121095,0.3745211791992188,9.070687408447267
1748974593472,1.618733825683594,0.3212319946289063,11.081605682373047
1748974593542,1.4786251831054689,0.5360353088378906,10.021659851074219
1748974593607,1.4311738586425782,0.1884580993652344,10.326426086425782
1748974593673,1.2563374328613282,0.6327342224121094,8.372239837646484
1748974593742,0.702938232421875,0.5417234802246094,9.66674789428711
1748974593808,1.1731105041503906,0.2709365844726563,8.392298126220703
1748974593873,1.2183164978027345,-0.20866607666015627,10.963950347900392
1748974593943,1.330283660888672,0.1772314453125,10.517728271484376
1748974594006,1.3460009765625,0.22498214721679688,9.889634399414064
1748974594073,1.2457095336914064,0.41882904052734377,9.237590332031251
1748974594142,1.0789562988281252,0.30326934814453127,8.941356353759765
1748974594206,1.3870156860351563,-0.20567230224609376,9.837692413330078
1748974594273,1.5139517211914064,0.2501298522949219,9.929451599121094
1748974594343,1.1651770019531251,0.16375946044921877,10.694810028076173
1748974594406,1.4486874389648439,-0.21046234130859376,9.844727783203126
1748974594473,1.4028826904296876,-0.11061996459960938,9.466314697265625
1748974594543,1.1464659118652345,-0.37781433105468754,8.675808563232422
1748974594607,1.373543701171875,-0.3373983764648438,9.444609832763673
1748974594673,1.5450869750976564,0.029788055419921876,9.525591430664063
1748974594748,1.1786489868164063,0.0101788330078125,10.726394348144531
1748974594806,1.4109658813476562,-0.16046630859375,9.859397277832032
1748974594873,1.1916719055175782,-0.22049148559570314,10.212213592529297
1748974594943,0.9759704589843751,-0.36359390258789065,8.803343353271485
1748974595006,0.6348298645019531,-0.19923568725585938,9.754465484619141
1748974595073,1.1942166137695314,-0.16735198974609375,8.94869110107422
1748974595143,0.7822732543945313,0.2633024597167969,9.794282684326172
1748974595207,0.9092092895507813,0.4550537109375,10.41638900756836
1748974595273,0.317340087890625,0.18336868286132812,10.357561340332031
1748974595343,0.9312135314941407,0.13546829223632814,8.666677551269531
1748974595406,0.9955796813964845,0.14415023803710938,9.970017242431641
1748974595472,0.29069549560546876,0.32213012695312504,8.85917724609375
1748974595543,0.35131942749023437,0.4399351501464844,9.993668060302735
1748974595607,1.1564950561523437,0.4878355407714844,10.450218658447266
1748974595673,0.4174818420410156,0.5240602111816407,9.642498321533203
1748974595742,0.528101806640625,0.4592449951171875,8.48076416015625
1748974595807,0.4589456176757813,0.3020718383789063,9.281299438476562
1748974595873,0.8533753967285157,0.5652246093750001,9.374705200195313
1748974595942,0.5873785400390625,0.4920268249511719,10.780731353759766
1748974596007,0.690963134765625,0.39008880615234376,9.95220428466797
1748974596073,0.5866300964355469,0.018411712646484377,9.316326599121094
1748974596142,0.33799713134765624,-0.039517822265625,8.998836822509766
1748974596207,0.38574783325195316,-0.016016693115234376,9.452393646240235
1748974596273,0.7626640319824219,-0.0987945556640625,9.967622222900392
1748974596342,0.53408935546875,0.14579681396484376,9.873468017578125
1748974596406,0.79275146484375,-0.10553054809570313,9.715247039794923
1748974596473,0.7758366394042969,-0.39592666625976564,9.819879455566406
1748974596542,0.4358935546875,-0.43125320434570313,9.002579040527344
1748974596606,0.6192622375488281,-0.27078689575195314,10.225685577392579
1748974596673,0.7934999084472657,-0.005538482666015625,10.4183349609375
1748974596742,0.29653335571289063,-0.0700543212890625,9.079818420410156
1748974596807,0.5731581115722657,0.19474502563476564,9.8722705078125
1748974596873,0.8075706481933594,0.04340972900390625,9.208401031494141
1748974596943,0.054636383056640626,0.18696121215820313,9.66869384765625
1748974597006,0.7315287780761719,-0.19833755493164062,10.123597869873047
1748974597073,1.0087522888183593,0.27198440551757813,10.419682159423829
1748974597140,0.49187713623046875,-0.17947677612304688,8.450976104736329
1748974597207,0.40670425415039063,-0.24144790649414063,11.491004333496095
1748974597273,1.1457174682617188,0.32332763671875003,8.782536621093751
1748974597342,0.4231700134277344,0.17678237915039063,9.81284408569336
1748974597406,0.8414002990722657,-0.2692900085449219,10.466385040283203
1748974597473,0.2731819152832031,0.25626708984375,8.66802474975586
1748974597543,0.42047561645507814,-0.7557783508300782,10.54856414794922
1748974597607,0.6918612670898437,-0.6123765563964844,8.76053237915039
1748974597673,0.276624755859375,-0.5508544921875,10.362950134277344
1748974597747,0.7533833312988282,-0.3644920349121094,9.17576889038086
1748974597806,0.24593856811523437,-0.38634658813476563,10.08108627319336
1748974597873,0.6559359741210938,-0.4986131286621094,10.441387023925781
1748974597942,0.6927593994140625,-0.5557942199707031,9.444310455322267
1748974598006,0.3351530456542969,-0.5710624694824219,9.395960998535157
1748974598073,0.8599617004394532,-0.5189707946777344,9.491761779785156
1748974598141,0.8090675354003907,-0.113763427734375,9.86403762817383
1748974598207,0.4041595458984375,-0.16735198974609375,9.905052337646485
1748974598273,0.6442602539062501,-0.096998291015625,9.818382568359375
1748974598342,0.6551875305175782,-0.3438349914550781,10.261760559082031
1748974598406,0.6396199035644532,-0.35835479736328124,9.270072784423828
1748974598473,0.3201841735839844,-0.3992198181152344,9.434580688476563
1748974598544,0.7445516967773438,0.009729766845703125,9.463320922851564
1748974598606,0.5212161254882812,-0.22947280883789065,9.497300262451173
1748974598673,0.49606842041015625,-0.26914031982421877,10.148895263671875
1748974598744,0.7141648864746094,-0.3610491943359375,9.947114868164062
1748974598806,0.5695655822753907,-0.5930667114257813,10.162966003417969
1748974598873,0.41688308715820316,-0.2233355712890625,9.112001495361328
1748974598944,0.6930587768554688,-0.3933819580078125,9.480984191894532
1748974599006,0.8614585876464844,-0.22123992919921875,9.55178695678711
1748974599074,0.5789959716796875,-0.19025436401367188,10.011481018066407
1748974599144,0.8087681579589844,0.08232879638671875,9.871821441650392
1748974599207,0.7885601806640625,-0.01526824951171875,10.156080322265625
1748974599274,0.31180160522460937,-0.10448272705078125,9.322763214111328
1748974599344,0.4032614135742188,-0.3224295043945313,8.720864868164062
1748974599406,0.5242098999023438,-0.173638916015625,10.2363134765625
1748974599473,0.8559201049804688,-0.12424163818359375,9.914333038330078
1748974599544,0.2881507873535156,-0.314945068359375,10.337203674316406
1748974599606,0.8307723999023438,-0.13142669677734375,9.21408920288086
1748974599673,0.6424639892578126,-0.2992277526855469,9.855056304931642
1748974599744,0.5391787719726563,-0.3788621520996094,8.521629180908203
1748974599806,0.2606080627441406,-0.4164340209960938,9.972112884521485
1748974599874,0.8879534912109376,-0.24908203125,10.262059936523437
1748974599942,0.207169189453125,-0.607137451171875,9.928104400634766
1748974600006,0.46478347778320317,-0.7201524353027344,9.74249038696289
1748974600073,0.8388555908203126,-0.33709899902343754,9.160500640869142
1748974600144,0.599802703857422,-0.14280303955078125,9.508077850341797
1748974600206,0.5554948425292969,-0.15298187255859375,9.035211181640625
1748974600274,0.4752616882324219,-0.27916946411132815,10.357860717773438
1748974600343,0.7813751220703126,-0.8749305725097657,9.278006286621094
1748974600406,0.09969268798828125,-1.0377919006347658,10.550659790039063
1748974600473,0.5249583435058593,-0.5406756591796875,9.310638427734375
1748974600544,0.7949967956542969,-0.4968168640136719,9.592502288818359
1748974600606,-0.9723779296875,-0.1790277099609375,5.718857574462891
1748974600673,0.8015830993652344,-0.010927276611328125,10.408156127929688
1748974600744,1.1472143554687502,0.2609074401855469,9.933493194580079
1748974600806,0.20986358642578126,-0.2197430419921875,9.678872680664062
1748974600874,0.5387297058105469,-0.3691323852539063,10.301727447509766
1748974600943,0.45610153198242187,-0.35356475830078127,9.364376678466797
1748974601006,0.5656736755371095,-0.3237767028808594,9.84158432006836
1748974601074,0.7060816955566407,-0.125738525390625,9.061855773925782
1748974601144,0.14864089965820312,0.092208251953125,8.952732696533204
1748974601206,0.3320095825195313,0.06915618896484375,10.13377670288086
1748974601274,0.08113128662109376,0.2341131591796875,10.310259704589845
1748974601344,0.19773880004882813,0.47660888671875,10.518776092529297
1748974601406,0.36703674316406254,0.2836601257324219,8.44528793334961
1748974601473,-0.02245330810546875,0.8599617004394532,10.262808380126954
1748974601543,0.14130615234375002,0.587977294921875,9.482481079101563
1748974601606,0.49951126098632814,0.7030879211425781,8.464148712158204
1748974601674,0.35401382446289065,0.3135978698730469,10.82923049926758
1748974601744,0.33260833740234375,0.47196853637695313,10.068512420654297
1748974601806,0.757873992919922,0.1251397705078125,9.260492706298828
1748974601874,0.44682083129882816,0.326920166015625,10.138866119384765
1748974601955,0.28306137084960936,0.8491841125488282,9.773176574707032
1748974602007,0.37392242431640627,-0.5641767883300781,11.647728424072266
1748974602074,0.858614501953125,-0.3622467041015625,8.427924041748048
1748974602140,0.9846524047851563,-0.6084846496582031,9.260492706298828
1748974602206,0.6703060913085938,0.5830375671386719,8.390052795410156
1748974602274,1.143472137451172,0.651295623779297,9.128616943359376
1748974602344,0.690963134765625,0.6216572570800781,8.366701354980469
1748974602406,0.5779481506347657,0.38470001220703126,11.946956176757814
1748974602473,0.8313711547851563,-0.09894424438476564,9.308393096923828
1748974602544,0.1299298095703125,-1.0747650146484375,12.08377166748047
1748974602606,0.5131329345703125,0.7945477294921875,8.70065689086914
1748974602673,0.5921685791015625,-0.5131329345703125,10.113868103027345
1748974602744,0.24548950195312502,0.01107696533203125,6.9516938781738284
1748974602807,0.07229965209960938,0.07379653930664062,8.013435974121094
1748974602874,0.21630020141601564,0.4219725036621094,11.291169891357422
1748974602944,1.6411871337890627,0.415535888671875,9.519005126953125
1748974603006,0.8623567199707032,0.40386016845703127,11.931238861083985
1748974603074,0.8705895996093751,0.7809260559082032,9.864786071777344
1748974603144,0.6170169067382812,0.2411485290527344,9.087751922607422
1748974603207,0.9759704589843751,-0.27273284912109375,8.870553588867187
1748974603274,0.28650421142578125,0.01676513671875,9.664053497314454
1748974603344,-0.014070739746093752,0.2736309814453125,9.728120269775392
1748974603406,0.9002279663085938,0.3890409851074219,9.840835876464844
1748974603473,0.9132508850097657,0.5279521179199219,10.233918457031251
1748974603543,0.43649230957031254,0.32811767578125,9.029373321533203
1748974603607,0.7861651611328125,0.23111938476562502,9.930948486328125
1748974603674,0.8384065246582032,0.6518943786621094,9.341773681640625
1748974603744,0.8512797546386719,0.5861810302734375,10.36609359741211
1748974603806,0.6689588928222656,0.44562332153320316,9.673483886718751
1748974603874,0.6541397094726563,0.6719526672363282,10.030491485595704
1748974603944,0.03158432006835938,0.3926335144042969,9.316476287841798
1748974604006,1.086291046142578,0.02125579833984375,9.496851196289063
1748974604074,0.44756927490234377,0.18127304077148437,9.923613739013673
1748974604144,0.39772293090820315,0.3972738647460938,9.37455551147461
1748974604206,0.5751040649414063,0.34787658691406254,9.646839294433594
1748974604274,0.1772314453125,0.324525146484375,9.91582992553711
1748974604341,0.20986358642578126,0.3227288818359375,9.447304229736329
1748974604407,0.26884094238281253,0.3992198181152344,9.74144256591797
1748974604473,0.17648300170898437,0.51492919921875,9.556876373291017
1748974604542,0.3391946411132813,0.6306385803222656,9.329648895263672
1748974604606,0.00089813232421875,0.5225633239746094,9.633516998291016
1748974604674,-0.03502716064453125,0.6963519287109375,9.581275634765625
1748974604744,0.14609619140625002,0.6216572570800781,9.732161865234376
1748974604807,0.022602996826171878,0.9198371887207032,9.678423614501954
1748974604874,0.29907806396484377,0.760269012451172,9.359436950683595
1748974604944,0.11421249389648438,0.9843530273437501,9.890382843017578
1748974605006,0.27497817993164064,1.0015672302246095,9.525441741943359
1748974605074,0.5176235961914063,0.871637420654297,9.9249609375
1748974605144,0.20642074584960937,0.8930429077148438,9.423054656982423
1748974605206,0.28021728515625,0.6554869079589845,10.183473358154297
1748974605274,0.6249504089355469,0.5625302124023438,9.765243072509767
1748974605341,0.6282435607910156,0.762813720703125,9.780960388183594
1748974605407,0.5863307189941407,0.918489990234375,9.209598541259766
1748974605473,0.5801934814453126,0.5081932067871094,9.220675506591798
1748974605544,0.7482939147949219,0.5300477600097656,10.302326202392578
1748974605607,0.4501139831542969,0.15462844848632815,9.867779846191407
1748974605674,0.7024891662597657,0.4623884582519531,10.181826782226564
1748974605744,0.7367678833007812,0.6535409545898437,9.51346664428711
1748974605806,0.5818400573730469,0.3362008666992188,9.368268585205078
1748974605874,0.5442681884765626,0.14923965454101562,9.557325439453125
1748974605943,0.2435435485839844,0.2674937438964844,9.289382629394531
1748974606007,0.9882449340820313,0.46178970336914066,10.096803588867187
1748974606074,0.5043013000488281,0.6514453125,9.045240325927734
1748974606143,1.174757080078125,0.4572990417480469,10.513836364746094
1748974606207,0.6480024719238282,0.7062313842773438,9.618997192382812
1748974606274,0.5198689270019532,-0.14624588012695314,9.326355743408204
1748974606343,0.20133132934570314,0.2375559997558594,9.935888214111328
1748974606406,0.5770500183105469,0.16899856567382812,9.376202087402344
1748974606473,0.3706292724609375,0.05703140258789063,9.525142364501953
1748974606543,0.11810440063476563,0.4822970581054688,10.454559631347657
1748974606606,-0.019010467529296877,0.26659561157226563,10.29903305053711
1748974606674,0.4596940612792969,0.5571414184570312,10.006690979003906
1748974606744,0.2285746765136719,0.3150947570800781,9.221573638916016
1748974606806,1.0138417053222657,0.6605763244628906,9.636959838867188
1748974606874,-0.15567626953125,0.2130070495605469,9.404343566894532
1748974606958,0.7288343811035156,0.1734892272949219,10.309361572265626
1748974607007,0.035326538085937505,0.19055374145507814,9.77123062133789
1748974607074,0.5863307189941407,0.13202545166015625,9.378896484375
1748974607140,0.5387297058105469,0.08517288208007813,9.172326049804688
1748974607207,0.6309379577636719,0.24743545532226563,10.876831512451172
1748974607274,0.42526565551757817,0.4441264343261719,10.194700012207031
1748974607344,0.2076182556152344,0.0652642822265625,9.968370666503906
1748974607406,0.35895355224609377,0.12603790283203126,8.838220825195313
1748974607473,0.08786727905273438,0.16540603637695314,9.473050689697265
1748974607544,0.5093907165527344,0.17154327392578125,9.635912017822266
1748974607606,0.5471122741699219,0.23965164184570314,10.06911117553711
1748974607673,0.12843292236328124,-0.10672805786132813,10.377020874023438
1748974607744,0.1926493835449219,0.16196319580078125,9.706415405273438
1748974607806,-0.04326004028320313,0.06855743408203126,10.204280090332032
1748974607874,0.0028440856933593752,0.08562194824218751,8.930878143310547
1748974607944,0.32841705322265624,0.19549346923828126,9.921817474365234
1748974608006,0.5063969421386719,0.09804611206054688,10.538984069824219
1748974608074,0.02903961181640625,0.2935395812988281,10.196346588134766
1748974608144,0.2736309814453125,0.062120819091796876,9.889185333251953
1748974608206,-0.3285667419433594,-0.4022135925292969,9.454938354492189
1748974608274,0.10268646240234376,0.9128018188476563,9.570498046875
1748974608344,0.4520599365234375,-0.10403366088867189,10.370584259033203
1748974608407,-0.05403762817382813,-1.2234059143066407,11.09747268676758
1748974608473,0.2721340942382813,0.43888732910156253,8.534053344726562
1748974608544,0.760269012451172,0.2616558837890625,10.365494842529298
1748974608607,0.20731887817382813,-0.03787124633789063,8.142767028808594
1748974608674,1.3828244018554687,-0.00449066162109375,10.013127593994142
1748974608744,0.15642471313476564,-0.4543052673339844,10.65394500732422
1748974608807,1.2651690673828127,-0.9690847778320313,8.835376739501953
1748974608874,-0.34398468017578127,0.8783734130859375,10.176138610839844
1748974608944,0.718505859375,-0.3285667419433594,9.464518432617188
1748974609006,0.7262896728515625,0.3698808288574219,10.156978454589844
1748974609074,-0.45101211547851566,-1.1862831115722656,9.281449127197266
1748974609142,0.8372090148925782,-0.9794132995605469,10.77474380493164
1748974609207,0.012424163818359375,-0.21510269165039064,9.42440185546875
1748974609274,1.009351043701172,0.03382965087890625,9.664502563476564
1748974609341,1.124611358642578,-0.3758683776855469,8.48839828491211
1748974609406,0.8268804931640625,-1.4757810974121095,9.565408630371094
1748974609473,1.0577005004882813,-1.0388397216796876,9.750274200439454
1748974609544,-0.2273771667480469,-0.4505630493164063,10.613079986572266
1748974609606,1.0511141967773439,-0.13576766967773438,10.292147369384766
1748974609674,0.14100677490234376,0.2636018371582031,9.781559143066406
1748974609744,-0.128133544921875,0.0568817138671875,8.86726043701172
1748974609807,-0.05044509887695313,-0.7517367553710937,9.960287475585938
1748974609874,0.19953506469726565,-0.6084846496582031,9.918524322509766
1748974609944,0.5010081481933594,0.29144393920898437,10.72923843383789
1748974610006,0.5319937133789063,0.1215472412109375,9.120833129882813
1748974610074,0.33245864868164066,-0.8628057861328126,9.759405212402344
1748974610143,-0.038470001220703126,-0.23381378173828127,8.939859466552734
1748974610206,-1.0144404602050783,0.10448272705078125,10.857671356201173
1748974610274,0.34742752075195316,-1.1856843566894533,8.478219451904298
1748974610344,0.8770262145996094,-0.7482939147949219,11.545041961669922
1748974610407,-0.3058140563964844,0.4571493530273438,9.905651092529297
1748974610473,0.8566685485839844,-0.22348526000976562,10.292446746826172
1748974610544,-0.3170407104492188,0.5066963195800781,13.414803771972657
1748974610606,2.0264859008789062,-0.9955796813964845,9.940827941894531
1748974610674,3.490740966796875,-0.5231620788574219,10.048753509521484
1748974610744,3.828139343261719,-1.2096345520019531,7.653733978271485
1748974610807,5.575006713867188,-1.390308837890625,2.616409149169922
1748974610874,4.375401306152344,0.09669891357421875,6.848408660888672
1748974610943,4.480632476806641,0.5777984619140625,9.178313598632814
1748974611006,4.585264892578126,0.4105961608886719,8.099207611083985
1748974611074,4.210893402099609,0.44337799072265627,9.48038543701172
1748974611143,4.233945465087891,-0.11286529541015626,7.27651840209961
1748974611207,4.927303619384766,-0.12648696899414064,8.817713470458985
1748974611274,4.684508514404297,0.14265335083007813,8.165370025634767
1748974611343,4.703818359375,0.39008880615234376,8.446335754394532
1748974611406,5.079237670898438,0.2625540161132813,8.155789947509765
1748974611473,4.623136138916016,-0.018112335205078125,8.866062927246094
1748974611543,3.9005886840820314,0.6932084655761719,9.241781616210938
1748974611606,4.1433837890625,0.15477813720703126,9.215286712646485
1748974611674,4.926106109619141,0.6258485412597656,8.056246948242189
1748974611743,4.368665313720704,0.7940986633300782,9.862840118408204
1748974611806,4.623435516357422,0.7167095947265625,9.201665039062501
1748974611874,3.9844143676757815,0.427510986328125,9.68156707763672
1748974611959,3.800746307373047,0.29069549560546876,8.822952575683594
1748974612007,4.329147491455078,-0.018112335205078125,8.408015441894532
1748974612074,5.140610046386719,0.8714877319335937,7.045698394775391
1748974612140,5.006788330078125,0.6251000976562501,9.228159942626954
1748974612207,4.765340423583985,1.012943572998047,8.769513702392578
1748974612274,5.209317169189453,0.5989045715332032,8.690328369140625
1748974612344,5.721402282714844,0.14504837036132814,6.889722747802734
1748974612406,6.102060699462891,0.2704875183105469,6.625522155761719
1748974612473,5.590125274658203,0.5980064392089844,6.628366241455079
1748974612544,5.655539245605469,0.5523513793945313,8.127947845458985
1748974612606,5.665269012451172,0.23486160278320314,8.658294982910157
1748974612674,5.449268188476562,0.3423381042480469,8.056845703125001
1748974612744,4.983586578369141,0.38589752197265625,7.936346282958985
1748974612806,5.026696929931641,0.40206390380859375,8.433163146972657
1748974612874,4.925507354736328,0.4805007934570313,8.213719482421876
1748974612944,4.911137237548829,0.48094985961914066,8.611442413330078
1748974613006,4.989574127197266,0.6819818115234375,9.237889709472658
1748974613074,4.768783264160157,0.707728271484375,8.424481201171876
1748974613144,4.663851470947266,0.36254608154296875,8.337212677001954
1748974613207,4.68271224975586,0.4673281860351563,8.248447265625
1748974613274,4.6818141174316406,0.5084925842285156,8.37149139404297
1748974613344,4.5690985107421875,0.4243675231933594,8.588390350341797
1748974613407,4.516108703613281,0.5474116516113281,8.584049377441406
1748974613473,4.339176635742188,0.45834686279296877,9.196725311279298
1748974613544,4.263434143066407,0.3941304016113281,8.663085021972657
1748974613607,4.263134765625,0.3779640197753906,8.48555419921875
1748974613674,4.330644378662109,0.33679962158203125,8.882977752685548
1748974613744,4.389771423339844,0.3932322692871094,9.041348419189454
1748974613807,4.267775115966797,0.5530998229980469,8.937464447021485
1748974613874,4.127965850830078,0.33979339599609376,8.662186889648439
1748974613944,4.121379547119141,0.2704875183105469,8.807983703613282
1748974614006,4.184697875976562,0.566422119140625,8.664581909179688
1748974614074,4.3295965576171875,0.6327342224121094,8.873846740722657
1748974614144,4.323758697509766,0.6818321228027344,9.155560913085939
1748974614206,4.2837918090820315,0.6444099426269532,9.196276245117188
1748974614274,4.110003204345704,0.49591873168945316,8.424930267333984
1748974614344,3.9481896972656254,0.27078689575195314,8.165370025634767
1748974614406,4.1905357360839846,0.23875350952148439,8.43286376953125
1748974614473,4.516857147216797,0.45610153198242187,9.177864532470704
1748974614544,4.533472595214844,0.7545808410644531,9.329648895263672
1748974614607,4.144431610107422,0.5221142578125,8.975335693359375
1748974614674,3.9673498535156253,0.11585906982421876,8.459059295654297
1748974614744,3.9511834716796876,0.023800506591796878,8.140521697998047
1748974614807,4.249812469482422,0.37018020629882814,8.912765808105469
1748974614874,4.548291778564454,0.24444168090820315,7.921377410888672
1748974614944,4.503385162353516,0.5267546081542969,9.387728118896485
1748974615007,4.379293212890625,0.5319937133789063,8.915609893798829
1748974615074,3.8447547912597657,0.13606704711914064,8.317304077148439
1748974615143,4.415218505859375,0.1874102783203125,8.896749114990234
1748974615207,4.359683990478516,0.28291168212890627,8.426277465820313
1748974615274,4.597838745117188,0.8348139953613282,9.086853790283204
1748974615344,4.50503173828125,0.700543212890625,8.948092346191407
1748974615407,4.243824920654297,0.1776805114746094,8.668773193359375
1748974615473,4.522395629882813,0.0197589111328125,7.676786041259766
1748974615544,3.946393432617188,0.45999343872070314,9.086105346679688
1748974615607,4.1623942565917975,0.6313870239257813,8.955277404785157
1748974615674,3.9607635498046876,0.6562353515625,9.278605041503907
1748974615744,3.8380187988281254,0.4221221923828125,8.943751373291017
1748974615807,3.765719146728516,0.29114456176757814,8.571325836181641
1748974615874,3.7651203918457035,0.3501219177246094,8.770711212158204
1748974615943,3.878584442138672,0.42646316528320316,9.137598266601563
1748974616006,4.152814178466797,0.5596861267089844,9.380093994140626
1748974616074,4.201612701416016,0.4788542175292969,8.978030090332032
1748974616143,4.060755615234375,0.3538641357421875,8.631351013183593
1748974616207,4.20131332397461,0.4589456176757813,8.316256256103516
1748974616274,4.255051574707031,0.5014572143554688,8.77729751586914
1748974616343,4.30819107055664,0.37317398071289065,8.421487426757812
1748974616406,4.351301422119141,0.42646316528320316,9.021140441894532
1748974616474,4.326453094482422,0.3788621520996094,8.882828063964844
1748974616542,4.177063751220703,0.398770751953125,8.69631591796875
1748974616606,4.1483235168457036,0.3938310241699219,8.740474090576173
1748974616674,4.2381367492675786,0.36628829956054687,8.628955993652344
1748974616743,4.273463287353516,0.5032534790039063,8.727151794433594
1748974616806,4.331991577148438,0.6276448059082032,8.819509735107422
1748974616874,4.293671264648438,0.520916748046875,8.845854949951173
1748974616952,4.163891143798828,0.5366340637207031,8.744216308593751
1748974617007,4.1588017272949225,0.49097900390625004,8.76187957763672
1748974617074,4.23005355834961,0.5062472534179687,8.66083969116211
1748974617140,4.127666473388672,0.4698728942871094,8.893306274414062
1748974617206,4.179608459472656,0.38709503173828125,8.85917724609375
1748974617274,3.831731872558594,0.3841012573242188,8.782835998535157
1748974617344,3.7583843994140627,0.3990701293945313,9.044791259765626
1748974617407,3.902684326171875,0.3308120727539063,8.988208923339844
1748974617474,3.9619610595703127,0.4808001708984375,8.935668182373048
1748974617544,3.7955072021484377,0.48529083251953126,9.046288146972657
1748974617606,3.878883819580078,0.5851332092285156,8.81172592163086
1748974617674,3.842509460449219,0.5105882263183594,8.842262420654297
1748974617744,3.809727630615235,0.5053491210937501,8.87354736328125
1748974617806,3.882476348876953,0.5656736755371095,9.13026351928711
1748974617874,3.8333784484863282,0.57719970703125,9.074579315185547
1748974617944,4.005969543457032,0.5487588500976562,8.840765533447266
1748974618006,3.8754409790039066,0.55564453125,8.866961059570313
1748974618074,3.727548522949219,0.47436355590820317,8.985364837646484
1748974618144,3.942052459716797,0.42541534423828126,8.888067169189453
1748974618207,3.8731956481933594,0.41044647216796876,8.909622344970703
1748974618274,3.7738023376464844,0.4086502075195313,9.089697875976563
1748974618344,3.799548797607422,0.3926335144042969,9.020841064453126
1748974618407,3.816164245605469,0.427510986328125,8.88028335571289
1748974618473,3.776646423339844,0.417930908203125,8.953181762695312
1748974618544,3.839365997314453,0.44083328247070314,8.905730438232423
1748974618607,3.7940103149414064,0.5307962036132813,8.989406433105469
1748974618674,4.190086669921875,0.7634124755859375,8.993448028564453
1748974618744,2.774480438232422,1.253792724609375,7.926167449951172
1748974618807,3.054548034667969,0.2812651062011719,8.617280273437501
1748974618874,3.2193553161621096,0.21525238037109376,9.062304840087892
1748974618944,3.406915283203125,0.2125579833984375,9.079069976806641
1748974619007,3.1008018493652347,0.16016693115234376,9.051976318359376
1748974619074,3.1052925109863283,0.13921051025390627,9.332792358398438
1748974619144,3.2793804931640627,0.142503662109375,9.196276245117188
1748974619207,3.2085777282714845,0.130528564453125,9.209448852539063
1748974619274,2.9291088867187502,0.05598358154296875,9.261690216064453
1748974619344,2.954855346679688,0.1838177490234375,9.129964141845704
1748974619407,3.2328273010253907,0.11406280517578125,9.265582122802735
1748974619473,2.9855415344238283,0.060174865722656255,9.139244842529298
1748974619542,2.8240274047851566,0.14385086059570312,9.398206329345703
1748974619607,3.0109886169433597,0.19235000610351563,9.474547576904298
1748974619674,3.5711238098144533,0.13457015991210938,9.120982818603515
1748974619742,3.933370513916016,0.17453704833984376,8.962013397216797
1748974619807,3.85358642578125,0.1573228454589844,8.763975219726563
1748974619874,3.596870269775391,0.16196319580078125,9.052275695800782
1748974619944,3.6074981689453125,0.09505233764648438,8.980874176025392
1748974620007,3.8419107055664066,0.0628692626953125,8.92623779296875
1748974620074,3.439098358154297,0.061671752929687504,9.162895660400391
1748974620143,3.176843719482422,0.09415420532226564,9.269474029541016
1748974620207,3.1235545349121097,0.061072998046875,9.215137023925783
1748974620274,3.4217344665527345,0.0568817138671875,9.086105346679688
1748974620344,3.8179605102539065,0.0622705078125,8.937913513183593
1748974620407,3.893104248046875,0.10223739624023438,8.916508026123047
1748974620474,3.6672239685058594,0.15582595825195314,9.0100634765625
1748974620541,3.459456024169922,0.12678634643554687,9.052275695800782
1748974620607,3.410657501220703,0.11810440063476563,9.005123748779297
1748974620674,3.390150146484375,0.10822494506835938,9.196575622558594
1748974620741,3.4883459472656253,0.10148895263671875,9.200317840576172
1748974620807,3.3844619750976563,0.1471440124511719,9.090296630859376
1748974620874,3.5422338867187504,0.07708969116210938,9.011410675048829
1748974620942,3.757336578369141,0.045056304931640624,8.859925689697267
1748974621007,3.6408787536621094,0.038470001220703126,8.938362579345704
1748974621074,3.600462799072266,0.02125579833984375,9.124725036621093
1748974621144,3.490740966796875,0.10448272705078125,9.049431610107423
1748974621207,3.276536407470703,0.03308120727539063,9.238787841796876
1748974621274,3.4320629882812503,0.05583389282226563,9.106013946533203
1748974621343,3.5461257934570316,0.09116043090820312,9.017847290039063
1748974621406,3.5630406188964847,0.1478924560546875,9.11873748779297
1748974621473,3.657045135498047,0.07409591674804687,9.009913787841798
1748974621541,3.6229161071777347,0.1095721435546875,8.929231567382812
1748974621607,3.6248620605468753,0.11526031494140626,9.022337951660157
1748974621674,3.610042877197266,0.0999920654296875,9.034762115478516
1748974621744,3.368295593261719,0.04700225830078125,9.105265502929688
1748974621807,3.3438963317871098,0.06541397094726563,9.23130340576172
1748974621874,3.4793646240234377,0.06062393188476563,9.057215423583985
1748974621961,3.5386413574218754,0.08876541137695312,8.98461639404297
1748974622007,3.5920802307128907,0.007035369873046876,9.04015090942383
1748974622074,3.632945251464844,0.0748443603515625,8.93477005004883
1748974622140,3.486849060058594,0.10133926391601562,9.080866241455078
1748974622207,3.5087036132812504,0.025297393798828127,9.110953674316407
1748974622274,3.4084121704101564,0.07948471069335938,9.07951904296875
1748974622344,3.393592987060547,0.08232879638671875,9.11110336303711
1748974622407,3.4759217834472658,0.06571334838867188,9.090146942138672
1748974622474,3.4452355957031253,0.21959335327148438,9.304800567626954
1748974622544,3.0168264770507816,-0.15133529663085937,8.99329833984375
1748974622606,3.2052845764160156,-0.39592666625976564,8.494535522460938
1748974622674,3.9441481018066407,0.5974076843261719,10.82743423461914
1748974622744,4.734654235839844,0.36673736572265625,7.248676300048828
1748974622806,5.762866058349609,0.41882904052734377,5.816903686523438
1748974622874,5.8773779296875,0.44502456665039064,8.023614807128906
1748974622944,5.2642529296875,0.3754193115234375,9.478140106201172
1748974623006,4.788991241455078,-0.3487747192382813,8.366851043701173
1748974623074,6.028563537597656,0.7328759765625,8.30727493286133
1748974623144,6.635102233886719,0.30072463989257814,7.1313203430175784
1748974623207,7.320377197265626,0.11241622924804688,6.232738952636719
1748974623274,7.60463607788086,0.6604266357421875,4.521796875000001
1748974623344,7.076085205078125,0.3489244079589844,3.291654968261719
1748974623407,4.669090576171875,2.2745201110839846,14.259646911621095
1748974623474,6.519991607666016,0.5530998229980469,6.781497802734376
1748974623544,6.258934478759766,0.5460644531250001,6.625222778320313
1748974623607,6.386319580078125,0.2851570129394531,7.038213958740235
1748974623674,5.899681549072266,0.7521858215332031,8.366701354980469
1748974623744,6.098019104003907,0.7240443420410156,6.851851501464844
1748974623807,5.5676719665527346,0.5260061645507813,8.611891479492188
1748974623874,5.642516326904297,0.47451324462890626,7.1841604614257815
1748974623944,5.680088195800781,0.6858737182617188,7.560328216552735
1748974624006,5.825286254882813,0.6855743408203125,7.986192626953126
1748974624074,5.898184661865234,0.5346881103515625,7.612719268798829
1748974624144,6.176605682373047,0.5767506408691406,7.719447326660156
1748974624207,5.9689874267578125,0.5960604858398438,8.051157531738282
1748974624274,6.069278869628906,0.8779243469238281,8.26566146850586
1748974624343,5.698948974609375,1.265618133544922,7.5206607055664065
1748974624406,6.0044636535644536,0.09116043090820312,7.712262268066406
1748974624474,5.3422407531738285,0.28530670166015626,7.724237365722657
1748974624544,5.28625717163086,0.23665786743164063,8.210725708007812
1748974624606,6.0414367675781255,0.8282276916503907,8.03094955444336
1748974624674,5.751789093017578,0.8809181213378907,7.839647369384766
1748974624744,5.450166320800782,0.5721102905273437,8.116421813964845
1748974624807,5.5658757019042975,0.5715115356445313,7.965385894775391
1748974624874,5.6029985046386726,0.6373745727539063,8.018375701904297
1748974624944,5.677842864990235,0.6914122009277344,8.019722900390626
1748974625006,5.549409942626953,0.6143225097656251,7.873027954101563
1748974625074,5.462889862060547,0.49217651367187504,7.971672821044923
1748974625144,5.635780334472656,0.6038442993164063,7.958350524902344
1748974625207,5.6097344970703125,0.6882687377929688,7.915090484619141
1748974625274,5.572462005615234,0.5920188903808594,7.965984649658203
1748974625343,5.558241577148438,0.5013075256347657,7.989336090087891
1748974625407,5.547613677978516,0.6222560119628907,7.971672821044923
1748974625474,5.487289123535157,0.6315367126464844,8.05055877685547
1748974625544,5.594166870117188,0.6054908752441407,8.070317687988283
1748974625607,5.504503326416016,0.5981561279296875,7.864944763183594
1748974625674,5.507347412109375,0.5866300964355469,8.077802124023439
1748974625744,5.545518035888672,0.6086343383789062,8.007448425292969
1748974625807,5.612428894042969,0.6487509155273438,7.636070709228516
1748974625874,5.245841217041016,0.49487091064453126,8.726702728271485
1748974625944,5.279221801757813,0.5378315734863282,7.993377685546875
1748974626007,5.2611094665527345,0.5890251159667969,8.245303802490234
1748974626074,5.308560791015625,0.5691165161132813,8.102201385498047
1748974626142,5.33176254272461,0.6020480346679687,8.052953796386719
1748974626207,5.253026275634766,0.5622308349609375,8.364905090332032
1748974626274,5.306165771484375,0.5269042968750001,7.8905415344238286
1748974626344,5.25512191772461,0.6486012268066407,8.37343734741211
1748974626407,5.22832763671875,0.5598358154296875,8.201145629882813
1748974626474,5.161865844726563,0.5013075256347657,8.483907623291016
1748974626544,5.150190124511719,0.564027099609375,8.142617340087892
1748974626607,5.134921875,0.5331912231445313,8.346493377685547
1748974626674,5.175188140869141,0.5896238708496094,8.106242980957031
1748974626744,5.069956970214844,0.5743556213378906,8.316855010986329
1748974626807,5.1519863891601565,0.5251080322265625,8.02660858154297
1748974626874,5.184917907714844,0.5845344543457032,8.010292510986329
1748974626957,5.121898956298828,0.6351292419433594,8.280330963134766
1748974627007,5.145250396728516,0.3315605163574219,8.314160614013673
1748974627074,5.138514404296875,0.5992039489746094,8.263865203857423
1748974627140,5.1307305908203125,0.5462141418457032,8.302933959960939
1748974627207,5.150190124511719,0.530496826171875,8.213569793701172
1748974627274,5.141657867431641,0.506546630859375,8.262068939208985
1748974627344,5.150938568115235,0.49711624145507816,8.28242660522461
1748974627407,5.138364715576172,0.5336402893066406,8.358468475341798
1748974627474,5.169949035644532,0.5560935974121094,8.454568634033203
1748974627543,5.171745300292969,0.5218148803710938,8.406668243408204
1748974627607,5.040617980957031,0.4746629333496094,8.19141586303711
1748974627674,5.154082031250001,0.5429209899902344,8.345894622802735
1748974627742,5.278922424316407,0.5132826232910157,8.231532440185548
1748974627807,5.160069580078125,0.5155279541015625,8.125702514648438
1748974627873,5.198838958740235,0.5117857360839844,8.295599212646485
1748974627944,5.234464874267578,0.4655319213867188,8.179291076660157
1748974628007,5.13731689453125,0.5096900939941407,8.415948944091797
1748974628074,5.220992889404297,0.48454238891601564,8.140372009277344
1748974628144,5.2735336303710945,0.45146118164062504,8.262518005371094
1748974628207,5.1907557678222656,0.47496231079101564,8.156239013671875
1748974628274,5.252876586914063,0.43200164794921875,8.151149597167969
1748974628344,5.239254913330078,0.496966552734375,8.114475860595704
1748974628407,5.184768218994141,0.5035528564453126,8.34230209350586
1748974628474,5.224884796142578,0.4439767456054688,8.222700805664063
1748974628544,5.3103570556640625,0.45520339965820317,8.108937377929688
1748974628607,5.2102153015136725,0.4604425048828125,8.328530731201173
1748974628674,5.190456390380859,0.48948211669921876,8.14351547241211
1748974628744,5.2398536682128904,0.4495152282714844,8.168363800048828
1748974628807,5.187761993408204,0.3975732421875,8.26850555419922
1748974628874,5.143903198242188,0.4219725036621094,8.178093566894532
1748974628944,5.203030242919922,0.5224136352539063,8.275241546630859
1748974629007,5.0991462707519535,0.48020141601562505,8.266260223388672
1748974629074,5.121898956298828,0.39278320312500004,8.301287384033204
1748974629144,5.038672027587891,0.4385879516601563,8.345894622802735
1748974629207,5.130580902099609,0.44607238769531254,8.257877655029297
1748974629274,5.050198059082032,0.4788542175292969,8.30727493286133
1748974629344,5.0322354125976565,0.42272094726562504,8.393196258544922
1748974629407,5.078788604736328,0.3938310241699219,8.288114776611328
1748974629474,5.07310043334961,0.4776567077636719,8.25712921142578
1748974629544,5.020559692382813,0.45535308837890626,8.401578826904297
1748974629607,5.024002532958985,0.3938310241699219,8.271050262451173
1748974629674,5.054838409423828,0.4549040222167969,8.340805206298828
1748974629744,5.025798797607422,0.47660888671875,8.366102600097657
1748974629807,5.024301910400391,0.4183799743652344,8.273594970703126
1748974629874,5.0093330383300785,0.4432283020019531,8.367300109863281
1748974629944,5.092709655761719,0.42661285400390625,8.46010711669922
1748974630007,5.042114868164063,0.42691223144531254,8.233927459716798
1748974630074,5.103636932373047,0.4489164733886719,8.273744659423828
1748974630144,5.1662068176269536,0.39353164672851565,8.267757110595703
1748974630207,5.0710047912597656,0.46598098754882816,8.17944076538086
1748974630274,5.0966015625,0.39008880615234376,8.321046295166017
1748974630344,5.119204559326172,0.3634442138671875,8.3586181640625
1748974630407,5.195845184326172,0.23546035766601564,8.42418182373047
1748974630473,5.294490051269531,0.40131546020507813,8.124205627441407
1748974630544,5.208868103027344,0.44307861328125003,8.091573486328125
1748974630607,5.154830474853516,0.4635859680175782,8.292306060791017
1748974630674,5.2733839416503905,0.4742138671875,8.300688629150391
1748974630744,5.215753784179688,0.3686833190917969,8.09082504272461
1748974630807,5.216801605224609,0.3980223083496094,8.331973571777343
1748974630874,5.244044952392579,0.34982254028320314,8.307125244140625
1748974630944,5.237009582519532,0.44577301025390625,8.049960021972657
1748974631007,5.314398651123047,0.355660400390625,8.205486602783203
1748974631074,5.214556274414063,0.3619473266601563,7.786807250976563
1748974631144,5.320236511230469,0.3938310241699219,8.220754852294922
1748974631207,5.29059814453125,0.45146118164062504,8.162825317382813
1748974631274,5.324727172851563,0.2682421875,8.057893524169922
1748974631344,5.3313134765625,0.3526666259765625,8.426427154541017
1748974631407,5.3334091186523445,0.44038421630859376,8.297545166015626
1748974631474,5.305567016601563,0.3579057312011719,8.04052963256836
1748974631544,5.321434020996094,0.45340713500976565,8.180787963867187
1748974631607,5.3087104797363285,0.32108230590820314,8.237519989013672
1748974631674,5.288203125,0.34667907714843754,8.010292510986329
1748974631744,5.276527404785156,0.35835479736328124,8.127947845458985
1748974631807,5.294789428710938,0.36718643188476563,8.205336914062501
1748974631874,5.241949310302735,0.29907806396484377,8.14351547241211
1748974631956,5.287155303955078,0.3303630065917969,8.275989990234375
1748974632007,5.3033216857910155,0.2633024597167969,8.252039794921876
1748974632074,5.296136627197266,0.36658767700195316,8.2244970703125
1748974632140,5.308111724853516,0.3902384948730469,8.216413879394532
1748974632207,5.3052676391601565,0.2603086853027344,8.034242706298828
1748974632274,5.241649932861328,0.2896476745605469,8.271649017333985
1748974632344,5.312003631591797,0.3469784545898438,8.1670166015625
1748974632407,5.300477600097657,0.3477268981933594,8.190068664550783
1748974632474,5.210963745117188,0.3908372497558594,8.335266723632813
1748974632544,5.328768768310547,0.18067428588867188,8.155340881347657
1748974632607,5.387147369384766,0.28575576782226564,7.999215545654297
1748974632674,5.253625030517578,0.3158432006835938,8.245752868652344
1748974632744,5.263803863525391,0.34084121704101566,8.172405395507813
1748974632807,5.297633514404297,0.2896476745605469,8.199948120117188
1748974632874,5.361101531982422,0.38200561523437504,7.843090209960938
1748974632944,5.263953552246094,0.2989283752441406,8.336164855957032
1748974633007,5.175786895751953,0.32706985473632816,8.132139129638672
1748974633074,5.295088806152344,0.2996768188476563,8.24126220703125
1748974633144,5.303920440673829,0.3603007507324219,7.994874572753907
1748974633207,5.2365605163574225,0.2528242492675781,8.292755126953125
1748974633274,5.373376007080078,0.40475830078125,8.06926986694336
1748974633344,5.190306701660156,0.15402969360351562,8.135731658935548
1748974633407,5.257816314697266,0.3315605163574219,8.378077697753907
1748974633474,5.188360748291016,0.4724176025390625,8.3490380859375
1748974633544,5.202132110595703,0.15163467407226563,8.061935119628906
1748974633607,5.25706787109375,0.3882925415039063,8.384364624023437
1748974633674,5.21874755859375,0.3327580261230469,8.15459243774414
1748974633744,5.235213317871094,0.32227981567382813,8.267008666992188
1748974633807,5.24554183959961,0.32482452392578126,8.28721664428711
1748974633874,5.207820281982422,0.39697448730468754,8.205486602783203
1748974633944,5.0850755310058595,0.32302825927734374,8.302335205078126
1748974634007,5.2163525390625,0.3938310241699219,8.272996215820314
1748974634074,5.248685302734375,0.3357518005371094,8.161627807617188
1748974634144,5.1500404357910154,0.2788700866699219,8.271499328613281
1748974634207,5.176385650634766,0.3224295043945313,8.206983489990234
1748974634274,5.199288024902344,0.3769161987304688,8.152646484375001
1748974634344,5.2066227722167975,0.46957351684570314,8.3011376953125
1748974634407,5.134023742675781,0.30835876464843753,8.314160614013673
1748974634474,5.211712188720703,0.3147953796386719,8.264763336181641
1748974634545,5.181624755859375,0.3088078308105469,8.2819775390625
1748974634607,5.2153047180175784,0.23845413208007812,8.140372009277344
1748974634674,5.152285766601563,0.3854484558105469,8.32164505004883
1748974634744,5.189408569335938,0.3884422302246094,8.26042236328125
1748974634807,5.208568725585938,0.25312362670898436,8.190218353271485
1748974634874,5.167554016113281,0.46657974243164063,8.525521087646485
1748974634944,5.288352813720703,0.24593856811523437,8.021369476318359
1748974635007,5.203778686523438,0.5246589660644532,8.339757385253908
1748974635074,5.230273590087891,0.3261717224121094,8.010292510986329
1748974635143,5.332361297607422,0.4902305603027344,8.32838104248047
1748974635207,5.153333587646484,0.21285736083984377,8.171357574462892
1748974635274,5.03912109375,0.26420059204101565,8.547525329589844
1748974635343,5.245841217041016,0.4123924255371094,7.973319396972657
1748974635407,5.200784912109375,0.40610549926757816,8.500672760009767
1748974635474,5.097799072265626,0.21674926757812502,8.139024810791016
1748974635542,5.220843200683594,0.44337799072265627,8.306077423095704
1748974635607,5.1889595031738285,0.32706985473632816,8.3394580078125
1748974635674,5.1536329650878905,0.2736309814453125,8.272397460937501
1748974635741,5.201084289550781,0.3411405944824219,8.05489974975586
1748974635807,5.155279541015625,0.358055419921875,8.342601470947265
1748974635874,5.181774444580078,0.29533584594726564,8.242310028076172
1748974635942,5.177583160400391,0.38095779418945314,8.185428314208984
1748974636007,5.15168701171875,0.32213012695312504,8.271050262451173
1748974636074,5.203329620361329,0.31030471801757814,8.286019134521485
1748974636144,5.2066227722167975,0.3691323852539063,8.1622265625
1748974636207,5.22638168334961,0.35326538085937503,8.269852752685548
1748974636274,5.170398101806641,0.3728746032714844,8.020321655273438
1748974636344,5.225483551025391,0.3718267822265625,8.142916717529298
1748974636407,5.22159164428711,0.3426374816894531,8.23497528076172
1748974636474,5.197491760253906,0.37856277465820315,8.168363800048828
1748974636544,5.178630981445313,0.3465293884277344,8.2149169921875
1748974636607,5.258415069580078,0.3138972473144531,8.248147888183594
1748974636674,5.191504211425782,0.40356079101562503,8.130342864990235
1748974636744,5.214256896972657,0.35102005004882814,8.291258239746094
1748974636807,5.232069854736328,0.3502716064453125,8.164322204589844
1748974636874,5.19285140991211,0.3758683776855469,8.223299560546875
1748974636957,5.222340087890625,0.37811370849609377,8.238567810058594
1748974637007,5.198539581298828,0.31344818115234374,8.137228546142579
1748974637074,5.228926391601563,0.39667510986328125,8.379424896240234
1748974637140,5.255720672607422,0.40116577148437504,8.096363525390625
1748974637207,5.235662384033203,0.41119491577148437,7.953560485839844
1748974637274,5.24793685913086,0.3826043701171875,8.173453216552735
1748974637343,5.274731140136719,0.3231779479980469,8.271050262451173
1748974637407,5.209466857910156,0.40206390380859375,8.128097534179688
1748974637474,5.194947052001953,0.34248779296875004,8.328081665039063
1748974637544,5.217849426269532,0.3308120727539063,8.127498779296875
1748974637607,5.174290008544922,0.3215313720703125,8.31700469970703
1748974637674,5.114564208984375,0.39248382568359375,8.264463958740235
1748974637744,5.170098724365235,0.3622467041015625,8.01897445678711
1748974637807,5.15453109741211,0.40236328125000004,8.423882446289063
1748974637874,5.2135084533691405,0.3992198181152344,8.141569519042969
1748974637944,5.079537048339844,0.37931121826171876,8.169261932373047
1748974638007,5.133724365234375,0.44143203735351566,8.364456024169922
1748974638074,5.181325378417969,0.2417472839355469,8.15354461669922
1748974638144,5.158423004150391,0.44981460571289067,8.34230209350586
1748974638207,5.130431213378906,0.41074584960937505,8.205037536621095
1748974638274,5.144202575683594,0.2465373229980469,8.260122985839844
1748974638342,5.071453857421875,0.3849993896484375,8.28871353149414
1748974638407,5.118007049560547,0.3555107116699219,8.184829559326172
1748974638474,5.391338653564453,0.314945068359375,9.019493865966798
1748974638541,5.373226318359375,0.46657974243164063,5.879922637939454
1748974638607,5.617368621826172,-0.4022135925292969,10.857371978759765
1748974638674,3.938310241699219,0.14220428466796875,8.60665237426758
1748974638741,4.499343566894532,0.15567626953125,8.524173889160156
1748974638807,4.619393920898438,0.3052153015136719,8.451125793457031
1748974638874,4.3752516174316405,0.3311114501953125,8.574169921875
1748974638944,4.295168151855469,0.22004241943359376,8.976084136962891
1748974639007,4.3207649230957035,0.22602996826171876,8.561296691894531
1748974639074,4.47629150390625,0.4626878356933594,8.657845916748048
1748974639144,4.87431381225586,0.35640884399414063,8.703051910400392
1748974639207,4.399052124023438,-0.04999603271484375,8.870553588867187
1748974639274,4.356390838623047,0.6872209167480469,8.900790710449218
1748974639344,5.473517761230469,0.1675016784667969,7.732470245361329
1748974639407,5.31454833984375,-0.05433700561523438,9.103768615722657
1748974639474,4.400399322509766,0.85023193359375,8.434360656738281
1748974639544,4.879852294921875,0.6351292419433594,8.15070053100586
1748974639607,5.4390893554687505,1.0819500732421876,8.016429748535156
1748974639673,5.892945556640625,0.3591032409667969,8.939560089111328
1748974639744,6.301595764160156,-0.5360353088378906,6.975793762207031
1748974639807,7.104675750732422,-0.6635700988769532,0.16959732055664065
1748974639874,10.163115692138673,0.9595046997070313,13.374986572265625
1748974639944,5.64985107421875,-0.22123992919921875,3.0431716918945315
1748974640007,6.020031280517578,0.6048921203613281,8.813671875
1748974640074,4.968318328857422,0.07858657836914062,7.8499758911132815
1748974640144,5.545518035888672,-0.10403366088867189,8.183182983398439
1748974640207,5.145998840332031,0.05313949584960938,8.55066879272461
1748974640274,4.8490164184570315,-0.2601589965820313,8.52821548461914
1748974640343,4.775818634033203,0.2540217590332031,8.091723175048829
1748974640407,4.374802551269531,0.22962249755859376,9.149273986816407
1748974640474,4.510869598388672,-0.06840774536132813,8.505762176513672
1748974640544,3.7568875122070313,0.5066963195800781,9.722282409667969
1748974640607,3.5916311645507815,-0.26599685668945316,8.982820129394531
1748974640674,3.5350488281250003,0.11406280517578125,8.990304565429687
1748974640744,3.552861785888672,0.44726989746093754,9.389225006103516
1748974640807,3.4955310058593754,0.3752696228027344,9.088799743652345
1748974640874,3.634142761230469,-0.25926086425781253,8.87444549560547
1748974640944,3.3247361755371094,0.025297393798828127,9.334588623046875
1748974641007,3.500171356201172,0.06391708374023437,8.937165069580079
1748974641074,3.3651521301269534,0.032931518554687504,9.385333099365235
1748974641144,3.476520538330078,0.03323089599609375,9.047485656738282
1748974641207,3.596271514892578,0.38664596557617187,8.726253662109375
1748974641274,3.5783088684082034,0.12708572387695313,9.021290130615235
1748974641344,3.4983750915527345,-0.013771362304687501,9.282197570800781
1748974641407,3.300187225341797,-0.11690689086914063,9.203760681152344
1748974641474,3.1124775695800784,-0.034129028320312504,9.04883285522461
1748974641544,3.2572265625,0.016316070556640624,9.282646636962891
1748974641607,3.327280883789063,-0.09041198730468751,9.209448852539063
1748974641674,3.2253428649902345,0.06481521606445313,9.100924530029298
1748974641744,3.260519714355469,0.031734008789062504,9.276958465576172
1748974641807,3.379073181152344,0.06691085815429688,9.076375579833984
1748974641874,2.9937744140625,-0.04176315307617188,9.164991302490234
1748974641953,3.1019993591308594,0.020806732177734377,9.19492904663086
1748974642007,3.234324188232422,0.10433303833007813,9.107810211181642
1748974642074,2.777025146484375,0.0544866943359375,8.962911529541016
1748974642140,3.100352783203125,0.22722747802734375,9.262139282226563
1748974642207,2.4141796875000003,-0.048648834228515625,10.148296508789063
1748974642274,2.5909620666503907,0.29713211059570316,9.050329742431641
1748974642344,2.431842956542969,0.19085311889648438,9.649833068847657
1748974642407,1.9107765197753908,-0.03861968994140625,9.438023529052735
1748974642474,1.7459692382812502,-0.2225871276855469,10.115963745117188
1748974642544,2.464624786376953,0.3396437072753906,9.551936645507814
1748974642607,2.7318191528320312,0.6626719665527344,9.07951904296875
1748974642674,2.11001220703125,0.3085084533691406,10.025851135253907
1748974642744,2.059567108154297,0.1573228454589844,9.451495513916017
1748974642807,2.182760925292969,0.37137771606445313,8.899742889404298
1748974642874,2.0181033325195314,0.21405487060546877,9.901759185791017
1748974642944,2.223476257324219,0.44262954711914065,9.258397064208985
1748974643007,2.509830780029297,0.6707551574707031,8.975186004638672
1748974643074,2.3607408142089845,0.5535488891601563,9.488169250488282
1748974643144,1.8570382690429688,0.3046165466308594,9.627978515625001
1748974643207,1.4742842102050782,-0.10882369995117189,10.089319152832031
1748974643274,2.162552947998047,0.20522323608398438,9.171128540039064
1748974643344,2.3281086730957035,0.57240966796875,9.379046173095704
1748974643407,2.003583526611328,0.3299139404296875,9.667795715332032
1748974643474,1.9007473754882813,0.05239105224609375,9.523645477294922
1748974643544,2.1077668762207034,0.35820510864257815,9.403894500732422
1748974643607,2.192341003417969,0.34727783203125,9.472451934814453
1748974643674,2.02858154296875,0.20866607666015627,9.524842987060547
1748974643744,2.036664733886719,0.3546125793457031,9.512269134521485
1748974643807,2.1480331420898438,0.19893630981445312,9.426946563720703
1748974643874,2.139949951171875,0.3338058471679688,9.489965515136719
1748974643944,1.997296600341797,0.3622467041015625,9.544452209472658
1748974644007,2.1330642700195312,0.24414230346679688,9.412726135253907
1748974644074,2.1281245422363284,0.26584716796875,9.50583251953125
1748974644144,2.022893371582031,0.28455825805664064,9.534722442626954
1748974644207,2.030677185058594,0.18890716552734377,9.472751312255859
1748974644274,2.0315753173828126,0.30566436767578126,9.533973999023438
1748974644344,1.9658619689941408,0.2939886474609375,9.555229797363282
1748974644407,2.176773376464844,0.2273771667480469,9.396260375976563
1748974644474,1.999691619873047,0.35042129516601567,9.505682830810548
1748974644544,1.9437080383300782,0.23246658325195313,9.608818359375
1748974644607,2.0169058227539063,0.2700384521484375,9.414372711181642
1748974644674,2.0960911560058593,0.30192214965820313,9.527687072753906
1748974644744,2.036365356445313,0.24339385986328127,9.477092285156251
1748974644807,2.0646565246582034,0.2860551452636719,9.459129638671875
1748974644874,2.0110679626464845,0.3201841735839844,9.57723403930664
1748974644944,2.0685484313964846,0.20672012329101563,9.453291778564454
1748974645007,2.053729248046875,0.258662109375,9.505383453369141
1748974645074,2.020049285888672,0.3207829284667969,9.516909484863282
1748974645144,2.0589683532714846,0.23171813964843752,9.451944580078125
1748974645207,2.0073257446289063,0.2951861572265625,9.544751586914064
1748974645274,2.046544189453125,0.21450393676757815,9.513316955566406
1748974645342,2.1124072265625,0.27393035888671874,9.449100494384766
1748974645407,2.059866485595703,0.32647109985351563,9.475296020507812
1748974645474,2.0589683532714846,0.23306533813476563,9.503587188720704
1748974645544,2.040107574462891,0.2797682189941406,9.490713958740235
1748974645607,2.029928741455078,0.30296997070312504,9.528884582519531
1748974645674,2.057172088623047,0.23665786743164063,9.47185317993164
1748974645744,2.049238586425781,0.29368927001953127,9.502689056396484
1748974645807,2.028731231689453,0.31180160522460937,9.500443725585939
1748974645874,2.018851776123047,0.2770738220214844,9.441017303466797
1748974645944,2.003583526611328,0.28695327758789063,9.528285827636719
1748974646007,2.069596252441406,0.29683273315429687,9.508377227783203
1748974646074,2.0477416992187503,0.271834716796875,9.445208587646485
1748974646144,2.012864227294922,0.2927911376953125,9.512269134521485
1748974646207,2.0802241516113282,0.21091140747070314,9.491013336181641
1748974646274,1.9672091674804688,0.3297642517089844,9.587562561035156
1748974646344,1.9452049255371096,0.29847930908203124,9.675429840087892
1748974646407,2.298919372558594,0.1023870849609375,9.245074768066408
1748974646474,2.3465203857421875,0.30551467895507817,9.565109252929688
1748974646544,2.1737796020507814,-0.009729766845703125,9.37979461669922
1748974646607,1.9808308410644533,-0.1490899658203125,9.394314422607422
1748974646674,1.8359321594238283,-0.324525146484375,9.420210571289063
1748974646744,1.6923806762695313,-0.37676651000976563,9.810898132324219
1748974646807,1.7835411071777345,-0.33560211181640626,9.395212554931641
1748974646874,1.8510507202148438,-0.2962339782714844,9.564959564208985
1748974646959,1.725312194824219,-0.1872605895996094,9.630074157714844
1748974647007,1.7332456970214845,-0.21046234130859376,9.575437774658203
1748974647074,1.7598902893066408,-0.31030471801757814,9.560917968750001
1748974647140,1.8893710327148439,-0.36000137329101567,9.555978240966798
1748974647207,1.7269587707519531,-0.30805938720703124,9.52783676147461
1748974647274,1.8690133666992188,-0.26105712890625,9.604627075195314
1748974647342,1.7461189270019533,-0.3872447204589844,9.509275360107422
1748974647407,1.707499237060547,-0.3477268981933594,9.574839019775391
1748974647474,1.8806890869140627,-0.22363494873046877,9.591753845214845
1748974647544,1.8109341430664063,-0.37676651000976563,9.491163024902344
1748974647607,1.7271084594726562,-0.35356475830078127,9.575886840820313
1748974647674,1.8567388916015626,-0.37362304687500003,9.505233764648438
1748974647744,1.7082476806640625,-0.30641281127929687,9.495503997802734
1748974647807,1.6959732055664063,-0.33724868774414063,9.57184524536133
1748974647874,1.881138153076172,-0.41074584960937505,9.617649993896485
1748974647941,1.807042236328125,-0.305364990234375,9.500443725585939
1748974648007,1.7191749572753907,-0.3489244079589844,9.615404663085938
1748974648074,1.9305354309082032,-0.3448828125,9.488019561767578
1748974648142,1.5407460021972657,-0.4390370178222657,9.574389953613283
1748974648207,1.7932708740234375,-0.37601806640625,9.576335906982422
1748974648274,1.7809963989257813,-0.3342549133300781,9.526788940429688
1748974648343,1.7199234008789064,-0.3565585327148438,9.579329681396485
1748974648407,1.7863851928710939,-0.4017645263671875,9.596244506835937
1748974648474,1.7443226623535157,-0.37242553710937504,9.46601531982422
1748974648544,1.7193246459960938,-0.3065625,9.596843261718751
1748974648607,1.760039978027344,-0.4381388854980469,9.519454193115235
1748974648674,1.7736616516113282,-0.3565585327148438,9.517957305908203
1748974648744,1.7283059692382814,-0.33141082763671875,9.63606170654297
1748974648807,1.7754579162597657,-0.4076023864746094,9.504036254882813
1748974648874,1.709894256591797,-0.3692820739746094,9.508377227783203
1748974648945,1.7549505615234375,-0.3992198181152344,9.593550109863282
1748974649007,1.6748670959472658,-0.4451742553710938,9.518106994628907
1748974649074,1.7444723510742188,-0.33784744262695315,9.59968734741211
1748974649144,1.7571958923339845,-0.3311114501953125,9.561666412353516
1748974649207,1.8079403686523439,-0.42242156982421875,9.510921936035157
1748974649274,1.7125886535644532,-0.40610549926757816,9.552984466552735
1748974649343,1.7483642578125,-0.3706292724609375,9.559271392822266
1748974649407,1.78189453125,-0.3201841735839844,9.46601531982422
1748974649474,1.7082476806640625,-0.4022135925292969,9.598639526367188
1748974649544,1.7549505615234375,-0.5225633239746094,9.531578979492188
1748974649607,1.7609381103515627,-0.36179763793945313,9.521100769042969
1748974649674,1.7191749572753907,-0.3070115661621094,9.598340148925782
1748974649744,1.7512083435058594,-0.4592449951171875,9.529483337402345
1748974649807,1.7417779541015626,-0.4079017639160156,9.55463104248047
1748974649874,1.7417779541015626,-0.36793487548828124,9.56466018676758
1748974649944,1.8001565551757814,-0.3960763549804688,9.532776489257813
1748974650007,1.7555493164062501,-0.3742218017578125,9.573791198730468
1748974650074,1.773212585449219,-0.4245172119140625,9.55852294921875
1748974650144,1.8122813415527346,-0.396375732421875,9.475595397949219
1748974650207,1.717079315185547,-0.37362304687500003,9.61929656982422
1748974650274,1.8154248046875001,-0.4429289245605469,9.542506256103517
1748974650344,1.8076409912109377,-0.36793487548828124,9.486971740722657
1748974650407,1.7176780700683594,-0.3878434753417969,9.610165557861329
1748974650474,1.8142272949218752,-0.4351451110839844,9.497150573730469
1748974650544,1.785187683105469,-0.3426374816894531,9.564360809326173
1748974650607,1.7110917663574219,-0.37137771606445313,9.611063690185548
1748974650674,1.8160235595703127,-0.42646316528320316,9.524244232177734
1748974650744,1.7780026245117189,-0.3619473266601563,9.572593688964844
1748974650807,1.7500108337402345,-0.3782633972167969,9.586664428710938
1748974650874,1.7823435974121096,-0.39712417602539063,9.469907226562501
1748974650944,1.72680908203125,-0.3546125793457031,9.656269683837891
1748974651007,1.7751585388183595,-0.4369413757324219,9.542356567382813
1748974651074,1.7771044921875,-0.3725752258300781,9.507030029296876
1748974651144,1.7071998596191407,-0.38125717163085937,9.61166244506836
1748974651207,1.7857864379882813,-0.4589456176757813,9.501192169189453
1748974651274,1.7812957763671875,-0.3538641357421875,9.589209136962891
1748974651344,1.7034576416015625,-0.38125717163085937,9.615853729248048
1748974651407,1.8327886962890625,-0.46598098754882816,9.52349578857422
1748974651474,1.7548008728027344,-0.38814285278320315,9.576485595703126
1748974651544,1.747017059326172,-0.36853363037109377,9.60732147216797
1748974651607,1.8233583068847656,-0.3884422302246094,9.50388656616211
1748974651674,1.6881893920898439,-0.3745211791992188,9.61211151123047
1748974651744,1.7934205627441406,-0.4282594299316406,9.59340042114258
1748974651807,1.7655784606933596,-0.40924896240234376,9.485774230957032
1748974651874,1.6613951110839844,-0.3998185729980469,9.602232055664063
1748974651962,1.7542021179199219,-0.3725752258300781,9.586664428710938
1748974652007,1.755399627685547,-0.384400634765625,9.557026062011719
1748974652074,1.673968963623047,-0.41164398193359375,9.622889099121094
1748974652141,1.8184185791015626,-0.4519102478027344,9.525441741943359
1748974652207,1.7260606384277344,-0.3692820739746094,9.559720458984376
1748974652274,1.7115408325195314,-0.40071670532226566,9.605225830078126
1748974652344,1.8010546875000002,-0.4692741394042969,9.52783676147461
1748974652407,1.7113911437988283,-0.4014651489257813,9.607471160888672
1748974652474,1.7946180725097658,-0.43125320434570313,9.566755828857422
1748974652544,1.8041981506347657,-0.41733215332031254,9.510323181152344
1748974652607,1.6756155395507812,-0.41149429321289066,9.595196685791016
1748974652674,1.8056950378417969,-0.43828857421875,9.583520965576172
1748974652744,1.7598902893066408,-0.36284545898437504,9.48667236328125
1748974652807,1.7368382263183595,-0.40386016845703127,9.632469177246094
1748974652874,1.7856367492675782,-0.5251080322265625,9.455686798095703
1748974652943,1.6510665893554688,-0.39892044067382815,9.56376205444336
1748974653007,1.738634490966797,-0.3680845642089844,9.575288085937501
1748974653074,1.7342935180664063,-0.4751119995117188,9.480235748291015
1748974653144,1.6546591186523438,-0.4728666687011719,9.731712799072266
1748974653207,1.8268011474609376,-0.40191421508789066,9.588161315917969
1748974653274,1.7765057373046875,-0.40011795043945314,9.384285278320313
1748974653344,1.6473243713378907,-0.46119094848632813,9.61211151123047
1748974653407,1.793719940185547,-0.571212158203125,9.55418197631836
1748974653474,1.6759149169921876,-0.3787124633789063,9.482780456542969
1748974653545,1.7425263977050782,-0.374820556640625,9.553134155273439
1748974653607,1.9975959777832033,-0.6024971008300781,9.415869598388673
1748974653674,1.8015037536621095,0.26180557250976566,10.380912780761719
1748974653742,1.7836907958984376,0.09819580078125001,9.319320373535156
1748974653807,1.8988014221191407,-0.1580712890625,9.50583251953125
1748974653874,1.8778450012207033,-0.21121078491210937,9.553882598876953
1748974653941,1.936373291015625,-0.12334350585937501,9.434580688476563
1748974654007,1.7908758544921877,0.03113525390625,9.612261199951172
1748974654074,1.8622773742675782,0.06780899047851563,9.447304229736329
1748974654145,1.8556910705566407,-0.05957611083984375,9.677675170898437
1748974654207,1.908680877685547,-0.04535568237304688,9.694739685058595
1748974654274,1.7772541809082032,0.08891510009765625,9.5561279296875
1748974654344,1.913321228027344,-0.03697311401367188,9.603878631591797
1748974654407,1.796114959716797,0.020806732177734377,9.473799133300782
1748974654474,1.72201904296875,0.0580792236328125,9.744735717773438
1748974654544,1.7534536743164064,-0.04071533203125,9.577982482910157
1748974654607,1.7158818054199219,-0.0053887939453125,9.57334213256836
1748974654674,1.735191650390625,-0.06661148071289062,9.573791198730468
1748974654744,1.7006135559082032,-0.092208251953125,9.579329681396485
1748974654807,1.7154327392578126,0.045056304931640624,9.650731201171876
1748974654874,1.6566050720214844,-0.03442840576171875,9.58292221069336
1748974654941,1.6137940979003906,-0.06271957397460938,9.56136703491211
1748974655007,1.6060102844238282,0.002245330810546875,9.605076141357422
1748974655074,1.659598846435547,-0.0724493408203125,9.57813217163086
1748974655144,1.629661102294922,-0.031734008789062504,9.560319213867189
1748974655207,1.6052618408203125,0.029488677978515627,9.621541900634766
1748974655274,1.6467256164550783,-0.07694000244140625,9.57094711303711
1748974655344,1.6110997009277344,-0.012723541259765625,9.582323455810547
1748974655407,1.5838563537597656,0.027393035888671875,9.625134429931641
1748974655474,1.6898359680175783,-0.07394622802734375,9.530830535888672
1748974655544,1.5994239807128907,-0.020357666015625,9.59160415649414
1748974655607,1.6254698181152345,-0.030087432861328128,9.587412872314454
1748974655674,1.6615447998046875,-0.062120819091796876,9.532327423095703
1748974655744,1.60705810546875,-0.018860778808593753,9.655371551513673
1748974655807,1.6491206359863282,-0.07200027465820313,9.583071899414064
1748974655874,1.6359480285644532,-0.037272491455078126,9.497150573730469
1748974655944,1.6278648376464844,0.007035369873046876,9.634714508056641
1748974656007,1.6242723083496096,-0.08217910766601563,9.59774139404297
1748974656074,1.610650634765625,-0.009729766845703125,9.534123687744142
1748974656144,1.6193325805664063,-0.00928070068359375,9.634115753173829
1748974656207,1.8419197082519532,0.034727783203125,9.740843811035157
1748974656274,1.4911990356445313,-0.05254074096679688,9.575138397216797
1748974656343,1.6182847595214844,-0.06256988525390625,9.66674789428711
1748974656407,1.6771124267578126,-0.12828323364257813,9.531279602050782
1748974656474,1.5429913330078127,-0.055085449218750006,9.568851470947266
1748974656544,1.657054138183594,-0.07993377685546875,9.605824584960938
1748974656607,1.6410374450683594,-0.06436614990234375,9.670190734863281
1748974656674,1.554217987060547,-0.02724334716796875,9.635013885498047
1748974656744,1.677561492919922,-0.11256591796875001,9.591005401611328
1748974656807,1.6604969787597657,-0.047900390625000004,9.551188201904298
1748974656874,1.6040643310546876,0.00269439697265625,9.73291030883789
1748974656957,1.6628919982910157,-0.11346405029296876,9.610315246582031
1748974657007,1.6359480285644532,-0.026345214843750003,9.656868438720704
1748974657074,1.5727793884277343,-0.02424957275390625,9.625134429931641
1748974657141,1.660796356201172,-0.09505233764648438,9.556876373291017
1748974657207,1.5992742919921876,-0.010927276611328125,9.606722717285157
1748974657274,1.6238232421875,-0.044756927490234376,9.63037353515625
1748974657344,1.6263679504394533,-0.06930587768554688,9.545200653076172
1748974657407,1.6013699340820313,-0.013771362304687501,9.599986724853515
1748974657474,1.6039146423339845,-0.0987945556640625,9.636510772705078
1748974657544,1.6636404418945314,-0.0149688720703125,9.55418197631836
1748974657607,1.5368540954589844,-0.013022918701171875,9.631271667480469
1748974657674,1.7057029724121096,-0.10972183227539063,9.635762329101563
1748974657745,1.655108184814453,-0.0053887939453125,9.536518707275391
1748974657807,1.603315887451172,0.005538482666015625,9.627080383300783
1748974657874,1.6949253845214844,-0.07589218139648438,9.529782714843751
1748974657942,1.6510665893554688,-0.017513580322265625,9.607770538330078
1748974658007,1.6455281066894532,-0.015567626953125,9.634115753173829
1748974658074,1.6664845275878908,-0.05882766723632813,9.591753845214845
1748974658143,1.6844471740722657,0.03263214111328125,9.610165557861329
1748974658207,1.6684304809570314,-0.07873626708984376,9.624685363769531
1748974658274,1.6721726989746095,-0.039667510986328126,9.502838745117188
1748974658343,1.6467256164550783,0.01047821044921875,9.667047271728515
1748974658407,1.6904347229003907,-0.06586303710937501,9.570647735595704
1748974658474,1.7269587707519531,0.00808319091796875,9.575886840820313
1748974658544,1.6432827758789064,0.03936813354492188,9.638756103515625
1748974658607,1.7307009887695313,-0.039517822265625,9.5657080078125
1748974658674,1.6780105590820313,-0.0061372375488281256,9.638157348632813
1748974658744,1.5247293090820313,0.05403762817382813,9.589508514404297
1748974658807,1.581910400390625,-0.09969268798828125,9.512568511962892
1748974658874,1.6515156555175783,0.00449066162109375,9.596394195556641
1748974658941,1.7405804443359376,-0.020357666015625,9.565109252929688
1748974659007,1.648671569824219,-0.033679962158203125,9.568701782226563
1748974659074,1.6102015686035156,-0.0053887939453125,9.60058547973633
1748974659144,1.6811540222167969,-0.06870712280273437,9.597591705322266
1748974659207,1.6678317260742188,0.00718505859375,9.545350341796876
1748974659274,1.5661930847167969,0.06915618896484375,9.630223846435547
1748974659344,1.7730628967285158,-0.06780899047851563,9.561067657470703
1748974659407,1.6125965881347657,0.011376342773437501,9.596992950439454
1748974659474,1.6176860046386718,0.027393035888671875,9.600286102294922
1748974659544,1.7702188110351564,-0.007035369873046876,9.531129913330078
1748974659607,1.6908837890625001,0.10927276611328125,9.526489562988282
1748974659674,1.627116394042969,-0.05044509887695313,9.71270233154297
1748974659744,1.6757652282714846,-0.04326004028320313,9.523196411132814
1748974659807,1.535057830810547,-0.019609222412109377,9.643546142578126
1748974659874,1.6926800537109377,-0.041613464355468754,9.552385711669922
1748974659944,1.5823594665527345,0.10777587890625001,9.483379211425781
1748974660007,1.6435821533203125,0.011526031494140625,9.718091125488282
1748974660074,1.6636404418945314,-0.10568023681640626,9.551637268066406
1748974660144,1.644031219482422,0.04415817260742188,9.534423065185548
1748974660207,1.6564553833007813,0.057330780029296875,9.677974548339844
1748974660274,1.6137940979003906,-0.014819183349609376,9.556726684570313
1748974660344,1.706301727294922,-0.015118560791015626,9.538165283203126
1748974660407,1.7224681091308596,0.06586303710937501,9.676028594970704
1748974660474,1.6000227355957033,0.10163864135742189,9.569599914550782
1748974660544,1.7327966308593752,0.05074447631835938,9.686806182861329
1748974660607,1.6076568603515626,-0.025596771240234375,9.409432983398437
1748974660674,1.6100518798828125,0.055384826660156254,9.600435791015625
1748974660744,1.6875906372070313,0.07873626708984376,9.62124252319336
1748974660808,1.661844177246094,-0.08098159790039063,9.510921936035157
1748974660874,1.6196319580078127,0.030237121582031252,9.641600189208985
1748974660944,1.8796412658691408,0.1191522216796875,9.61600341796875
1748974661007,1.670226745605469,0.047451324462890625,9.461824035644531
1748974661074,1.6013699340820313,0.04266128540039063,9.634864196777345
1748974661144,1.6208294677734376,0.09056167602539063,9.582772521972657
1748974661207,1.5989749145507812,-0.011675720214843751,9.501641235351563
1748974661275,1.602118377685547,0.018860778808593753,9.61166244506836
1748974661344,1.6542100524902346,0.05598358154296875,9.548793182373048
1748974661407,1.53520751953125,0.080233154296875,9.728719024658204
1748974661474,1.6569044494628906,0.0520916748046875,9.627230072021485
1748974661544,1.644031219482422,-0.18591339111328126,9.766290893554688
1748974661607,1.9127224731445314,-0.06421646118164062,9.347162475585938
1748974661674,1.9281404113769531,0.08786727905273438,9.50478469848633
1748974661744,1.8808387756347658,-0.08711883544921875,9.643845520019532
1748974661807,1.9260447692871094,-0.004340972900390625,9.600435791015625
1748974661874,1.984273681640625,0.05044509887695313,9.414223022460938
1748974661954,1.973196716308594,-0.0056881713867187505,9.69548812866211
1748974662007,2.033221893310547,-0.001347198486328125,9.40763671875
1748974662074,2.0776794433593753,-0.03817062377929688,9.561067657470703
1748974662141,2.062860260009766,0.015717315673828124,9.45119613647461
1748974662207,2.058369598388672,0.07349716186523438,9.401649169921875
1748974662274,2.022294616699219,0.11406280517578125,9.564061431884767
1748974662344,2.039658508300781,0.026943969726562503,9.395811309814453
1748974662407,2.020049285888672,0.08457412719726563,9.682165832519532
1748974662474,2.1573138427734375,-0.005538482666015625,9.248367919921876
1748974662544,2.142644348144531,0.0034428405761718754,9.482780456542969
1748974662607,2.315834197998047,0.06361770629882812,8.98701141357422
1748974662675,1.9860699462890625,0.058677978515625,9.965376892089845
1748974662745,3.421135711669922,1.0491682434082032,10.171797637939454
1748974662807,1.5440391540527345,-0.07993377685546875,9.855804748535157
1748974662874,1.3187576293945313,-0.6101312255859376,9.7285693359375
1748974662944,1.6881893920898439,-0.6240522766113281,9.710606689453126
1748974663007,1.472787322998047,-0.37781433105468754,9.723779296875
1748974663074,1.6024177551269532,-0.028740234375,9.43967010498047
1748974663144,2.0410057067871095,0.086220703125,9.12697036743164
1748974663207,0.5906716918945313,-0.5117857360839844,10.891650695800783
1748974663274,1.7283059692382814,-0.8942404174804688,8.52626953125
1748974663345,2.145638122558594,-0.6804849243164063,10.082882537841797
1748974663407,1.282532958984375,-0.37317398071289065,9.389524383544922
1748974663474,1.5642471313476562,-0.31629226684570316,9.729617156982423
1748974663544,1.7298028564453125,-0.5761518859863282,9.585466918945313
1748974663607,1.7131874084472658,-0.4962181091308594,9.435927886962892
1748974663674,1.5214361572265627,-0.5635780334472656,9.698481903076173
1748974663744,1.7036073303222656,-0.4218228149414063,9.570198669433594
1748974663807,1.5878979492187502,-0.4710704040527344,9.528734893798829
1748974663874,1.6504678344726564,-0.5379812622070312,9.596693572998047
1748974663944,1.7033079528808595,-0.5551954650878906,9.609716491699219
1748974664007,1.4940431213378906,-0.5034031677246094,9.505982208251954
1748974664074,1.5834072875976564,-0.4908293151855469,9.66719696044922
1748974664144,1.7042060852050782,-0.5487588500976562,9.536818084716797
1748974664207,1.670526123046875,-0.49097900390625004,9.624685363769531
1748974664274,1.5587086486816406,-0.5114863586425782,9.607770538330078
1748974664341,1.7209712219238282,-0.5032534790039063,9.50478469848633
1748974664407,1.580712890625,-0.5213658142089844,9.615105285644532
1748974664474,1.6771124267578126,-0.5801934814453126,9.588909759521485
1748974664542,1.6313076782226563,-0.49591873168945316,9.53068084716797
1748974664607,1.627116394042969,-0.4656816101074219,9.640103302001954
1748974664674,1.6850459289550783,-0.4866380310058594,9.616302795410157
1748974664745,1.6362474060058594,-0.47615982055664063,9.464368743896484
1748974664807,1.585353240966797,-0.5514532470703125,9.650880889892578
1748974664875,1.665436706542969,-0.5465135192871095,9.578281860351563
1748974664944,1.6182847595214844,-0.45939468383789067,9.497749328613281
1748974665007,1.646426239013672,-0.4920268249511719,9.623936920166017
1748974665074,1.620230712890625,-0.5960604858398438,9.525292053222657
1748974665144,1.550775146484375,-0.5029541015625,9.581275634765625
1748974665207,1.6384927368164064,-0.487386474609375,9.642049255371095
1748974665275,1.7188755798339845,-0.4218228149414063,9.550290069580079
1748974665345,1.5548167419433594,-0.678838348388672,8.456963653564454
1748974665407,1.878743133544922,-0.6387217712402344,9.301357727050782
1748974665474,1.55197265625,-0.429906005859375,9.358538818359376
1748974665545,1.4805711364746095,-0.3209326171875,9.679920501708985
1748974665607,1.62861328125,-0.5929170227050782,9.529932403564453
1748974665675,1.6898359680175783,-0.5709127807617188,9.545200653076172
1748974665744,1.4521302795410156,-0.5152285766601563,9.597891082763672
1748974665807,1.6522640991210937,-0.6252497863769532,9.49954559326172
1748974665874,1.5631993103027344,-0.5816903686523438,9.61645248413086
1748974665944,1.5169454956054689,-0.4423301696777344,9.648186492919923
1748974666007,1.663191375732422,-0.5216651916503906,9.481732635498048
1748974666074,1.488504638671875,-0.6111790466308594,9.578431549072267
1748974666144,1.5618521118164064,-0.5565426635742188,9.645043029785157
1748974666207,1.6642391967773438,-0.5180726623535157,9.461824035644531
1748974666275,1.5244299316406251,-0.5358856201171875,9.669591979980469
1748974666344,1.586700439453125,-0.6381230163574219,9.585017852783203
1748974666407,1.614093475341797,-0.5530998229980469,9.508526916503907
1748974666474,1.5152989196777344,-0.48648834228515625,9.665251007080078
1748974666544,1.5540682983398437,-0.6324348449707031,9.556876373291017
1748974666607,1.5597564697265627,-0.5789959716796875,9.545949096679688
1748974666675,1.5594570922851563,-0.5598358154296875,9.632319488525392
1748974666744,1.6494200134277344,-0.5888754272460938,9.50059341430664
1748974666807,1.5575111389160157,-0.5622308349609375,9.67827392578125
1748974666874,1.548380126953125,-0.6038442993164063,9.593999176025392
1748974666959,1.6045133972167969,-0.63228515625,9.586514739990236
1748974667008,1.6037649536132814,-0.550704803466797,9.600435791015625
1748974667074,1.6215779113769533,-0.6846762084960938,9.6519287109375
1748974667141,1.518292694091797,-0.5194198608398438,9.487271118164063
1748974667207,1.5814613342285158,-0.5872288513183594,9.690548400878907
1748974667275,1.60705810546875,-0.6571334838867188,9.601184234619142
1748974667344,1.6226257324218751,-0.5278024291992188,9.426048431396485
1748974667407,1.4786251831054689,-0.5604345703125,9.768087158203125
1748974667474,1.7250128173828125,-0.49786468505859377,9.428593139648438
1748974667544,1.4808705139160157,-0.667012939453125,9.652078399658203
1748974667607,1.4757810974121095,-0.5849835205078125,9.649833068847657
1748974667674,1.6579522705078127,-0.547261962890625,9.474547576904298
1748974667744,1.541045379638672,-0.5462141418457032,9.565258941650391
1748974667807,1.5694862365722657,-0.6753955078125,9.650880889892578
1748974667874,1.5732284545898438,-0.659678192138672,9.485325164794922
1748974667945,1.5612533569335938,-0.4739144897460938,9.636810150146484
1748974668007,1.569935302734375,-0.6577322387695312,9.527687072753906
1748974668074,1.5729290771484377,-0.631087646484375,9.54415283203125
1748974668145,1.556613006591797,-0.5742059326171876,9.646390228271486
1748974668207,1.6087046813964845,-0.6647676086425781,9.515113220214845
1748974668275,1.567540283203125,-0.5516029357910156,9.592651977539063
1748974668342,1.522034912109375,-0.6411167907714844,9.573791198730468
1748974668407,1.6088543701171876,-0.6370751953125,9.551487579345704
1748974668474,1.5265255737304688,-0.6008505249023438,9.636510772705078
1748974668542,1.646575927734375,-0.7797285461425781,9.529183959960937
1748974668607,1.7321978759765626,-0.6436614990234375,9.513167266845704
1748974668674,1.4504837036132814,-0.5272036743164062,9.607171783447265
1748974668747,1.6230747985839844,-0.6110293579101563,9.624984741210938
1748974668807,1.6772621154785157,-0.6179150390625,9.503587188720704
1748974668875,1.5012281799316407,-0.6533912658691406,9.654473419189454
1748974668944,1.6530125427246094,-0.6721023559570313,9.539063415527345
1748974669007,1.6343014526367188,-0.5619314575195313,9.538015594482422
1748974669075,1.5358062744140626,-0.5978567504882812,9.612560577392578
1748974669144,1.66693359375,-0.7104226684570313,9.488468627929688
1748974669207,1.6317567443847658,-0.5864804077148438,9.648635559082031
1748974669275,1.5513739013671877,-0.5415737915039063,9.642498321533203
1748974669344,1.708547058105469,-0.5492079162597656,9.42919189453125
1748974669407,1.4894027709960938,-0.4758604431152344,9.570348358154297
1748974669474,1.4494358825683595,-0.5833369445800781,9.5848681640625
1748974669545,1.4519805908203125,-0.5379812622070312,9.636211395263672
1748974669607,1.4973362731933595,-0.5212161254882812,9.673783264160157
1748974669675,1.6343014526367188,-0.6735992431640625,9.599088592529297
1748974669743,1.1187734985351563,-0.29368927001953127,9.119186553955078
1748974669808,1.807042236328125,0.032332763671875,9.189240875244142
1748974669875,1.14242431640625,-0.9788145446777344,9.113797760009765
1748974669943,1.3763877868652346,-0.3008743286132813,9.746831359863283
1748974670007,1.6346008300781252,-0.14639556884765625,9.614805908203126
1748974670075,1.5106585693359376,-0.31225067138671875,9.70551727294922
1748974670144,1.4088702392578125,-0.4519102478027344,9.511670379638673
1748974670208,1.4771282958984375,-0.4740641784667969,9.685309295654298
1748974670275,1.5093113708496095,-0.23037094116210938,9.473050689697265
1748974670344,1.4214440917968751,-0.30566436767578126,9.684860229492188
1748974670408,1.5365547180175783,-0.4881349182128906,9.587113494873048
1748974670474,1.4798226928710938,-0.33799713134765624,9.524693298339844
1748974670544,1.4335688781738283,-0.33724868774414063,9.695787506103516
1748974670607,1.5144007873535157,-0.35401382446289065,9.576934661865234
1748974670675,1.4645544433593751,-0.3495231628417969,9.555678863525392
1748974670744,1.405726776123047,-0.3938310241699219,9.729617156982423
1748974670808,1.5365547180175783,-0.2832110595703125,9.53936279296875
1748974670875,1.465602264404297,-0.2903961181640625,9.633816375732422
1748974670944,1.5533198547363283,-0.42691223144531254,9.687105560302735
1748974671007,1.5120057678222658,-0.34203872680664066,9.48472640991211
1748974671075,1.4316229248046877,-0.2912942504882813,9.710157623291016
1748974671144,1.543590087890625,-0.4387376403808594,9.618997192382812
1748974671207,1.4618600463867188,-0.3035687255859375,9.557624816894531
1748974671275,1.4359638977050782,-0.3514691162109375,9.730515289306641
1748974671344,1.4938934326171875,-0.42122406005859375,9.589807891845703
1748974671407,1.5018269348144533,-0.28021728515625,9.567803649902345
1748974671474,1.4301260375976563,-0.3305126953125,9.663604431152343
1748974671544,1.5473323059082031,-0.3842509460449219,9.583071899414064
1748974671607,1.4985337829589844,-0.33126113891601566,9.553732910156251
1748974671675,1.513802032470703,-0.3603007507324219,9.696236572265626
1748974671744,1.473984832763672,-0.3543132019042969,9.558373260498048
1748974671807,1.4650035095214844,-0.3203338623046875,9.62558349609375
1748974671875,1.4697935485839844,-0.44921585083007814,9.637408905029297
1748974671957,1.460662536621094,-0.365240478515625,9.522747344970703
1748974672008,1.4600637817382813,-0.4058061218261719,9.716743927001954
1748974672075,1.5226336669921876,-0.3806584167480469,9.576485595703126
1748974672141,1.5031741333007813,-0.32168106079101566,9.55418197631836
1748974672207,1.4081217956542968,-0.3968247985839844,9.632169799804688
1748974672275,1.4959890747070312,-0.4962181091308594,9.607620849609376
1748974672344,1.4034814453125,-0.4831951904296875,9.489666137695313
1748974672407,1.325792999267578,-0.33410522460937503,9.751172332763673
1748974672474,1.42024658203125,-0.4604425048828125,9.473799133300782
1748974672545,1.3311817932128907,-0.4848417663574219,9.555379486083984
1748974672607,1.588796081542969,-0.46104125976562504,9.666897583007813
1748974672675,1.3298345947265626,-0.49876281738281253,9.459878082275392
1748974672745,1.5428416442871093,-0.2935395812988281,9.841883697509767
1748974672807,1.4232403564453127,-0.5366340637207031,9.487869873046876
1748974672875,1.2687615966796875,-0.31404693603515627,9.478738861083984
1748974672944,1.465602264404297,-0.4228706359863281,9.688452758789063
1748974673007,1.45856689453125,-0.5444178771972656,9.522148590087891
1748974673075,1.3371693420410158,-0.2556683349609375,9.743238830566407
1748974673145,1.420096893310547,-0.4439767456054688,9.662107543945313
1748974673207,1.3864169311523438,-0.4644841003417969,9.604627075195314
1748974673275,1.462009735107422,-0.3438349914550781,9.621990966796876
1748974673345,1.377285919189453,-0.5767506408691406,9.670939178466798
1748974673407,1.2889695739746094,-0.446671142578125,9.571994934082031
1748974673474,1.4206956481933595,-0.47556106567382816,9.631271667480469
1748974673545,1.3774356079101564,-0.5519023132324219,9.72138427734375
1748974673607,1.3097763061523438,-0.5634283447265626,9.749076690673828
1748974673675,1.0984158325195312,-0.6062393188476562,9.614356842041015
1748974673745,1.3460009765625,-0.559237060546875,9.570198669433594
1748974673807,1.3356724548339844,-0.3788621520996094,9.601184234619142
1748974673875,1.3308824157714845,-0.46373565673828127,10.455158386230469
1748974673945,1.4248869323730469,-0.6578819274902344,9.24761947631836
1748974674007,1.4588662719726564,-0.4839436340332032,9.393116912841798
1748974674075,1.5260765075683596,0.06331832885742188,10.11072463989258
1748974674145,1.6401393127441406,-0.6435118103027344,9.262887725830078
1748974674207,1.2222084045410158,-0.4056564331054688,9.813742218017579
1748974674275,1.6142431640625001,-0.7647596740722656,9.442364501953126
1748974674344,1.056053924560547,-0.5770500183105469,9.391769714355469
1748974674407,1.1608360290527344,-0.9330097961425782,9.40090072631836
1748974674474,1.2063414001464845,-0.8798703002929688,9.529183959960937
1748974674542,1.1705657958984375,-0.9690847778320313,9.708211669921875
1748974674607,0.6465055847167969,-0.5854325866699219,9.401499481201173
1748974674675,1.7627343750000002,-0.5084925842285156,9.699978790283204
1748974674742,1.8459613037109377,-0.25417144775390627,9.411528625488282
1748974674807,1.833088073730469,-0.27153533935546875,9.5848681640625
1748974674875,1.0003697204589845,-0.5273533630371094,9.680070190429689
1748974674942,1.1311976623535156,-0.44188110351562504,9.53936279296875
1748974675008,1.9718495178222657,-0.7170089721679688,9.78170883178711
1748974675075,1.7765057373046875,-0.3046165466308594,9.311237182617187
1748974675142,1.433419189453125,-0.41089553833007814,9.526489562988282
1748974675207,1.7212705993652344,-0.5852828979492187,9.392817535400392
1748974675275,1.6119978332519531,-0.3113525390625,9.565558319091798
1748974675345,1.5775694274902345,-0.15911911010742188,9.694739685058595
1748974675435,1.2460089111328125,-0.4968168640136719,9.495204620361328
1748974675475,1.4203962707519533,-0.5480104064941407,9.596843261718751
1748974675544,1.598675537109375,-0.46074188232421875,9.630523223876954
1748974675608,1.593885498046875,-0.5245092773437501,9.430688781738281
1748974675675,1.7774038696289063,-0.07095245361328126,9.648785247802735
1748974675747,1.4814692687988282,-0.40490798950195317,9.649234313964845
1748974675807,1.4928456115722657,-0.24818389892578127,9.57094711303711
1748974675875,0.44622207641601563,-0.6899153137207031,9.649234313964845
1748974675943,1.6744180297851563,-0.4525090026855469,9.713301086425782
1748974676007,1.5259268188476562,-0.5894741821289062,9.304800567626954
1748974676075,1.6091537475585938,0.03158432006835938,9.424551544189454
1748974676144,1.4977853393554688,-0.4321513366699219,9.3118359375
1748974676208,1.6661851501464844,-0.26839187622070315,9.84397933959961
1748974676275,1.7164805603027344,-0.30731094360351563,9.685159606933594
1748974676344,1.640438690185547,-0.06271957397460938,9.482032012939454
1748974676407,1.889520721435547,-0.12109817504882812,9.545949096679688
1748974676474,1.8538948059082032,-0.2089654541015625,9.65282684326172
1748974676544,1.967508544921875,-0.08652008056640625,9.337432708740234
1748974676607,2.053579559326172,-0.13247451782226563,9.667646026611328
1748974676675,1.6874409484863282,-0.21704864501953125,9.622889099121094
1748974676744,1.4380595397949218,-0.20327728271484377,9.358838195800782
1748974676807,1.9140696716308594,-0.4117936706542969,9.283694458007814
1748974676875,1.669178924560547,-0.26300308227539065,9.510921936035157
1748974676959,1.3718971252441408,-0.5587879943847657,9.419761505126953
1748974677008,2.2275178527832034,-0.3423381042480469,9.677525482177735
1748974677075,2.029779052734375,-0.20492385864257814,9.526639251708986
1748974677141,2.126328277587891,-0.2947370910644531,9.845775604248047
1748974677207,1.3611195373535157,-0.05703140258789063,9.33054702758789
1748974677275,1.8085391235351564,-0.7250921630859375,9.387877807617189
1748974677344,1.4864089965820313,-0.3691323852539063,9.601034545898438
1748974677407,1.8603314208984376,-0.33560211181640626,9.509574737548828
1748974677474,2.317031707763672,-0.15717315673828125,9.44401107788086
1748974677545,2.066602478027344,-0.47556106567382816,9.533225555419923
1748974677607,1.8661692810058594,-0.25042922973632814,9.697733459472657
1748974677675,2.319127349853516,-0.678838348388672,9.578431549072267
1748974677748,0.6734495544433594,-0.4453239440917969,9.430838470458985
1748974677807,1.9058367919921877,-0.5962101745605469,9.391170959472657
1748974677875,2.345472564697266,-0.5498066711425782,9.68021987915039
1748974677945,2.403252410888672,-0.15687377929687502,9.663454742431641
1748974678007,1.8720071411132813,-0.3279679870605469,9.395062866210939
1748974678075,2.675386505126953,-0.3406915283203125,9.309141540527344
1748974678145,2.8683352661132813,-0.33066238403320314,9.517208862304688
1748974678207,2.421065368652344,-0.3841012573242188,9.451645202636719
1748974678275,2.4869284057617187,-0.35820510864257815,9.526190185546875
1748974678345,2.5417144775390628,-0.25581802368164064,9.351653137207032
1748974678407,2.3040087890625003,-0.188009033203125,9.48083450317383
1748974678474,2.369722137451172,-0.32721954345703125,9.448651428222657
1748974678545,2.519111480712891,-0.4149371337890625,9.419761505126953
1748974678607,2.71834716796875,-0.23381378173828127,9.486522674560547
1748974678675,2.799628143310547,-0.09684860229492188,9.268875274658203
1748974678748,2.8029212951660156,-0.15283218383789063,9.263187103271484
1748974678807,2.980452117919922,-0.2505789184570313,9.16708694458008
1748974678875,2.907853088378906,-0.23231689453125,9.270372161865234
1748974678943,3.1058912658691407,-0.32183074951171875,9.36108352661133
1748974679008,3.077300720214844,-0.24084915161132814,9.330846405029297
1748974679075,2.8898904418945315,-0.28455825805664064,9.354796600341798
1748974679145,2.8556117248535156,-0.1981878662109375,8.776848449707032
1748974679207,2.4968078613281253,0.07065307617187501,9.83439926147461
1748974679275,2.626138916015625,-0.34937347412109376,8.95976806640625
1748974679344,2.840193786621094,-0.5141807556152344,9.222172393798829
1748974679407,1.5724800109863282,0.012424163818359375,11.107202453613281
1748974679474,2.5376728820800785,-0.1838177490234375,8.290659484863282
1748974679544,2.8922854614257814,-0.33635055541992187,9.783954162597658
1748974679607,2.682272186279297,-0.10193801879882813,9.043893127441407
1748974679675,2.441572723388672,-0.2677931213378906,9.59878921508789
1748974679745,2.815195770263672,-0.06945556640625,9.563911743164063
1748974679807,2.605631561279297,-0.19100280761718752,9.5465478515625
1748974679875,2.6304798889160157,-0.21944366455078126,9.161997528076173
1748974679945,2.6806256103515627,-0.19145187377929687,9.229656829833985
1748974680008,2.5935067749023437,-0.2709365844726563,9.475894775390625
1748974680075,2.498604125976563,-0.15417938232421877,9.844578094482422
1748974680142,2.661764831542969,-0.19728973388671875,9.737251281738281
1748974680208,2.6704467773437504,-0.087418212890625,9.191935272216798
1748974680275,2.7738816833496096,-0.2763253784179688,8.990454254150391
1748974680342,2.794538726806641,-0.11451187133789063,9.034013671875
1748974680408,2.790048065185547,-0.29653335571289063,9.438472595214844
1748974680475,2.8566595458984376,-0.2751278686523438,9.628128204345703
1748974680544,2.8374993896484377,-0.21749771118164063,9.540111236572265
1748974680607,2.8874954223632816,-0.2285746765136719,9.1154443359375
1748974680675,2.5640180969238284,-0.28994705200195314,9.152417449951173
1748974680747,2.3929238891601563,-0.19983444213867188,9.52499267578125
1748974680807,2.2387445068359377,-0.1359173583984375,9.593550109863282
1748974680875,1.9088305664062502,0.018411712646484377,9.863738250732423
1748974680942,1.6582516479492189,-0.11391311645507814,9.402846679687501
1748974681007,1.8175204467773438,-0.3373983764648438,9.554930419921876
1748974681075,1.9109262084960938,-0.17049545288085938,9.254954223632813
1748974681145,1.658551025390625,-0.16780105590820313,9.576934661865234
1748974681208,2.5246499633789066,-0.029937744140625,8.915011138916016
1748974681275,1.7838404846191407,-0.041164398193359375,9.704768829345703
1748974681345,1.7980609130859375,-0.1395098876953125,9.321266326904297
1748974681407,1.9510427856445314,-0.1627116394042969,9.780062255859375
1748974681474,1.629661102294922,-0.24159759521484375,9.341324615478516
1748974681544,1.6660354614257813,-0.20193008422851563,9.665400695800782
1748974681607,1.9550843811035157,-0.1866618347167969,9.446256408691406
1748974681675,1.8733543395996095,-0.31853759765625,9.69548812866211
1748974681744,1.7905764770507813,-0.223934326171875,9.664652252197266
1748974681808,1.866618347167969,0.03323089599609375,9.56136703491211
1748974681875,1.7574952697753907,-0.3131488037109375,9.586514739990236
1748974681960,1.786534881591797,-0.17408798217773438,9.459429016113281
1748974682008,1.7883311462402345,-0.2585124206542969,9.49430648803711
1748974682075,1.9107765197753908,-0.18217117309570313,9.495503997802734
1748974682141,1.83697998046875,-0.09969268798828125,9.84876937866211
1748974682207,2.5069866943359376,-0.22887405395507815,9.42529998779297
1748974682275,3.4679882812500002,-0.17154327392578125,9.0483837890625
1748974682343,3.7544924926757814,-0.07544311523437501,8.98611328125
1748974682407,3.5771113586425782,-0.07798782348632813,9.197024688720704
1748974682474,3.017724609375,-0.039517822265625,9.30794403076172
1748974682547,2.348017272949219,-0.16136444091796875,9.371561737060548
1748974682607,2.0457957458496097,-0.2423460388183594,9.485624542236328
1748974682675,2.097887420654297,-0.3242257690429688,9.670490112304687
1748974682748,2.209106140136719,-0.19983444213867188,9.504485321044923
1748974682808,2.58422607421875,-0.21884490966796877,9.548044738769532
1748974682875,3.0505064392089847,-0.12978012084960938,9.444609832763673
1748974682946,3.0599368286132815,0.055384826660156254,9.109456787109375
1748974683007,3.3212933349609375,0.1293310546875,9.3932666015625
1748974683075,3.376827850341797,0.0987945556640625,9.275012512207033
1748974683148,2.6059309387207032,-0.051043853759765626,9.210496673583984
1748974683207,2.2474264526367187,-0.3059637451171875,9.141939239501953
1748974683275,2.265838165283203,-0.30910720825195315,9.60058547973633
1748974683345,1.700314178466797,-0.19175125122070313,9.92780502319336
1748974683407,1.4647041320800782,-0.25162673950195313,9.863438873291017
1748974683475,1.9511924743652345,-0.11870315551757814,9.459578704833985
1748974683548,1.721869354248047,-0.2625540161132813,9.463021545410157
1748974683607,2.16509765625,-0.3107537841796875,9.199868774414062
1748974683675,1.8455122375488282,-0.32183074951171875,10.562335510253908
1748974683748,1.9718495178222657,-0.2183958435058594,10.102791137695313
1748974683807,1.8342855834960938,0.05553451538085938,9.361682281494142
1748974683875,1.8999989318847657,-0.2369572448730469,8.912616119384767
1748974683947,1.872755584716797,-0.1431024169921875,9.260492706298828
1748974684007,2.028731231689453,-0.15582595825195314,9.668394470214844
1748974684075,1.778152313232422,-0.17753082275390625,10.099497985839845
1748974684142,1.6630416870117188,-0.23441253662109376,9.897418212890626
1748974684208,1.9935543823242188,-0.3683839416503906,9.048234100341798
1748974684275,1.7869839477539062,-0.4053570556640625,9.04598876953125
1748974684342,1.7619859313964845,-0.24563919067382814,9.784702606201172
1748974684408,2.087259521484375,-0.1431024169921875,9.879605255126954
1748974684475,1.916015625,-0.2435435485839844,9.600735168457032
1748974684542,1.9125727844238283,-0.28231292724609375,9.44311294555664
1748974684607,1.9273919677734377,-0.28351043701171874,9.124126281738281
1748974684675,1.7604890441894532,-0.14145584106445314,9.723330230712891
1748974684747,1.8145266723632814,-0.12109817504882812,9.459878082275392
1748974684807,1.6575032043457032,-0.10208770751953125,9.734107818603515
1748974684875,1.689536590576172,-0.33141082763671875,9.412726135253907
1748974684947,1.350641326904297,-0.19699035644531251,9.967173156738282
1748974685007,1.4036311340332033,-0.11346405029296876,9.539063415527345
1748974685075,1.357676696777344,0.0053887939453125,9.055269470214844
1748974685146,1.3268408203125002,-0.27393035888671874,9.69264404296875
1748974685207,0.9693841552734376,-0.17753082275390625,9.698481903076173
1748974685275,0.9072633361816407,-0.2606080627441406,8.967701568603516
1748974685347,0.8669970703125001,-0.16166381835937502,10.104886779785156
1748974685407,1.1271560668945313,-0.06466552734375,9.291029205322266
1748974685474,0.9107061767578125,-0.2173480224609375,9.598639526367188
1748974685547,1.07296875,-0.4333488464355469,9.513766021728516
1748974685607,1.000968475341797,-0.6080355834960938,10.16775604248047
1748974685675,1.289568328857422,-0.6324348449707031,9.86792953491211
1748974685747,0.9012757873535157,-0.28351043701171874,9.877808990478517
1748974685808,1.1687695312500002,-0.14894027709960939,9.451794891357423
1748974685875,0.8508306884765625,-0.0221539306640625,9.558373260498048
1748974685947,0.9803114318847657,-0.17633331298828125,9.785750427246095
1748974686007,0.8901988220214844,-0.053738250732421874,10.079290008544922
1748974686075,1.0433303833007812,-0.20387603759765627,10.084828491210938
1748974686144,0.8815168762207032,-0.1622625732421875,9.522747344970703
1748974686207,0.4489164733886719,-0.3429368591308594,9.242679748535156
1748974686275,0.6667135620117188,-0.2731819152832031,9.580227813720704
1748974686344,0.7250921630859375,-0.23096969604492187,9.746681671142579
1748974686407,1.743424530029297,0.3406915283203125,13.466147003173829
1748974686475,0.9752220153808594,-0.14265335083007813,8.286318511962891
1748974686544,1.1904743957519532,-0.7614665222167969,9.653874664306642
1748974686607,1.1966116333007812,-1.1418255615234376,9.280251617431642
1748974686675,1.6558566284179688,-0.7039860534667969,9.746831359863283
1748974686747,0.4537065124511719,-0.028889923095703127,9.98917739868164
1748974686807,0.4040098571777344,-0.3683839416503906,9.648485870361329
1748974686875,0.19429595947265627,-0.4998106384277344,9.747430114746095
1748974686955,1.5774197387695312,-0.6042933654785156,9.522447967529297
1748974687008,0.9533674621582032,-0.6981481933593751,9.586963806152344
1748974687075,1.2662168884277345,-0.49217651367187504,9.329948272705078
1748974687141,1.7648300170898439,-0.12064910888671876,9.255852355957032
1748974687207,2.631827087402344,-0.20567230224609376,10.262359313964843
1748974687275,2.479893035888672,0.16959732055664065,9.153914337158204
1748974687344,2.6931994628906253,-0.354462890625,9.75581268310547
1748974687407,3.6220179748535157,-0.4278103637695313,8.707392883300782
1748974687475,1.6845968627929688,-0.17184265136718752,10.107730865478516
1748974687547,2.246378631591797,0.07649093627929687,9.480684814453125
1748974687607,3.084485778808594,-0.1526824951171875,11.817924499511719
1748974687675,5.700745239257813,-1.878743133544922,9.99247055053711
1748974687748,6.9886669921875,-0.4040098571777344,11.042836303710938
1748974687807,4.665498046875,-0.010927276611328125,9.416618041992187
1748974687875,4.8210246276855475,3.934717712402344,9.24522445678711
1748974687948,3.8380187988281254,4.784201202392579,10.447973327636719
1748974688007,-1.4299763488769532,6.951993255615235,6.5608566284179695
1748974688075,2.2267694091796875,5.890999603271485,5.077591094970703
1748974688148,2.355202331542969,7.163054351806641,5.539829864501954
1748974688207,1.3365705871582032,7.7356137084960945,3.473526763916016
1748974688275,1.5236814880371095,6.740034027099609,4.4334805297851565
1748974688347,0.8367599487304688,7.034322052001953,6.390211486816407
1748974688407,0.5469625854492188,7.481442260742188,4.840035095214844
1748974688475,1.1561956787109375,7.516768798828125,5.687722320556641
1748974688548,1.0065069580078125,8.340505828857422,5.983357543945313
1748974688607,0.8378077697753906,7.813900909423828,5.771098937988281
1748974688675,0.8375083923339844,7.663613433837891,6.024971008300781
1748974688747,0.7282356262207031,7.086713104248047,6.244863739013672
1748974688807,0.9268725585937501,7.420818328857422,5.385650482177734
1748974688875,0.8713380432128907,7.870333557128907,5.5037548828125
1748974688947,0.8770262145996094,8.263565826416016,5.409600677490235
1748974689008,0.7631130981445313,8.138276367187501,5.730682983398438
1748974689075,0.3345542907714844,7.5592803955078125,7.01067123413086
1748974689142,0.2321672058105469,7.190746765136719,7.364535369873047
1748974689208,1.2843292236328125,7.670499114990235,5.35331771850586
1748974689275,1.1581416320800781,8.159681854248047,5.0464558410644536
1748974689344,0.7447013854980469,8.564739532470703,5.508844299316406
1748974689407,0.6140231323242188,7.998616790771485,6.045328674316407
1748974689475,0.6295907592773438,7.560926971435547,5.892945556640625
1748974689544,1.009500732421875,7.2019734191894536,5.445975036621094
1748974689608,1.3545332336425782,7.779771881103516,5.090913391113282
1748974689675,1.334175567626953,8.764873352050781,5.295088806152344
1748974689743,1.0238708496093751,8.582702178955078,4.567002868652344
1748974689808,1.0572514343261719,8.328530731201173,4.652175750732422
1748974689875,1.3982423400878907,7.651338958740235,5.365442504882813
1748974689942,1.2757969665527344,7.9062588500976565,5.837560729980469
1748974690008,1.12326416015625,8.688532104492188,4.976551208496094
1748974690075,1.1668235778808593,8.636290740966798,4.218527526855469
1748974690143,1.2487033081054688,8.926986236572265,1.2487033081054688
1748974690208,1.2085867309570313,7.346872100830079,-0.5800437927246094
1748974690275,1.1295510864257814,3.9213954162597657,3.9378611755371096
1748974690342,-0.3668870544433594,5.023403778076172,12.049492950439454
1748974690408,-0.3614982604980469,6.838379516601563,11.270662536621094
1748974690475,-1.8856288146972657,11.026071166992189,15.088323669433594
1748974690542,-0.5902226257324219,8.592731323242187,10.81201629638672
1748974690608,0.4819976806640625,8.909472656250001,6.990612945556641
1748974690675,0.5578898620605469,7.5293426513671875,6.434669036865235
1748974690743,1.4962884521484376,7.137756958007813,1.8360818481445313
1748974690807,0.5405259704589844,8.346942443847656,4.645589447021485
1748974690875,0.8699908447265625,7.167095947265626,2.907703399658203
1748974690941,1.1687695312500002,8.247249755859375,2.511177978515625
1748974691008,0.5827381896972657,8.637937316894531,4.930596771240235
1748974691075,0.8155041503906251,8.642278289794922,3.6970120239257813
1748974691142,1.0587483215332032,8.319100341796876,4.311334533691406
1748974691208,1.1032058715820312,8.249046020507812,4.080364837646485
1748974691275,1.0404862976074218,8.511899414062501,4.265230407714844
1748974691342,0.9012757873535157,8.85872817993164,3.6468663024902344
1748974691408,0.743653564453125,8.393944702148438,4.9097900390625
1748974691475,0.9057664489746095,8.398734741210937,4.3294468688964844
1748974691542,0.7942483520507813,8.982071685791016,3.500321044921875
1748974691608,0.8575666809082032,9.210945739746094,2.3869363403320314
1748974691675,0.889749755859375,8.493038635253907,3.240611114501953
1748974691763,0.41448806762695317,8.638236694335937,3.911965026855469
1748974691807,0.7839198303222656,6.276897125244141,3.3416510009765625
1748974691875,0.5542973327636719,8.529712371826172,4.925357666015625
1748974691941,0.9901908874511719,5.173391876220704,5.529800720214844
1748974692008,0.7698490905761719,4.915178833007813,5.744753723144531
1748974692075,-0.8247848510742188,3.4443374633789063,8.470435638427734
1748974692142,0.7027885437011719,1.4127621459960937,13.682147827148437
1748974692208,1.2913645935058595,4.876559143066406,10.932515716552736
1748974692275,-0.5857319641113281,5.542524261474609,19.448905792236328
1748974692342,0.3384461975097656,3.065475311279297,6.680457916259766
1748974692408,1.4090199279785156,3.2811767578125,9.546248474121095
1748974692475,0.592767333984375,4.0177949523925784,9.146429901123048
1748974692542,0.2900967407226563,4.038451995849609,8.184979248046876
1748974692608,-0.07918533325195314,3.7776942443847656,9.119036865234376
1748974692675,0.9204359436035157,4.228856048583984,8.224197692871094
1748974692742,0.3375480651855469,4.087998962402344,9.95130615234375
1748974692808,0.5339396667480469,3.436703338623047,9.95983840942383
1748974692875,0.7946974182128906,3.114573211669922,7.6592724609375
1748974692942,-0.30910720825195315,3.8351747131347658,11.275901641845703
1748974693008,0.9427395629882813,3.6781512451171876,8.760682067871095
1748974693075,0.23920257568359377,2.827320556640625,9.0196435546875
1748974693142,0.6090834045410156,2.958747253417969,9.170829162597657
1748974693208,0.48573989868164064,3.479813690185547,9.790390777587891
1748974693275,0.4781057739257813,2.714455261230469,8.37867645263672
1748974693342,0.2417472839355469,2.873724060058594,7.720195770263672
1748974693408,0.0014968872070312501,3.2355216979980472,8.88357650756836
1748974693475,-0.2628533935546875,3.502716064453125,10.433453521728516
1748974693542,0.06735992431640625,3.591182098388672,9.600735168457032
1748974693608,0.569864959716797,3.5057098388671877,10.053543548583985
1748974693675,-0.3201841735839844,3.534749450683594,7.529492340087891
1748974693744,-1.055006103515625,4.387526092529297,10.348580017089844
1748974693808,0.08083190917968751,3.360811157226563,8.426427154541017
1748974693875,0.46912445068359376,2.9951216125488282,9.204359436035157
1748974693944,0.63947021484375,3.017425231933594,8.115673370361328
1748974694008,0.40430923461914064,2.824775848388672,8.506959686279297
1748974694078,-0.042361907958984375,2.645149383544922,9.469308471679687
1748974694141,-0.012873229980468751,2.345771942138672,8.99464553833008
1748974694208,-0.07334747314453126,1.6323554992675782,10.649753723144531
1748974694275,-0.18142272949218752,2.3239173889160156,9.389973449707032
1748974694343,-0.027393035888671875,1.8000068664550781,10.846444702148439
1748974694408,-0.1830693054199219,2.3345452880859376,7.894583129882813
1748974694475,-0.7824229431152344,2.8087591552734374,11.010054473876954
1748974694548,-0.23111938476562502,2.0484901428222657,8.588240661621095
1748974694609,-0.24474105834960938,1.714684295654297,8.248596954345704
1748974694675,0.18995498657226564,1.9845730590820314,7.2283186340332035
1748974694743,0.6499484252929688,2.9594956970214845,10.100545806884766
1748974694807,-0.36658767700195316,2.5831782531738283,7.995473327636719
1748974694875,-0.6483018493652344,3.1494506835937504,12.193343811035158
1748974694947,-0.6776408386230469,4.325554962158203,8.916208648681641
1748974695008,-0.022602996826171878,4.165986785888672,12.230616302490235
1748974695075,0.006885681152343751,3.212769012451172,7.971972198486329
1748974695142,-0.8683442687988282,2.66086669921875,9.019793243408204
1748974695208,-0.5890251159667969,2.2207818603515626,9.642198944091797
1748974695274,0.2472857666015625,3.114722900390625,9.488768005371094
1748974695342,0.32138168334960937,2.152823181152344,7.902217254638672
1748974695408,-0.35476226806640626,3.5551071166992188,8.900790710449218
1748974695475,-0.7340734863281251,2.721640319824219,9.47799041748047
1748974695546,-0.3092568969726563,2.3270608520507814,9.896370391845704
1748974695608,-0.2935395812988281,3.570674743652344,9.36213134765625
1748974695675,0.43005569458007814,4.049079895019531,10.838511199951173
1748974695746,-0.35221755981445313,3.1232551574707035,8.412206726074219
1748974695808,-0.9009764099121094,2.967129821777344,9.251511383056641
1748974695875,0.1484912109375,3.237767028808594,9.191037139892579
1748974695946,-0.13367202758789062,3.210074615478516,9.839788055419922
1748974696008,0.08128097534179687,2.4709117126464846,9.851314086914064
1748974696075,-0.8506809997558594,3.054398345947266,9.877808990478517
1748974696143,-0.9322613525390625,3.227139129638672,9.208550720214845
1748974696208,-0.31284942626953127,3.1183154296875,8.689879302978516
1748974696275,-0.17738113403320313,3.0515542602539063,9.439520416259766
1748974696342,-0.4002676391601563,2.8758197021484375,8.804391174316407
1748974696408,-0.9325607299804688,2.7605593872070315,8.497678985595703
1748974696475,-1.390308837890625,3.4227822875976566,9.297465820312501
1748974696547,-1.2365785217285157,3.9040315246582034,10.51982391357422
1748974696608,-0.8725355529785157,2.9066555786132815,9.679621124267578
1748974696675,-0.23096969604492187,2.1974304199218753,8.491092681884766
1748974696747,-0.5954617309570313,3.143163757324219,8.15788558959961
1748974696808,-0.6532415771484376,3.471281433105469,8.96590530395508
1748974696875,-0.7921527099609376,2.7259812927246094,9.412277069091797
1748974696964,-0.22273681640625,3.048560485839844,8.995543670654298
1748974697008,-0.2890489196777344,2.6144631958007816,9.051826629638672
1748974697075,-0.59396484375,3.486998748779297,9.392817535400392
1748974697141,-0.8015830993652344,3.07760009765625,9.645941162109375
1748974697208,-0.4064048767089844,2.9761111450195314,8.723708953857422
1748974697275,-0.3730242919921875,3.164868621826172,8.23497528076172
1748974697347,-0.14055770874023438,2.743345184326172,9.142088928222657
1748974697408,0.14519805908203126,3.101101226806641,9.452393646240235
1748974697475,-0.4171824645996094,3.1430140686035157,9.548793182373048
1748974697548,-0.22767654418945313,3.097808074951172,9.765991516113282
1748974697608,-0.09565109252929688,2.8428881835937503,8.743018798828125
1748974697675,0.14085708618164064,2.954406280517578,8.813821563720703
1748974697746,0.0431103515625,3.150348815917969,8.873397674560547
1748974697808,-0.011675720214843751,2.9309051513671878,9.20256317138672
1748974697875,-0.1646575927734375,3.048410797119141,9.491163024902344
1748974697943,-0.27138565063476566,2.9094996643066406,9.362730102539063
1748974698008,-0.14669494628906252,2.942131805419922,9.086853790283204
1748974698075,-0.4260140991210938,3.457210693359375,9.207951965332033
1748974698148,-0.7280859375000001,3.054398345947266,9.140741729736328
1748974698209,-0.6647676086425781,2.9186306762695313,8.935368804931642
1748974698275,-0.5495072937011719,3.351530456542969,9.257049865722657
1748974698348,-0.7045848083496095,3.497476959228516,9.064849548339843
1748974698408,-0.3266207885742188,2.57943603515625,9.62124252319336
1748974698475,-0.7310797119140625,3.1729518127441407,11.395203552246095
1748974698543,-0.15552658081054688,2.443967742919922,9.639803924560548
1748974698608,-0.5870791625976562,2.142494659423828,8.440797271728517
1748974698675,-1.076561279296875,2.2433848571777344,8.075107727050781
1748974698747,-0.9845027160644532,2.591710510253906,9.462123413085939
1748974698808,-1.028511199951172,2.5066873168945314,8.713380432128906
1748974698875,-0.707728271484375,2.6840684509277346,9.230405273437501
1748974698947,-1.039288787841797,2.6698480224609376,9.742939453125
1748974699008,-1.3437556457519533,2.62733642578125,10.419682159423829
1748974699075,-0.9190887451171875,2.12917236328125,8.532855834960937
1748974699147,-0.6721023559570313,2.822081451416016,9.300609283447265
1748974699208,-0.6412664794921875,2.4574397277832034,9.185498657226564
1748974699275,-1.117276611328125,2.3414309692382815,9.697733459472657
1748974699347,-1.2319381713867188,2.2444326782226565,8.75858642578125
1748974699408,-1.2241543579101564,3.0255084228515625,9.417965240478516
1748974699475,-0.9611512756347657,2.655926971435547,9.488019561767578
1748974699547,-0.6125262451171876,2.3897804260253905,9.87556365966797
1748974699608,-0.4501139831542969,2.1207897949218752,8.97563507080078
1748974699675,-0.8381071472167969,3.1819331359863283,9.285790100097657
1748974699747,-0.7473957824707032,2.473905487060547,9.185648345947266
1748974699808,-0.9476792907714844,2.3677761840820315,9.658065948486328
1748974699875,-0.5653742980957032,1.917063446044922,9.04883285522461
1748974699947,-0.9527687072753906,2.917882232666016,10.01836669921875
1748974700008,-1.0304571533203126,2.4179219055175785,9.04883285522461
1748974700075,-0.6563850402832031,2.3812481689453127,9.360933837890625
1748974700144,-0.7173083496093751,2.508782958984375,9.127718811035157
1748974700208,-1.1059002685546875,2.7271788024902346,9.768536224365235
1748974700275,-1.124611358642578,2.3201751708984375,9.404493255615234
1748974700347,-1.0223739624023438,2.4037014770507814,9.76733871459961
1748974700408,-0.8300239562988282,2.4984544372558597,9.078770599365235
1748974700475,-0.8184979248046875,2.4197181701660155,8.958271179199219
1748974700547,-1.2940589904785156,2.6102719116210937,8.772208099365235
1748974700608,-0.9678872680664063,2.040257263183594,9.314979400634765
1748974700675,-0.9562115478515626,2.8695327758789064,10.216853942871094
1748974700747,-0.9967771911621094,2.526595916748047,9.231902160644532
1748974700808,-0.9845027160644532,2.312241668701172,9.316925354003907
1748974700875,-0.9322613525390625,2.5222549438476562,9.107510833740236
1748974700943,-1.0283615112304687,2.5963508605957033,9.41377395629883
1748974701008,-0.8996292114257813,2.2686822509765627,8.484955444335938
1748974701075,-0.8970845031738282,2.6658064270019532,9.59295135498047
1748974701143,-0.8655001831054688,2.4541465759277346,8.48600326538086
1748974701208,-0.9942324829101563,2.69439697265625,10.043215026855469
1748974701275,-0.9928852844238282,2.6791287231445313,8.698860626220704
1748974701347,-1.0999127197265626,2.012714538574219,11.375444641113281
1748974701408,-1.3367202758789063,2.3665786743164063,9.725276184082032
1748974701475,-0.9425898742675781,2.096839599609375,9.28504165649414
1748974701546,-0.8027806091308595,2.3152354431152347,8.668623504638672
1748974701608,-1.2799882507324218,2.055675201416016,8.671018524169922
1748974701675,-1.184337158203125,2.301314392089844,8.231233062744142
1748974701742,-0.8375083923339844,2.206860809326172,9.50059341430664
1748974701808,-1.2159214782714844,2.6024880981445313,10.156230010986329
1748974701875,-1.3329780578613282,1.9902612304687501,10.465037841796876
1748974701962,-1.2401710510253907,2.003134460449219,8.716224517822265
1748974702008,-1.1867321777343751,2.0616627502441407,8.844058685302734
1748974702075,-0.5942642211914063,1.6094531250000002,9.496102752685548
1748974702141,-1.3389656066894533,0.8023315429687501,9.71988739013672
1748974702208,-1.1418255615234376,-0.05942642211914063,9.134903869628907
1748974702275,-1.0544073486328125,2.0038829040527344,9.66480194091797
1748974702343,-1.0276130676269533,2.6075775146484377,9.426048431396485
1748974702408,-1.0653346252441407,0.7830216979980469,9.339079284667969
1748974702475,-1.2021501159667969,0.2389031982421875,9.738299102783204
1748974702548,-1.0964698791503906,2.3546035766601565,9.730814666748048
1748974702608,-0.6529421997070313,2.3303540039062502,8.957223358154298
1748974702675,-1.2808863830566406,1.0298583984375,9.93020004272461
1748974702748,-1.3865666198730469,0.4249662780761719,9.638606414794923
1748974702808,-1.4432986450195313,0.13621673583984376,10.058483276367188
1748974702875,-1.4816189575195313,0.23516098022460938,9.82392105102539
1748974702942,-1.6323554992675782,0.135318603515625,9.992620239257812
1748974703008,-1.5057188415527345,-0.36209701538085937,9.763147430419922
1748974703075,-1.2698094177246095,-0.39592666625976564,9.652377777099609
1748974703142,-1.4241384887695314,-0.1047821044921875,9.482481079101563
1748974703208,-1.7009129333496094,0.7608677673339844,9.752369842529298
1748974703275,-1.5693365478515626,0.6996450805664063,9.768835601806641
1748974703343,-1.325493621826172,0.748443603515625,9.867181091308595
1748974703408,-1.2319381713867188,1.2798385620117188,10.307265930175781
1748974703475,-1.251248016357422,1.5655943298339845,9.680519256591797
1748974703546,-1.2528945922851562,1.2463082885742187,9.66584976196289
1748974703608,-1.3460009765625,0.8313711547851563,8.75334732055664
1748974703675,-1.1624826049804688,1.0864407348632814,9.687704315185547
1748974703748,-0.8053253173828125,1.7283059692382814,9.200317840576172
1748974703808,-1.2552896118164063,1.2937596130371094,9.497449951171875
1748974703875,-1.803150329589844,1.373543701171875,9.48712142944336
1748974703947,-1.4705419921875,1.6191828918457032,10.801538085937501
1748974704008,-1.1801458740234376,1.432071990966797,9.77018280029297
1748974704075,-1.2826826477050781,0.9211843872070313,9.282796325683595
1748974704147,-1.44419677734375,0.9336085510253906,9.067244567871095
1748974704208,-1.4443464660644532,1.1985575866699218,8.683891754150391
1748974704275,-1.5449372863769533,0.8431965637207032,10.680439910888673
1748974704344,-1.239422607421875,1.0822494506835938,8.948092346191407
1748974704408,-1.4940431213378906,0.42047561645507814,10.43120819091797
1748974704475,-1.6563056945800783,1.3145663452148437,9.960736541748048
1748974704545,-1.186582489013672,0.8987310791015626,9.62363754272461
1748974704608,-1.238075408935547,1.1045530700683595,9.783505096435547
1748974704675,-1.1356883239746094,1.1109896850585939,9.155860290527345
1748974704742,-1.3945001220703126,0.7349716186523438,8.956175537109376
1748974704808,-1.1972103881835938,0.6945556640625,9.936337280273438
1748974704875,-0.8331674194335938,1.1133847045898437,9.682764587402344
1748974704942,-1.0204280090332032,0.6316864013671876,10.127040710449219
1748974705008,-1.127904510498047,1.1888278198242188,9.21693328857422
1748974705075,-0.9009764099121094,1.2717553710937501,9.420659637451172
1748974705142,-1.6456777954101562,2.011666717529297,9.646539916992188
1748974705208,-1.1617341613769532,1.2424163818359375,9.394464111328125
1748974705275,-1.456022186279297,1.5558645629882812,9.004974060058593
1748974705347,-1.363813934326172,1.3229489135742187,10.129735107421876
1748974705408,-1.4434483337402344,1.0340496826171877,9.8435302734375
1748974705475,-1.625020751953125,1.2939093017578125,9.702373809814453
1748974705547,-1.869163055419922,1.7896783447265625,9.396410064697266
1748974705608,-1.9743942260742189,2.0377125549316406,9.488468627929688
1748974705675,-1.388961639404297,1.8654208374023438,9.256451110839844
1748974705742,-1.9199075317382814,1.6627423095703127,8.534652099609376
1748974705808,-1.8935623168945312,4.094285888671875,10.547666015625001
1748974705875,-4.956043853759766,-3.6643798828125003,10.972632293701173
1748974705943,-3.458258514404297,2.9870384216308596,7.850424957275391
1748974706008,-4.5884083557128905,3.9567219543457033,10.47431854248047
1748974706075,-3.8938526916503906,5.1109716796875,11.543395385742189
1748974706145,-2.116149444580078,3.8712496948242188,8.863817596435547
1748974706208,1.908680877685547,4.152365112304688,7.128176879882813
1748974706275,1.6898359680175783,4.231101379394532,4.427792358398437
1748974706346,3.840114440917969,-0.6662644958496095,2.994971923828125
1748974706408,1.6624429321289063,-1.4374607849121095,4.662953338623047
1748974706475,2.869083709716797,-9.559570770263672,25.51129898071289
1748974706547,2.4712110900878907,0.18995498657226564,13.228291625976563
1748974706608,0.17872833251953127,-0.6929090881347657,8.665929107666017
1748974706675,-2.5001010131835937,-2.8795619201660156,8.182733917236328
1748974706747,-2.6628126525878906,-0.42391845703125003,10.10174331665039
1748974706808,0.077838134765625,-2.8181895446777343,8.29395263671875
1748974706875,-0.8728349304199219,0.29413833618164065,10.128238220214845
1748974706952,-1.9642153930664064,-0.417930908203125,8.750503234863281
1748974707008,-2.3276596069335938,-0.5441184997558594,10.60843963623047
1748974707075,-1.5816110229492188,-0.38155654907226566,9.773326263427736
1748974707141,-1.9523899841308594,-1.2150233459472657,9.679920501708985
1748974707208,-2.3674768066406253,-0.38769378662109377,9.446256408691406
1748974707275,-1.9724482727050783,0.3020718383789063,9.156009979248047
1748974707347,-3.004402313232422,0.2436932373046875,9.493258666992189
1748974707408,-3.436553649902344,-0.013172607421875001,9.12307846069336
1748974707475,-2.808310089111328,-0.760269012451172,9.0388037109375
1748974707542,-1.0457254028320313,0.3980223083496094,9.90624984741211
1748974707608,-2.888094177246094,-0.2225871276855469,9.208999786376953
1748974707675,-3.353177032470703,0.05987548828125,8.712182922363281
1748974707742,-2.4996519470214844,-0.12169692993164063,9.140442352294922
1748974707808,-2.27287353515625,-0.204774169921875,9.621990966796876
1748974707875,-3.1232551574707035,-0.041613464355468754,9.852212219238282
1748974707943,-3.527265014648438,0.19444564819335938,9.022188262939453
1748974708008,-2.758463745117188,0.04266128540039063,8.67760482788086
1748974708075,-2.6961932373046875,0.014819183349609376,9.040450286865235
1748974708148,-3.8850210571289066,0.09475296020507813,9.309590606689454
1748974708208,-4.34740951538086,0.14519805908203126,8.862320709228516
1748974708275,-4.448299713134766,0.16929794311523438,8.905281372070313
1748974708348,-4.048331451416016,0.21315673828125,8.784931640625
1748974708408,-4.371060333251953,0.13202545166015625,9.038953399658203
1748974708475,-4.638254699707032,0.16076568603515626,8.837023315429688
1748974708547,-4.658163299560547,0.037721557617187505,8.859776000976563
1748974708608,-4.376748504638672,0.07229965209960938,8.877439270019531
1748974708675,-4.135300598144531,0.31868728637695315,8.960666198730468
1748974708742,-4.12661865234375,0.3608995056152344,9.17966079711914
1748974708808,-3.596870269775391,0.13801300048828125,8.743467864990235
1748974708875,-3.594624938964844,-0.039966888427734375,9.086105346679688
1748974708946,-3.447630615234375,-0.18456619262695315,9.077273712158204
1748974709008,-3.702251129150391,-0.15477813720703126,9.28638885498047
1748974709075,-3.442690887451172,0.0007484436035156251,8.97892822265625
1748974709146,-3.3392559814453127,0.10268646240234376,9.212442626953125
1748974709208,-3.0961614990234376,-0.16510665893554688,8.954678649902345
1748974709275,-2.9594956970214845,-0.11541000366210938,9.071884918212891
1748974709347,-2.7403514099121096,0.080233154296875,9.125323791503908
1748974709408,-3.00095947265625,0.03397933959960937,9.499246215820312
1748974709474,-3.0672715759277347,0.06331832885742188,9.666897583007813
1748974709547,-3.0021569824218752,-0.10283615112304688,9.572743377685548
1748974709608,-2.90515869140625,-0.053738250732421874,9.137747955322267
1748974709675,-3.0957124328613284,0.13067825317382814,9.145232391357423
1748974709745,-3.1921119689941406,0.05119354248046875,8.732540588378907
1748974709808,-3.6229161071777347,-0.017064514160156252,9.227411499023438
1748974709875,-4.069138183593751,0.032931518554687504,8.856333160400391
1748974709945,-4.472698974609375,-0.2540217590332031,9.247320098876953
1748974710008,-4.24636962890625,-0.188009033203125,9.171278228759766
1748974710075,-3.767066345214844,-0.1381626892089844,8.959618377685548
1748974710147,-3.8504429626464844,-0.11840377807617188,8.973539428710938
1748974710208,-3.5295103454589847,-0.16420852661132812,8.79346389770508
1748974710275,-2.930306396484375,-0.18471588134765626,9.281000061035156
1748974710347,-2.412084045410156,-0.044756927490234376,9.578281860351563
1748974710408,-2.489323425292969,0.02185455322265625,9.655072174072266
1748974710475,-2.579286346435547,-0.019908599853515625,9.30554901123047
1748974710543,-2.4441174316406253,-0.29653335571289063,9.351204071044922
1748974710608,-2.255958709716797,-0.12034973144531251,9.350755004882814
1748974710675,-2.448907470703125,-0.1573228454589844,9.48188232421875
1748974710742,-2.5738975524902346,-0.08083190917968751,9.443711700439454
1748974710808,-2.5009991455078127,-0.281414794921875,9.508826293945313
1748974710875,-2.425705718994141,-0.22513183593750002,9.2399853515625
1748974710945,-2.448907470703125,-0.2851570129394531,9.167386322021486
1748974711008,-2.4968078613281253,-0.08951385498046875,9.44490921020508
1748974711075,-2.716999969482422,-0.1197509765625,9.322463836669922
1748974711147,-2.7640022277832035,-0.11271560668945313,9.063652038574219
1748974711208,-2.448608093261719,-0.19115249633789064,9.351353759765626
1748974711275,-2.3381378173828127,-0.12169692993164063,9.742640075683594
1748974711345,-1.9640657043457033,-0.05792953491210938,9.533674621582032
1748974711408,-0.9523196411132813,-0.06676116943359375,9.785001983642578
1748974711475,-0.7394622802734375,0.053887939453125006,9.941726074218751
1748974711543,-2.046394500732422,0.23605911254882814,9.207951965332033
1748974711608,-3.1392718505859376,-0.07319778442382813,8.965156860351563
1748974711675,-2.398462371826172,-0.2832110595703125,9.244476013183593
1748974711746,-1.7245637512207033,-0.27452911376953126,9.702972564697266
1748974711808,-1.2624746704101564,-0.036524047851562505,10.082283782958985
1748974711875,-1.6495697021484377,0.17274078369140625,9.882599029541016
1748974711949,-2.285746765136719,0.07604187011718751,9.213490447998048
1748974712008,-2.5200096130371095,-0.15822097778320313,9.114695892333986
1748974712075,-1.956431579589844,-0.3692820739746094,9.204958190917969
1748974712141,-1.5956817626953126,-0.24533981323242188,9.71704330444336
1748974712208,-1.7730628967285158,-0.055085449218750006,10.092911682128907
1748974712275,-1.7345928955078125,-0.016465759277343752,9.36018539428711
1748974712345,-2.0948936462402346,-0.1580712890625,9.213789825439454
1748974712408,-2.0675006103515625,-0.3351530456542969,9.2495654296875
1748974712475,-1.9341279602050783,-0.27452911376953126,9.6231884765625
1748974712547,-1.8250048828125,-0.14459930419921876,9.926008758544922
1748974712608,-1.7274078369140626,-0.011226654052734375,9.699679412841798
1748974712675,-1.854942626953125,0.03338058471679688,9.125772857666016
1748974712748,-2.082170104980469,-0.08607101440429688,9.17097885131836
1748974712808,-2.159259796142578,-0.03427871704101563,9.577982482910157
1748974712875,-2.0511845397949218,0.13681549072265625,10.02839584350586
1748974712948,-1.6865428161621094,0.1490899658203125,9.693542175292968
1748974713008,-1.7241146850585938,-0.05194198608398438,9.519903259277344
1748974713075,-1.7227674865722657,-0.006885681152343751,8.969647521972657
1748974713146,-2.002535705566406,-0.14534774780273438,9.347312164306642
1748974713208,-1.847607879638672,-0.011675720214843751,9.715546417236329
1748974713275,-1.7729132080078125,0.10822494506835938,9.662257232666017
1748974713348,-1.8309924316406252,-0.25536895751953126,9.493707733154297
1748974713408,-1.8976039123535158,-0.20731887817382813,9.770033111572266
1748974713475,-1.7540524291992188,-0.20357666015625,9.29941177368164
1748974713548,-1.9389179992675782,-0.25761428833007816,9.750872955322267
1748974713608,-1.561552734375,-0.030087432861328128,9.29507080078125
1748974713675,-1.8517991638183595,-0.18097366333007814,9.446555786132812
1748974713748,-1.7568965148925781,-0.21330642700195312,9.64998275756836
1748974713808,-1.9651135253906251,-0.07229965209960938,10.106982421875001
1748974713875,-1.824855194091797,0.037721557617187505,9.663754119873047
1748974713947,-1.7034576416015625,-0.05673202514648438,9.333989868164062
1748974714008,-1.47533203125,0.01916015625,8.927734680175782
1748974714075,-1.6759149169921876,-0.13786331176757813,9.498198394775391
1748974714147,-1.7236656188964845,-0.15762222290039063,9.575138397216797
1748974714208,-2.0133132934570312,-0.300574951171875,10.03228775024414
1748974714275,-1.7559983825683594,-0.2561174011230469,9.997110900878907
1748974714347,-1.5103591918945314,-0.14145584106445314,9.421408081054688
1748974714408,-1.412911834716797,-0.10553054809570313,9.103319549560547
1748974714475,-1.3909075927734376,-0.2682421875,9.26962371826172
1748974714547,-1.7191749572753907,-0.42346939086914065,9.475595397949219
1748974714608,-1.999691619873047,-0.4339476013183594,9.986183624267579
1748974714675,-1.6010705566406251,-0.4014651489257813,9.92106903076172
1748974714747,-1.4858102416992187,-0.3799099731445313,9.472002868652345
1748974714808,-1.5599061584472658,-0.30790969848632815,9.455088043212891
1748974714875,-1.3401631164550782,-0.1573228454589844,8.942703552246094
1748974714947,-1.6287629699707031,-0.16510665893554688,9.61211151123047
1748974715008,-1.6001724243164064,-0.22034179687500002,9.735604705810548
1748974715075,-1.6651373291015625,-0.1143621826171875,10.075996856689454
1748974715146,-1.5379019165039063,-0.24863296508789065,9.848619689941406
1748974715208,-1.392404479980469,-0.2549198913574219,9.358389129638672
1748974715275,-1.3048365783691407,-0.30072463989257814,8.502618713378906
1748974715342,-1.5227833557128907,-0.3918850708007813,9.725575561523438
1748974715408,-1.1588900756835938,-0.13726455688476563,9.912686462402345
1748974715475,-1.6434324645996095,-0.37437149047851564,10.587034149169922
1748974715542,-1.071471862792969,-0.28740234375,9.352251892089845
1748974715609,-1.4215937805175782,-0.4195774841308594,9.109157409667969
1748974715675,-1.2614268493652345,-0.4616400146484375,8.879684600830078
1748974715746,-1.5271243286132814,-0.386795654296875,9.906998291015626
1748974715808,-1.8523979187011719,-0.25267456054687504,11.068582763671875
1748974715875,-1.3332774353027343,-0.037571868896484374,9.787995758056642
1748974715947,-1.1834390258789063,-0.3369493103027344,8.989406433105469
1748974716008,-1.4232403564453127,-0.08083190917968751,8.743318176269531
1748974716075,-1.8606307983398438,-0.25162673950195313,9.028475189208985
1748974716147,-2.281106414794922,-0.1933978271484375,9.474996643066406
1748974716208,-2.5593777465820313,0.0029937744140625003,9.373358001708985
1748974716275,-2.651136932373047,-0.06466552734375,9.66674789428711
1748974716347,-2.3617886352539066,-0.31748977661132816,9.378746795654298
1748974716408,-2.3173310852050784,0.089813232421875,9.21648422241211
1748974716475,-1.9477496337890625,-0.037721557617187505,9.513316955566406
1748974716545,-2.5870701599121095,-0.16495697021484376,9.878707122802735
1748974716608,-2.3007156372070314,-0.3496728515625,8.563841400146485
1748974716675,-2.555635528564453,-0.6270460510253907,9.335337066650391
1748974716747,-2.6436524963378907,-0.5275030517578125,9.099277954101563
1748974716808,-2.6731411743164064,-0.5528004455566407,9.12113250732422
1748974716875,-2.7999275207519534,-0.5297483825683594,9.766141204833986
1748974716952,-1.9356248474121094,-0.4167333984375,9.663454742431641
1748974717008,-0.9505233764648438,-0.5920188903808594,9.718689880371095
1748974717075,-1.4733860778808594,-0.6767427062988282,9.684560852050781
1748974717141,-0.9433383178710938,-0.3384461975097656,9.589658203125001
1748974717208,-1.3034893798828127,-0.2920426940917969,10.269394683837891
1748974717275,-2.492017822265625,-0.3860472106933594,9.523944854736328
1748974717348,-2.960244140625,-0.631087646484375,8.93911102294922
1748974717408,-1.7092955017089844,-0.8324189758300782,9.813442840576172
1748974717475,-0.8574169921875,-0.5788462829589844,10.354717254638672
1748974717548,-2.4327410888671874,-0.041613464355468754,9.615554351806642
1748974717608,-2.4477099609375,-0.3254232788085938,8.323890380859375
1748974717675,-1.8220111083984376,-0.6233038330078126,9.389075317382813
1748974717748,-0.47690826416015625,-0.5447172546386719,9.630672912597657
1748974717808,-1.6158897399902346,-0.21689895629882813,9.605076141357422
1748974717875,-2.525248718261719,0.15971786499023438,9.703271942138672
1748974717948,-2.183060302734375,0.2842588806152344,9.954599304199219
1748974718008,-1.1344908142089845,-0.2377056884765625,9.36976547241211
1748974718075,-1.736239471435547,-0.21210891723632813,9.829160156250001
1748974718142,-1.7431251525878908,-0.10972183227539063,8.65515151977539
1748974718208,-2.422113189697266,-0.000449066162109375,9.305698699951172
1748974718275,-1.5847544860839844,-0.5134323120117188,9.589807891845703
1748974718342,-1.8615289306640626,-0.8345146179199219,9.650581512451172
1748974718408,-2.245031433105469,-0.5212161254882812,9.645043029785157
1748974718475,-1.7700691223144531,-0.5644761657714844,9.140741729736328
1748974718547,-1.755249938964844,-0.5854325866699219,9.122030639648438
1748974718608,-1.6997154235839844,-0.9991722106933594,9.875863037109376
1748974718675,-1.9892134094238283,-0.8387059020996094,9.603429565429687
1748974718743,-1.8649717712402345,-0.48379394531250003,10.397079162597656
1748974718808,-1.4611116027832032,-0.40924896240234376,9.07517807006836
1748974718875,-1.4756314086914064,-0.5929170227050782,9.466913452148438
1748974718947,-1.6741186523437501,-0.6027964782714844,9.343120880126953
1748974719008,-1.8770965576171876,-0.8219407653808594,10.041568450927734
1748974719075,-1.691781921386719,-0.6137237548828125,10.154583435058594
1748974719142,-1.6109500122070313,-0.3411405944824219,9.680818634033203
1748974719208,-1.5799644470214844,-0.2755769348144531,9.366023254394532
1748974719275,-1.3162129211425782,-0.2601589965820313,8.64796646118164
1748974719346,-1.5759228515625001,-0.40206390380859375,9.92106903076172
1748974719408,-1.440454559326172,-0.255069580078125,9.783355407714843
1748974719475,-2.274969177246094,0.24818389892578127,9.989776153564454
1748974719547,-1.3139675903320314,-0.09445358276367188,9.862840118408204
1748974719608,-1.67890869140625,-0.3854484558105469,9.621841278076172
1748974719675,-1.6018190002441408,-0.23875350952148439,9.104816436767578
1748974719748,-1.5856526184082032,-0.2604583740234375,9.265133056640625
1748974719808,-1.4528787231445313,-0.16600479125976564,9.469009094238281
1748974719875,-1.7407301330566407,-0.21824615478515627,10.289602661132813
1748974719947,-1.8461109924316408,-0.001197509765625,9.71419921875
1748974720008,-1.4611116027832032,-0.2165995788574219,9.481283569335938
1748974720075,-1.4027330017089845,-0.2951861572265625,9.118138732910158
1748974720146,-1.3997392272949218,-0.17962646484375,9.740694122314453
1748974720208,-1.5708334350585937,-0.2710862731933594,9.080267486572266
1748974720275,-1.6807049560546876,-0.40356079101562503,10.097252655029298
1748974720347,-1.8522482299804688,-0.3119512939453125,10.3704345703125
1748974720408,-1.7799485778808595,-0.20791763305664063,10.023007049560547
1748974720475,-1.4976356506347657,-0.13906082153320312,9.11873748779297
1748974720548,-1.4081217956542968,-0.18202148437500001,9.595496063232423
1748974720608,-1.625020751953125,0.05044509887695313,9.421108703613282
1748974720675,-2.743345184326172,-0.07738906860351563,9.851314086914064
1748974720748,-2.329156494140625,-0.101788330078125,9.545649719238282
1748974720808,-2.7824139404296875,0.06376739501953126,10.188263397216797
1748974720875,-2.270328826904297,-0.039667510986328126,9.179062042236328
1748974720947,-2.1814137268066407,-0.16705261230468751,9.378447418212891
1748974721008,-2.5426126098632813,0.04954696655273438,9.21798110961914
1748974721075,-2.564616851806641,-0.0185614013671875,9.54699691772461
1748974721146,-2.415377197265625,-0.051043853759765626,9.078620910644531
1748974721208,-2.611768798828125,-0.14474899291992188,9.793983306884765
1748974721275,-2.5405169677734376,-0.18067428588867188,9.85879852294922
1748974721347,-2.326312408447266,-0.09864486694335937,9.112001495361328
1748974721408,-2.4477099609375,-0.42691223144531254,8.753197631835938
1748974721475,-2.3939717102050784,-0.8370593261718751,8.662037200927735
1748974721547,-2.558180236816406,-0.5634283447265626,9.434580688476563
1748974721608,-2.7029292297363283,-0.6189628601074219,9.386380920410156
1748974721675,-2.5340803527832034,-0.8572673034667969,9.674232330322265
1748974721747,-2.1177960205078126,-0.6433621215820313,9.630672912597657
1748974721808,-1.5742762756347657,-0.75922119140625,8.89704849243164
1748974721875,-1.3305830383300783,-0.7072792053222656,8.527467041015626
1748974721957,-1.8350340270996095,-0.5203179931640626,9.760752410888673
1748974722008,-1.71722900390625,-0.5523513793945313,9.71943832397461
1748974722075,-2.562371520996094,-0.7114704895019531,9.055718536376954
1748974722141,-2.8074119567871096,-0.8792715454101563,9.962233428955079
1748974722208,-1.3822256469726564,-0.6126759338378907,9.536818084716797
1748974722275,-2.1667442321777344,-0.35625915527343754,8.667425994873048
1748974722347,-2.355202331542969,-0.45161087036132813,9.425000610351564
1748974722408,-1.7871336364746095,-0.2986289978027344,9.979747009277345
1748974722475,-2.518961791992188,-0.3375480651855469,9.615853729248048
1748974722548,-2.0348684692382815,-0.22962249755859376,9.017996978759767
1748974722608,-2.1315673828125,-0.1993853759765625,9.887688446044923
1748974722675,-2.0314256286621095,-0.4788542175292969,8.379125518798828
1748974722748,-2.731669464111328,-0.5252577209472656,10.435399475097658
1748974722808,-2.4459136962890624,-0.2579136657714844,9.68979995727539
1748974722875,-2.9702732849121096,-0.27378067016601565,9.87556365966797
1748974722948,-1.9935543823242188,-0.295784912109375,8.394842834472657
1748974723008,-2.529140625,-0.47571075439453125,9.459129638671875
1748974723075,-2.834655303955078,-0.6333329772949219,8.848399658203125
1748974723148,-3.4203872680664062,-0.049097900390625004,9.882599029541016
1748974723208,-2.132465515136719,-0.267044677734375,8.880732421875
1748974723275,-3.156785430908203,-0.42766067504882815,9.631870422363281
1748974723348,-2.7643016052246097,-0.61552001953125,8.425828399658204
1748974723408,-2.9997619628906254,-0.3454815673828125,9.325457611083985
1748974723475,-3.031645660400391,-0.3983216857910156,9.86942642211914
1748974723548,-3.1855256652832034,-0.3106040954589844,9.3549462890625
1748974723608,-2.8771669006347658,-0.4626878356933594,9.001980285644532
1748974723675,-3.0388307189941406,-0.5800437927246094,9.12158157348633
1748974723747,-3.0539492797851566,-0.8340655517578125,9.116641845703125
1748974723808,-3.063978424072266,-0.5381309509277344,9.539512481689453
1748974723875,-3.234174499511719,-0.4486170959472656,9.938582611083985
1748974723943,-3.140619049072266,-0.44981460571289067,9.256301422119142
1748974724008,-2.7138565063476565,-0.4944218444824219,8.614436187744142
1748974724075,-2.9618907165527344,-0.8220904541015626,8.969348144531251
1748974724142,-3.133433990478516,-0.8357121276855469,8.752748565673828
1748974724208,-3.49433349609375,-0.7923023986816407,9.74578353881836
1748974724275,-3.4585578918457034,-0.6641688537597656,9.898765411376953
1748974724342,-3.379222869873047,-0.7741900634765625,9.312584381103516
1748974724408,-3.203488311767578,-0.6613247680664063,8.31984878540039
1748974724475,-3.3280293273925783,-1.0556048583984377,8.706644439697266
1748974724542,-3.276985473632813,-0.7786807250976563,8.84765121459961
1748974724608,-3.575464782714844,-0.2700384521484375,9.328002319335939
1748974724675,-3.5296600341796878,-0.2854563903808594,9.803862762451173
1748974724742,-3.2822245788574222,-0.28680358886718754,9.136101379394532
1748974724808,-3.8155654907226566,-0.6397695922851563,9.083261260986328
1748974724875,-3.386856994628906,-0.7349716186523438,8.9334228515625
1748974724942,-3.2051348876953125,-0.6737489318847657,8.702602844238282
1748974725008,-3.4840049743652344,-0.37018020629882814,8.660240936279298
1748974725075,-3.501069488525391,-0.40086639404296875,9.652228088378907
1748974725142,-3.4609529113769533,-0.21824615478515627,9.66390380859375
1748974725208,-3.912114715576172,-0.2070195007324219,9.36258041381836
1748974725275,-3.2063323974609377,-0.29413833618164065,8.777147827148438
1748974725342,-2.887794799804688,-0.5468128967285156,8.00699935913086
1748974725408,-3.7426670837402347,-0.377215576171875,8.884175262451173
1748974725475,-3.250191192626953,0.11301498413085938,9.221723327636719
1748974725547,-3.8122723388671877,-0.04221221923828125,10.386151885986328
1748974725608,-3.643722839355469,0.116158447265625,9.430988159179687
1748974725675,-3.3681459045410156,-0.47062133789062505,8.290809173583984
1748974725748,-2.9560528564453126,-0.7186555480957032,8.163274383544922
1748974725808,-3.8179605102539065,-0.4626878356933594,9.001680908203125
1748974725875,-3.650009765625,-0.4002676391601563,9.21798110961914
1748974725947,-3.6176770019531252,-0.32108230590820314,9.465416564941407
1748974726008,-3.3832644653320316,-0.3016227722167969,9.119336242675782
1748974726075,-3.4825080871582035,-0.9160949707031251,8.560248870849609
1748974726147,-3.279979248046875,-0.43768981933593754,9.218280487060547
1748974726208,-3.783532104492188,-0.1285826110839844,9.572444000244142
1748974726275,-3.4721795654296876,-0.17917739868164062,9.086853790283204
1748974726347,-3.5206787109375,-0.6421646118164063,9.625284118652344
1748974726408,-3.4325120544433596,-0.50055908203125,8.564440155029297
1748974726475,-3.7482055664062504,-0.5822891235351563,8.98746047973633
1748974726547,-3.356769561767578,-0.4017645263671875,9.481732635498048
1748974726608,-3.543132019042969,-0.3028202819824219,9.332492980957031
1748974726675,-3.6881803894042973,-0.09924362182617188,9.090146942138672
1748974726745,-3.310964813232422,-0.33126113891601566,8.932524719238282
1748974726808,-3.553759918212891,-0.20642074584960937,9.42769500732422
1748974726875,-3.645070037841797,-0.2279759216308594,8.836424560546876
1748974726954,-3.2358210754394534,-0.16061599731445314,8.913963317871094
1748974727008,-3.600612487792969,-0.10298583984375001,9.61211151123047
1748974727075,-3.6045043945312503,-0.2986289978027344,9.198820953369141
1748974727141,-3.766317901611328,-0.17079483032226564,9.702822875976564
1748974727208,-3.0687684631347656,-0.1035845947265625,8.5310595703125
1748974727275,-3.449875946044922,-0.3138972473144531,8.759185180664064
1748974727344,-3.3525782775878907,-0.14085708618164064,8.931177520751953
1748974727408,-3.3160542297363285,-0.25042922973632814,9.538764038085938
1748974727475,-3.6449203491210938,-0.26195526123046875,9.47903823852539
1748974727545,-3.739822998046875,-0.12034973144531251,9.077872467041017
1748974727608,-3.4884956359863284,-0.2770738220214844,9.505533142089844
1748974727675,-3.306474151611328,-0.08861572265625,8.908574523925783
1748974727747,-3.4382002258300783,-0.24459136962890626,8.354875946044922
1748974727808,-3.5657350158691408,-0.055384826660156254,8.800948333740235
1748974727875,-3.7206628417968752,-0.12693603515625002,9.686207427978516
1748974727942,-3.403023376464844,-0.5495072937011719,9.105265502929688
1748974728008,-3.9140606689453126,-0.6487509155273438,9.522447967529297
1748974728075,-3.1591804504394534,-0.2944377136230469,8.803343353271485
1748974728142,-3.373385009765625,-0.4831951904296875,8.94584701538086
1748974728208,-3.3561708068847658,-0.3909869384765625,8.312514038085938
1748974728275,-3.976630554199219,-0.5337899780273437,10.079888763427736
1748974728348,-3.3244367980957032,-0.3742218017578125,9.088799743652345
1748974728408,-4.017046508789063,-0.8445437622070313,9.648336181640625
1748974728475,-3.3914973449707033,-0.6544390869140625,8.503816223144531
1748974728545,-3.400478668212891,-0.6453080749511719,8.858877868652344
1748974728608,-3.4778677368164064,-0.51013916015625,8.813372497558595
1748974728674,-3.7209622192382814,-0.4248165893554688,9.544901275634766
1748974728746,-3.617078247070313,-0.1722917175292969,9.013057250976562
1748974728808,-3.607797546386719,-0.4623884582519531,9.46646438598633
1748974728875,-3.6634817504882813,-0.5171745300292969,9.42919189453125
1748974728948,-3.372935943603516,-0.4781057739257813,8.71113510131836
1748974729008,-3.7523968505859377,-0.5959107971191406,9.322164459228516
1748974729075,-3.186573486328125,-0.45535308837890626,8.439749450683594
1748974729148,-4.053869934082032,-0.7331753540039063,9.609866180419923
1748974729208,-3.4944831848144533,-0.5158273315429688,9.416468353271485
1748974729275,-3.5616934204101565,-0.46762756347656254,8.984017639160157
1748974729348,-3.723207550048828,-0.6435118103027344,9.561217346191407
1748974729408,-3.696712646484375,-0.5956114196777345,9.38174057006836
1748974729475,-3.575464782714844,-0.6075865173339844,8.917855224609376
1748974729548,-3.011138305664063,-0.8652008056640625,9.113199005126953
1748974729608,-2.9198281860351565,-0.4273612976074219,8.855584716796875
1748974729675,-3.018622741699219,-0.5812413024902344,9.332642669677735
1748974729746,-2.788551177978516,-0.36060012817382814,9.785451049804688
1748974729808,-2.7199937438964845,0.01916015625,9.061706085205078
1748974729875,-3.079845428466797,-0.41344024658203127,9.796228637695313
1748974729948,-2.4110362243652346,-0.4626878356933594,9.004974060058593
1748974730008,-3.1058912658691407,-0.20252883911132813,9.562414855957032
1748974730075,-2.621049499511719,-0.25267456054687504,9.39371566772461
1748974730148,-2.761607208251953,-0.5442681884765626,9.089099121093751
1748974730208,-2.753973083496094,-0.817749481201172,9.175020446777344
1748974730276,-2.968027954101563,-0.4543052673339844,9.7381494140625
1748974730344,-3.0699659729003907,-0.14983840942382814,9.508077850341797
1748974730408,-2.7836114501953126,-0.44682083129882816,9.476493530273437
1748974730475,-2.359992370605469,-0.604742431640625,8.633746032714845
1748974730544,-2.729124755859375,-0.8414002990722657,8.833131408691406
1748974730608,-2.618504791259766,-0.6224057006835938,9.188791809082032
1748974730675,-3.2430061340332035,-0.5405259704589844,10.204130401611328
1748974730748,-2.841540985107422,-0.6384223937988281,9.42440185546875
1748974730808,-2.8842022705078127,-0.8222401428222657,9.443711700439454
1748974730875,-2.7186465454101563,-0.6441105651855469,9.437574462890625
1748974730947,-2.4933650207519533,-0.31569351196289064,8.838669891357423
1748974731008,-2.783910827636719,-0.4848417663574219,9.11394744873047
1748974731075,-2.6861640930175783,-0.3974235534667969,9.192833404541016
1748974731147,-2.910996551513672,-0.5158273315429688,9.50628158569336
1748974731208,-2.5441094970703126,-0.34937347412109376,9.059460754394532
1748974731275,-2.9785061645507813,-0.6764433288574219,9.910740509033204
1748974731347,-2.6599685668945314,-0.5071453857421875,9.232051849365234
1748974731408,-2.647694091796875,-0.32302825927734374,9.074878692626953
1748974731475,-2.622396697998047,-0.24683670043945313,9.088200988769533
1748974731547,-2.8996202087402345,-0.5387297058105469,9.328002319335939
1748974731608,-2.9343479919433597,-0.5686674499511719,9.450896759033204
1748974731675,-2.693049774169922,-0.19235000610351563,9.296717376708985
1748974731747,-2.9189300537109375,-0.36673736572265625,9.32515823364258
1748974731808,-2.6792784118652344,-0.5514532470703125,8.665480041503907
1748974731875,-2.9006680297851566,-0.6551875305175782,9.704619140625
1748974731953,-2.8157945251464844,-0.4004173278808594,8.95976806640625
1748974732009,-2.922971649169922,-0.2977308654785156,9.532776489257813
1748974732075,-2.8163932800292972,-0.09071136474609376,9.819729766845704
1748974732141,-3.0183233642578124,-0.164058837890625,9.760752410888673
1748974732208,-2.6277854919433596,-0.40894958496093753,8.73029525756836
1748974732275,-2.4839346313476565,-0.468226318359375,8.780740356445312
1748974732347,-2.9463230895996095,-0.46882507324218753,9.764943695068359
1748974732408,-2.5836273193359376,-0.41314086914062503,9.373807067871095
1748974732475,-3.0814920043945313,-0.42526565551757817,9.724827117919922
1748974732545,-2.4132815551757814,-0.4555027770996094,8.590485992431642
1748974732608,-2.6936485290527346,-0.5816903686523438,8.78343475341797
1748974732675,-2.7607090759277346,-0.48109954833984375,9.588909759521485
1748974732748,-3.027604064941406,-0.5095404052734376,10.132579193115236
1748974732808,-2.8598030090332034,-0.5852828979492187,9.472751312255859
1748974732875,-2.8048672485351562,-0.6123765563964844,9.262288970947266
1748974732948,-2.581980743408203,-0.7731422424316406,9.136251068115234
1748974733008,-2.4530987548828125,-0.7833210754394532,9.06993896484375
1748974733076,-2.967578887939453,-0.4291575622558594,9.59055633544922
1748974733148,-2.6722430419921874,-0.38035903930664067,9.026529235839844
1748974733208,-2.9714707946777343,-0.40894958496093753,9.429341583251954
1748974733276,-2.4333398437500002,-0.39158569335937504,9.164093170166016
1748974733345,-2.8828550720214845,-0.5728587341308594,9.521849212646485
1748974733408,-2.6604176330566407,-0.70174072265625,9.03296585083008
1748974733475,-2.8216323852539062,-0.8214916992187501,9.349258117675781
1748974733548,-2.771935729980469,-0.7033872985839844,9.368717651367188
1748974733608,-2.946921844482422,-0.39772293090820315,9.730365600585937
1748974733675,-2.7366091918945314,-0.44846740722656253,9.310638427734375
1748974733748,-2.6168582153320314,-0.5980064392089844,8.763077087402344
1748974733808,-2.5703050231933595,-0.5414241027832032,8.923244018554687
1748974733875,-2.728526000976563,-0.45116180419921875,10.264904022216797
1748974733948,-2.677482147216797,-0.10747650146484375,9.818831634521485
1748974734008,-2.6364674377441406,-0.3147953796386719,9.626331939697266
1748974734076,-2.2183868408203127,-0.4631369018554688,8.383616180419923
1748974734148,-2.537523193359375,-0.5789959716796875,9.181307373046875
1748974734208,-2.52195556640625,-0.4040098571777344,9.547745361328126
1748974734276,-3.0156289672851564,-0.22902374267578127,10.560688934326173
1748974734348,-2.3677761840820315,-0.12079879760742188,8.771908721923829
1748974734408,-2.484533386230469,-0.49876281738281253,8.788973236083985
1748974734475,-2.2278172302246095,-0.6755451965332031,8.947493591308595
1748974734548,-2.722987518310547,-0.15822097778320313,10.14485366821289
1748974734608,-3.166964263916016,-0.18142272949218752,10.556048583984376
1748974734675,-2.4207659912109376,-0.456251220703125,8.926686859130859
1748974734748,-2.2802082824707033,-0.5860313415527344,8.39738754272461
1748974734808,-2.7135571289062503,-0.7740403747558594,9.215586090087891
1748974734876,-2.6623635864257813,-0.32183074951171875,9.145232391357423
1748974734944,-3.5675312805175783,-0.35625915527343754,9.970166931152344
1748974735008,-2.3321502685546878,-0.3507206726074219,9.042545928955079
1748974735075,-2.502496032714844,-0.5876779174804688,9.44880111694336
1748974735144,-2.3245161437988284,-0.7207511901855469,8.94105697631836
1748974735208,-2.903811492919922,-0.7204518127441406,9.893975372314454
1748974735276,-2.0944445800781253,-0.4912783813476563,9.258546752929687
1748974735348,-2.5761428833007813,-0.5522016906738282,9.576335906982422
1748974735408,-2.662962341308594,-0.45220962524414066,9.100325775146485
1748974735475,-2.6708958435058596,-0.46598098754882816,9.334289245605468
1748974735548,-2.3504122924804687,-0.8054750061035156,9.116342468261719
1748974735608,-2.175875244140625,-0.592767333984375,9.349557495117187
1748974735675,-2.306104431152344,-0.40430923461914064,9.14223861694336
1748974735748,-2.791245574951172,-0.5502557373046876,9.867031402587891
1748974735808,-2.5141717529296876,-0.62989013671875,9.297465820312501
1748974735875,-2.602039031982422,-0.6339317321777344,9.915979614257813
1748974735947,-2.382445678710938,-0.40131546020507813,8.702602844238282
1748974736008,-2.7556196594238282,-0.6556365966796875,9.380243682861328
1748974736075,-3.0320947265625002,-0.4816983032226563,9.560768280029297
1748974736147,-4.178410949707032,-0.5510041809082031,9.652677154541015
1748974736208,-2.7270291137695315,-0.7282356262207031,9.243577880859375
1748974736276,-1.8758990478515627,-0.6806346130371094,9.246571655273438
1748974736347,-2.9591963195800783,-0.33829650878906253,8.95692398071289
1748974736408,-3.7570372009277344,-0.31853759765625,9.217082977294922
1748974736475,-3.1123278808593753,-0.47496231079101564,9.681417388916016
1748974736547,-2.1270767211914063,-0.33904495239257815,9.628277893066407
1748974736609,-2.725083160400391,-0.16929794311523438,8.702902221679688
1748974736676,-3.5410363769531252,-0.34323623657226565,8.820108489990234
1748974736747,-3.3052766418457034,-0.4915777587890625,9.12113250732422
1748974736808,-2.7059230041503906,-0.46253814697265627,9.871671752929688
1748974736875,-2.5941055297851565,-0.149688720703125,9.440268859863282
1748974736954,-3.3916470336914064,-0.238304443359375,8.800948333740235
1748974737009,-3.2587234497070314,-0.5650749206542969,9.01769760131836
1748974737075,-2.7978318786621097,-0.5072950744628907,9.456734619140626
1748974737141,-2.844684448242188,-0.18681152343750002,9.262887725830078
1748974737208,-3.2522868347167972,-0.3062631225585938,9.363628234863281
1748974737276,-3.0982571411132813,-0.45834686279296877,8.851393432617188
1748974737347,-2.8050169372558593,-0.5809419250488281,9.35539535522461
1748974737408,-2.809058532714844,-0.5385800170898438,8.876690826416016
1748974737475,-3.2353720092773437,-0.5951623535156251,9.314230957031251
1748974737544,-3.1952554321289064,-0.3555107116699219,9.106463012695313
1748974737609,-2.8729756164550784,-0.5141807556152344,8.890462188720704
1748974737675,-2.7201434326171876,-0.6057902526855469,9.578581237792969
1748974737748,-3.1796878051757815,-0.4532574462890625,10.105784912109376
1748974737808,-3.046315155029297,-0.3305126953125,9.016649780273438
1748974737875,-2.9075537109375,-0.6638694763183595,8.900191955566406
1748974737948,-2.570903778076172,-0.7469467163085938,8.754245452880859
1748974738008,-3.0635293579101566,-0.5263055419921875,9.64279769897461
1748974738076,-3.070714416503906,-0.31329849243164065,9.759554901123048
1748974738148,-3.1269973754882816,-0.5191204833984375,9.826166381835938
1748974738208,-2.661914520263672,-0.6045927429199219,8.680598602294923
1748974738276,-2.8327093505859375,-0.6716532897949219,8.742420043945312
1748974738348,-2.7125093078613283,-0.4233197021484375,8.677904205322266
1748974738408,-3.3030313110351566,-0.3841012573242188,10.240504760742189
1748974738475,-3.031795349121094,-0.2878514099121094,10.091265106201172
1748974738548,-2.8994705200195314,-0.6056405639648438,9.237440643310547
1748974738608,-2.576891326904297,-0.7243437194824219,8.24171127319336
1748974738676,-2.5029450988769533,-0.899329833984375,8.335715789794921
1748974738748,-3.332519989013672,-0.386795654296875,10.020612030029298
1748974738808,-2.9723689270019533,-0.15178436279296875,9.712253265380859
1748974738876,-3.4241294860839844,-0.48933242797851567,10.335108032226563
1748974738948,-2.6842181396484377,-0.35521133422851564,8.916208648681641
1748974739008,-2.7258316040039063,-0.43843826293945315,8.190368041992189
1748974739076,-2.7574159240722658,-0.6712042236328125,8.923244018554687
1748974739148,-2.8789631652832033,-0.16989669799804688,9.423503723144531
1748974739208,-3.322790222167969,0.13067825317382814,10.219248962402345
1748974739276,-2.8722271728515625,-0.044756927490234376,9.465715942382813
1748974739348,-2.655926971435547,-0.4578977966308594,8.59767105102539
1748974739408,-3.224744110107422,-0.12439132690429688,9.176217956542969
1748974739475,-2.2215303039550784,-0.173638916015625,8.17225570678711
1748974739548,-3.602857818603516,-0.5072950744628907,10.548264770507814
1748974739608,-2.711760864257813,-0.10089019775390626,9.588760070800781
1748974739676,-3.4696348571777347,-0.22827529907226562,9.812694396972656
1748974739748,-2.4827371215820313,-0.16046630859375,8.198900299072266
1748974739808,-2.7809170532226566,-0.3525169372558594,8.439749450683594
1748974739875,-3.039130096435547,-0.5355862426757813,9.373358001708985
1748974739948,-3.4443374633789063,-0.2604583740234375,10.022857360839843
1748974740008,-3.5182836914062503,-0.12289443969726563,9.782008209228517
1748974740076,-3.016377410888672,-0.3555107116699219,9.049281921386719
1748974740146,-2.684667205810547,-0.5246589660644532,8.300538940429687
1748974740208,-3.2275881958007813,-0.37856277465820315,8.981173553466798
1748974740275,-3.1753468322753906,-0.19773880004882813,9.382788391113282
1748974740346,-3.1725027465820315,-0.22273681640625,9.965376892089845
1748974740408,-3.3194970703125,-0.269439697265625,9.738299102783204
1748974740475,-3.0359866333007814,-0.2423460388183594,8.843459930419922
1748974740543,-3.0433213806152346,-0.4017645263671875,8.585396575927735
1748974740609,-3.0026060485839845,-0.42766067504882815,8.75229949951172
1748974740676,-3.5125955200195316,-0.4736151123046875,9.545799407958985
1748974740757,-3.2817755126953125,-0.18067428588867188,9.858199768066406
1748974740808,-3.3224908447265626,-0.17573455810546876,9.634714508056641
1748974740876,-3.0291009521484376,-0.3698808288574219,8.961863708496095
1748974740948,-2.8684849548339844,-0.4613406372070313,8.424630889892578
1748974741008,-3.083288269042969,-0.2724334716796875,8.779991912841798
1748974741076,-3.36021240234375,-0.24863296508789065,9.427096252441407
1748974741147,-3.410358123779297,-0.1824705505371094,9.938133544921875
1748974741209,-3.219804382324219,0.04206253051757813,9.526788940429688
1748974741276,-3.137026519775391,-0.2070195007324219,8.88881561279297
1748974741347,-3.044219512939453,-0.43080413818359375,8.77101058959961
1748974741409,-3.273842010498047,-0.20028350830078126,9.049132232666016
1748974741476,-3.440445556640625,-0.08771759033203125,9.681866455078126
1748974741547,-3.2263906860351566,-0.2221380615234375,9.566606140136718
1748974741609,-3.284170532226563,-0.405955810546875,9.061406707763672
1748974741675,-3.0761032104492188,-0.48633865356445316,8.832981719970704
1748974741747,-3.16142578125,-0.6233038330078126,9.173523559570313
1748974741809,-3.263363800048828,-0.4135899353027344,9.20929916381836
1748974741876,-3.351380767822266,-0.31748977661132816,9.441765747070313
1748974741948,-3.2193553161621096,-0.28410919189453127,8.842711486816407
1748974742009,-3.259322204589844,-0.2213896179199219,8.89794662475586
1748974742075,-3.168311462402344,-0.28680358886718754,8.954379272460939
1748974742141,-3.224295043945313,-0.3043171691894531,9.322912902832032
1748974742209,-3.3928445434570316,0.003742218017578125,9.943971405029297
1748974742278,-2.8407925415039066,-0.10762619018554688,9.137598266601563
1748974742347,-3.0999037170410157,-0.38739440917968754,8.972790985107423
1748974742409,-3.1527438354492188,-0.2924917602539063,8.88836654663086
1748974742476,-3.342998199462891,-0.43529479980468755,9.321266326904297
1748974742547,-3.292852478027344,-0.2137554931640625,9.48188232421875
1748974742611,-2.853665771484375,-0.44622207641601563,9.255403289794922
1748974742675,-3.104095001220703,-0.4427792358398438,9.571695556640625
1748974742748,-2.877316589355469,-0.250279541015625,8.912466430664063
1748974742811,-2.9557534790039064,-0.3926335144042969,9.279203796386719
1748974742876,-2.928959197998047,-0.31329849243164065,9.452243957519531
1748974742948,-2.990930328369141,-0.43125320434570313,9.503138122558594
1748974743012,-2.9889843750000002,-0.5002597045898438,9.239685974121095
1748974743075,-2.724334716796875,-0.40206390380859375,8.942254486083986
1748974743148,-3.0349388122558594,-0.45759841918945315,9.284592590332032
1748974743212,-2.728526000976563,-0.4064048767089844,8.800499267578125
1748974743276,-3.176694030761719,-0.4736151123046875,9.528585205078125
1748974743348,-2.6530828857421875,-0.41029678344726567,9.164991302490234
1748974743411,-2.7255322265625,-0.37736526489257816,9.875713348388672
1748974743476,-2.5773403930664065,-0.30716125488281254,9.253756713867189
1748974743548,-2.4575894165039065,-0.5444178771972656,9.24133255004883
1748974743611,-2.0680993652343753,-0.45340713500976565,9.262288970947266
1748974743675,-2.814746704101563,-0.30491592407226564,9.62887664794922
1748974743748,-2.493065643310547,-0.15941848754882812,9.417216796875001
1748974743811,-2.3867866516113283,-0.3279679870605469,9.015901336669922
1748974743875,-2.5105792236328126,-0.5604345703125,9.136251068115234
1748974743945,-2.977158966064453,-0.43918670654296876,10.033485260009765
1748974744009,-2.8598030090332034,-0.24623794555664064,9.33339111328125
1748974744075,-2.797233123779297,-0.09280700683593751,9.485624542236328
1748974744148,-2.0483404541015626,-0.5198689270019532,8.798403625488282
1748974744211,-2.5954527282714843,-0.5158273315429688,9.631271667480469
1748974744275,-2.8903395080566407,-0.58198974609375,9.47364944458008
1748974744348,-3.057990875244141,-0.5574407958984375,9.611961822509766
1748974744411,-3.167113952636719,-0.41089553833007814,8.94779296875
1748974744476,-3.2383657836914064,-0.5920188903808594,8.891659698486329
1748974744548,-3.5944752502441406,-0.35161880493164066,9.193282470703126
1748974744611,-3.1055918884277345,-0.6375242614746094,8.935518493652344
1748974744675,-2.987936553955078,-0.6116281127929688,9.425599365234376
1748974744748,-3.157833251953125,-0.23486160278320314,9.567504272460939
1748974744811,-3.114573211669922,-0.2902464294433594,9.06709487915039
1748974744875,-3.0515542602539063,-0.42242156982421875,8.995244293212892
1748974744948,-3.1439122009277347,-0.5023553466796875,9.268126831054689
1748974745011,-3.2058833312988284,-0.6204597473144532,9.507329406738283
1748974745075,-3.173251190185547,-0.4860392761230469,9.210646362304688
1748974745148,-2.844684448242188,-0.6815327453613281,9.011410675048829
1748974745211,-2.608924713134766,-0.9243278503417969,8.930728454589843
1748974745275,-3.6109410095214844,-0.43499542236328126,9.782457275390625
1748974745348,-2.7957362365722656,-0.678988037109375,8.990454254150391
1748974745411,-3.067570953369141,-0.7204518127441406,9.08475814819336
1748974745476,-3.216660919189453,-0.7445516967773438,9.166039123535157
1748974745548,-2.722089385986328,-0.8017327880859375,9.04553970336914
1748974745611,-3.319197692871094,-0.4839436340332032,9.802964630126954
1748974745675,-2.9458740234375003,-0.5056484985351563,9.290580139160157
1748974745748,-3.0853839111328125,-0.3779640197753906,9.410780181884766
1748974745811,-2.6396109008789064,-0.6629713439941407,9.311237182617187
1748974745875,-2.611619110107422,-0.7848179626464844,8.99853744506836
1748974745948,-2.5965005493164064,-0.5457650756835938,9.506880340576172
1748974746011,-2.8674371337890627,-0.7140151977539063,9.551637268066406
1748974746075,-2.7161018371582033,-0.7250921630859375,9.881251831054689
1748974746146,-2.462229766845703,-0.7177574157714844,9.255702667236328
1748974746211,-2.232158203125,-0.8184979248046875,9.084009704589844
1748974746275,-2.4507037353515626,-0.8560697937011719,9.302106170654298
1748974746347,-2.4580384826660158,-0.7159611511230469,9.158255310058594
1748974746411,-2.4525,-0.7842192077636719,9.519603881835938
1748974746476,-2.447560272216797,-0.8684939575195313,9.411378936767578
1748974746547,-2.6517356872558597,-0.523311767578125,9.54505096435547
1748974746611,-2.433190155029297,-0.49906219482421876,9.694589996337891
1748974746675,-2.395767974853516,-0.41508682250976564,9.248367919921876
1748974746747,-2.237996063232422,-0.5557942199707031,9.061556396484375
1748974746811,-2.258353729248047,-0.8078700256347656,9.401649169921875
1748974746875,-2.764750671386719,-0.6447093200683595,9.567803649902345
1748974746952,-2.721640319824219,-0.647852783203125,9.709409179687501
1748974747009,-2.3056553649902347,-0.7432044982910156,9.462422790527345
1748974747075,-2.2677841186523438,-0.6845265197753907,9.00856658935547
1748974747141,-2.412982177734375,-0.7990383911132813,9.215137023925783
1748974747209,-2.4011567687988284,-0.7478448486328125,9.202712860107422
1748974747275,-2.6217979431152343,-0.686173095703125,9.462422790527345
1748974747347,-2.698737945556641,-0.8412506103515626,9.57768310546875
1748974747410,-2.774480438232422,-0.7954458618164063,9.691446533203125
1748974747476,-2.436632995605469,-0.6860234069824219,9.286538543701173
1748974747547,-2.3213726806640627,-0.6442602539062501,9.098529510498047
1748974747610,-2.5430616760253906,-0.31793884277343754,9.017398223876954
1748974747675,-2.9593460083007814,-0.4822970581054688,9.218130798339844
1748974747744,-2.7177484130859377,-0.6924600219726563,9.617799682617187
1748974747811,-2.6313780212402347,-0.48259643554687504,9.634714508056641
1748974747875,-2.7005342102050784,-0.3106040954589844,9.503587188720704
1748974747945,-2.6002427673339845,-0.5288502502441407,9.059610443115234
1748974748011,-2.5477020263671877,-0.626297607421875,9.02248764038086
1748974748075,-2.787952423095703,-0.9216334533691407,9.424102478027343
1748974748148,-2.7761270141601564,-0.5957611083984375,9.543853454589843
1748974748211,-2.6807752990722657,-0.4201762390136719,9.4220068359375
1748974748275,-2.595153350830078,-0.51732421875,9.302854614257813
1748974748348,-2.5891658020019532,-0.6741979980468751,9.062304840087892
1748974748411,-2.7099645996093753,-0.6477030944824219,9.138795776367187
1748974748476,-2.8339068603515627,-0.48139892578125004,9.514664154052735
1748974748548,-2.9729676818847657,-0.2808160400390625,9.498348083496094
1748974748611,-2.93150390625,-0.3561094665527344,9.365873565673828
1748974748675,-2.834655303955078,-0.5222639465332032,9.171278228759766
1748974748748,-2.817441101074219,-0.5492079162597656,9.096583557128907
1748974748811,-2.9033624267578126,-0.4996609497070313,9.304950256347658
1748974748875,-2.9690757751464845,-0.5426216125488281,9.419312438964845
1748974748948,-2.9957203674316406,-0.6815327453613281,9.236093444824219
1748974749011,-2.867886199951172,-0.7176077270507812,9.194779357910157
1748974749078,-2.8392956542968752,-0.7152127075195313,9.1250244140625
1748974749146,-2.847977600097656,-0.6466552734375001,9.182804260253906
1748974749211,-2.7331663513183595,-0.6164181518554688,9.398805084228517
1748974749275,-2.4935147094726564,-0.5409750366210938,9.378896484375
1748974749344,-2.715353393554688,-0.43649230957031254,9.507628784179689
1748974749411,-2.6912535095214847,-0.4149371337890625,9.392817535400392
1748974749475,-2.5176145935058596,-0.44113265991210937,9.21408920288086
1748974749549,-2.6693989562988283,-0.46119094848632813,9.316326599121094
1748974749611,-2.7993287658691406,-0.4858895874023438,9.52499267578125
1748974749675,-2.721939697265625,-0.42691223144531254,9.431137847900391
1748974749748,-2.6670039367675784,-0.5553451538085937,9.311237182617187
1748974749811,-2.5810826110839846,-0.5990542602539063,9.086554412841798
1748974749875,-2.485581207275391,-0.6274951171875001,9.073681182861328
1748974749948,-2.638413391113281,-0.5418731689453126,9.443412322998048
1748974750011,-2.6967919921875003,-0.5792953491210938,9.558822326660156
1748974750075,-2.853665771484375,-0.49711624145507816,9.530830535888672
1748974750147,-2.77822265625,-0.4891827392578125,9.331145782470704
1748974750211,-2.8463310241699222,-0.5456153869628907,8.970545654296876
1748974750275,-3.0529014587402346,-0.5490582275390625,9.169481964111329
1748974750348,-3.174448699951172,-0.5405259704589844,9.1250244140625
1748974750411,-3.2024404907226565,-0.3784130859375,9.20929916381836
1748974750476,-3.3673974609375,-0.4674778747558594,9.383087768554688
1748974750548,-3.191213836669922,-0.5198689270019532,9.176816711425781
1748974750611,-3.096909942626953,-0.4628375244140625,9.222471771240235
1748974750675,-3.1654673767089845,-0.3715274047851563,9.21887924194336
1748974750748,-3.1425650024414065,-0.37392242431640627,9.133257293701172
1748974750811,-3.0662237548828126,-0.3698808288574219,9.451345825195313
1748974750876,-2.8395950317382814,-0.49876281738281253,9.311985626220704
1748974750948,-2.609224090576172,-0.5679190063476562,9.187294921875
1748974751011,-2.562221832275391,-0.5598358154296875,9.297016754150391
1748974751075,-2.5674609375,-0.5023553466796875,9.393116912841798
1748974751147,-2.6108706665039065,-0.5132826232910157,9.748477935791016
1748974751210,-2.5771907043457034,-0.6248007202148438,9.684261474609375
1748974751276,-2.754422149658203,-1.0569520568847657,9.229058074951173
1748974751345,-2.43573486328125,-0.8425978088378907,9.334438934326172
1748974751408,-2.512525177001953,-0.8316705322265625,9.488019561767578
1748974751476,-2.4263044738769532,-0.8252339172363282,9.184301147460937
1748974751547,-2.465822296142578,-0.9304650878906251,9.329648895263672
1748974751611,-2.3435266113281252,-0.8521778869628907,9.270222473144532
1748974751675,-2.385140075683594,-0.8548722839355469,9.310788116455079
1748974751747,-2.58901611328125,-0.8422984313964844,9.460027770996094
1748974751811,-2.510878601074219,-0.8655001831054688,9.503736877441407
1748974751875,-2.5188121032714843,-0.8454418945312501,9.477840728759766
1748974751950,-2.4860302734375,-0.8565188598632812,9.34821029663086
1748974752009,-2.275418243408203,-0.8783734130859375,9.309590606689454
1748974752075,-2.3872357177734376,-0.8328680419921876,9.27067153930664
1748974752141,-2.561623077392578,-0.8723858642578125,9.4124267578125
1748974752208,-2.4707620239257815,-0.8940907287597657,9.449699249267578
1748974752275,-2.555186462402344,-0.8660989379882813,9.478888549804688
1748974752347,-2.7994784545898437,-0.9894424438476563,9.310488739013673
1748974752411,-2.760110321044922,-0.9493258666992188,9.091194763183594
1748974752475,-3.013832702636719,-0.9816586303710938,9.261690216064453
1748974752547,-3.0611343383789062,-0.8704399108886719,9.264085235595704
1748974752611,-3.173251190185547,-0.8683442687988282,9.105564880371094
1748974752675,-3.1590307617187503,-0.9900411987304688,9.247918853759765
1748974752748,-3.124153289794922,-1.024768981933594,9.164392547607422
1748974752811,-3.134481811523438,-0.899180145263672,9.135352935791015
1748974752875,-3.1494506835937504,-0.8795709228515626,9.287586364746094
1748974752948,-3.0787976074218752,-0.9313632202148437,9.20121597290039
1748974753011,-3.1166688537597658,-0.947230224609375,9.137598266601563
1748974753077,-3.1058912658691407,-0.9136999511718751,9.203311614990234
1748974753148,-2.95784912109375,-0.8818162536621095,9.208550720214845
1748974753211,-3.0623318481445314,-0.7963439941406251,9.27875473022461
1748974753275,-2.9499156188964846,-0.827479248046875,9.395212554931641
1748974753348,-2.827170867919922,-0.8150550842285157,9.191037139892579
1748974753411,-2.926564178466797,-0.8652008056640625,9.25959457397461
1748974753475,-2.810405731201172,-0.9587562561035157,9.207951965332033
1748974753548,-2.827320556640625,-0.8851094055175782,9.2783056640625
1748974753611,-2.907703399658203,-0.9577084350585938,9.385782165527344
1748974753675,-2.7596612548828126,-1.0103988647460938,9.320517883300782
1748974753748,-2.6896069335937502,-0.9627978515625001,9.224268035888672
1748974753811,-2.815345458984375,-1.0038125610351563,9.2399853515625
1748974753875,-2.682122497558594,-0.9930349731445313,9.20540725708008
1748974753945,-2.8243267822265627,-0.9214837646484375,9.273216247558594
1748974754008,-2.8207342529296877,-0.9601034545898438,9.406738586425782
1748974754075,-2.7473867797851566,-0.8997789001464844,9.212143249511719
1748974754143,-2.7867549133300784,-0.9081614685058594,9.335037689208985
1748974754208,-2.7036776733398438,-0.8807684326171875,9.262288970947266
1748974754275,-2.7607090759277346,-0.7988887023925781,9.243428192138673
1748974754343,-2.9424311828613283,-0.8445437622070313,9.376052398681642
1748974754409,-2.719245300292969,-0.9602531433105469,9.377399597167969
1748974754475,-2.828368377685547,-0.8756790161132812,9.194180603027345
1748974754544,-2.914589080810547,-0.9029223632812501,9.272318115234375
1748974754609,-2.7135571289062503,-0.9797126770019532,9.200617218017578
1748974754675,-2.795885925292969,-1.0098001098632814,9.362730102539063
1748974754744,-2.851420440673828,-1.031205596923828,9.284891967773438
1748974754811,-2.827021179199219,-0.9982740783691407,9.155261535644533
1748974754877,-2.932402038574219,-1.047671356201172,9.23130340576172
1748974754948,-2.9285101318359374,-0.9735754394531251,9.24567352294922
1748974755011,-2.711162109375,-0.85502197265625,9.213041381835938
1748974755075,-2.9103977966308596,-0.8370593261718751,9.618548126220704
1748974755145,-3.4730776977539066,-1.0328521728515625,8.693322143554688
1748974755209,-3.091670837402344,-1.1023077392578124,9.117839355468751
1748974755275,-3.0867311096191408,-1.0785072326660157,9.240284729003907
1748974755344,-2.9880862426757813,-0.9268725585937501,9.213191070556642
1748974755409,-3.1737002563476566,-0.9262738037109376,9.208700408935547
1748974755475,-3.165018310546875,-1.0783575439453126,9.165440368652344
1748974755549,-2.9723689270019533,-1.1773017883300783,9.011560363769531
1748974755611,-3.101400604248047,-1.0530601501464845,9.20974822998047
1748974755675,-3.0626312255859376,-1.006956024169922,9.1585546875
1748974755748,-2.9903315734863285,-1.0684780883789062,9.157806243896484
1748974755810,-2.833158416748047,-1.1072474670410157,9.341623992919923
1748974755875,-2.405647430419922,-1.0924282836914063,9.334438934326172
1748974755944,-2.216590576171875,-0.9467811584472656,9.306147766113282
1748974756011,-2.525697784423828,-1.0289602661132813,9.326056365966798
1748974756075,-2.5093817138671874,-1.094673614501953,9.31902099609375
1748974756144,-2.3342459106445315,-1.0109976196289063,9.383836212158204
1748974756210,-2.5776397705078127,-1.004710693359375,9.364676055908204
1748974756275,-2.8301646423339846,-0.9647438049316407,9.201665039062501
1748974756346,-2.7919940185546874,-1.1201206970214845,9.30944091796875
1748974756411,-2.7978318786621097,-1.0900332641601562,9.30509994506836
1748974756475,-2.3725662231445312,-0.9794132995605469,9.275311889648439
1748974756547,-2.319277038574219,-1.0223739624023438,9.395362243652345
1748974756610,-2.38783447265625,-1.0820997619628907,9.315278778076172
1748974756675,-2.4960594177246094,-1.0496173095703125,9.236392822265625
1748974756747,-2.711461486816406,-1.0912307739257814,9.367071075439453
1748974756810,-2.625689849853516,-1.0557545471191407,9.337881774902344
1748974756875,-2.664758605957031,-1.0147398376464845,9.302405548095704
1748974756954,-2.6719436645507812,-1.0529104614257814,9.39611068725586
1748974757009,-2.484832763671875,-1.0327024841308594,9.255103912353515
1748974757075,-2.558180236816406,-1.0074050903320313,9.310039672851563
1748974757142,-2.276016998291016,-1.0145901489257814,9.451345825195313
1748974757209,-2.4005580139160156,-1.0192304992675782,9.250164184570313
1748974757275,-2.6503884887695315,-1.077609100341797,9.365574188232422
1748974757347,-2.629581756591797,-1.0888357543945313,9.368567962646486
1748974757410,-2.6370661926269534,-0.9886940002441407,9.174421691894532
1748974757475,-2.6240432739257815,-1.063089294433594,9.458081817626953
1748974757547,-2.458637237548828,-1.0791059875488282,9.356592864990235
1748974757610,-2.4553440856933597,-0.9972262573242188,9.23280029296875
1748974757675,-2.5771907043457034,-1.0352471923828126,9.313033447265626
1748974757748,-2.4146287536621096,-1.0732681274414062,9.36737045288086
1748974757810,-2.6444009399414066,-1.0494676208496094,9.243577880859375
1748974757875,-2.6578729248046877,-1.0663824462890625,9.405092010498047
1748974757948,-2.545007629394531,-0.9892927551269531,9.292077026367188
1748974758010,-2.7906468200683596,-1.0606942749023438,9.217232666015626
1748974758075,-2.4626788330078124,-1.1042536926269533,9.415121154785156
1748974758144,-2.4005580139160156,-0.9562115478515626,9.258397064208985
1748974758209,-2.511028289794922,-1.01309326171875,9.401050415039062
1748974758275,-2.5300387573242187,-1.0858419799804688,9.30465087890625
1748974758344,-2.441722412109375,-1.0455757141113282,9.270072784423828
1748974758409,-2.6794281005859375,-1.0327024841308594,9.358089752197266
1748974758475,-2.5896148681640625,-1.061143341064453,9.281449127197266
1748974758544,-2.5674609375,-1.0493179321289063,9.319170684814454
1748974758610,-2.568658447265625,-1.0678793334960939,9.340276794433594
1748974758675,-2.4394770812988282,-0.9933343505859376,9.237141265869141
1748974758746,-2.485730895996094,-0.9964778137207032,9.3118359375
1748974758811,-2.534978485107422,-1.0642868041992188,9.400301971435548
1748974758876,-2.515369262695313,-0.9819580078125001,9.242230682373048
1748974758948,-2.631078643798828,-1.024918670654297,9.350755004882814
1748974759009,-2.552042999267578,-1.1036549377441407,9.333540802001954
1748974759076,-2.5496479797363283,-1.0238708496093751,9.182205505371094
1748974759146,-2.5800347900390626,-1.0365943908691406,9.410331115722657
1748974759211,-2.4771986389160157,-1.0617420959472657,9.297316131591797
1748974759276,-2.4468118286132814,-1.0280621337890625,9.288484497070312
1748974759348,-2.738255767822266,-1.114731903076172,9.361233215332032
1748974759411,-2.4339385986328126,-1.0446775817871095,9.284442901611328
1748974759476,-2.452350311279297,-0.9512718200683594,9.310488739013673
1748974759548,-2.6625132751464844,-0.997375946044922,9.3932666015625
1748974759611,-2.442021789550781,-0.9777667236328126,9.223519592285157
1748974759676,-2.572400665283203,-0.9467811584472656,9.332792358398438
1748974759748,-2.439327392578125,-0.9213340759277344,9.37934555053711
1748974759811,-2.3068528747558594,-0.980760498046875,9.297016754150391
1748974759876,-2.661016387939453,-0.9738748168945313,9.377998352050781
1748974759948,-2.3620880126953128,-0.9848020935058595,9.490115203857423
1748974760010,-2.4828868103027344,-0.9234297180175782,9.223220214843751
1748974760076,-2.587519226074219,-1.0529104614257814,9.383087768554688
1748974760148,-2.4231610107421875,-0.8879534912109376,9.272018737792969
1748974760210,-2.468067626953125,-0.945883026123047,9.339228973388673
1748974760276,-2.379002838134766,-1.0469229125976562,9.44880111694336
1748974760347,-1.6531622314453125,-0.3405418395996094,9.27785659790039
1748974760410,-3.639830932617188,-0.5023553466796875,17.217196655273437
1748974760476,-2.4001089477539064,-1.0919792175292968,8.320447540283203
1748974760548,-2.3535557556152344,-0.8493338012695313,8.94629608154297
1748974760611,-2.896626434326172,-0.5764512634277345,9.885892181396486
1748974760676,-2.411934356689453,-0.809366912841797,9.02293670654297
1748974760748,-2.6601182556152345,-0.6533912658691406,9.386380920410156
1748974760810,-2.5638684082031253,-0.7439529418945313,9.366172943115235
1748974760876,-2.5680596923828127,-0.8080197143554688,9.312135314941406
1748974760948,-2.534679107666016,-0.7200027465820313,9.28638885498047
1748974761011,-2.690954132080078,-0.7466473388671876,9.388027496337891
1748974761076,-2.5891658020019532,-0.7596702575683594,9.264833679199219
1748974761147,-2.5512945556640627,-0.7806266784667969,9.355245666503906
1748974761210,-2.588567047119141,-0.7149133300781251,9.388626251220703
1748974761275,-2.590063934326172,-0.7611671447753907,9.279802551269531
1748974761347,-2.6291326904296874,-0.6782395935058594,9.432335357666016
1748974761410,-2.623594207763672,-0.7713459777832031,9.303453369140625
1748974761476,-2.524200897216797,-0.7131170654296876,9.168883209228516
1748974761544,-2.7571165466308596,-0.7265890502929688,9.516460418701172
1748974761610,-2.6071284484863284,-0.7424560546875001,9.192683715820314
1748974761676,-2.5929080200195314,-0.7607180786132813,9.263336791992188
1748974761747,-2.7090664672851563,-0.7674540710449219,9.704020385742188
1748974761810,-2.5830285644531252,-0.69695068359375,8.911268920898438
1748974761876,-2.438429260253906,-0.8617579650878907,9.594597930908204
1748974761958,-2.7530749511718753,-0.63947021484375,9.31378189086914
1748974762009,-2.622247009277344,-0.7206015014648438,9.432784423828126
1748974762076,-2.614912261962891,-0.6518943786621094,9.422306213378906
1748974762143,-2.438279571533203,-0.7315287780761719,9.444460144042969
1748974762209,-2.442321166992188,-0.5613327026367188,9.403146057128907
1748974762276,-2.149080963134766,-0.5153782653808594,9.43488006591797
1748974762347,-2.2266197204589844,-0.8484356689453125,9.192234649658204
1748974762410,-2.41178466796875,-0.6319857788085937,9.035660247802735
1748974762476,-2.3882835388183596,-0.724493408203125,9.595945129394531
1748974762548,-2.2779629516601565,-0.326920166015625,9.525591430664063
1748974762610,-2.5138723754882815,-0.55803955078125,9.270521850585938
1748974762676,-2.4532484436035156,-0.5538482666015625,9.525292053222657
1748974762748,-2.369273071289063,-0.5126838684082031,9.337283020019532
1748974762810,-2.339335327148438,-0.3932322692871094,9.445208587646485
1748974762876,-2.342029724121094,-0.3320095825195313,9.542805633544923
1748974762947,-2.3712190246582034,-0.5906716918945313,9.193581848144532
1748974763011,-2.4950115966796877,-0.5019062805175781,9.531429290771484
1748974763076,-2.2854473876953127,-0.24758514404296877,9.33668426513672
1748974763148,-2.168989562988281,-0.38125717163085937,9.530830535888672
1748974763211,-2.417622528076172,-0.4992118835449219,9.430239715576173
1748974763276,-2.3739134216308595,-0.43724075317382816,9.323212280273438
1748974763348,-2.266586608886719,-0.29189300537109375,9.4220068359375
1748974763411,-2.2802082824707033,-0.39398071289062503,9.612859954833985
1748974763476,-2.3234683227539064,-0.3879931640625,9.338480529785157
1748974763548,-2.3340962219238284,-0.3794609069824219,9.38413558959961
1748974763611,-2.3406825256347656,-0.37362304687500003,9.544003143310547
1748974763676,-2.2969734191894533,-0.33769775390625,9.342971191406251
1748974763748,-2.3640339660644534,-0.3644920349121094,9.426198120117188
1748974763811,-2.3231689453125,-0.4327500915527344,9.417965240478516
1748974763876,-2.321971435546875,-0.3112028503417969,9.31273406982422
1748974763948,-2.3938220214843753,-0.35775604248046877,9.50583251953125
1748974764009,-2.274969177246094,-0.3525169372558594,9.373807067871095
1748974764076,-2.352507934570313,-0.477806396484375,9.270821228027344
1748974764144,-2.4086412048339847,-0.36239639282226566,9.636810150146484
1748974764210,-2.2610481262207034,-0.20447479248046876,9.273066558837892
1748974764276,-2.3670277404785156,-0.3418890380859375,9.453740844726562
1748974764348,-2.40220458984375,-0.5866300964355469,9.512718200683594
1748974764411,-2.2123992919921878,-0.32407608032226565,9.36258041381836
1748974764476,-2.326312408447266,-0.2273771667480469,9.474248199462892
1748974764557,-2.4300466918945314,-0.38080810546875005,9.553882598876953
1748974764615,-2.2326072692871093,-0.4567002868652344,9.289532318115235
1748974764676,-2.375410308837891,-0.336500244140625,9.634415130615235
1748974764749,-2.368374938964844,-0.32946487426757814,9.36258041381836
1748974764813,-2.2827529907226562,-0.3448828125,9.321416015625001
1748974764876,-2.4026536560058593,-0.4140390014648438,9.636810150146484
1748974764948,-2.26329345703125,-0.3715274047851563,9.331594848632813
1748974765012,-2.2924827575683593,-0.30386810302734374,9.4603271484375
1748974765076,-2.400857391357422,-0.4034111022949219,9.501042480468751
1748974765147,-2.2673350524902345,-0.3757186889648438,9.36497543334961
1748974765212,-2.4113356018066407,-0.32901580810546877,9.385931854248048
1748974765280,-2.319426727294922,-0.3975732421875,9.552086334228516
1748974765349,-2.2778132629394534,-0.35715728759765625,9.313033447265626
1748974765412,-2.3975642395019534,-0.3074606323242188,9.535470886230469
1748974765476,-2.304906921386719,-0.42885818481445315,9.326804809570312
1748974765550,-2.306254119873047,-0.3526666259765625,9.326355743408204
1748974765613,-2.4197181701660155,-0.33021331787109376,9.51825668334961
1748974765676,-2.2519171142578127,-0.36239639282226566,9.34102523803711
1748974765752,-2.3092478942871093,-0.3237767028808594,9.344168701171876
1748974765813,-2.418820037841797,-0.3950285339355469,9.519603881835938
1748974765876,-2.259251861572266,-0.3327580261230469,9.322014770507813
1748974765947,-2.313139801025391,-0.2820135498046875,9.446855163574218
1748974766017,-2.4171734619140626,-0.42107437133789066,9.490713958740235
1748974766076,-2.258653106689453,-0.33290771484375004,9.325607299804688
1748974766150,-2.312091979980469,-0.38275405883789065,9.426198120117188
1748974766212,-2.374512176513672,-0.40969802856445314,9.447304229736329
1748974766276,-2.282303924560547,-0.296982421875,9.365574188232422
1748974766352,-2.378104705810547,-0.3094065856933594,9.365125122070314
1748974766413,-2.276166687011719,-0.39712417602539063,9.524244232177734
1748974766475,-2.3372396850585937,-0.27737319946289063,9.30659683227539
1748974766550,-2.4038511657714845,-0.32168106079101566,9.576036529541016
1748974766612,-2.2469773864746094,-0.4056564331054688,9.382788391113282
1748974766676,-2.312091979980469,-0.2677931213378906,9.502239990234376
1748974766749,-2.147135009765625,-0.4830455017089844,9.469907226562501
1748974766815,-2.1371058654785156,-0.496966552734375,9.381141815185547
1748974766893,-2.254761199951172,-0.4189787292480469,9.34626434326172
1748974766943,-2.1145028686523437,-0.4601431274414063,9.598639526367188
1748974767013,-2.125430145263672,-0.30835876464843753,9.428144073486328
1748974767078,-2.268981628417969,-0.446671142578125,9.578281860351563
1748974767145,-2.0950433349609376,-0.46074188232421875,9.337283020019532
1748974767211,-2.1775218200683595,-0.4135899353027344,9.494605865478515
1748974767280,-2.241588592529297,-0.4090992736816406,9.480684814453125
1748974767348,-2.069446563720703,-0.41882904052734377,9.478589172363282
1748974767413,-2.1838087463378906,-0.33709899902343754,9.444609832763673
1748974767480,-2.139051818847656,-0.4167333984375,9.568701782226563
1748974767549,-2.0636087036132813,-0.37556900024414064,9.415121154785156
1748974767613,-2.266736297607422,-0.38320312500000003,9.462273101806641
1748974767680,-2.1472846984863283,-0.4495152282714844,9.50478469848633
1748974767750,-2.08606201171875,-0.33021331787109376,9.38503372192383
1748974767813,-2.2170396423339844,-0.32826736450195315,9.512568511962892
1748974767880,-2.101629638671875,-0.46478347778320317,9.54699691772461
1748974767949,-2.090552673339844,-0.3746708679199219,9.427395629882813
1748974768013,-2.2423370361328128,-0.34503250122070317,9.623038787841798
1748974768080,-2.034419403076172,-0.45759841918945315,9.476643218994141
1748974768151,-2.131417694091797,-0.3752696228027344,9.332043914794923
1748974768214,-2.1498294067382813,-0.50055908203125,9.63561264038086
1748974768281,-2.0904029846191405,-0.30267059326171875,9.368268585205078
1748974768348,-2.1647982788085938,-0.317340087890625,9.48472640991211
1748974768414,-2.1409977722167968,-0.4267625427246094,9.547895050048828
1748974768476,-2.1017793273925784,-0.2939886474609375,9.378447418212891
1748974768548,-2.2086570739746096,-0.3008743286132813,9.567803649902345
1748974768613,-2.1101618957519532,-0.42227188110351566,9.529782714843751
1748974768676,-2.094294891357422,-0.2442919921875,9.371112670898437
1748974768748,-2.155218200683594,-0.37901184082031253,9.646839294433594
1748974768813,-2.0866607666015624,-0.41448806762695317,9.495803375244142
1748974768879,-2.0745359802246095,-0.3342549133300781,9.401050415039062
1748974768948,-2.2650897216796877,-0.4098477172851563,9.571695556640625
1748974769013,-2.034419403076172,-0.3737727355957031,9.391769714355469
1748974769076,-2.182012481689453,-0.3553610229492188,9.435778198242188
1748974769147,-2.1824615478515628,-0.4528083801269531,9.537566528320314
1748974769212,-2.0782781982421876,-0.25836273193359377,9.405840454101563
1748974769279,-2.2134471130371094,-0.27722351074218754,9.574539642333985
1748974769348,-2.1345611572265626,-0.3896397399902344,9.519903259277344
1748974769413,-2.079924774169922,-0.26689498901367187,9.381590881347657
1748974769476,-2.2299128723144532,-0.32826736450195315,9.555828552246094
1748974769547,-2.0916004943847657,-0.36778518676757815,9.525741119384767
1748974769612,-2.1474343872070314,-0.2537223815917969,9.423354034423829
1748974769682,-2.239043884277344,-0.28949798583984376,9.613009643554689
1748974769748,-2.075284423828125,-0.35281631469726565,9.481582946777344
1748974769812,-2.174677734375,-0.2796185302734375,9.435927886962892
1748974769876,-2.08845703125,-0.3418890380859375,9.643845520019532
1748974769947,-2.096540222167969,-0.3320095825195313,9.313183135986328
1748974770012,-2.2255718994140627,-0.30910720825195315,9.494007110595703
1748974770076,-2.078727264404297,-0.24533981323242188,9.590706024169922
1748974770147,-2.0398081970214843,-0.3023712158203125,9.393116912841798
1748974770213,-2.2339544677734375,-0.31180160522460937,9.583221588134766
1748974770276,-2.102677459716797,-0.3511697387695313,9.471254425048828
1748974770348,-2.0911514282226564,-0.1742376708984375,9.377549285888673
1748974770412,-2.1372555541992186,-0.3591032409667969,9.65761688232422
1748974770476,-2.0230430603027343,-0.4113446044921875,9.371561737060548
1748974770547,-2.1104612731933594,-0.27333160400390627,9.408534851074219
1748974770613,-2.1633013916015624,-0.12588821411132814,9.629774780273438
1748974770679,-1.8588345336914063,-0.4409829711914063,9.454339599609375
1748974770747,-2.150428161621094,-0.4122427368164063,9.3932666015625
1748974770813,-1.9706520080566408,-0.542322235107422,9.554930419921876
1748974770879,-1.9983444213867188,-0.25042922973632814,9.177565155029297
1748974770948,-1.7308506774902344,-0.3673361206054688,9.633067932128906
1748974771013,-2.018851776123047,-0.5248086547851563,9.359586639404297
1748974771079,-2.196382598876953,-0.271834716796875,9.991273040771485
1748974771147,-2.1041743469238283,-0.38664596557617187,9.379046173095704
1748974771213,-1.8079403686523439,-0.5689668273925782,9.402247924804689
1748974771279,-2.019749908447266,-0.4195774841308594,9.595496063232423
1748974771347,-1.7739610290527346,-0.5689668273925782,9.423653411865235
1748974771412,-1.8971548461914063,-0.44846740722656253,9.443711700439454
1748974771475,-1.9725979614257814,-0.3806584167480469,9.550290069580079
1748974771544,-2.2085073852539066,-0.3192860412597656,9.7285693359375
1748974771611,-1.9895127868652345,-0.40625518798828125,9.466165008544923
1748974771682,-2.0255877685546877,-0.3375480651855469,9.452543334960938
1748974771747,-2.1056712341308597,-0.4590953063964844,9.530082092285157
1748974771812,-2.0887564086914066,-0.3836521911621094,9.380992126464845
1748974771879,-2.129471740722656,-0.31449600219726564,9.568701782226563
1748974771947,-2.046244812011719,-0.4343966674804688,9.485474853515626
1748974772013,-2.0642074584960937,-0.33410522460937503,9.431287536621094
1748974772076,-2.1543200683593753,-0.3626957702636719,9.558373260498048
1748974772147,-2.024839324951172,-0.4260140991210938,9.434580688476563
1748974772212,-2.079176330566406,-0.39233413696289066,9.507778472900391
1748974772276,-2.1453387451171877,-0.40475830078125,9.513915710449218
1748974772347,-2.061962127685547,-0.4032614135742188,9.414522399902344
1748974772413,-2.1119581604003907,-0.3849993896484375,9.507479095458985
1748974772476,-2.0640577697753906,-0.4040098571777344,9.501192169189453
1748974772547,-2.0341200256347656,-0.3549119567871094,9.408235473632812
1748974772612,-2.142195281982422,-0.33799713134765624,9.508077850341797
1748974772676,-2.0818707275390627,-0.44038421630859376,9.511820068359375
1748974772748,-2.062261505126953,-0.3406915283203125,9.459129638671875
1748974772812,-2.188748474121094,-0.3896397399902344,9.574389953613283
1748974772876,-2.0910017395019533,-0.43185195922851566,9.449998626708984
1748974772948,-2.049537963867188,-0.3706292724609375,9.448501739501953
1748974773012,-2.156715087890625,-0.38814285278320315,9.559870147705078
1748974773076,-2.043999481201172,-0.4070036315917969,9.375453643798828
1748974773148,-2.0748353576660157,-0.34667907714843754,9.471703491210938
1748974773213,-2.1017793273925784,-0.43080413818359375,9.516610107421876
1748974773276,-2.0555255126953127,-0.38200561523437504,9.430988159179687
1748974773348,-2.1049227905273438,-0.34368530273437503,9.519454193115235
1748974773413,-2.1149519348144534,-0.4390370178222657,9.491312713623048
1748974773478,-2.05253173828125,-0.35042129516601567,9.417067108154297
1748974773549,-2.1179457092285157,-0.37077896118164066,9.516610107421876
1748974773613,-2.0731887817382812,-0.42227188110351566,9.453441467285156
1748974773676,-2.057172088623047,-0.3656895446777344,9.48427734375
1748974773744,-2.112107849121094,-0.3742218017578125,9.545949096679688
1748974773813,-2.054777069091797,-0.4343966674804688,9.38174057006836
1748974773876,-2.122885437011719,-0.3698808288574219,9.5273876953125
1748974773948,-2.1547691345214846,-0.39398071289062503,9.552535400390626
1748974774013,-2.072739715576172,-0.3992198181152344,9.38323745727539
1748974774079,-2.0239411926269533,-0.3396437072753906,9.56136703491211
1748974774150,-2.0875588989257814,-0.3864962768554688,9.50867660522461
1748974774213,-2.0137623596191405,-0.34907409667968753,9.381141815185547
1748974774276,-2.1115090942382815,-0.36239639282226566,9.565258941650391
1748974774347,-2.0697459411621093,-0.39787261962890624,9.502389678955078
1748974774412,-1.979333953857422,-0.3327580261230469,9.515711975097657
1748974774479,-2.116149444580078,-0.38814285278320315,9.57618621826172
1748974774548,-1.992506561279297,-0.4282594299316406,9.369166717529298
1748974774614,-1.9986437988281252,-0.37811370849609377,9.448352050781251
1748974774679,-2.0731887817382812,-0.3429368591308594,9.50298843383789
1748974774748,-2.005978546142578,-0.3948788452148438,9.430539093017579
1748974774812,-2.135908355712891,-0.3875440979003906,9.529483337402345
1748974774875,-2.043999481201172,-0.4053570556640625,9.538464660644532
1748974774947,-2.049687652587891,-0.34682876586914063,9.386231231689454
1748974775011,-2.116149444580078,-0.35042129516601567,9.574389953613283
1748974775076,-2.027384033203125,-0.4351451110839844,9.461225280761719
1748974775147,-2.066452789306641,-0.32213012695312504,9.449549560546876
1748974775212,-2.115550689697266,-0.35206787109375004,9.562564544677734
1748974775276,-2.0549267578125,-0.405955810546875,9.418713684082032
1748974775347,-2.0529808044433593,-0.3745211791992188,9.433383178710939
1748974775412,-2.11959228515625,-0.3561094665527344,9.566306762695312
1748974775478,-2.0377125549316406,-0.3860472106933594,9.411378936767578
1748974775548,-2.0507354736328125,-0.37781433105468754,9.48083450317383
1748974775612,-2.062860260009766,-0.4099974060058594,9.523944854736328
1748974775676,-2.043849792480469,-0.35625915527343754,9.376800842285157
1748974775747,-2.099234619140625,-0.3661386108398438,9.520352325439454
1748974775812,-2.0781285095214845,-0.43304946899414065,9.486372985839845
1748974775876,-2.0281324768066407,-0.32572265625,9.42095901489258
1748974775947,-2.1582119750976565,-0.33141082763671875,9.557475128173829
1748974776012,-2.045496368408203,-0.43604324340820316,9.446555786132812
1748974776079,-2.027384033203125,-0.34817596435546877,9.447603607177735
1748974776149,-2.13875244140625,-0.3320095825195313,9.545949096679688
1748974776212,-2.042652282714844,-0.4236190795898438,9.385782165527344
1748974776276,-2.123184814453125,-0.3704795837402344,9.533824310302736
1748974776347,-2.145787811279297,-0.3902384948730469,9.51735855102539
1748974776412,-2.017654266357422,-0.36479141235351564,9.370064849853517
1748974776480,-2.090702362060547,-0.36539016723632817,9.53457275390625
1748974776548,-2.1139041137695314,-0.4022135925292969,9.473050689697265
1748974776612,-2.0311262512207033,-0.34129028320312504,9.398805084228517
1748974776676,-2.1878503417968753,-0.3394940185546875,9.52020263671875
1748974776747,-2.0074754333496094,-0.4474195861816406,9.494905242919922
1748974776812,-2.065704345703125,-0.35715728759765625,9.414672088623048
1748974776876,-2.1411474609375003,-0.3668870544433594,9.566606140136718
1748974776947,-2.014061737060547,-0.4213737487792969,9.39850570678711
1748974777012,-2.0951930236816407,-0.3088078308105469,9.466614074707032
1748974777076,-2.1083656311035157,-0.41119491577148437,9.553433532714845
1748974777147,-2.082619171142578,-0.41912841796875,9.415420532226562
1748974777212,-2.121837615966797,-0.3752696228027344,9.464967498779297
1748974777276,-2.113604736328125,-0.41852966308593753,9.540560302734375
1748974777347,-2.059866485595703,-0.3728746032714844,9.37650146484375
1748974777412,-2.158810729980469,-0.3806584167480469,9.559271392822266
1748974777476,-2.085762634277344,-0.4177812194824219,9.48517547607422
1748974777547,-2.0818707275390627,-0.34518218994140626,9.462273101806641
1748974777612,-2.1375549316406253,-0.3733236694335938,9.554481353759765
1748974777676,-2.0589683532714846,-0.45520339965820317,9.411678314208984
1748974777748,-2.076182556152344,-0.37736526489257816,9.507778472900391
1748974777812,-2.136507110595703,-0.37676651000976563,9.578581237792969
1748974777876,-2.040556640625,-0.43200164794921875,9.426946563720703
1748974777948,-2.1017793273925784,-0.3330574035644531,9.436676330566407
1748974778012,-2.0743862915039064,-0.43125320434570313,9.599088592529297
1748974778076,-2.0001406860351563,-0.37197647094726566,9.376052398681642
1748974778148,-2.1409977722167968,-0.3234773254394531,9.469907226562501
1748974778213,-2.031874694824219,-0.46223876953125004,9.53936279296875
1748974778276,-2.0194505310058597,-0.310155029296875,9.432634735107422
1748974778348,-2.1251307678222657,-0.3453318786621094,9.551188201904298
1748974778413,-1.9932550048828126,-0.3746708679199219,9.436227264404298
1748974778476,-2.022743682861328,-0.37661682128906254,9.508526916503907
1748974778547,-2.1342617797851564,-0.3477268981933594,9.562564544677734
1748974778612,-2.062411193847656,-0.40805145263671877,9.42050994873047
1748974778676,-2.0398081970214843,-0.3703298950195313,9.564809875488281
1748974778748,-2.142943725585938,-0.37092864990234375,9.61645248413086
1748974778812,-2.0645068359375003,-0.44442581176757817,9.31378189086914
1748974778876,-2.186203765869141,-0.33126113891601566,9.496102752685548
1748974778948,-2.144590301513672,-0.4028123474121094,9.520801391601562
1748974779012,-2.0591180419921877,-0.4034111022949219,9.353150024414063
1748974779076,-2.174528045654297,-0.4343966674804688,9.588460693359375
1748974779147,-2.0076251220703125,-0.39248382568359375,9.499695281982422
1748974779212,-2.1248313903808596,-0.36853363037109377,9.398954772949219
1748974779279,-2.1535716247558594,-0.37272491455078127,9.6615087890625
1748974779348,-1.9905606079101563,-0.43544448852539064,9.318571929931641
1748974779414,-2.030677185058594,-0.35296600341796874,9.508975982666016
1748974779476,-2.185155944824219,-0.40610549926757816,9.574689331054689
1748974779547,-2.0736378479003905,-0.40670425415039063,9.45119613647461
1748974779612,-2.236499176025391,-0.3836521911621094,9.849667510986329
1748974779676,-2.119292907714844,-0.348475341796875,9.466763763427736
1748974779747,-2.012714538574219,-0.32138168334960937,9.458530883789063
1748974779812,-2.061812438964844,-0.427510986328125,9.451645202636719
1748974779876,-2.1444406127929687,-0.3704795837402344,9.57004898071289
1748974779944,-2.0136126708984374,-0.3375480651855469,9.394314422607422
1748974780013,-2.099983062744141,-0.35281631469726565,9.600735168457032
1748974780079,-2.019749908447266,-0.3644920349121094,9.485025787353516
1748974780144,-2.0731887817382812,-0.3553610229492188,9.569899291992188
1748974780213,-2.0812719726562503,-0.32213012695312504,9.500443725585939
1748974780282,-2.019300842285156,-0.46178970336914066,9.451345825195313
1748974780344,-2.0782781982421876,-0.38634658813476563,9.438472595214844
1748974780412,-2.095342712402344,-0.27033782958984376,9.548344116210938
1748974780479,-2.0447479248046876,-0.3299139404296875,9.395362243652345
1748974780544,-2.129920806884766,-0.39772293090820315,9.528435516357423
1748974780613,-2.0908520507812502,-0.4578977966308594,9.462273101806641
1748974780678,-2.0706440734863283,-0.3303630065917969,9.447154541015626
1748974780744,-2.1176463317871095,-0.3338058471679688,9.550140380859375
1748974780812,-2.0924986267089847,-0.4505630493164063,9.429341583251954
1748974780879,-2.016307067871094,-0.3492237854003906,9.444460144042969
1748974780943,-2.1474343872070314,-0.39472915649414064,9.546847229003907
1748974781012,-2.022893371582031,-0.3841012573242188,9.3932666015625
1748974781078,-2.0184027099609376,-0.37317398071289065,9.488468627929688
1748974781152,-2.1044737243652345,-0.37077896118164066,9.575437774658203
1748974781209,-2.066452789306641,-0.37362304687500003,9.370513916015625
1748974781276,-2.086810455322266,-0.3369493103027344,9.584119720458984
1748974781344,-1.9395167541503908,-0.42616378784179687,9.423054656982423
1748974781413,-2.076332244873047,-0.33290771484375004,9.567653961181641
1748974781479,-2.125430145263672,-0.34503250122070317,9.571994934082031
1748974781544,-2.019899597167969,-0.4086502075195313,9.389823760986328
1748974781613,-1.9937040710449219,-0.3507206726074219,9.395362243652345
1748974781676,-2.1502784729003905,-0.3718267822265625,9.56136703491211
1748974781743,-2.0683987426757815,-0.23381378173828127,9.424551544189454
1748974781813,-2.152224426269531,-0.4213737487792969,9.392967224121094
1748974781879,-2.1441412353515625,-0.39951919555664067,9.565109252929688
1748974781943,-2.0604652404785155,-0.3483256530761719,9.430090026855469
1748974782011,-2.125879211425781,-0.3591032409667969,9.511670379638673
1748974782079,-2.052681427001953,-0.4194277954101563,9.50912567138672
1748974782144,-2.106120300292969,-0.33021331787109376,9.428443450927736
1748974782212,-2.190245361328125,-0.34443374633789064,9.506131896972656
1748974782279,-2.119442596435547,-0.40670425415039063,9.472601623535157
1748974782343,-2.1237835693359375,-0.31569351196289064,9.347312164306642
1748974782413,-2.1885987854003908,-0.384400634765625,9.551936645507814
1748974782479,-2.086960144042969,-0.39008880615234376,9.41377395629883
1748974782544,-2.108665008544922,-0.36479141235351564,9.40658889770508
1748974782613,-2.183060302734375,-0.367635498046875,9.608069915771486
1748974782680,-2.086960144042969,-0.3725752258300781,9.504335632324219
1748974782744,-2.1011805725097656,-0.43379791259765627,9.318571929931641
1748974782812,-2.202968902587891,-0.32826736450195315,9.46796127319336
1748974782879,-2.1225860595703128,-0.2966830444335938,9.308093719482422
1748974782944,-2.198927307128906,-0.4454736328125,9.587113494873048
1748974783012,-2.078876953125,-0.4231700134277344,9.437275085449219
1748974783079,-2.0850141906738284,-0.28351043701171874,9.467661895751954
1748974783144,-2.174528045654297,-0.34398468017578127,9.492959289550782
1748974783212,-2.0809725952148437,-0.46193939208984375,9.465566253662109
1748974783278,-2.043849792480469,-0.3519181823730469,9.40808578491211
1748974783344,-2.1882994079589846,-0.3418890380859375,9.574839019775391
1748974783413,-2.132465515136719,-0.39817199707031253,9.34491714477539
1748974783479,-2.095342712402344,-0.36823425292968753,9.46466812133789
1748974783584,-2.131417694091797,-0.27542724609375,9.494905242919922
1748974783609,-2.0600161743164063,-0.33410522460937503,9.37171142578125
1748974783676,-2.145787811279297,-0.3595523071289063,9.555379486083984
1748974783742,-2.0913011169433595,-0.46373565673828127,9.410331115722657
1748974783809,-2.023342437744141,-0.37556900024414064,9.447004852294922
1748974783876,-2.1523741149902347,-0.33784744262695315,9.565558319091798
1748974783947,-2.0651055908203126,-0.4231700134277344,9.475296020507812
1748974784014,-2.105072479248047,-0.3447331237792969,9.441017303466797
1748974784076,-2.15312255859375,-0.34203872680664066,9.543703765869141
1748974784147,-2.076032867431641,-0.41808059692382815,9.452243957519531
1748974784212,-2.109563140869141,-0.3426374816894531,9.462273101806641
1748974784278,-2.1706361389160156,-0.3800596618652344,9.556876373291017
1748974784347,-2.0722906494140627,-0.4399351501464844,9.317973175048829
1748974784412,-2.2264700317382813,-0.30132339477539066,9.565558319091798
1748974784476,-2.1251307678222657,-0.4137396240234375,9.428144073486328
1748974784546,-2.0109182739257814,-0.37556900024414064,9.35255126953125
1748974784611,-2.151625671386719,-0.35715728759765625,9.532626800537109
1748974784676,-2.189945983886719,-0.3733236694335938,9.485025787353516
1748974784751,-2.045196990966797,-0.3746708679199219,9.405391387939453
1748974784814,-2.132615203857422,-0.3637435913085938,9.54699691772461
1748974784876,-2.0682490539550784,-0.4037104797363281,9.387728118896485
1748974784948,-2.0983364868164065,-0.33979339599609376,9.452243957519531
1748974785013,-2.150577850341797,-0.38574783325195316,9.554481353759765
1748974785076,-1.983076171875,-0.38350250244140627,9.36258041381836
1748974785146,-2.1140538024902344,-0.31644195556640625,9.533674621582032
1748974785213,-2.1670436096191406,-0.370030517578125,9.438472595214844
1748974785276,-2.0677999877929687,-0.4914280700683594,9.499994659423828
1748974785347,-1.982926483154297,-0.45161087036132813,9.624236297607423
1748974785413,-2.1154010009765627,-0.3459306335449219,9.472601623535157
1748974785479,-2.0986358642578127,-0.26809249877929686,9.411678314208984
1748974785543,-2.1174966430664064,-0.44876678466796877,9.552086334228516
1748974785612,-2.126627655029297,-0.48559020996093755,9.421108703613282
1748974785679,-2.0315753173828126,-0.31030471801757814,9.45838119506836
1748974785743,-2.195933532714844,-0.35745666503906254,9.550589447021485
1748974785812,-2.063459014892578,-0.42391845703125003,9.355994110107423
1748974785879,-2.083068237304688,-0.37616775512695316,9.492959289550782
1748974785942,-2.192341003417969,-0.3941304016113281,9.476643218994141
1748974786014,-2.004481658935547,-0.4122427368164063,9.41811492919922
1748974786076,-2.1354592895507816,-0.38275405883789065,9.51825668334961
1748974786149,-2.132764892578125,-0.40745269775390625,9.538764038085938
1748974786212,-2.0609143066406252,-0.36673736572265625,9.424551544189454
1748974786276,-2.155816955566406,-0.36823425292968753,9.531429290771484
1748974786349,-2.0880079650878907,-0.4278103637695313,9.492959289550782
1748974786412,-2.0880079650878907,-0.3538641357421875,9.42245590209961
1748974786476,-2.155517578125,-0.37676651000976563,9.561666412353516
1748974786549,-2.1011805725097656,-0.40655456542968754,9.455537109375001
1748974786614,-2.035616912841797,-0.37511993408203126,9.434730377197265
1748974786676,-2.16270263671875,-0.38709503173828125,9.5465478515625
1748974786748,-2.0721409606933596,-0.4218228149414063,9.412127380371095
1748974786814,-2.0890557861328127,-0.4056564331054688,9.523645477294922
1748974786876,-2.1377046203613284,-0.4399351501464844,9.426048431396485
1748974786948,-2.0110679626464845,-0.40475830078125,9.4315869140625
1748974787010,-2.1106109619140625,-0.4052073669433594,9.555828552246094
1748974787076,-2.1008811950683595,-0.42152343750000004,9.503287811279298
1748974787144,-2.056872711181641,-0.3438349914550781,9.442214813232422
1748974787210,-2.1502784729003905,-0.41029678344726567,9.578730926513673
1748974787275,-2.019600219726563,-0.46523254394531255,9.401798858642579
1748974787349,-2.0372634887695313,-0.326920166015625,9.45748306274414
1748974787413,-2.1859043884277343,-0.37811370849609377,9.587562561035156
1748974787476,-2.009571075439453,-0.43200164794921875,9.369166717529298
1748974787549,-2.0713925170898437,-0.36000137329101567,9.537716217041016
1748974787613,-2.1219873046875,-0.39697448730468754,9.548643493652344
1748974787676,-2.0881576538085938,-0.33215927124023437,9.444759521484375
1748974787749,-2.0939955139160156,-0.36539016723632817,9.545200653076172
1748974787814,-2.10043212890625,-0.4141886901855469,9.510323181152344
1748974787875,-2.0914508056640626,-0.3480262756347656,9.47080535888672
1748974787950,-2.1643492126464845,-0.33724868774414063,9.526190185546875
1748974788013,-2.096240844726563,-0.41808059692382815,9.48188232421875
1748974788080,-2.0615130615234376,-0.33066238403320314,9.427844696044922
1748974788149,-2.2011726379394534,-0.42002655029296876,9.555379486083984
1748974788212,-2.1047731018066407,-0.4505630493164063,9.384584655761719
1748974788276,-2.132914581298828,-0.33185989379882813,9.498497772216798
1748974788347,-2.1908441162109376,-0.35715728759765625,9.60447738647461
1748974788414,-2.046544189453125,-0.45655059814453125,9.329349517822266
1748974788475,-2.1941372680664064,-0.3746708679199219,9.547745361328126
1748974788550,-2.0853135681152346,-0.3742218017578125,9.533225555419923
1748974788612,-2.0507354736328125,-0.3680845642089844,9.36063446044922
1748974788675,-2.12917236328125,-0.33320709228515627,9.605076141357422
1748974788749,-2.139650573730469,-0.4152365112304688,9.431437225341798
1748974788814,-2.0746856689453126,-0.4340972900390625,9.476942596435547
1748974788875,-2.1794677734375,-0.4125421142578125,9.527537384033204
1748974788949,-2.0706440734863283,-0.40894958496093753,9.390721893310547
1748974789012,-2.152673492431641,-0.4589456176757813,9.532177734375
1748974789076,-1.9884649658203126,-0.3170407104492188,9.509275360107422
1748974789147,-1.725461883544922,-0.2508782958984375,9.589508514404297
1748974789212,-1.964814147949219,-0.2389031982421875,9.756411437988282
1748974789278,-1.9112255859375,-0.29294082641601565,9.698332214355469
1748974789344,-1.9690054321289063,-0.19833755493164062,9.482630767822267
1748974789413,-1.9426602172851564,-0.108973388671875,9.954599304199219
1748974789479,-1.8458116149902344,-0.2902464294433594,9.388775939941407
1748974789543,-1.9248472595214845,-0.1886077880859375,9.47903823852539
1748974789611,-2.005978546142578,-0.23037094116210938,9.602681121826173
1748974789679,-1.9646644592285156,-0.4034111022949219,9.477840728759766
1748974789743,-1.875000915527344,-0.18037490844726564,9.31512908935547
1748974789812,-2.0389100646972658,-0.2650987243652344,9.624236297607423
1748974789879,-1.8937120056152346,-0.31344818115234374,9.461524658203125
1748974789943,-2.0448976135253907,-0.26435028076171874,9.532626800537109
1748974790012,-2.0282821655273438,-0.2579136657714844,9.503287811279298
1748974790078,-1.9339782714843752,-0.2989283752441406,9.389973449707032
1748974790143,-2.003284149169922,-0.2751278686523438,9.529034271240235
1748974790213,-1.9224522399902344,-0.2817141723632813,9.366172943115235
1748974790275,-1.944606170654297,-0.2381547546386719,9.456135864257813
1748974790348,-2.065854034423828,-0.2856060791015625,9.586065673828125
1748974790413,-2.0077748107910156,-0.34278717041015627,9.476044464111329
1748974790475,-1.9464024353027345,-0.2740800476074219,9.488618316650392
1748974790549,-2.096839599609375,-0.22438339233398438,9.516909484863282
1748974790612,-1.8970051574707032,-0.38470001220703126,9.408534851074219
1748974790675,-2.0203486633300782,-0.27617568969726564,9.543404388427735
1748974790748,-2.0697459411621093,-0.2377056884765625,9.618997192382812
1748974790812,-1.9187100219726563,-0.3597019958496094,9.425749053955078
1748974790875,-2.0648062133789065,-0.30132339477539066,9.528285827636719
1748974790948,-1.9874171447753908,-0.3113525390625,9.554780731201172
1748974791012,-2.0002903747558594,-0.2785707092285156,9.478289794921876
1748974791075,-2.023192749023438,-0.33320709228515627,9.527088317871094
1748974791150,-1.99984130859375,-0.3212319946289063,9.516161041259766
1748974791212,-2.0184027099609376,-0.2755769348144531,9.409582672119141
1748974791279,-2.0604652404785155,-0.32587234497070316,9.556277618408204
1748974791349,-2.0085232543945315,-0.4099974060058594,9.438622283935548
1748974791411,-2.0543280029296875,-0.3106040954589844,9.703421630859376
1748974791475,-2.0037332153320313,-0.336500244140625,9.559570770263672
1748974791549,-1.9258950805664063,-0.29413833618164065,9.445058898925781
1748974791612,-2.0686981201171877,-0.33859588623046877,9.512119445800781
1748974791675,-1.987716522216797,-0.3381468200683594,9.575886840820313
1748974791747,-1.962718505859375,-0.3495231628417969,9.34342025756836
1748974791812,-2.032323760986328,-0.3394940185546875,9.629774780273438
1748974791875,-2.0089723205566408,-0.3239263916015625,9.432185668945314
1748974791947,-1.9850221252441407,-0.29832962036132815,9.415570220947266
1748974792009,-2.036664733886719,-0.3718267822265625,9.567055206298829
1748974792075,-1.93278076171875,-0.29907806396484377,9.456135864257813
1748974792144,-2.0474423217773436,-0.3502716064453125,9.458979949951173
1748974792211,-2.0698956298828124,-0.29937744140625,9.597591705322266
1748974792275,-1.9878662109375,-0.37616775512695316,9.43203598022461
1748974792349,-2.0240908813476564,-0.28874954223632815,9.429790649414063
1748974792412,-2.0974383544921875,-0.35745666503906254,9.592651977539063
1748974792475,-1.9306851196289063,-0.29653335571289063,9.392518157958985
1748974792550,-2.0383113098144534,-0.2650987243652344,9.477840728759766
1748974792613,-1.9862196350097656,-0.3887416076660156,9.462871856689453
1748974792675,-1.976938934326172,-0.2709365844726563,9.286688232421875
1748974792750,-2.048639831542969,-0.24683670043945313,9.549092559814454
1748974792812,-1.9522402954101563,-0.40745269775390625,9.49954559326172
1748974792879,-2.047592010498047,-0.28919860839843753,9.480535125732422
1748974792949,-2.023342437744141,-0.2686912536621094,9.466314697265625
1748974793014,-1.9944525146484375,-0.41688308715820316,9.58337127685547
1748974793075,-1.9619700622558596,-0.32871643066406253,9.418563995361328
1748974793149,-1.9952009582519532,-0.365240478515625,9.665550384521485
1748974793214,-1.8724562072753907,-0.2785707092285156,9.425749053955078
1748974793275,-2.0447479248046876,-0.3447331237792969,9.539213104248047
1748974793350,-2.1032762145996093,-0.3754193115234375,9.655072174072266
1748974793413,-2.0275337219238283,-0.34203872680664066,9.321715393066407
1748974793475,-2.1403990173339844,-0.38125717163085937,9.53023178100586
1748974793550,-2.06211181640625,-0.3849993896484375,9.533973999023438
1748974793614,-2.049238586425781,-0.3296145629882813,9.396410064697266
1748974793676,-2.1309686279296876,-0.3403921508789063,9.547296295166015
1748974793750,-1.9306851196289063,-0.35745666503906254,9.507030029296876
1748974793812,-2.2505699157714845,-0.3266207885742188,9.37455551147461
1748974793876,-2.2704785156250002,-0.3649411010742188,9.439370727539062
1748974793950,-2.036065979003906,-0.4549040222167969,9.4507470703125
1748974794011,-2.163600769042969,-0.3956272888183594,9.497449951171875
1748974794076,-2.2605990600585937,-0.3704795837402344,9.449998626708984
1748974794150,-2.096240844726563,-0.4189787292480469,9.411528625488282
1748974794213,-2.1752764892578127,-0.40505767822265626,9.540859680175782
1748974794276,-2.249222717285156,-0.33664993286132816,9.47185317993164
1748974794350,-2.1559666442871093,-0.3872447204589844,9.547296295166015
1748974794414,-2.211650848388672,-0.4631369018554688,9.580826568603516
1748974794476,-2.1151016235351565,-0.47720764160156254,9.47230224609375
1748974794550,-2.130070495605469,-0.31689102172851563,9.441466369628907
1748974794613,-2.2604493713378906,-0.429906005859375,9.537267150878908
1748974794676,-2.0266355895996093,-0.4336482238769531,9.53936279296875
1748974794748,-2.1911434936523437,-0.3948788452148438,9.404642944335938
1748974794811,-2.219883728027344,-0.36434234619140626,9.490264892578125
1748974794876,-2.1154010009765627,-0.37661682128906254,9.415121154785156
1748974794949,-2.2423370361328128,-0.4550537109375,9.447154541015626
1748974795012,-2.155367889404297,-0.4321513366699219,9.503587188720704
1748974795076,-2.1279748535156253,-0.27991790771484376,9.350006561279297
1748974795150,-2.199226684570313,-0.38095779418945314,9.46646438598633
1748974795212,-2.157762908935547,-0.4147874450683594,9.437275085449219
1748974795276,-2.0974383544921875,-0.3920347595214844,9.416767730712891
1748974795349,-2.053579559326172,-0.3445834350585938,9.328152008056641
1748974795412,-2.0736378479003905,-0.41987686157226567,9.48233139038086
1748974795478,-2.067949676513672,-0.3203338623046875,9.483678588867187
1748974795549,-2.180365905761719,-0.31719039916992187,9.570797424316407
1748974795613,-2.0649559020996096,-0.3622467041015625,9.426198120117188
1748974795676,-2.1945863342285157,-0.4159849548339844,9.523795166015626
1748974795749,-2.2210812377929687,-0.33260833740234375,9.579629058837892
1748974795812,-2.0540286254882814,-0.4385879516601563,9.3836865234375
1748974795876,-2.1047731018066407,-0.33799713134765624,9.522148590087891
1748974795949,-2.0649559020996096,-0.2977308654785156,9.507628784179689
1748974796014,-2.1207897949218752,-0.5029541015625,9.333091735839844
1748974796079,-1.9872674560546877,-0.30177246093750004,9.564360809326173
1748974796150,-2.0600161743164063,-0.33545242309570317,9.468110961914062
1748974796211,-2.099533996582031,-0.2939886474609375,9.58052719116211
1748974796276,-2.142644348144531,-0.40850051879882815,9.523346099853516
1748974796350,-2.020198974609375,-0.3231779479980469,9.431437225341798
1748974796411,-2.129920806884766,-0.23740631103515628,9.515562286376953
1748974796476,-2.152224426269531,-0.3842509460449219,9.472901000976563
1748974796549,-2.033221893310547,-0.3823049926757813,9.434131622314453
1748974796612,-2.168839874267578,-0.3438349914550781,9.461225280761719
1748974796676,-2.055675201416016,-0.30371841430664065,9.500743103027345
1748974796747,-2.078727264404297,-0.36718643188476563,9.496551818847657
1748974796812,-2.1224363708496097,-0.3764671325683594,9.656718750000001
1748974796876,-2.0710931396484376,-0.41628433227539063,9.4507470703125
1748974796947,-1.9754420471191407,-0.28740234375,9.400601348876954
1748974797009,-2.1406983947753906,-0.4260140991210938,9.591454467773438
1748974797076,-1.9965481567382815,-0.41344024658203127,9.476942596435547
1748974797144,-2.099084930419922,-0.3887416076660156,9.534123687744142
1748974797211,-2.079475708007813,-0.36254608154296875,9.593999176025392
1748974797276,-1.9431092834472656,-0.37781433105468754,9.392518157958985
1748974797348,-2.0579205322265626,-0.3740721130371094,9.486372985839845
1748974797413,-2.0100201416015624,-0.3626957702636719,9.616153106689454
1748974797476,-2.004481658935547,-0.4149371337890625,9.370513916015625
1748974797550,-2.083517303466797,-0.27422973632812503,9.626331939697266
1748974797614,-1.857187957763672,-0.25926086425781253,9.41916275024414
1748974797676,-1.9628681945800783,-0.16375946044921877,9.57184524536133
1748974797750,-2.0508851623535156,-0.34443374633789064,9.583820343017578
1748974797814,-1.931583251953125,-0.39053787231445314,9.511820068359375
1748974797876,-1.975741424560547,-0.2664459228515625,9.579778747558594
1748974797949,-2.0517832946777346,-0.233514404296875,9.636361083984376
1748974798012,-1.9764898681640626,-0.29713211059570316,9.553583221435547
1748974798076,-1.9676582336425783,-0.29937744140625,9.517208862304688
1748974798150,-1.9606228637695313,-0.31674133300781254,9.5417578125
1748974798211,-1.9405645751953127,-0.2501298522949219,9.441166992187501
1748974798276,-2.029928741455078,-0.2559677124023438,9.711205444335938
1748974798349,-1.9176622009277344,-0.37167709350585937,9.589957580566407
1748974798412,-2.0302281188964844,-0.3143463134765625,9.411678314208984
1748974798476,-1.9833755493164062,-0.30446685791015626,9.568103027343751
1748974798549,-1.955383758544922,-0.2890489196777344,9.561217346191407
1748974798614,-2.0047810363769534,-0.25237518310546875,9.530381469726564
1748974798676,-1.9702029418945313,-0.3234773254394531,9.605674896240235
1748974798750,-1.9091299438476563,-0.39353164672851565,9.426497497558595
1748974798812,-1.9619700622558596,-0.31374755859375003,9.520052947998048
1748974798876,-1.9240988159179688,-0.300574951171875,9.569300537109376
1748974798951,-1.8407221984863282,-0.2677931213378906,9.485325164794922
1748974799012,-2.058668975830078,-0.23605911254882814,9.663305053710937
1748974799076,-2.017654266357422,-0.3787124633789063,9.398655395507813
1748974799149,-2.158960418701172,-0.25806335449218754,9.473050689697265
1748974799211,-2.2245240783691407,-0.32407608032226565,9.494456176757813
1748974799276,-2.389031982421875,-0.39278320312500004,9.652527465820313
1748974799350,-2.0651055908203126,-0.35057098388671876,9.180409240722657
1748974799413,-2.318079528808594,-0.20686981201171875,9.553583221435547
1748974799476,-2.1381536865234376,-0.3576063537597656,9.449100494384766
1748974799550,-2.072590026855469,-0.2429447937011719,9.5848681640625
1748974799612,-2.2769151306152344,-0.3836521911621094,9.151070251464844
1748974799676,-1.878743133544922,-0.25117767333984375,9.779912567138672
1748974799750,-1.5031741333007813,-0.13412109375,9.588460693359375
1748974799812,-1.387913818359375,-0.2796185302734375,9.544003143310547
1748974799876,-1.269210662841797,-0.4601431274414063,9.358688507080078
1748974799948,-1.6100518798828125,-0.4186793518066406,9.4651171875
1748974800011,-2.122735748291016,-0.2528242492675781,9.586814117431642
1748974800076,-2.3498135375976563,-0.29683273315429687,9.688153381347657
1748974800153,-1.8672171020507813,-0.4939727783203125,9.327403564453126
1748974800212,-2.11480224609375,-0.4842430114746094,9.716893615722658
1748974800276,-2.073787536621094,-0.6857240295410156,9.2112451171875
1748974800349,-1.9690054321289063,-0.09714797973632813,9.608518981933594
1748974800412,-1.6982185363769533,0.00089813232421875,9.556427307128907
1748974800476,-1.7619859313964845,-0.27617568969726564,9.691147155761719
1748974800549,-1.9435583496093751,-0.11720626831054688,9.610914001464844
1748974800612,-2.174528045654297,-0.2315684509277344,9.601333923339844
1748974800676,-2.2314097595214846,-0.3668870544433594,9.5561279296875
1748974800749,-2.0050804138183596,-0.2927911376953125,9.541458435058594
1748974800813,-1.751657409667969,-0.1933978271484375,9.47320037841797
1748974800876,-1.7513580322265625,-0.5282514953613282,9.632469177246094
1748974800948,-1.5155982971191406,-0.42960662841796876,9.421857147216798
1748974801012,-1.3715977478027344,-0.5182223510742188,9.391170959472657
1748974801076,-1.6010705566406251,-0.3882925415039063,9.573042755126954
1748974801149,-2.162253570556641,-0.255069580078125,9.579629058837892
1748974801211,-2.484533386230469,-0.15013778686523438,9.727820892333986
1748974801276,-1.992506561279297,-0.2812651062011719,9.436975708007813
1748974801349,-1.6666342163085939,-0.3459306335449219,9.50583251953125
1748974801413,-1.9390676879882813,-0.18935623168945315,9.688003692626953
1748974801476,-2.0850141906738284,-0.22977218627929688,9.646839294433594
1748974801549,-1.477427673339844,-0.4309538269042969,9.258995819091798
1748974801611,-1.5789166259765626,-0.4920268249511719,9.46466812133789
1748974801676,-1.8556910705566407,-0.41029678344726567,9.53457275390625
1748974801748,-2.217638397216797,-0.23366409301757815,9.735904083251954
1748974801810,-2.196083221435547,-0.16121475219726564,9.601782989501954
1748974801876,-1.6233741760253908,-0.19130218505859375,9.375603332519532
1748974801956,-1.8136285400390626,-0.18516494750976564,9.480086059570313
1748974802010,-1.6922309875488282,-0.24608825683593752,9.534872131347656
1748974802076,-1.6952247619628906,-0.04026626586914063,9.545799407958985
1748974802143,-1.8185682678222657,-0.04460723876953125,9.567204895019533
1748974802209,-1.826052703857422,-0.11660751342773439,9.375154266357422
1748974802276,-1.9784358215332032,-0.116158447265625,9.5561279296875
1748974802349,-1.978136444091797,-0.17947677612304688,9.571246490478517
1748974802412,-1.8471588134765626,-0.16899856567382812,9.472451934814453
1748974802476,-1.753303985595703,-0.12499008178710938,9.501790924072266
1748974802550,-1.7856367492675782,-0.026345214843750003,9.6183984375
1748974802610,-1.7369879150390626,-0.09654922485351564,9.430090026855469
1748974802676,-1.7827926635742188,-0.23725662231445313,9.526639251708986
1748974802752,-1.9193087768554689,-0.13412109375,9.62603256225586
1748974802813,-1.8651214599609376,-0.05553451538085938,9.455537109375001
1748974802876,-1.883533172607422,-0.09205856323242188,9.557924194335937
1748974802950,-1.8565892028808595,-0.19624191284179687,9.626781005859376
1748974803012,-1.739832000732422,-0.09280700683593751,9.485624542236328
1748974803076,-1.7588424682617188,-0.042361907958984375,9.59295135498047
1748974803151,-1.735041961669922,-0.19788848876953127,9.58441909790039
1748974803212,-1.7410295104980469,-0.07499404907226563,9.454638977050783
1748974803276,-1.8904188537597657,-0.12020004272460938,9.671837310791016
1748974803349,-1.791474609375,-0.1579216003417969,9.549092559814454
1748974803412,-1.8553916931152346,-0.09205856323242188,9.428293762207032
1748974803476,-1.8190173339843752,-0.21674926757812502,9.67303482055664
1748974803550,-1.678759002685547,-0.12244537353515626,9.501790924072266
1748974803614,-1.7555493164062501,-0.05254074096679688,9.514514465332033
1748974803676,-1.7423767089843751,-0.16675323486328125,9.63606170654297
1748974803749,-1.7154327392578126,-0.162861328125,9.458530883789063
1748974803814,-1.8634748840332032,-0.09370513916015626,9.554481353759765
1748974803876,-1.8323396301269532,-0.1573228454589844,9.591304779052734
1748974803951,-1.776805114746094,-0.053738250732421874,9.419312438964845
1748974804012,-1.868115234375,-0.1442999267578125,9.629176025390626
1748974804076,-1.700314178466797,-0.15477813720703126,9.514364776611329
1748974804150,-1.6947756958007814,-0.043559417724609376,9.43353286743164
1748974804212,-1.8390756225585938,-0.12274475097656251,9.708361358642579
1748974804276,-1.6949253845214844,-0.1423539733886719,9.504185943603517
1748974804350,-1.7859361267089844,-0.07843688964843751,9.508227539062501
1748974804412,-1.8808387756347658,-0.14175521850585937,9.616901550292969
1748974804476,-1.7856367492675782,-0.1011895751953125,9.433233489990235
1748974804550,-1.85135009765625,-0.07214996337890625,9.577982482910157
1748974804612,-1.7521064758300782,-0.17049545288085938,9.56900115966797
1748974804676,-1.7527052307128907,-0.024399261474609375,9.423054656982423
1748974804749,-1.834435272216797,-0.09475296020507813,9.566007385253906
1748974804813,-1.733694763183594,-0.19010467529296876,9.55942108154297
1748974804876,-1.7121395874023437,-0.08307723999023438,9.446106719970704
1748974804948,-1.89685546875,-0.07768844604492188,9.680968322753907
1748974805012,-1.7539027404785157,-0.10672805786132813,9.426647186279297
1748974805079,-1.806742858886719,-0.0748443603515625,9.48667236328125
1748974805149,-1.8221607971191407,-0.14175521850585937,9.731114044189454
1748974805211,-1.713636474609375,-0.08068222045898438,9.42529998779297
1748974805276,-1.838027801513672,-0.06316864013671876,9.52499267578125
1748974805348,-1.7357904052734376,-0.1287322998046875,9.706116027832032
1748974805412,-1.7667759704589845,-0.0712518310546875,9.468410339355469
1748974805476,-1.8757493591308594,-0.10912307739257814,9.631271667480469
1748974805550,-1.6928297424316407,-0.17663269042968752,9.714498596191406
1748974805612,-1.8242564392089844,-0.023351440429687502,9.381141815185547
1748974805676,-1.807042236328125,-0.08128097534179687,9.705068206787109
1748974805750,-1.7525555419921877,-0.197589111328125,9.566905517578126
1748974805812,-1.77470947265625,-0.06840774536132813,9.476942596435547
1748974805876,-1.7744100952148438,-0.147293701171875,9.692045288085938
1748974805950,-1.8091378784179688,-0.12214599609375,9.414223022460938
1748974806010,-1.8145266723632814,-0.11256591796875001,9.527986450195312
1748974806076,-1.8015037536621095,-0.16854949951171877,9.679022369384766
1748974806150,-1.6690292358398438,-0.0664617919921875,9.462722167968751
1748974806211,-1.869163055419922,-0.10837463378906251,9.553732910156251
1748974806276,-1.7257612609863282,-0.209564208984375,9.585616607666017
1748974806350,-1.7344432067871094,-0.04101470947265625,9.428742828369142
1748974806414,-1.8757493591308594,-0.09071136474609376,9.6231884765625
1748974806477,-1.6557069396972657,-0.1790277099609375,9.520352325439454
1748974806548,-1.7742604064941407,-0.05074447631835938,9.42769500732422
1748974806611,-1.899100799560547,-0.06481521606445313,9.700727233886719
1748974806676,-1.7444723510742188,-0.15223342895507813,9.425000610351564
1748974806748,-1.683399353027344,-0.09580078125000001,9.549841003417969
1748974806810,-1.8383271789550781,-0.1585203552246094,9.60013641357422
1748974806876,-1.7115408325195314,-0.0335302734375,9.483977966308593
1748974806947,-1.8348843383789064,-0.12079879760742188,9.507928161621095
1748974807010,-1.6971707153320312,-0.19848724365234377,9.669891357421875
1748974807076,-1.6941769409179688,-0.006436614990234376,9.430688781738281
1748974807144,-1.892963562011719,-0.10927276611328125,9.612410888671876
1748974807210,-1.7030085754394533,-0.2177970886230469,9.522148590087891
1748974807276,-1.67890869140625,-0.046403503417968756,9.439071350097656
1748974807349,-1.8755996704101563,-0.032482452392578125,9.669891357421875
1748974807412,-1.717079315185547,-0.16495697021484376,9.433233489990235
1748974807476,-1.753154296875,-0.08876541137695312,9.553433532714845
1748974807550,-1.8658699035644533,-0.0844244384765625,9.635313262939453
1748974807613,-1.6646882629394533,-0.07813751220703126,9.48712142944336
1748974807676,-1.8357824707031252,-0.1423539733886719,9.537267150878908
1748974807750,-1.8241067504882813,-0.1537303161621094,9.649384002685547
1748974807811,-1.6988172912597657,-0.05194198608398438,9.489815826416017
1748974807876,-1.8468594360351565,-0.08187973022460938,9.541907501220704
1748974807950,-1.7748591613769533,-0.20432510375976565,9.646839294433594
1748974808012,-1.7095948791503908,-0.00987945556640625,9.420210571289063
1748974808076,-1.879790954589844,-0.0868194580078125,9.65043182373047
1748974808150,-1.7905764770507813,-0.1980381774902344,9.566306762695312
1748974808212,-1.7393829345703127,-0.047601013183593756,9.457033996582032
1748974808276,-1.8506016540527346,-0.12723541259765625,9.674681396484376
1748974808351,-1.6937278747558595,-0.15402969360351562,9.548044738769532
1748974808412,-1.8311421203613283,-0.029189300537109376,9.470056915283203
1748974808476,-1.7943186950683594,-0.11720626831054688,9.647887115478516
1748974808550,-1.7393829345703127,-0.12484039306640625,9.416767730712891
1748974808612,-1.7286053466796876,-0.08128097534179687,9.611961822509766
1748974808677,-1.9118243408203126,-0.18770965576171875,9.488768005371094
1748974808749,-1.7741107177734377,-0.085023193359375,9.48038543701172
1748974808812,-1.7299525451660158,0.0047900390625,9.715396728515625
1748974808876,-1.5828085327148438,-0.15163467407226563,9.460027770996094
1748974808951,-1.7835411071777345,-0.1537303161621094,9.359886016845703
1748974809012,-1.7042060852050782,-0.26794281005859377,9.35779037475586
1748974809077,-1.7318984985351564,-0.05882766723632813,10.185269622802736
1748974809150,-1.6908837890625001,-0.16630416870117187,9.350755004882814
1748974809210,-1.8564395141601564,-0.5031037902832032,9.660311279296875
1748974809276,-1.7792001342773438,-0.14804214477539063,9.443412322998048
1748974809351,-1.7859361267089844,-0.07978408813476563,9.528285827636719
1748974809412,-1.833088073730469,-0.0712518310546875,9.638456726074219
1748974809476,-1.5970289611816406,-0.28455825805664064,9.475445709228516
1748974809549,-2.0478913879394534,-0.31913635253906253,9.655820617675781
1748974809612,-1.8616786193847656,-0.3704795837402344,9.45359115600586
1748974809677,-1.8497035217285158,-0.052690429687500005,9.499844970703126
1748974809749,-1.5512242126464844,-0.2775228881835938,9.711504821777345
1748974809811,-1.5976277160644532,-0.041613464355468754,9.872869262695312
1748974809876,-1.3184582519531252,-0.5348377990722657,9.24088348388672
1748974809949,-1.3464500427246096,-0.37092864990234375,9.80236587524414
1748974810011,-1.0916798400878907,-0.4608915710449219,9.40329574584961
1748974810076,-1.2452604675292969,-0.011226654052734375,9.970765686035156
1748974810149,-0.9328601074218751,-0.4186793518066406,9.69878128051758
1748974810213,-0.833466796875,-0.5200186157226563,9.421258392333986
1748974810276,-0.7679031372070313,-0.2912942504882813,9.973011016845703
1748974810349,-0.3299139404296875,-0.35835479736328124,9.133257293701172
1748974810412,-0.20567230224609376,-0.1933978271484375,10.033934326171876
1748974810476,-0.31225067138671875,-0.3489244079589844,10.033485260009765
1748974810548,-0.022902374267578126,-0.4752616882324219,9.507030029296876
1748974810611,-0.14190490722656252,-0.37137771606445313,9.876910858154297
1748974810677,-0.22363494873046877,-0.41568557739257816,9.686506805419922
1748974810750,-0.016016693115234376,-0.4800517272949219,9.530830535888672
1748974810811,-0.14415023803710938,-0.39592666625976564,9.735155639648438
1748974810876,0.036074981689453126,-0.4848417663574219,9.426198120117188
1748974810949,-0.36553985595703126,-0.18681152343750002,9.83724334716797
1748974811011,-1.008153533935547,0.1782792663574219,10.198142852783203
1748974811076,-0.3150947570800781,-0.23590942382812502,9.613907775878907
1748974811150,-0.1484912109375,-0.24099884033203126,9.615853729248048
1748974811211,-0.5234614562988281,-0.10463241577148438,9.93109817504883
1748974811277,-0.4278103637695313,-0.2124082946777344,9.588460693359375
1748974811349,-0.30865814208984377,-0.12439132690429688,9.636810150146484
1748974811411,-0.4680766296386719,-0.1071771240234375,9.843081207275391
1748974811476,-0.374820556640625,-0.23845413208007812,9.58292221069336
1748974811548,-0.365240478515625,-0.14953903198242188,9.758357391357423
1748974811611,-0.40161483764648437,-0.17004638671875,9.75536361694336
1748974811677,-0.3733236694335938,-0.13980926513671876,9.642648010253907
1748974811749,-0.41463775634765626,-0.16899856567382812,9.742191009521484
1748974811811,-0.3878434753417969,-0.21465362548828126,9.760902099609375
1748974811876,-0.3864962768554688,-0.12499008178710938,9.626930694580079
1748974811945,-0.42661285400390625,-0.13980926513671876,9.787097625732422
1748974812010,-0.37362304687500003,-0.2273771667480469,9.650282135009766
1748974812076,-0.3909869384765625,-0.143701171875,9.649833068847657
1748974812144,-0.4483177185058594,-0.14280303955078125,9.828411712646485
1748974812210,-0.3860472106933594,-0.19190093994140625,9.612410888671876
1748974812277,-0.39847137451171877,-0.17333953857421877,9.694440307617189
1748974812347,-0.42840911865234377,-0.17094451904296876,9.801916809082032
1748974812410,-0.3692820739746094,-0.13666580200195313,9.612859954833985
1748974812476,-0.40116577148437504,-0.13217514038085937,9.795779571533204
1748974812547,-0.3872447204589844,-0.20028350830078126,9.776769104003908
1748974812611,-0.40850051879882815,-0.108973388671875,9.641001434326173
1748974812677,-0.398770751953125,-0.16181350708007813,9.753717041015625
1748974812753,-0.38035903930664067,-0.22752685546875,9.679321746826172
1748974812811,-0.3435356140136719,-0.13427078247070312,9.677974548339844
1748974812876,-0.44262954711914065,-0.16660354614257813,9.785451049804688
1748974812947,-0.3585044860839844,-0.23605911254882814,9.664951629638672
1748974813010,-0.3788621520996094,-0.15762222290039063,9.704319763183594
1748974813076,-0.4453239440917969,-0.1633103942871094,9.781110076904298
1748974813151,-0.3296145629882813,-0.19654129028320313,9.636361083984376
1748974813212,-0.4486170959472656,-0.15777191162109375,9.73620346069336
1748974813277,-0.3941304016113281,-0.1790277099609375,9.791139221191406
1748974813351,-0.3492237854003906,-0.15582595825195314,9.562564544677734
1748974813414,-0.40730300903320316,-0.14938934326171877,9.764943695068359
1748974813476,-0.39547760009765626,-0.239501953125,9.69548812866211
1748974813550,-0.4417314147949219,-0.14175521850585937,9.623936920166017
1748974813614,-0.46523254394531255,-0.17393829345703127,9.776619415283204
1748974813677,-0.2824626159667969,-0.255069580078125,9.60058547973633
1748974813750,-0.4977149963378906,-0.11585906982421876,9.630074157714844
1748974813812,-0.5087919616699219,-0.1694476318359375,9.854906616210938
1748974813877,-0.32826736450195315,-0.22558090209960938,9.582473144531251
1748974813949,-0.3944297790527344,-0.1633103942871094,9.661808166503906
1748974814012,-0.4194277954101563,-0.1646575927734375,9.799821166992189
1748974814077,-0.4125421142578125,-0.11945159912109375,9.62124252319336
1748974814149,-0.4141886901855469,-0.209564208984375,9.692344665527344
1748974814213,-0.38889129638671877,-0.22588027954101564,9.75581268310547
1748974814279,-0.41628433227539063,-0.11211685180664063,9.614207153320313
1748974814350,-0.4489164733886719,-0.15911911010742188,9.776170349121093
1748974814413,-0.3683839416503906,-0.26884094238281253,9.713750152587892
1748974814476,-0.3769161987304688,-0.14459930419921876,9.657467193603516
1748974814550,-0.468226318359375,-0.1538800048828125,9.814490661621095
1748974814611,-0.3938310241699219,-0.228724365234375,9.672885131835939
1748974814677,-0.44113265991210937,-0.1622625732421875,9.712253265380859
1748974814750,-0.4656816101074219,-0.1830693054199219,9.807455291748047
1748974814811,-0.37497024536132817,-0.2041754150390625,9.621841278076172
1748974814878,-0.4424798583984375,-0.14340179443359377,9.759854278564454
1748974814948,-0.3992198181152344,-0.20612136840820314,9.76584182739258
1748974815011,-0.40191421508789066,-0.15073654174804688,9.611512756347656
1748974815077,-0.46059219360351566,-0.142503662109375,9.78889389038086
1748974815150,-0.425115966796875,-0.21570144653320314,9.737850036621094
1748974815212,-0.4056564331054688,-0.14220428466796875,9.633816375732422
1748974815277,-0.4806504821777344,-0.15627502441406252,9.819280700683594
1748974815348,-0.3737727355957031,-0.23171813964843752,9.673483886718751
1748974815410,-0.40490798950195317,-0.17333953857421877,9.686207427978516
1748974815476,-0.4592449951171875,-0.16854949951171877,9.82960922241211
1748974815549,-0.3745211791992188,-0.20911514282226565,9.600435791015625
1748974815610,-0.4571493530273438,-0.1634600830078125,9.749974822998047
1748974815677,-0.42466690063476564,-0.19384689331054689,9.79368392944336
1748974815749,-0.3972738647460938,-0.19070343017578126,9.572144622802735
1748974815811,-0.4722679138183594,-0.16645385742187502,9.780810699462892
1748974815877,-0.40655456542968754,-0.21689895629882813,9.75865676879883
1748974815950,-0.3802093505859375,-0.1395098876953125,9.59878921508789
1748974816011,-0.45939468383789067,-0.12528945922851564,9.789342956542969
1748974816077,-0.37616775512695316,-0.23620880126953125,9.726922760009765
1748974816149,-0.4125421142578125,-0.13067825317382814,9.62558349609375
1748974816211,-0.4698728942871094,-0.15163467407226563,9.821825408935547
1748974816277,-0.39248382568359375,-0.23366409301757815,9.609417114257813
1748974816350,-0.4174818420410156,-0.17483642578125,9.641001434326173
1748974816411,-0.43065444946289066,-0.18770965576171875,9.81239501953125
1748974816476,-0.35326538085937503,-0.19474502563476564,9.595645751953125
1748974816550,-0.43888732910156253,-0.18396743774414062,9.728868713378906
1748974816611,-0.3914360046386719,-0.23261627197265627,9.76015365600586
1748974816677,-0.38514907836914064,-0.16241226196289063,9.61121337890625
1748974816750,-0.4685256958007813,-0.13546829223632814,9.770482177734376
1748974816811,-0.3894900512695313,-0.223934326171875,9.723629608154297
1748974816877,-0.41388931274414065,-0.1722917175292969,9.660610656738282
1748974816946,-0.46657974243164063,-0.1471440124511719,9.816885681152344
1748974817010,-0.3914360046386719,-0.20926483154296877,9.664652252197266
1748974817077,-0.4164340209960938,-0.17034576416015626,9.716294860839843
1748974817144,-0.44068359375000005,-0.15777191162109375,9.831704864501953
1748974817210,-0.389190673828125,-0.19833755493164062,9.58337127685547
1748974817277,-0.4822970581054688,-0.16600479125976564,9.795480194091798
1748974817350,-0.42571472167968755,-0.16555572509765626,9.756261749267578
1748974817411,-0.41852966308593753,-0.178428955078125,9.649833068847657
1748974817476,-0.4567002868652344,-0.15073654174804688,9.739197235107422
1748974817549,-0.3592529296875,-0.2625540161132813,9.7381494140625
1748974817611,-0.41089553833007814,-0.19085311889648438,9.65956283569336
1748974817677,-0.4531077575683594,-0.1287322998046875,9.80236587524414
1748974817749,-0.37751495361328125,-0.21136047363281252,9.657018127441408
1748974817811,-0.3897894287109375,-0.17453704833984376,9.71315139770508
1748974817877,-0.40625518798828125,-0.14415023803710938,9.806557159423829
1748974817949,-0.3406915283203125,-0.20118164062500002,9.65282684326172
1748974818011,-0.46837600708007815,-0.1333726501464844,9.723479919433593
1748974818077,-0.3906875610351563,-0.22243743896484375,9.814640350341797
1748974818150,-0.3673361206054688,-0.16420852661132812,9.570797424316407
1748974818211,-0.4297563171386719,-0.14385086059570312,9.76539276123047
1748974818277,-0.33769775390625,-0.22617965698242187,9.77976287841797
1748974818350,-0.314945068359375,-0.15223342895507813,9.609566802978517
1748974818410,-0.40850051879882815,-0.13965957641601562,9.805060272216798
1748974818476,-0.3585044860839844,-0.2149530029296875,9.681716766357422
1748974818550,-0.3438349914550781,-0.16525634765625,9.64609085083008
1748974818612,-0.4099974060058594,-0.12843292236328124,9.809700622558594
1748974818677,-0.348475341796875,-0.202379150390625,9.676477661132813
1748974818748,-0.34937347412109376,-0.1431024169921875,9.679621124267578
1748974818810,-0.3740721130371094,-0.16450790405273438,9.777517547607422
1748974818877,-0.3351530456542969,-0.16959732055664065,9.588311004638673
1748974818948,-0.3537144470214844,-0.13965957641601562,9.728868713378906
1748974819010,-0.3534150695800781,-0.22378463745117189,9.783056030273437
1748974819077,-0.35296600341796874,-0.15432907104492188,9.599387969970703
1748974819147,-0.39428009033203126,-0.16046630859375,9.824519805908203
1748974819210,-0.35206787109375004,-0.23126907348632814,9.711055755615234
1748974819277,-0.34278717041015627,-0.15238311767578125,9.667047271728515
1748974819347,-0.4218228149414063,-0.1454974365234375,9.83290237426758
1748974819410,-0.34278717041015627,-0.21689895629882813,9.640103302001954
1748974819476,-0.3779640197753906,-0.14879058837890627,9.734407196044922
1748974819547,-0.4218228149414063,-0.16435821533203127,9.765243072509767
1748974819610,-0.35476226806640626,-0.1790277099609375,9.593550109863282
1748974819677,-0.3842509460449219,-0.16495697021484376,9.795779571533204
1748974819747,-0.3794609069824219,-0.18471588134765626,9.808952178955078
1748974819810,-0.3405418395996094,-0.11795471191406251,9.559870147705078
1748974819877,-0.4293072509765625,-0.1694476318359375,9.831405487060547
1748974819947,-0.36434234619140626,-0.2532733154296875,9.70701416015625
1748974820010,-0.36060012817382814,-0.1484912109375,9.649384002685547
1748974820076,-0.4520599365234375,-0.14879058837890627,9.83245330810547
1748974820147,-0.34443374633789064,-0.22408401489257815,9.64758773803711
1748974820210,-0.41703277587890625,-0.1898052978515625,9.77452377319336
1748974820277,-0.39667510986328125,-0.16959732055664065,9.768386535644531
1748974820347,-0.33141082763671875,-0.17004638671875,9.573491821289062
1748974820409,-0.355660400390625,-0.17139358520507814,9.780511322021486
1748974820477,-0.3001258850097656,-0.17573455810546876,9.75775863647461
1748974820547,-0.14265335083007813,-0.20357666015625,9.616153106689454
1748974820610,-0.144898681640625,-0.15492782592773438,9.791588287353516
1748974820677,-0.017962646484375,-0.22977218627929688,9.571994934082031
1748974820747,0.2954855346679688,-0.229921875,9.646988983154298
1748974820810,0.6649172973632813,-0.21136047363281252,9.698481903076173
1748974820877,1.0056088256835938,-0.1579216003417969,9.815987548828126
1748974820947,1.2367282104492188,-0.19564315795898438,10.16057098388672
1748974821010,0.8370593261718751,-0.13576766967773438,9.852212219238282
1748974821077,0.9957293701171875,-0.18905685424804688,9.672885131835939
1748974821147,1.379231872558594,-0.22483245849609376,9.4315869140625
1748974821210,1.4081217956542968,-0.2903961181640625,9.544901275634766
1748974821277,1.2720547485351563,-0.2597099304199219,9.859696655273439
1748974821347,1.251248016357422,-0.20073257446289064,9.985734558105468
1748974821409,1.1358380126953125,-0.15777191162109375,9.981543273925782
1748974821477,0.9593550109863281,-0.14639556884765625,9.75970458984375
1748974821549,0.7315287780761719,-0.19624191284179687,9.486522674560547
1748974821611,0.4079017639160156,-0.2185455322265625,9.533225555419923
1748974821677,0.16091537475585938,-0.12244537353515626,9.821975097656251
1748974821750,-0.06556365966796876,-0.09744735717773438,9.953401794433594
1748974821812,-0.20582199096679688,-0.12678634643554687,9.94980926513672
1748974821877,-0.11840377807617188,-0.29189300537109375,9.727222137451172
1748974821942,-0.0916094970703125,-0.2591111755371094,9.542057189941406
1748974822010,-0.14564712524414064,-0.2333647155761719,9.43922103881836
1748974822077,-0.07439529418945313,-0.1818717956542969,9.694440307617189
1748974822143,-0.015867004394531252,-0.13382171630859377,9.952503662109375
1748974822210,-0.12409194946289064,-0.09984237670898438,9.955946502685547
1748974822277,0.08038284301757813,-0.16360977172851562,9.615404663085938
1748974822348,-0.0041912841796875,-0.1770817565917969,9.51735855102539
1748974822411,-0.20252883911132813,-0.21390518188476565,9.543853454589843
1748974822476,-0.3603007507324219,-0.1285826110839844,9.763147430419922
1748974822548,-0.46373565673828127,-0.1585203552246094,9.93648696899414
1748974822610,-0.3159928894042969,-0.24084915161132814,9.77257781982422
1748974822677,-0.5638774108886719,-0.18890716552734377,9.890083465576172
1748974822750,-1.229692840576172,-0.13801300048828125,9.646390228271486
1748974822811,-1.6256195068359376,-0.1874102783203125,9.607171783447265
1748974822877,-1.2084370422363282,-0.199984130859375,9.068292388916015
1748974822950,-1.2695100402832031,-0.42586441040039064,9.519005126953125
1748974823011,-1.7598902893066408,-0.24938140869140626,9.774374084472656
1748974823077,-1.755399627685547,-0.149688720703125,10.046957244873047
1748974823152,-1.515747985839844,-0.10627899169921876,9.897867279052734
1748974823211,-1.9172131347656252,-0.2225871276855469,9.670789489746094
1748974823277,-1.753154296875,-0.27258316040039066,9.379644927978516
1748974823350,-1.573378143310547,-0.32677047729492187,9.352700958251953
1748974823410,-1.6554075622558595,-0.17588424682617188,9.804311828613281
1748974823476,-1.4624588012695314,-0.13861175537109377,9.904603271484376
1748974823550,-1.2316387939453126,-0.14609619140625002,9.774374084472656
1748974823611,-1.161285095214844,-0.16480728149414064,9.600735168457032
1748974823677,-0.7610174560546875,-0.267044677734375,9.497150573730469
1748974823750,-0.42227188110351566,-0.1886077880859375,9.568701782226563
1748974823811,-0.7379653930664063,-0.13082794189453126,9.799521789550782
1748974823877,-0.628692626953125,-0.14819183349609374,9.764644317626953
1748974823950,-0.45041336059570314,-0.19728973388671875,9.769134979248047
1748974824011,-0.530496826171875,-0.22468276977539064,9.722432098388673
1748974824077,-0.5138813781738282,-0.22767654418945313,9.53981185913086
1748974824149,-0.45804748535156253,-0.2124082946777344,9.705816650390625
1748974824211,-0.45834686279296877,-0.2471360778808594,9.754914550781251
1748974824278,-0.46074188232421875,-0.17468673706054688,9.690548400878907
1748974824349,-0.45520339965820317,-0.2165995788574219,9.742340698242188
1748974824411,-0.4602928161621094,-0.2942880249023438,9.694290618896485
1748974824476,-0.4225712585449219,-0.21046234130859376,9.599387969970703
1748974824549,-0.5126838684082031,-0.09535171508789063,9.867330780029297
1748974824611,-0.5087919616699219,-0.11286529541015626,9.645791473388673
1748974824677,-0.3683839416503906,-0.3779640197753906,9.86313949584961
1748974824749,-0.5081932067871094,-0.3062631225585938,9.69159622192383
1748974824811,-0.5092410278320313,-0.06990463256835938,9.633067932128906
1748974824877,-0.5902226257324219,-0.05074447631835938,9.638307037353517
1748974824950,-0.7108717346191407,-0.26240432739257813,9.806108093261718
1748974825011,-0.7807763671875,-0.23111938476562502,9.653126220703125
1748974825077,-0.9382489013671875,-0.11511062622070313,9.77123062133789
1748974825149,-0.9247769165039063,-0.2471360778808594,9.642198944091797
1748974825212,-0.9970765686035157,-0.2520758056640625,9.596843261718751
1748974825277,-1.094374237060547,-0.267044677734375,9.735455017089844
1748974825350,-0.8057743835449219,-0.25042922973632814,9.680668945312501
1748974825412,-0.7487429809570313,-0.19654129028320313,9.678423614501954
1748974825476,-1.1903247070312502,-0.24578887939453126,9.67917205810547
1748974825550,-1.0437794494628907,-0.19190093994140625,9.56136703491211
1748974825613,-0.9898915100097657,-0.16720230102539063,9.71464828491211
1748974825677,-1.1425740051269533,-0.19579284667968752,9.774374084472656
1748974825749,-0.9660910034179688,-0.1537303161621094,9.656119995117187
1748974825811,-0.4302053833007813,-0.1646575927734375,9.891131286621095
1748974825877,0.0676593017578125,-0.2369572448730469,9.61211151123047
1748974825948,-0.19429595947265627,-0.11002120971679688,9.690847778320313
1748974826012,-0.34982254028320314,-0.18561401367187502,9.684261474609375
1748974826077,-0.21016296386718752,-0.2698887634277344,9.649234313964845
1748974826148,-0.21061203002929688,-0.24743545532226563,9.60642333984375
1748974826211,-0.46343627929687503,-0.2532733154296875,9.827663269042969
1748974826277,-0.6873706054687501,-0.238304443359375,9.640702056884766
1748974826349,-0.8696914672851563,-0.25462051391601564,9.929152221679688
1748974826411,-0.5062472534179687,-0.3453318786621094,9.493258666992189
1748974826476,-0.31988479614257814,-0.1477427673339844,9.676028594970704
1748974826549,-0.18516494750976564,-0.10463241577148438,9.73904754638672
1748974826611,-0.1598675537109375,-0.1790277099609375,9.66001190185547
1748974826677,-0.37242553710937504,-0.17184265136718752,9.689051513671876
1748974826749,-0.5471122741699219,-0.18037490844726564,9.693841552734375
1748974826811,-0.47017227172851567,-0.23486160278320314,9.690847778320313
1748974826879,-0.5629792785644532,-0.16630416870117187,9.711504821777345
1748974826945,-0.5962101745605469,-0.23905288696289065,9.771829376220703
1748974827010,-0.3706292724609375,-0.25836273193359377,9.627230072021485
1748974827077,-0.34787658691406254,-0.21570144653320314,9.690997467041017
1748974827143,-0.3020718383789063,-0.21106109619140626,9.69264404296875
1748974827210,-0.3242257690429688,-0.18486557006835938,9.809401245117188
1748974827277,-0.3799099731445313,-0.3668870544433594,9.767937469482423
1748974827349,-0.14085708618164064,-0.4267625427246094,8.935368804931642
1748974827413,-0.2568658447265625,-0.3986210632324219,9.779463500976563
1748974827478,-0.3770658874511719,-0.4914280700683594,9.70417007446289
1748974827548,-0.20866607666015627,-0.46478347778320317,9.612710266113282
1748974827610,-0.18561401367187502,-0.3465293884277344,9.675729217529298
1748974827677,-0.10777587890625001,-0.3752696228027344,9.674681396484376
1748974827750,-0.16780105590820313,-0.4866380310058594,9.715546417236329
1748974827810,-0.08547225952148438,-0.3791615295410156,9.796528015136719
1748974827877,0.19714004516601563,-0.47196853637695313,9.605525207519532
1748974827951,0.5691165161132813,-0.44038421630859376,9.55852294921875
1748974828011,0.8711883544921876,-0.4528083801269531,9.800270233154297
1748974828077,0.9337582397460938,-0.61072998046875,9.940079498291016
1748974828151,0.7536827087402345,-0.4493655395507813,9.782457275390625
1748974828211,1.1079959106445314,-0.3806584167480469,9.744885406494141
1748974828277,1.3293855285644531,-0.35176849365234375,9.643995208740234
1748974828349,1.397344207763672,-0.5872288513183594,9.605076141357422
1748974828411,1.4898518371582032,-0.4644841003417969,9.60208236694336
1748974828476,1.447789306640625,-0.5156776428222657,9.605525207519532
1748974828550,0.8515791320800782,-0.4477189636230469,9.751621398925781
1748974828611,0.5480104064941407,-0.3878434753417969,9.66914291381836
1748974828677,0.25761428833007816,2.253563690185547,4.261039123535157
1748974828748,0.6328839111328125,0.3619473266601563,8.975186004638672
1748974828812,-0.7455995178222656,-0.7406597900390626,9.305848388671876
1748974828877,-0.42646316528320316,-0.22288650512695313,9.864486694335938
1748974828951,-0.1011895751953125,-0.4727169799804688,9.465865631103517
1748974829011,-0.2763253784179688,-0.33126113891601566,9.25675048828125
1748974829077,-0.08831634521484376,-0.2281256103515625,9.921667785644532
1748974829150,0.21824615478515627,-0.1323248291015625,9.868827667236328
1748974829211,0.27393035888671874,-0.2963836669921875,10.081535339355469
1748974829277,0.405955810546875,-0.3147953796386719,9.755064239501953
1748974829350,0.5780978393554688,-0.3357518005371094,9.647138671875
1748974829411,0.6010002136230469,-0.3680845642089844,9.538764038085938
1748974829476,0.571212158203125,-0.2219883728027344,9.843081207275391
1748974829550,0.49876281738281253,-0.10687774658203125,9.916129302978517
1748974829610,0.4881349182128906,-0.2616558837890625,9.608219604492188
1748974829677,0.3034190368652344,-0.3585044860839844,9.720785522460938
1748974829750,0.13127700805664064,-0.28156448364257813,9.960137786865236
1748974829812,0.17498611450195314,-0.15492782592773438,9.97331039428711
1748974829877,0.18276992797851563,-0.4793032836914063,9.69788314819336
1748974829950,0.07499404907226563,-0.6574328613281251,9.27875473022461
1748974830010,0.03936813354492188,-0.5754034423828125,9.877359924316407
1748974830077,-0.3752696228027344,-0.5077441406250001,9.821975097656251
1748974830149,-0.5700146484375,-0.5644761657714844,9.773775329589844
1748974830210,-0.48693740844726563,-0.6469546508789062,9.614207153320313
1748974830277,-0.42706192016601563,-0.5319937133789063,9.674831085205078
1748974830351,-0.44143203735351566,-0.511336669921875,9.696835327148438
1748974830412,-0.41209304809570313,-0.49067962646484375,9.721234588623048
1748974830476,-0.2758763122558594,-0.5227130126953126,9.806257781982422
1748974830549,-0.3908372497558594,-0.5251080322265625,9.64324676513672
1748974830610,-0.24983047485351564,-0.4638853454589844,9.712402954101563
1748974830677,-0.613125,-0.5650749206542969,9.823322296142578
1748974830749,-0.40191421508789066,-0.6381230163574219,9.56900115966797
1748974830810,-0.34682876586914063,-0.41927810668945314,9.610464935302735
1748974830877,-0.5002597045898438,-0.4831951904296875,9.787995758056642
1748974830948,-0.6427633666992187,-0.6156697082519531,9.945617980957032
1748974831010,-0.5959107971191406,-0.5596861267089844,9.804461517333985
1748974831078,-0.19639160156250002,-0.5322930908203125,9.473948822021486
1748974831148,-0.5122348022460937,-0.6625222778320313,9.551038513183594
1748974831210,-0.6102809143066407,-0.5969586181640625,9.573192443847656
1748974831277,-0.7716453552246094,-0.398770751953125,9.851912841796876
1748974831351,-0.8725355529785157,-0.4429289245605469,9.906399536132813
1748974831410,-1.3427078247070314,-0.5745053100585937,9.951006774902345
1748974831476,-1.2169692993164063,-0.5183720397949219,9.491761779785156
1748974831550,-0.9851014709472656,-0.5414241027832032,9.444160766601563
1748974831610,-1.3431568908691407,-0.5056484985351563,9.501341857910157
1748974831677,-1.155596923828125,-0.5288502502441407,9.410181427001953
1748974831752,-1.04662353515625,-0.4819976806640625,9.948462066650391
1748974831810,-0.909957733154297,-0.6096821594238282,9.91343490600586
1748974831877,-1.0961705017089844,-0.5783972167968751,10.156529388427735
1748974831945,-0.966390380859375,-0.7372169494628906,9.566606140136718
1748974832010,-0.9741741943359375,-0.8690927124023438,9.471553802490234
1748974832077,-0.7955955505371094,-0.8433462524414063,9.298962707519532
1748974832144,-1.0258168029785157,-0.5891748046875,9.86313949584961
1748974832210,-0.9563612365722657,-0.44622207641601563,10.007888488769531
1748974832277,-0.8372090148925782,-0.35296600341796874,9.84682342529297
1748974832350,-0.7144642639160157,-0.5935157775878906,9.328002319335939
1748974832410,-0.688568115234375,-0.6764433288574219,9.428892517089844
1748974832477,-0.8620573425292969,-0.6727011108398437,9.73141342163086
1748974832549,-0.959205322265625,-0.5533992004394531,9.386829986572266
1748974832610,-0.9728269958496094,-0.3704795837402344,10.940149841308594
1748974832677,-1.0216255187988281,-0.6448590087890625,9.296567687988281
1748974832750,-0.8057743835449219,-0.48828460693359377,9.458830261230469
1748974832810,-0.9425898742675781,-0.6628216552734375,9.6902490234375
1748974832877,-0.8770262145996094,-0.6243516540527344,9.925559692382812
1748974832951,-0.6917115783691407,-0.35895355224609377,9.803713073730469
1748974833010,-0.5809419250488281,-0.3158432006835938,9.566905517578126
1748974833077,-0.4454736328125,-0.36643798828125,9.467811584472656
1748974833151,-0.3990701293945313,-0.28036697387695314,9.665101318359376
1748974833210,-0.3350033569335938,-0.1968406677246094,9.858199768066406
1748974833277,-0.3787124633789063,-0.14819183349609374,9.860295410156251
1748974833350,-0.4441264343261719,-0.3097059631347656,9.826166381835938
1748974833412,-0.38694534301757816,-0.3243754577636719,9.640103302001954
1748974833477,-0.3607498168945313,-0.5468128967285156,9.492809600830078
1748974833552,-0.022602996826171878,-0.4164340209960938,9.641749877929689
1748974833613,0.3933819580078125,-0.2507286071777344,9.554930419921876
1748974833677,0.4902305603027344,-0.22468276977539064,9.730365600585937
1748974833750,0.22722747802734375,-0.24384292602539065,9.961035919189454
1748974833811,0.0209564208984375,-0.09789642333984376,9.881700897216797
1748974833877,-0.15058685302734376,-0.24279510498046877,9.659712524414063
1748974833951,-0.16360977172851562,-0.3549119567871094,9.576036529541016
1748974834010,-0.18456619262695315,-0.38709503173828125,9.803114318847657
1748974834077,-0.05179229736328125,-0.2537223815917969,9.999505920410156
1748974834150,0.19309844970703127,-0.19489471435546876,10.361902313232422
1748974834212,0.6391708374023438,-0.3062631225585938,9.705367584228517
1748974834277,0.38275405883789065,-0.3872447204589844,9.454189910888672
1748974834351,0.5596861267089844,-0.33410522460937503,9.396410064697266
1748974834410,0.47990203857421876,0.16031661987304688,9.227561187744142
1748974834477,0.3960763549804688,-0.4956193542480469,9.799222412109376
1748974834551,0.22902374267578127,-0.2603086853027344,9.80955093383789
1748974834610,-0.08038284301757813,-0.08906478881835939,10.30292495727539
1748974834678,0.132923583984375,-0.43649230957031254,9.642348632812501
1748974834751,0.3138972473144531,-0.6529421997070313,9.522447967529297
1748974834810,0.5084925842285156,-0.45879592895507815,9.325457611083985
1748974834877,0.2568658447265625,-0.21091140747070314,10.554551696777345
1748974834950,0.2594105529785156,-0.3106040954589844,10.150392150878906
1748974835010,0.36703674316406254,-0.38739440917968754,10.054591369628907
1748974835079,0.4751119995117188,-0.4424798583984375,9.529333648681641
1748974835151,0.20836669921875,-0.3448828125,9.294322357177736
1748974835210,0.3758683776855469,-0.29847930908203124,9.687404937744141
1748974835282,0.13217514038085937,-0.2034269714355469,9.836644592285158
1748974835350,0.21525238037109376,-0.3531156921386719,10.214309234619142
1748974835410,0.020357666015625,-0.5122348022460937,9.805359649658204
1748974835479,0.4631369018554688,-0.5539979553222657,9.470206604003907
1748974835552,0.42167312622070313,-0.44143203735351566,9.569899291992188
1748974835610,0.2613565063476563,-0.5316943359375,9.806108093261718
1748974835677,0.04415817260742188,-0.724493408203125,9.987979888916016
1748974835752,0.28635452270507816,-0.9352551269531251,9.687704315185547
1748974835810,0.3011737060546875,-0.7771838378906251,9.44925018310547
1748974835877,0.5613327026367188,-0.9419911193847657,9.289232940673829
1748974835950,0.49831375122070315,-0.7934999084472657,10.130184173583984
1748974836010,0.5372328186035157,-0.8108638000488282,9.947863311767579
1748974836078,0.4465214538574219,-0.6791377258300781,9.624385986328125
1748974836150,0.7210505676269532,-0.6930587768554688,9.180858306884765
1748974836210,0.7225474548339844,-0.7397616577148438,9.48667236328125
1748974836277,0.10268646240234376,-0.5522016906738282,10.312205657958986
1748974836352,0.2329156494140625,-0.4628375244140625,10.258018341064453
1748974836410,0.4249662780761719,-0.7271878051757813,9.839338989257813
1748974836477,0.621507568359375,-0.6929090881347657,9.155860290527345
1748974836553,0.5777984619140625,-0.7659571838378907,9.378746795654298
1748974836610,0.5105882263183594,-0.6782395935058594,9.667945404052736
1748974836679,0.40356079101562503,-0.7506889343261719,10.233619079589845
1748974836750,0.5469625854492188,-0.810714111328125,9.9584912109375
1748974836810,0.6496490478515625,-0.8322692871093751,9.79083984375
1748974836877,-0.02365081787109375,-1.0050100708007812,8.943751373291017
1748974836945,-0.16570541381835938,-1.1561956787109375,9.377249908447267
1748974837011,-0.03697311401367188,-1.021475830078125,9.90864486694336
1748974837077,-0.3550616455078125,-0.6756948852539063,9.894723815917969
1748974837144,-0.5734574890136719,-0.7155120849609375,9.723030853271485
1748974837210,-0.49472122192382817,-0.6912625122070313,9.898466033935547
1748974837277,-0.41568557739257816,-0.8713380432128907,9.818083190917969
1748974837349,-0.33021331787109376,-0.6780899047851563,9.21364013671875
1748974837410,-0.3047662353515625,-0.7312294006347657,9.775571594238281
1748974837477,-0.17513580322265626,-0.6677613830566407,9.977950744628906
1748974837551,-0.3550616455078125,-0.6132746887207031,9.570348358154297
1748974837610,-0.44158172607421875,-0.7146139526367188,9.465865631103517
1748974837677,-0.5186714172363281,-0.9139993286132813,9.714797973632812
1748974837749,-0.7069798278808594,-0.7514373779296876,9.769584045410157
1748974837810,-0.5691165161132813,-0.7689509582519531,9.848919067382813
1748974837877,-0.599802703857422,-0.81670166015625,9.472901000976563
1748974837951,-0.5891748046875,-0.9611512756347657,9.573192443847656
1748974838010,-0.4291575622558594,-1.0273136901855469,9.370513916015625
1748974838077,-0.37392242431640627,-0.8816665649414063,9.784702606201172
1748974838152,-0.3170407104492188,-0.9610015869140626,10.092612304687501
1748974838210,-0.5327421569824219,-0.6953041076660157,9.37216049194336
1748974838277,-0.37931121826171876,-0.6960525512695312,9.493558044433595
1748974838348,-0.5251080322265625,-0.7958949279785157,9.804012451171875
1748974838416,-0.6385720825195312,-0.9324110412597657,9.639205169677735
1748974838476,-0.7548802185058594,-0.8225395202636719,9.610315246582031
1748974838551,-0.5318440246582031,-0.8231382751464844,9.74099349975586
1748974838611,-0.6192622375488281,-0.8783734130859375,9.8339501953125
1748974838678,-0.4842430114746094,-0.9735754394531251,9.55657699584961
1748974838750,-0.4550537109375,-0.9692344665527344,9.751920776367188
1748974838812,-0.5087919616699219,-0.9810598754882813,9.501042480468751
1748974838877,-0.38470001220703126,-1.1005114746093752,9.528884582519531
1748974838948,-0.4819976806640625,-1.2022998046875,9.59055633544922
1748974839011,-0.5378315734863282,-0.9789642333984375,9.663604431152343
1748974839079,-0.4998106384277344,-0.8982820129394532,9.511670379638673
1748974839150,-0.49097900390625004,-0.8077203369140625,9.683962097167969
1748974839212,-0.7045848083496095,-0.8798703002929688,9.86792953491211
1748974839278,-0.5357359313964845,-0.8961863708496094,9.739197235107422
1748974839351,-0.21899459838867188,-0.8617579650878907,9.846524047851563
1748974839411,0.0335302734375,-0.7737409973144531,9.456884307861328
1748974839477,0.14998809814453126,-0.9695338439941407,9.6710888671875
1748974839551,0.3285667419433594,-0.9791139221191407,9.533225555419923
1748974839610,0.16600479125976564,-0.9632469177246095,9.702523498535157
1748974839677,0.076640625,-1.0553054809570312,9.812544708251954
1748974839751,-0.29368927001953127,-1.0014175415039064,9.867779846191407
1748974839810,-0.36853363037109377,-1.0954220581054688,9.49909652709961
1748974839877,-0.33679962158203125,-0.9532177734375,9.632169799804688
1748974839950,-0.6125262451171876,-1.043031005859375,9.567653961181641
1748974840010,-0.6767427062988282,-0.9990225219726563,9.895472259521485
1748974840078,-0.7075785827636719,-0.9858499145507813,9.818382568359375
1748974840149,-0.5566923522949219,-0.96998291015625,9.440119171142578
1748974840210,-0.6962022399902345,-1.0276130676269533,9.579928436279298
1748974840279,-0.2285746765136719,-0.9651928710937501,9.197773132324219
1748974840351,-0.49172744750976566,-1.0241702270507813,9.921368408203126
1748974840410,-0.7423063659667969,-1.0168354797363282,10.055339813232422
1748974840478,-0.389190673828125,-0.9114546203613282,10.156379699707031
1748974840549,-0.9277706909179688,-1.05620361328125,9.779613189697265
1748974840610,-0.5671705627441407,-0.7816744995117187,9.335636444091797
1748974840677,-0.5743556213378906,-1.2207115173339844,9.08565628051758
1748974840750,-0.7238946533203126,-1.1853849792480469,9.764195251464844
1748974840810,-0.6044430541992187,-1.1437715148925782,9.715396728515625
1748974840877,-0.6387217712402344,-0.9906399536132813,9.915979614257813
1748974840949,-0.65863037109375,-1.2554393005371094,9.827663269042969
1748974841010,-0.7165599060058594,-1.0737171936035157,9.582173767089845
1748974841077,-0.3688330078125,-0.99872314453125,8.716823272705078
1748974841151,-0.6971003723144532,-1.0422825622558594,9.701026611328125
1748974841210,-0.5736071777343751,-1.2020004272460938,9.787696380615236
1748974841277,-0.909957733154297,-1.1811936950683595,10.190508728027345
1748974841350,-0.5216651916503906,-1.0461744689941406,9.453441467285156
1748974841410,-0.49292495727539065,-0.9870474243164064,9.30509994506836
1748974841477,-0.047900390625000004,-1.0403366088867188,9.157656555175782
1748974841551,0.4071533203125,-1.0066566467285156,9.568701782226563
1748974841610,0.14504837036132814,-0.841699676513672,10.140213317871094
1748974841677,-0.34727783203125,-0.700543212890625,10.413694610595703
1748974841751,-0.3968247985839844,-0.8140072631835938,9.762848052978516
1748974841811,-0.17498611450195314,-0.8195457458496094,9.357341308593751
1748974841877,0.132923583984375,-1.033151550292969,9.027427368164062
1748974841945,0.18276992797851563,-1.1466156005859376,9.772278442382813
1748974842010,0.08113128662109376,-1.1406280517578125,9.889185333251953
1748974842077,-0.17124389648437502,-0.9434880065917969,10.07195526123047
1748974842144,-0.08307723999023438,-0.8922944641113282,9.639354858398438
1748974842210,-0.11930191040039063,-0.9318122863769531,9.336983642578126
1748974842279,0.26300308227539065,-1.09452392578125,9.454489288330079
1748974842351,-0.62031005859375,-2.6411077880859377,11.744876403808595
1748974842410,-0.053438873291015626,-0.7740403747558594,9.561067657470703
1748974842477,-0.08771759033203125,-0.6753955078125,9.820627899169923
1748974842550,0.2915936279296875,-0.4363426208496094,9.447004852294922
1748974842610,0.2770738220214844,-0.8144563293457031,9.143585815429688
1748974842678,0.11840377807617188,-0.8114625549316407,9.498946838378906
1748974842751,0.02664459228515625,-0.6782395935058594,10.55859329223633
1748974842810,-0.07469467163085938,-0.4005670166015625,10.18167709350586
1748974842877,-0.1395098876953125,-0.4082011413574219,9.8052099609375
1748974842948,0.12948074340820312,-0.55324951171875,9.092991027832031
1748974843010,0.11720626831054688,-0.632135467529297,9.431437225341798
1748974843078,0.17034576416015626,-0.7162605285644532,9.362430725097656
1748974843151,0.013022918701171875,-0.7716453552246094,10.211016082763672
1748974843210,-0.037122802734375,-0.47720764160156254,10.03752685546875
1748974843278,-0.014220428466796876,-0.513731689453125,9.945767669677736
1748974843350,0.22079086303710938,-0.6692582702636719,9.935139770507813
1748974843411,0.24923171997070315,-0.5902226257324219,9.289831695556641
1748974843477,0.038470001220703126,-0.4282594299316406,9.7189892578125
1748974843548,0.2496807861328125,-0.45101211547851566,9.289232940673829
1748974843612,-0.10523117065429688,-0.6860234069824219,10.252479858398438
1748974843679,-0.197589111328125,-0.9283694458007813,10.208920440673829
1748974843751,0.26794281005859377,-0.8659492492675782,9.633966064453125
1748974843812,0.04939727783203125,-0.6987469482421875,9.315428466796876
1748974843877,0.6810836791992188,-0.5313949584960938,9.334139556884766
1748974843950,-0.125738525390625,-0.7858657836914062,10.239307250976562
1748974844010,-0.22438339233398438,-1.0485694885253907,9.529633026123047
1748974844077,-0.17019607543945314,-0.7550299072265625,10.448422393798829
1748974844149,0.3764671325683594,-0.6520440673828125,9.308542785644532
1748974844211,0.21630020141601564,-0.79754150390625,9.719588012695313
1748974844277,0.619112548828125,-0.8077203369140625,9.390272827148438
1748974844351,0.20612136840820314,-0.51732421875,9.850865020751954
1748974844411,-0.10343490600585938,-0.36179763793945313,10.112820281982422
1748974844478,0.2698887634277344,-0.4923262023925781,9.871971130371094
1748974844550,0.108973388671875,-0.6959028625488282,9.652377777099609
1748974844610,0.3752696228027344,-0.7078779602050782,9.471703491210938
1748974844677,0.20207977294921875,-0.6595285034179688,9.55897201538086
1748974844751,0.4357438659667969,-0.2347119140625,9.754315795898439
1748974844810,0.2369572448730469,-0.29189300537109375,9.81239501953125
1748974844877,0.38095779418945314,-0.17094451904296876,9.806108093261718
1748974844951,0.4453239440917969,-0.44921585083007814,9.94217514038086
1748974845010,0.39892044067382815,-0.2856060791015625,9.427395629882813
1748974845078,0.19294876098632813,-0.14804214477539063,9.363628234863281
1748974845151,0.4358935546875,-0.07679031372070313,9.836943969726564
1748974845210,0.16390914916992189,-0.092208251953125,9.827962646484375
1748974845278,0.1215472412109375,0.24144790649414063,10.02644989013672
1748974845351,0.57240966796875,0.21031265258789064,9.712253265380859
1748974845410,0.4213737487792969,0.207169189453125,10.886411590576172
1748974845477,0.4387376403808594,0.05059478759765625,9.020990753173828
1748974845551,0.16360977172851562,0.022303619384765626,9.28833480834961
1748974845610,0.641865234375,-0.053738250732421874,9.470056915283203
1748974845677,0.6409671020507813,0.0,9.791438598632814
1748974845750,0.11032058715820313,0.38619689941406254,10.297386474609375
1748974845810,0.47601013183593754,0.4697232055664063,10.015672302246093
1748974845877,0.6176156616210938,0.5519023132324219,9.662107543945313
1748974845950,0.5508544921875,0.31225067138671875,9.018296356201173
1748974846010,0.36898269653320315,0.207169189453125,9.962682495117187
1748974846077,0.4432283020019531,0.44726989746093754,9.962083740234375
1748974846151,0.20267852783203125,0.6520440673828125,10.185868377685548
1748974846210,0.4900808715820313,0.46418472290039064,9.498797149658204
1748974846277,1.0470726013183593,0.49531997680664064,9.167685699462892
1748974846350,0.8137078857421876,3.224295043945313,12.010124816894532
1748974846410,0.6792874145507812,-1.0804531860351563,7.985144805908203
1748974846477,0.6050418090820313,1.0234217834472656,9.435329132080078
1748974846550,0.6158193969726563,0.6728507995605469,9.712103576660157
1748974846611,0.8129594421386719,0.277822265625,9.243428192138673
1748974846677,0.11795471191406251,0.4626878356933594,10.796448669433595
1748974846752,0.40969802856445314,0.44622207641601563,9.572294311523438
1748974846811,0.3585044860839844,0.7920030212402344,9.805509338378906
1748974846878,0.08427474975585938,0.7467970275878907,9.918075256347656
1748974846946,-0.46343627929687503,0.6174659729003906,9.498797149658204
1748974847010,-0.9886940002441407,0.3941304016113281,9.668544158935548
1748974847077,-0.8138575744628906,0.26539810180664064,9.936337280273438
1748974847144,-0.5071453857421875,0.44801834106445315,9.660760345458986
1748974847210,-0.8249345397949219,0.5881269836425782,9.300160217285157
1748974847277,-1.0976673889160158,0.5638774108886719,10.641371154785157
1748974847350,-0.27991790771484376,0.15043716430664064,9.081315307617189
1748974847411,-0.9630972290039063,0.36823425292968753,9.956245880126954
1748974847477,-0.44921585083007814,0.5381309509277344,10.207722930908204
1748974847549,-0.9936337280273438,0.3799099731445313,9.258397064208985
1748974847610,-0.9765692138671875,-0.1454974365234375,9.92930191040039
1748974847677,-0.43379791259765627,-0.25641677856445316,9.489666137695313
1748974847749,0.7375163269042969,0.20327728271484377,10.665770416259766
1748974847810,0.9039701843261719,0.29264144897460936,9.855205993652344
1748974847877,0.8943901062011719,0.49472122192382817,10.045610046386718
1748974847949,0.45146118164062504,0.3177891540527344,8.881780242919922
1748974848010,-0.3119512939453125,0.25222549438476566,9.865833892822266
1748974848077,-0.7243437194824219,0.4369413757324219,9.825567626953125
1748974848154,0.8740324401855469,0.47675857543945316,9.141490173339845
1748974848210,0.7385641479492188,0.24010070800781252,11.32978958129883
1748974848278,0.09535171508789063,0.43005569458007814,8.987759857177736
1748974848350,-1.0903326416015626,0.5426216125488281,10.723101196289063
1748974848414,0.7673043823242188,0.2329156494140625,8.024213562011719
1748974848477,1.1238629150390627,-0.2820135498046875,9.044791259765626
1748974848548,0.47481262207031255,0.4135899353027344,10.832523651123047
1748974848612,-0.101788330078125,0.9119036865234376,10.635533294677735
1748974848678,-0.34982254028320314,1.7101936340332031,8.83612518310547
1748974848750,0.6143225097656251,0.9862989807128907,10.719209289550783
1748974848810,1.0246192932128906,-0.2640509033203125,9.006770324707032
1748974848877,-0.0016465759277343752,0.6068380737304688,9.288035430908204
1748974848951,0.10403366088867189,1.400787048339844,10.317444763183595
1748974849010,0.59396484375,0.8740324401855469,7.895331573486328
1748974849078,0.020507354736328125,0.710123291015625,11.208541717529297
1748974849151,0.2377056884765625,2.4974066162109376,9.220525817871094
1748974849210,-0.27767257690429686,1.9402651977539063,11.84531753540039
1748974849277,0.6747967529296875,0.9925859069824219,8.670719146728516
1748974849351,0.21510269165039064,-0.1980381774902344,9.959239654541015
1748974849410,0.34637969970703125,-0.03667373657226563,9.33773208618164
1748974849477,0.32781829833984377,0.30671218872070316,10.010133819580078
1748974849551,0.7542814636230469,0.11511062622070313,8.756490783691406
1748974849610,0.21615051269531252,0.15417938232421877,9.147328033447266
1748974849677,0.32677047729492187,0.06331832885742188,10.384954376220703
1748974849751,0.59156982421875,0.1526824951171875,9.7285693359375
1748974849810,0.15298187255859375,-0.0017962646484375,9.807006225585939
1748974849877,0.5707630920410156,0.14953903198242188,9.94412109375
1748974849951,0.31329849243164065,-0.13112731933593752,9.603130187988281
1748974850010,0.2775228881835938,-0.6489006042480469,8.945547637939454
1748974850077,0.23486160278320314,-0.2927911376953125,9.324110412597657
1748974850151,0.44876678466796877,-0.19923568725585938,9.376651153564454
1748974850210,0.17753082275390625,-0.15537689208984376,10.422975311279297
1748974850277,0.39667510986328125,0.06840774536132813,9.634415130615235
1748974850351,0.29144393920898437,-0.04700225830078125,9.698631591796875
1748974850410,0.5358856201171875,-0.0963995361328125,9.670939178466798
1748974850478,0.3656895446777344,0.06511459350585938,9.436227264404298
1748974850551,0.2893482971191406,0.17109420776367187,9.003626861572267
1748974850610,0.429906005859375,-0.07843688964843751,9.738897857666016
1748974850677,0.30072463989257814,0.2183958435058594,10.607242126464845
1748974850750,0.24489074707031253,0.038470001220703126,9.742640075683594
1748974850810,0.29309051513671874,0.16525634765625,9.779463500976563
1748974850877,0.760269012451172,-0.02784210205078125,9.41048080444336
1748974850950,0.26180557250976566,0.10163864135742189,9.415121154785156
1748974851010,0.4122427368164063,-0.2221380615234375,9.56855209350586
1748974851077,0.30790969848632815,0.2859054565429688,9.498497772216798
1748974851150,0.18157241821289063,0.6903643798828125,10.595416717529297
1748974851210,0.2724334716796875,0.26539810180664064,9.618548126220704
1748974851278,0.21210891723632813,-0.18486557006835938,9.84682342529297
1748974851349,0.3860472106933594,-0.3423381042480469,8.75229949951172
1748974851410,0.2171983337402344,-0.4697232055664063,10.09934829711914
1748974851477,0.7165599060058594,0.22947280883789065,9.558373260498048
1748974851549,0.4255650329589844,0.5128335571289063,9.297016754150391
1748974851612,0.590372314453125,0.4781057739257813,10.122849426269532
1748974851677,0.4824467468261719,0.5095404052734376,9.345815277099609
1748974851749,-0.2183958435058594,0.9156459045410157,10.575807495117187
1748974851815,0.48454238891601564,0.1782792663574219,9.417067108154297
1748974851878,0.06481521606445313,-0.12663665771484375,9.713750152587892
1748974851946,0.2245330810546875,-0.43080413818359375,9.287286987304688
1748974852010,0.10388397216796875,-0.2436932373046875,9.504185943603517
1748974852077,0.46418472290039064,0.16675323486328125,10.261012115478517
1748974852145,0.12948074340820312,0.2124082946777344,10.359357604980469
1748974852210,0.03817062377929688,-0.10702743530273438,9.632169799804688
1748974852277,-0.33021331787109376,0.257464599609375,9.8914306640625
1748974852347,-0.39353164672851565,-0.037721557617187505,10.034533081054688
1748974852410,-0.23995101928710938,-0.09190887451171875,10.06237518310547
1748974852478,-0.6941065979003906,-0.326920166015625,9.635912017822266
1748974852551,-0.43065444946289066,-0.24279510498046877,9.791438598632814
1748974852610,-0.29847930908203124,-0.24923171997070315,8.899892578125
1748974852677,-0.5090913391113282,-0.18351837158203127,9.393416290283204
1748974852750,-0.41927810668945314,-0.06451583862304688,10.153086547851563
1748974852810,-0.5246589660644532,0.5905220031738282,9.645492095947267
1748974852878,-0.8291258239746094,0.449066162109375,9.78365478515625
1748974852951,-0.4159849548339844,0.32302825927734374,9.167536010742188
1748974853010,-0.25237518310546875,0.24444168090820315,9.124126281738281
1748974853077,-0.7722441101074219,0.22977218627929688,9.279952239990235
1748974853151,-0.850082244873047,0.8002359008789063,10.521919555664063
1748974853210,-0.2752775573730469,1.031055908203125,9.073830871582032
1748974853277,-0.5125341796875,0.4635859680175782,9.923613739013673
1748974853350,-0.2652484130859375,0.5210664367675781,9.578730926513673
1748974853411,-0.62031005859375,0.27452911376953126,9.793085174560547
1748974853477,-0.8515791320800782,0.13965957641601562,9.839039611816407
1748974853551,-0.21689895629882813,0.30371841430664065,9.974208526611328
1748974853611,0.00928070068359375,-0.04326004028320313,9.24672134399414
1748974853677,-0.5053491210937501,-0.3842509460449219,9.712552642822265
1748974853750,-0.27916946411132815,0.0058378601074218755,9.767488403320312
1748974853811,0.3787124633789063,-0.024399261474609375,9.139244842529298
1748974853877,-0.10523117065429688,-0.31225067138671875,10.006690979003906
1748974853950,-0.5581892395019532,-0.0293389892578125,9.788744201660156
1748974854010,-0.1483415222167969,-0.5936654663085937,8.360414428710937
1748974854077,-0.15837066650390627,-0.5495072937011719,9.944719848632813
1748974854150,-0.03667373657226563,0.082628173828125,10.177336120605469
1748974854210,-0.5566923522949219,0.7122189331054688,9.023535461425782
1748974854277,-0.30326934814453127,0.2728825378417969,8.832682342529298
1748974854351,0.14340179443359377,0.4794529724121094,11.584559783935548
1748974854410,-0.19923568725585938,0.016465759277343752,7.981402587890625
1748974854477,-0.6355783081054688,-0.22094055175781252,10.220147094726563
1748974854551,0.7280859375000001,1.1026071166992188,9.491312713623048
1748974854610,-0.11885284423828125,0.8012837219238281,10.239456939697266
1748974854677,-0.5953120422363282,0.613125,9.799372100830078
1748974854751,-0.05403762817382813,0.31404693603515627,10.173144836425783
1748974854810,0.07289840698242188,0.19968475341796876,10.113119659423829
1748974854877,-0.24204666137695313,0.08008346557617188,8.556356964111329
1748974854949,-0.44502456665039064,-0.016016693115234376,9.810748443603517
1748974855010,0.15013778686523438,0.2893482971191406,11.074720001220705
1748974855077,-0.4086502075195313,0.094603271484375,9.074729003906251
1748974855150,-0.39233413696289066,0.2633024597167969,9.900711364746094
1748974855210,0.6137237548828125,0.18711090087890625,9.341174926757812
1748974855278,-0.5059478759765625,0.10433303833007813,9.188342742919922
1748974855350,-0.5884263610839844,0.6221063232421875,9.560917968750001
1748974855410,-0.18830841064453127,0.8464897155761719,10.28855484008789
1748974855477,-0.7656578063964844,0.27198440551757813,8.831484832763673
1748974855550,-1.005908203125,0.11960128784179688,10.355914764404297
1748974855610,-0.033679962158203125,0.36718643188476563,8.567134552001953
1748974855677,-1.0831475830078126,0.09250762939453125,9.818382568359375
1748974855750,-1.0324031066894532,0.5996530151367188,9.895921325683593
1748974855810,-0.8863069152832032,0.4263134765625,9.07996810913086
1748974855877,-0.506546630859375,0.2472857666015625,10.352322235107422
1748974855951,-1.1876303100585939,0.02484832763671875,9.66480194091797
1748974856010,-1.2352313232421877,0.10867401123046876,9.401798858642579
1748974856077,-0.5517526245117188,-0.04879852294921875,9.19927001953125
1748974856151,-0.9367520141601563,-0.04460723876953125,9.490115203857423
1748974856210,-0.8255332946777344,0.2788700866699219,8.973689117431642
1748974856277,-0.790206756591797,0.45295806884765627,10.482850799560547
1748974856350,-0.9243278503417969,0.3448828125,9.366771697998047
1748974856410,-1.096769256591797,0.3489244079589844,9.929451599121094
1748974856477,-0.7015910339355469,0.09834548950195313,9.244925079345704
1748974856550,-1.2397219848632812,0.1872605895996094,10.001002807617189
1748974856610,-1.2096345520019531,0.4141886901855469,9.493258666992189
1748974856677,-0.808319091796875,0.36553985595703126,10.157876586914062
1748974856749,-0.6803352355957032,0.469423828125,8.955127716064453
1748974856810,-1.2162208557128906,0.5159770202636719,10.275232543945313
1748974856877,-0.6734495544433594,0.9870474243164064,9.863438873291017
1748974856946,-0.99393310546875,0.12229568481445313,10.307565307617187
1748974857011,-1.0298583984375,0.6716532897949219,9.238338775634766
1748974857077,-0.5828878784179687,0.5471122741699219,8.797954559326172
1748974857145,-0.7310797119140625,0.5870791625976562,9.095835113525391
1748974857210,-1.1087443542480468,0.6682104492187501,10.655591583251955
1748974857277,-1.0792556762695313,0.6059399414062501,10.867700500488281
1748974857350,-1.0451266479492187,0.48020141601562505,9.462722167968751
1748974857410,-0.9786648559570313,0.16720230102539063,9.525591430664063
1748974857477,-0.6033952331542969,0.2130070495605469,8.762777709960938
1748974857550,-0.7038363647460938,-0.09595046997070313,9.087452545166016
1748974857610,-0.959055633544922,0.44442581176757817,10.051298217773438
1748974857677,-0.5336402893066406,0.6300398254394531,10.24484573364258
1748974857750,-0.9638456726074219,0.35820510864257815,9.739496612548828
1748974857810,-1.0749147033691406,-0.12364288330078126,9.524842987060547
1748974857877,-0.5987548828125,-0.4528083801269531,9.305249633789064
1748974857950,-1.1933184814453126,0.032183074951171876,9.279802551269531
1748974858010,-1.3100756835937502,0.3637435913085938,9.270821228027344
1748974858077,-0.5984555053710938,-0.0532891845703125,9.402996368408203
1748974858149,-1.1000624084472657,-0.052989807128906254,9.906399536132813
1748974858211,-0.9511221313476563,0.45699966430664063,10.304870910644532
1748974858277,-0.8660989379882813,-0.0335302734375,10.019414520263672
1748974858349,-0.8652008056640625,0.004939727783203125,10.11940658569336
1748974858411,-0.4950205993652344,-0.009430389404296876,8.68478988647461
1748974858477,-0.6343807983398437,-0.14639556884765625,9.135652313232422
1748974858551,-0.28186386108398437,0.33679962158203125,10.134974212646485
1748974858610,-0.5411247253417969,0.3614982604980469,10.458002471923828
1748974858677,-0.6015989685058594,0.7306306457519531,9.955347747802735
1748974858750,-0.08592132568359376,0.44083328247070314,10.01926483154297
1748974858810,-0.1770817565917969,0.4228706359863281,8.856782226562501
1748974858877,-1.3286370849609375,0.45116180419921875,10.26984375
1748974858949,-0.4132905578613281,1.0617420959472657,8.352181549072267
1748974859010,-0.2285746765136719,0.6231541442871094,10.428513793945314
1748974859077,0.06571334838867188,1.058448944091797,8.68523895263672
1748974859150,-0.4796026611328125,0.8957373046875,11.0314599609375
1748974859211,-0.6242019653320313,0.7852670288085938,9.231153717041016
1748974859277,-0.45879592895507815,0.7255412292480469,10.565179595947265
1748974859349,0.3561094665527344,0.6159690856933594,7.600744171142579
1748974859411,-0.8794212341308594,0.6252497863769532,10.665620727539062
1748974859477,0.13486953735351564,1.2353810119628907,9.325756988525391
1748974859551,-0.811761932373047,0.49367340087890627,10.317145385742188
1748974859610,-0.55564453125,0.5812413024902344,10.269095306396485
1748974859677,-0.15088623046875002,0.5255570983886719,9.517059173583984
1748974859751,-0.19534378051757814,0.20582199096679688,9.301956481933594
1748974859810,-0.28650421142578125,0.36404296875000003,10.302026824951172
1748974859877,-0.20552261352539064,0.40311172485351565,9.713450775146486
1748974859951,-0.4052073669433594,0.7610174560546875,10.540630645751953
1748974860010,-0.34982254028320314,0.5466632080078125,9.411828002929688
1748974860077,-0.2856060791015625,0.389190673828125,9.839937744140625
1748974860151,-0.09190887451171875,0.3192860412597656,9.461374969482423
1748974860210,-0.30835876464843753,0.3848497009277344,10.256072387695314
1748974860277,-0.18905685424804688,0.705333251953125,9.833800506591798
1748974860349,-0.12903167724609377,0.10523117065429688,9.95265335083008
1748974860410,-0.0383203125,0.10972183227539063,9.166188812255859
1748974860477,-0.018711090087890625,-0.0652642822265625,8.75664047241211
1748974860549,-0.22423370361328127,-0.010627899169921875,9.70417007446289
1748974860610,-0.17483642578125,0.1423539733886719,9.6231884765625
1748974860677,-0.40625518798828125,0.24998016357421876,10.493329010009766
1748974860748,-0.2686912536621094,0.4053570556640625,9.360484771728515
1748974860810,-0.3004252624511719,-0.08577163696289063,9.337133331298828
1748974860877,-0.32647109985351563,-0.16705261230468751,9.256151733398438
1748974860955,-0.2701881408691406,0.0,9.626182250976562
1748974861010,-0.12918136596679688,-0.35281631469726565,9.625284118652344
1748974861077,-0.2709365844726563,-0.10867401123046876,10.764564971923829
1748974861152,-0.4459226989746094,-0.2731819152832031,9.992021484375
1748974861210,-0.20672012329101563,-0.30731094360351563,9.104217681884766
1748974861277,0.143701171875,-0.21704864501953125,8.946745147705078
1748974861348,-0.22513183593750002,-0.15477813720703126,9.469158782958985
1748974861411,-0.25536895751953126,-0.2556683349609375,10.645263061523439
1748974861476,-0.25926086425781253,-0.2293231201171875,10.498418426513672
1748974861551,-0.36179763793945313,-0.23456222534179688,9.253307647705078
1748974861611,-0.3387455749511719,0.08666976928710939,9.567504272460939
1748974861677,-0.08352630615234376,0.20567230224609376,9.094487915039062
1748974861751,-0.39652542114257816,0.16570541381835938,9.554032287597657
1748974861810,-0.14145584106445314,0.20642074584960937,10.562634887695314
1748974861877,0.08008346557617188,0.5325924682617188,9.378447418212891
1748974861945,-0.3688330078125,0.46104125976562504,9.658515014648438
1748974862010,0.056282958984375006,0.6939569091796876,9.189540252685548
1748974862077,-0.44068359375000005,0.7045848083496095,9.241033172607422
1748974862145,-0.13307327270507813,0.4137396240234375,9.285341033935547
1748974862210,-0.0724493408203125,0.21225860595703125,9.07757308959961
1748974862277,-0.4915777587890625,-0.024698638916015626,9.532626800537109
1748974862350,-0.06556365966796876,0.37018020629882814,10.03558090209961
1748974862410,-0.5620811462402344,0.2369572448730469,10.275232543945313
1748974862477,-0.2552192687988281,0.13202545166015625,8.571475524902343
1748974862551,-0.1675016784667969,-0.5074447631835938,9.247469787597657
1748974862610,-0.4025129699707031,-0.19354751586914062,10.283914489746094
1748974862677,-0.5703140258789062,0.13127700805664064,10.611732788085938
1748974862751,-0.4590953063964844,0.4267625427246094,10.649753723144531
1748974862810,-0.12783416748046875,-0.37976028442382814,9.306147766113282
1748974862877,-0.06256988525390625,-0.8155041503906251,9.976004791259767
1748974862950,0.1239422607421875,-0.08771759033203125,9.991722106933594
1748974863010,-0.4939727783203125,0.34338592529296874,10.525362396240235
1748974863077,0.01945953369140625,0.32647109985351563,10.068662109375001
1748974863152,-0.07948471069335938,-0.10223739624023438,9.326804809570312
1748974863210,0.02245330810546875,-0.9264234924316407,9.317823486328125
1748974863277,0.28186386108398437,-0.2712359619140625,8.899443511962891
1748974863350,-0.6218069458007813,0.5369334411621094,10.584190063476562
1748974863411,-0.5414241027832032,0.8313711547851563,10.20996826171875
1748974863477,-0.7256909179687501,0.06915618896484375,10.07390121459961
1748974863551,-0.5266049194335938,0.17857864379882812,9.313183135986328
1748974863610,-0.5947132873535157,-0.049097900390625004,9.747280426025391
1748974863677,-0.0041912841796875,0.24593856811523437,9.355844421386719
1748974863750,-0.42810974121093753,0.14609619140625002,10.806028747558594
1748974863812,0.017214202880859376,0.140108642578125,10.240953826904297
1748974863877,-0.20851638793945312,-0.1333726501464844,10.525362396240235
1748974863950,-0.3730242919921875,-0.3375480651855469,9.104217681884766
1748974864011,-0.07873626708984376,-0.9352551269531251,9.695787506103516
1748974864077,-0.31404693603515627,-1.2290940856933594,9.494905242919922
1748974864151,-0.8313711547851563,-1.1277548217773439,9.672735443115235
1748974864211,-0.5882766723632813,-0.9268725585937501,10.055639190673828
1748974864277,-0.45385620117187503,-0.8997789001464844,10.466085662841797
1748974864349,-0.8547225952148438,-0.9627978515625001,10.2171533203125
1748974864411,-0.6137237548828125,-1.2374766540527344,10.388995971679687
1748974864477,-0.35281631469726565,-0.9328601074218751,9.57618621826172
1748974864550,-0.6776408386230469,-0.5788462829589844,8.997339935302735
1748974864610,-1.0319540405273437,-0.6894662475585938,8.46160400390625
1748974864677,0.1387614440917969,-0.6848258972167969,9.7860498046875
1748974864749,-0.8008346557617188,-1.0886860656738282,10.060279541015625
1748974864810,-2.0845651245117187,-0.48873367309570315,8.726553039550781
1748974864877,-1.281185760498047,-0.4628375244140625,9.428593139648438
1748974864950,-0.13516891479492188,-0.1023870849609375,9.263636169433594
1748974865010,-1.3573773193359375,-0.06451583862304688,9.579179992675781
1748974865077,-0.997375946044922,0.4584965515136719,9.473948822021486
1748974865151,-0.5774990844726563,0.810714111328125,11.06873245239258
1748974865211,-1.0936257934570313,1.0288105773925782,11.194171600341797
1748974865277,-1.325493621826172,0.890947265625,10.175539855957032
1748974865349,-0.9288185119628907,0.5572911071777344,9.404044189453126
1748974865411,-0.6779402160644532,0.6703060913085938,9.46646438598633
1748974865477,-0.6445596313476563,0.8087681579589844,10.380763092041017
1748974865550,-0.7550299072265625,0.5454656982421875,10.017618255615234
1748974865610,-0.6655160522460938,1.0454260253906251,10.638676757812501
1748974865677,-0.7367678833007812,0.6987469482421875,9.420210571289063
1748974865751,-1.0252180480957032,0.08666976928710939,9.245823211669922
1748974865810,-0.9211843872070313,-0.108973388671875,8.778495025634767
1748974865877,-1.1430230712890626,-0.21555175781250002,9.19732406616211
1748974865950,-1.0822494506835938,-0.18606307983398437,10.127489776611329
1748974866010,-0.9443861389160156,0.05194198608398438,10.19754409790039
1748974866077,-0.9410929870605469,-0.29309051513671874,9.665550384521485
1748974866151,-0.890947265625,0.04071533203125,9.48427734375
1748974866210,-0.6327342224121094,-0.3043171691894531,9.337283020019532
1748974866277,-1.0237211608886718,-0.44068359375000005,10.659184112548829
1748974866350,-0.9370513916015626,-0.5062472534179687,9.712852020263673
1748974866411,-1.06578369140625,-0.1335223388671875,10.040520629882813
1748974866477,-0.8092172241210938,0.076640625,9.567204895019533
1748974866550,-0.7598199462890626,0.1323248291015625,9.41766586303711
1748974866611,-0.7092251586914062,-0.0089813232421875,9.811047821044923
1748974866677,-0.6059399414062501,0.3242257690429688,9.503138122558594
1748974866749,-0.8056246948242188,-0.2775228881835938,9.823322296142578
1748974866811,-0.8979826354980469,0.33171020507812504,9.57094711303711
1748974866877,-0.986598358154297,-0.15522720336914064,9.0579638671875
1748974866947,-1.0491682434082032,0.16705261230468751,9.503587188720704
1748974867011,-0.8527766418457031,-0.05673202514648438,9.211394805908204
1748974867077,-1.2183164978027345,-0.02604583740234375,10.014175415039062
1748974867145,-0.8740324401855469,-0.07110214233398438,9.927655334472657
1748974867211,-1.1223660278320313,0.4805007934570313,10.16491195678711
1748974867277,-1.0027647399902344,0.5926176452636719,9.777966613769532
1748974867349,-0.7509883117675782,0.3339555358886719,9.316176910400392
1748974867411,-1.1252101135253907,-0.1730401611328125,10.329868927001954
1748974867477,-0.5544470214843751,-0.257464599609375,8.912765808105469
1748974867551,-1.0370434570312501,-0.05643264770507813,10.653196563720703
1748974867611,-0.8928932189941406,0.23171813964843752,9.900262298583986
1748974867677,-0.8674461364746094,0.2686912536621094,9.817933502197267
1748974867751,-0.6912625122070313,0.15477813720703126,9.512119445800781
1748974867810,-0.6324348449707031,-0.3968247985839844,8.710985412597656
1748974867877,-0.6429130554199219,-0.2724334716796875,10.662626953125
1748974867950,-0.3342549133300781,0.3237767028808594,9.556876373291017
1748974868010,-0.6108796691894531,0.2639012145996094,9.267079010009766
1748974868077,0.15133529663085937,-0.058677978515625,9.47799041748047
1748974868150,0.30491592407226564,0.281414794921875,8.919801177978517
1748974868210,-1.0750643920898437,0.20881576538085939,10.405910797119141
1748974868277,-0.29653335571289063,0.10148895263671875,8.9142626953125
1748974868351,-0.062120819091796876,-0.12618759155273437,9.770332489013672
1748974868411,-0.6285429382324219,-0.14040802001953126,9.178313598632814
1748974868477,-0.6236032104492187,-0.17962646484375,9.421108703613282
1748974868551,0.11286529541015626,0.40924896240234376,9.811646575927735
1748974868611,-0.26420059204101565,0.2315684509277344,9.405690765380859
1748974868677,-0.5251080322265625,0.02005828857421875,10.390792236328126
1748974868750,-0.12543914794921876,-0.022602996826171878,9.696685638427734
1748974868811,-0.7092251586914062,-0.15477813720703126,9.808353424072266
1748974868877,-0.2890489196777344,-0.21585113525390626,9.446855163574218
1748974868950,0.09535171508789063,-0.3802093505859375,9.334588623046875
1748974869010,-0.6761439514160157,-0.25462051391601564,10.534643096923828
1748974869077,-0.05822891235351563,-0.36164794921875004,9.851014709472656
1748974869150,0.007035369873046876,-0.2677931213378906,10.719209289550783
1748974869211,-0.016016693115234376,-0.5478607177734375,9.418863372802734
1748974869277,-0.2782713317871094,-0.7429051208496094,9.35539535522461
1748974869351,-0.07858657836914062,-0.7937992858886719,9.721234588623048
1748974869411,-0.31105316162109375,-0.6045927429199219,10.050400085449219
1748974869477,-0.4099974060058594,-0.350870361328125,10.368189239501953
1748974869550,0.13906082153320312,-0.2775228881835938,10.145153045654297
1748974869611,-0.21405487060546877,-0.40131546020507813,10.133028259277344
1748974869677,-0.21285736083984377,0.1423539733886719,10.188562774658203
1748974869751,-0.10133926391601562,0.21001327514648438,8.713380432128906
1748974869810,-0.32901580810546877,0.101788330078125,9.48667236328125
1748974869878,0.06990463256835938,-0.1742376708984375,10.226883087158203
1748974869951,-0.34099090576171875,0.1375639343261719,10.439441070556642
1748974870010,-0.6450086975097656,0.2130070495605469,9.977950744628906
1748974870077,0.15567626953125,-0.35221755981445313,8.271798706054687
1748974870151,0.03787124633789063,-0.009729766845703125,9.388476562500001
1748974870210,-0.19100280761718752,0.24758514404296877,9.07427993774414
1748974870277,-0.4912783813476563,0.659827880859375,10.422077178955078
1748974870351,0.2477348327636719,0.6468049621582032,8.908873901367189
1748974870410,-0.26105712890625,0.39892044067382815,9.510472869873047
1748974870477,-0.25237518310546875,0.40894958496093753,9.903256072998047
1748974870550,-0.6295907592773438,0.45161087036132813,9.892029418945313
1748974870610,-0.7361691284179688,0.4731660461425781,10.1309326171875
1748974870677,0.06511459350585938,0.106578369140625,9.389075317382813
1748974870750,-0.3362008666992188,0.14624588012695314,10.32448013305664
1748974870810,-0.09295669555664063,-0.00269439697265625,10.157427520751954
1748974870877,-0.31689102172851563,0.07499404907226563,8.851393432617188
1748974870950,-0.33664993286132816,0.047900390625000004,10.489586791992188
1748974871011,-0.36778518676757815,0.24189697265625001,9.464518432617188
1748974871077,-0.4734654235839844,-0.6204597473144532,9.834548950195312
1748974871152,-0.599802703857422,-0.25237518310546875,9.60447738647461
1748974871210,-1.24780517578125,-0.5695655822753907,9.527986450195312
1748974871277,-1.2647200012207032,-0.6536906433105469,9.032217407226563
1748974871350,-0.36134857177734375,-0.2974314880371094,9.73096435546875
1748974871410,-1.3108241271972656,-0.4221221923828125,10.037227478027344
1748974871477,-1.1311976623535156,-0.27542724609375,9.911938018798828
1748974871548,-0.4980143737792969,-0.5887257385253907,10.23915756225586
1748974871610,-0.7864645385742188,-0.7289840698242188,9.034013671875
1748974871677,-1.0874885559082033,-0.6518943786621094,9.507329406738283
1748974871748,-0.4209246826171875,-0.31449600219726564,9.259295196533204
1748974871810,-1.208137664794922,-0.12079879760742188,10.025701446533203
1748974871877,-1.0949729919433595,0.13995895385742188,10.260563049316406
1748974871950,-0.6050418090820313,-0.3565585327148438,9.071735229492187
1748974872011,-0.8984317016601563,-0.2824626159667969,9.102122039794923
1748974872077,-1.077609100341797,-0.13127700805664064,9.635762329101563
1748974872144,-1.4051280212402344,0.29174331665039066,10.28750701904297
1748974872211,-0.7439529418945313,0.15178436279296875,9.490713958740235
1748974872277,-0.5619314575195313,0.3438349914550781,10.227481842041016
1748974872349,-0.7045848083496095,0.74006103515625,9.663005676269531
1748974872410,-0.8605604553222657,0.5125341796875,8.837472381591798
1748974872477,-0.8276289367675782,0.33769775390625,10.328821105957031
1748974872551,-0.7923023986816407,0.2836601257324219,9.524693298339844
1748974872610,-1.0551557922363282,0.14923965454101562,10.218650207519532
1748974872677,-1.0015672302246095,0.5295986938476562,9.469907226562501
1748974872749,-0.820144500732422,-0.1682501220703125,9.23803939819336
1748974872810,-0.6018983459472657,-0.258662109375,9.890083465576172
1748974872877,-0.4082011413574219,0.4710704040527344,10.354717254638672
1748974872950,-0.8864566040039062,0.17992584228515626,9.854457550048828
1748974873010,-0.2724334716796875,-0.5758525085449219,10.195149078369141
1748974873077,0.09101074218750001,-0.33635055541992187,9.447603607177735
1748974873149,-0.5179229736328125,-0.24010070800781252,9.746831359863283
1748974873210,0.106578369140625,-0.16196319580078125,9.239835662841797
1748974873277,-0.09071136474609376,-0.0820294189453125,9.287736053466798
1748974873351,-0.13037887573242188,-0.14624588012695314,9.956694946289064
1748974873411,0.26420059204101565,-0.24010070800781252,9.14702865600586
1748974873477,-0.30566436767578126,-0.33485366821289064,10.347981262207032
1748974873550,-0.5593867492675781,-0.17932708740234377,8.76143051147461
1748974873610,-0.7342231750488282,-0.012124786376953125,9.602381744384767
1748974873677,-0.06182144165039063,-0.2327659606933594,9.698332214355469
1748974873750,-1.210532684326172,-0.013621673583984376,10.029892730712891
1748974873810,-1.118324432373047,-0.5936654663085937,10.3704345703125
1748974873877,0.6010002136230469,-0.6753955078125,9.822274475097657
1748974873951,-1.0626402282714844,0.07978408813476563,10.562784576416016
1748974874011,-1.3165122985839846,0.12663665771484375,9.397757263183594
1748974874077,-0.3770658874511719,-0.7069798278808594,9.272018737792969
1748974874149,-0.24384292602539065,-0.7018904113769532,9.284442901611328
1748974874211,-1.2319381713867188,-0.7342231750488282,9.450896759033204
1748974874277,-1.0635383605957032,-0.0724493408203125,10.140063629150392
1748974874350,-0.050295410156250005,-0.7361691284179688,9.931696929931642
1748974874411,-1.1323951721191408,0.08771759033203125,9.434580688476563
1748974874477,-1.205892333984375,-0.3309617614746094,9.595046997070312
1748974874551,0.07020401000976563,0.03577560424804688,9.043893127441407
1748974874610,-0.10463241577148438,0.5574407958984375,9.910141754150391
1748974874677,-0.6505471801757813,0.13636642456054687,9.355694732666016
1748974874750,-0.24863296508789065,0.0017962646484375,9.978250122070312
1748974874811,-0.9084608459472656,-0.2712359619140625,9.867480468750001
1748974874877,-0.3266207885742188,-0.23531066894531252,10.541828155517578
1748974874950,-0.7147636413574219,-0.19010467529296876,9.642648010253907
1748974875011,-0.6132746887207031,0.1423539733886719,8.727151794433594
1748974875077,0.5954617309570313,-0.3266207885742188,9.965077514648438
1748974875152,-0.15777191162109375,-0.03981719970703125,9.762698364257814
1748974875211,-0.0700543212890625,-0.1287322998046875,10.913954315185547
1748974875277,-1.054856414794922,0.013771362304687501,10.60275146484375
1748974875352,-0.08173004150390625,-0.1580712890625,7.508086853027344
1748974875410,0.27378067016601565,-0.8207432556152344,8.297395477294922
1748974875478,-0.4816983032226563,-1.4112652587890626,9.508826293945313
1748974875550,-0.006586303710937501,-0.7063810729980469,9.978250122070312
1748974875610,-1.084794158935547,0.32168106079101566,10.5380859375
1748974875677,0.18830841064453127,0.14579681396484376,10.181527404785157
1748974875750,-0.19953506469726565,-0.14145584106445314,9.745035095214844
1748974875811,-0.48379394531250003,0.39472915649414064,9.094637603759766
1748974875877,-0.19444564819335938,0.28036697387695314,9.430539093017579
1748974875951,-0.17872833251953127,0.20657043457031252,10.292446746826172
1748974876011,-0.3177891540527344,-0.06795867919921875,10.207423553466798
1748974876077,-0.30222152709960937,0.07619155883789062,9.991871795654298
1748974876151,-0.18875747680664062,0.08577163696289063,9.446705474853516
1748974876211,-0.28740234375,0.19833755493164062,8.909173278808595
1748974876278,-0.6480024719238282,-0.22632934570312502,9.758207702636719
1748974876351,-0.47660888671875,-0.14085708618164064,9.76733871459961
1748974876411,-0.5068460083007813,-0.061072998046875,9.876012725830078
1748974876477,-0.5740562438964844,-0.4317022705078125,9.057215423583985
1748974876550,-0.6010002136230469,0.32721954345703125,9.836195526123047
1748974876610,-0.6665638732910156,0.17648300170898437,10.35411849975586
1748974876678,-0.7330256652832031,-0.18950592041015626,9.30944091796875
1748974876750,-0.6218069458007813,-0.5605842590332032,9.335037689208985
1748974876810,-0.43304946899414065,0.11451187133789063,8.738079071044922
1748974876877,-0.31674133300781254,-0.035326538085937505,10.821446685791017
1748974876946,-0.10029144287109376,0.6530918884277344,9.874665527343751
1748974877011,-0.5324427795410156,0.0940045166015625,10.905272369384766
1748974877078,-0.3403921508789063,0.18920654296875,8.746910705566407
1748974877145,-0.49112869262695313,-0.15567626953125,9.402247924804689
1748974877211,-0.4082011413574219,0.34727783203125,9.128616943359376
1748974877277,-0.43005569458007814,0.3447331237792969,9.553433532714845
1748974877351,-0.3614982604980469,0.33635055541992187,10.310858459472657
1748974877410,-0.21794677734375,0.18441650390625,9.999954986572266
1748974877477,-0.7262896728515625,-0.02903961181640625,10.111622772216798
1748974877551,-0.017064514160156252,0.469423828125,9.569300537109376
1748974877610,-0.3442840576171875,0.37736526489257816,8.778944091796875
1748974877678,-0.4685256958007813,0.4293072509765625,9.729617156982423
1748974877750,-0.21704864501953125,0.8571176147460938,9.859696655273439
1748974877810,-0.5312452697753907,0.9877958679199219,10.232271881103516
1748974877877,-0.4135899353027344,1.2397219848632812,9.747579803466797
1748974877950,-0.02484832763671875,1.026415557861328,9.661658477783204
1748974878010,-0.3507206726074219,1.0533595275878906,9.531578979492188
1748974878077,-0.296982421875,1.299148406982422,9.29357391357422
1748974878150,-0.4463717651367188,0.9581575012207032,9.781110076904298
1748974878210,-0.40011795043945314,1.1870315551757813,9.958790588378907
1748974878278,-0.4800517272949219,1.2219090270996094,9.635762329101563
1748974878349,-0.32138168334960937,1.3919554138183594,9.608968048095704
1748974878411,-0.24040008544921876,1.462159423828125,9.63755859375
1748974878478,-0.21285736083984377,1.5477813720703126,9.022038574218751
1748974878553,-0.4816983032226563,1.3762380981445312,9.919123077392578
1748974878612,-0.1754351806640625,1.4064752197265626,9.998009033203125
1748974878678,-0.4999603271484375,1.3133688354492188,9.382788391113282
1748974878751,-0.7042854309082032,1.150657196044922,9.536369018554687
1748974878811,-0.082628173828125,1.2981005859375,8.500822448730469
1748974878877,-0.3441343688964844,1.4248869323730469,10.080188140869142
1748974878950,-0.43110351562500004,1.8976039123535158,10.15772689819336
1748974879011,-0.2028282165527344,1.2997471618652345,10.485545196533204
1748974879078,-0.5450166320800781,1.6399896240234375,9.669891357421875
1748974879151,-0.47256729125976565,1.4509327697753907,9.094487915039062
1748974879211,-0.316142578125,1.5597564697265627,8.367749176025391
1748974879278,-0.42346939086914065,1.5432907104492188,10.588531036376954
1748974879352,-0.31853759765625,1.9890637207031252,10.466534729003907
1748974879413,-0.38395156860351565,1.336271209716797,10.248288574218751
1748974879477,-0.3968247985839844,1.4214440917968751,9.411378936767578
1748974879551,-0.28874954223632815,1.4757810974121095,9.155710601806641
1748974879611,-0.5447172546386719,1.5191908264160157,9.058113555908204
1748974879677,-0.5773493957519532,1.5149995422363283,9.864636383056641
1748974879753,-0.9624984741210938,1.3956976318359375,9.996063079833984
1748974879810,-0.9493258666992188,1.3498928833007813,9.677226104736329
1748974879877,-0.5825885009765626,1.5257771301269532,10.1165625
1748974879950,-0.7313790893554688,1.3350736999511719,9.18534896850586
1748974880010,-0.798739013671875,1.084644470214844,9.225615234375
1748974880077,-0.8687933349609376,1.460662536621094,10.375973052978516
1748974880150,-0.863404541015625,1.4281800842285157,9.778265991210938
1748974880210,-0.7566764831542969,1.3133688354492188,9.046138458251953
1748974880278,-0.6441105651855469,0.7530839538574219,9.650282135009766
1748974880350,-0.6628216552734375,0.8518785095214845,9.363179168701173
1748974880411,-0.9000782775878907,0.5866300964355469,9.702822875976564
1748974880478,-0.7454498291015625,0.9656419372558595,10.018067321777345
1748974880551,-0.7030879211425781,0.7539820861816406,9.15660873413086
1748974880610,-0.8753796386718751,0.6918612670898437,8.966204681396485
1748974880678,-1.2223580932617188,0.7246430969238281,10.275232543945313
1748974880751,-0.8592132568359375,0.41209304809570313,9.389823760986328
1748974880811,-1.0789562988281252,0.8336164855957031,9.483379211425781
1748974880878,-0.5357359313964845,0.7731422424316406,9.59968734741211
1748974880949,-0.6753955078125,0.9419911193847657,9.529483337402345
1748974881011,-0.9029223632812501,0.7765850830078126,9.202413482666016
1748974881078,-0.5701643371582031,0.7957452392578125,9.691745910644531
1748974881151,-0.9131011962890625,0.6864724731445313,9.495653686523438
1748974881211,-1.6567547607421875,0.528101806640625,9.92825408935547
1748974881278,-0.8412506103515626,0.29533584594726564,9.674681396484376
1748974881350,-0.27797195434570315,0.4950205993652344,10.070308685302734
1748974881411,-0.6153703308105469,0.2832110595703125,9.695188751220703
1748974881477,-0.3974235534667969,0.3525169372558594,9.604627075195314
1748974881551,0.116158447265625,0.3311114501953125,8.480614471435548
1748974881611,0.6439608764648438,0.03667373657226563,8.85333938598633
1748974881678,0.4839436340332032,-0.6066883850097656,8.779393157958985
1748974881751,0.39652542114257816,-0.12319381713867188,10.134375457763673
1748974881810,-0.23605911254882814,0.29264144897460936,10.490185546875
1748974881877,-0.44188110351562504,0.03667373657226563,9.791588287353516
1748974881943,0.5078938293457032,0.35895355224609377,9.551188201904298
1748974882011,0.34727783203125,-0.4285588073730469,8.866511993408203
1748974882078,-0.08247848510742188,0.013771362304687501,8.426277465820313
1748974882145,0.5081932067871094,-0.1802252197265625,9.543254699707031
1748974882211,0.6673123168945313,-0.020507354736328125,10.35741165161133
1748974882277,-0.257464599609375,0.27677444458007816,10.50695068359375
1748974882350,0.523311767578125,0.9035211181640626,9.271719360351563
1748974882411,-1.428629150390625,-0.7310797119140625,9.277407531738282
1748974882477,0.42167312622070313,0.35685791015625,8.855435028076172
1748974882550,-0.9002279663085938,0.27258316040039066,10.571466522216797
1748974882611,-0.7863148498535156,-0.09669891357421875,10.136471099853516
1748974882678,-1.1064990234375,0.30985565185546876,10.263257446289064
1748974882751,-0.6198609924316406,-0.3945794677734375,8.676557006835939
1748974882811,-0.5710624694824219,-0.8529263305664063,8.543783111572266
1748974882877,-1.5408956909179687,-1.2374766540527344,9.848170623779298
1748974882951,-1.1838880920410157,-0.5337899780273437,9.785301361083985
1748974883012,-1.6268170166015625,-0.3833528137207031,10.186317443847656
1748974883078,-1.97589111328125,-1.4555731201171875,10.70229446411133
1748974883150,-0.7562274169921875,-0.9996212768554688,9.109007720947266
1748974883211,-0.7399113464355469,-0.45999343872070314,9.001231842041015
1748974883278,-1.1431727600097656,-0.3062631225585938,8.956624603271484
1748974883351,-1.4639556884765625,-0.3841012573242188,10.36175262451172
1748974883410,-2.162403259277344,-0.8342152404785157,11.04822509765625
1748974883477,-0.8370593261718751,-0.746048583984375,9.444160766601563
1748974883551,-1.0446775817871095,-0.2927911376953125,9.022787017822266
1748974883611,-1.3451028442382813,-0.6882687377929688,8.518635406494141
1748974883678,-1.3120216369628908,-0.5924679565429688,9.764794006347657
1748974883750,-1.5286212158203125,-0.626297607421875,10.015223236083985
1748974883812,-1.6771124267578126,-0.2794688415527344,10.175390167236328
1748974883878,-1.5199392700195313,-0.23800506591796877,10.144105224609376
1748974883951,-1.1003617858886718,-0.3001258850097656,7.884853363037109
1748974884011,-1.5561639404296876,-0.44756927490234377,8.982969818115235
1748974884078,-1.580413513183594,-0.631087646484375,9.235345001220704
1748974884151,-1.6010705566406251,-0.4082011413574219,10.761720886230469
1748974884211,-1.8140776062011719,-0.15193405151367187,11.009156341552735
1748974884278,-1.8227595520019533,0.03577560424804688,9.987979888916016
1748974884352,-1.7339941406250001,-0.4944218444824219,8.72071517944336
1748974884413,-1.725461883544922,-0.5099894714355468,8.801397399902344
1748974884477,-1.4042298889160156,-0.7858657836914062,8.538394317626954
1748974884551,-1.911075897216797,-0.7038363647460938,10.397079162597656
1748974884613,-1.5007791137695314,-0.24563919067382814,10.059680786132812
1748974884678,-1.8275495910644532,-0.1886077880859375,10.481204223632814
1748974884751,-1.4076727294921876,-0.5107379150390625,9.260492706298828
1748974884811,-1.6410374450683594,-0.5054988098144532,9.041498107910156
1748974884878,-1.6459771728515626,-0.5936654663085937,9.033115539550781
1748974884952,-1.8205142211914063,-0.6791377258300781,9.653874664306642
1748974885011,-1.7137861633300782,-0.808319091796875,10.052196350097656
1748974885078,-1.4563215637207032,-0.4465214538574219,9.76404556274414
1748974885153,-1.7739610290527346,-0.43544448852539064,10.053543548583985
1748974885210,-1.409468994140625,-0.257464599609375,8.557554473876953
1748974885278,-1.7690213012695313,-0.6489006042480469,9.225914611816407
1748974885350,-1.6277151489257813,-0.5863307189941407,9.67153793334961
1748974885410,-1.9464024353027345,-0.47720764160156254,11.150462493896486
1748974885477,-1.4992822265625,-0.28021728515625,10.05668701171875
1748974885552,-1.8934126281738282,-0.28680358886718754,9.303752746582031
1748974885613,-1.847607879638672,-0.48035110473632814,8.29200668334961
1748974885678,-2.668201446533203,-0.41808059692382815,10.294093322753907
1748974885751,-1.9444564819335939,-0.22019210815429688,9.02578079223633
1748974885810,-2.9059071350097656,0.17498611450195314,10.840906219482422
1748974885878,-2.24173828125,0.008232879638671876,9.439819793701172
1748974885952,-2.5786875915527343,-0.4528083801269531,10.165510711669922
1748974886011,-2.2011726379394534,-0.31284942626953127,9.039252777099609
1748974886078,-2.702330474853516,-0.13846206665039062,9.99097366333008
1748974886151,-1.9734960937500001,-0.030386810302734376,8.374784545898438
1748974886211,-2.7598109436035156,-0.2579136657714844,10.581944732666017
1748974886278,-2.534978485107422,-0.08472381591796875,10.403515777587891
1748974886350,-2.634222106933594,-0.29309051513671874,9.782008209228517
1748974886410,-3.126697998046875,-0.18172210693359375,10.146949310302736
1748974886477,-2.272723846435547,-0.32677047729492187,8.848100280761718
1748974886550,-2.5414151000976566,-0.5984555053710938,8.61967529296875
1748974886611,-2.286195831298828,-0.2788700866699219,9.48622329711914
1748974886678,-2.9454249572753906,-0.3418890380859375,10.261760559082031
1748974886750,-2.611768798828125,-0.3629951477050781,10.276430053710937
1748974886811,-2.006128234863281,-0.651295623779297,8.640482025146484
1748974886878,-3.073857879638672,-0.46223876953125004,10.820997619628907
1748974886945,-2.008074188232422,-0.4830455017089844,9.467212829589844
1748974887011,-2.4310945129394534,-0.7234455871582032,9.835147705078125
1748974887078,-2.3035597229003906,-0.5358856201171875,9.397757263183594
1748974887145,-2.458786926269531,-0.7837701416015626,9.786798248291015
1748974887211,-2.5569827270507814,-0.8178991699218751,9.63755859375
1748974887278,-2.4182212829589846,-0.8060737609863282,9.509574737548828
1748974887352,-2.6099725341796876,-0.751886444091797,9.503138122558594
1748974887411,-2.2646406555175784,-0.6288423156738282,10.074649658203125
1748974887478,-2.0267852783203124,-0.6529421997070313,10.133028259277344
1748974887551,-1.5191908264160157,-0.3448828125,9.292825469970703
1748974887610,-1.841620330810547,-0.6134243774414063,8.905880126953125
1748974887678,-1.863025817871094,-0.6414161682128906,10.22478744506836
1748974887751,-1.653461608886719,-0.7655081176757813,9.826016693115236
1748974887811,-1.665436706542969,-0.7481442260742188,10.158774719238282
1748974887878,-1.666783905029297,-0.568817138671875,9.173673248291015
1748974887951,-1.6666342163085939,-0.5457650756835938,9.541458435058594
1748974888011,-1.5069163513183594,-0.5754034423828125,9.641001434326173
1748974888077,-1.8700611877441407,-0.5566923522949219,10.101144561767578
1748974888151,-1.4593153381347657,-0.1694476318359375,9.700427856445312
1748974888211,-1.6175363159179688,-0.28650421142578125,9.542506256103517
1748974888278,-1.8140776062011719,-0.6521937561035157,9.27965286254883
1748974888351,-1.7780026245117189,-0.7514373779296876,9.767189025878906
1748974888411,-1.6512162780761719,-0.47571075439453125,10.484647064208986
1748974888478,-1.598675537109375,-0.1483415222167969,9.573192443847656
1748974888551,-1.7419276428222656,-0.38559814453125,9.289232940673829
1748974888613,-1.6817527770996095,-0.42810974121093753,9.084009704589844
1748974888678,-1.7803976440429687,-0.6116281127929688,10.197095031738282
1748974888751,-1.534010009765625,-0.48933242797851567,9.753417663574218
1748974888811,-1.8514997863769531,-0.5068460083007813,10.240055694580079
1748974888878,-1.5471826171875,-0.513731689453125,9.316476287841798
1748974888952,-1.7034576416015625,-0.4751119995117188,9.621541900634766
1748974889012,-1.723366241455078,-0.5968089294433594,9.435778198242188
1748974889078,-1.6720230102539064,-0.4363426208496094,10.020312652587892
1748974889151,-1.71722900390625,-0.4397854614257813,10.006690979003906
1748974889211,-1.5503260803222656,-0.6279441833496094,9.641749877929689
1748974889278,-1.6645385742187502,-0.6477030944824219,9.510472869873047
1748974889349,-1.6435821533203125,-0.6978488159179688,9.436975708007813
1748974889410,-1.7479151916503908,-0.5529501342773437,9.640103302001954
1748974889477,-1.9303857421875001,-0.7038363647460938,9.968370666503906
1748974889549,-1.5396981811523438,-0.6568341064453125,9.88229965209961
1748974889614,-1.7449214172363283,-0.5438191223144532,9.762398986816407
1748974889678,-1.5067666625976563,-0.602197723388672,9.369466094970704
1748974889751,-1.7239649963378907,-0.561632080078125,9.552086334228516
1748974889811,-1.8221607971191407,-0.30985565185546876,9.519753570556642
1748974889878,-1.7642312622070313,-0.38155654907226566,9.854607238769532
1748974889950,-1.3712983703613282,-0.4884342956542969,9.850865020751954
1748974890011,-1.6160394287109376,-0.37931121826171876,9.804910583496094
1748974890078,-1.3888119506835939,-0.5825885009765626,9.508227539062501
1748974890151,-1.275347900390625,-0.6529421997070313,9.596394195556641
1748974890211,-1.3108241271972656,-0.587977294921875,9.311985626220704
1748974890278,-1.3651611328125002,-0.6659651184082032,9.717192993164064
1748974890351,-1.1948153686523437,-0.5167254638671875,9.973460083007813
1748974890411,-1.2587324523925782,-0.6252497863769532,9.747430114746095
1748974890478,-1.2313394165039062,-0.4764591979980469,9.593999176025392
1748974890552,-1.1276051330566408,-0.3335064697265625,9.580676879882812
1748974890612,-1.2066407775878907,-0.4870870971679688,9.583221588134766
1748974890678,-1.2624746704101564,-0.45026367187500005,9.73904754638672
1748974890751,-1.1741583251953125,-0.31225067138671875,9.822124786376953
1748974890811,-1.3449531555175782,-0.5499563598632813,9.79128890991211
1748974890877,-1.1193722534179689,-0.44068359375000005,9.72901840209961
1748974890951,-1.1121871948242188,-0.40086639404296875,9.488618316650392
1748974891012,-0.8279283142089844,-0.434696044921875,9.705666961669923
1748974891078,-0.6514453125,-0.36359390258789065,9.648934936523437
1748974891151,-0.3107537841796875,-0.3622467041015625,9.933193817138672
1748974891211,0.21165985107421875,-0.44083328247070314,9.960137786865236
1748974891278,-0.18441650390625,-0.3908372497558594,9.72662338256836
1748974891351,-0.09430389404296875,-0.2701881408691406,9.59923828125
1748974891411,0.06077362060546875,-0.2375559997558594,9.559570770263672
1748974891477,-0.07319778442382813,-0.33141082763671875,9.298813018798828
1748974891550,-0.20657043457031252,-0.4481680297851563,9.819580078125
1748974891610,-0.11600875854492188,-0.3826043701171875,9.952353973388673
1748974891678,-0.21630020141601564,-0.25162673950195313,9.900561676025392
1748974891751,-0.118553466796875,-0.3323089599609375,9.755213928222657
1748974891811,-0.013322296142578125,-0.3058140563964844,9.516460418701172
1748974891878,-0.045205993652343755,-0.26075775146484376,9.474098510742188
1748974891947,-0.010927276611328125,-0.259859619140625,9.587113494873048
1748974892011,-0.15642471313476564,-0.35745666503906254,9.911339263916016
1748974892078,-0.17064514160156252,-0.3610491943359375,10.125843200683594
1748974892145,-0.09086105346679688,-0.3011737060546875,9.82721420288086
1748974892211,-0.035176849365234374,-0.2341131591796875,9.359886016845703
1748974892278,-0.11151809692382814,-0.3342549133300781,9.578431549072267
1748974892351,-0.05014572143554688,-0.34218841552734375,9.586514739990236
1748974892410,-0.08786727905273438,-0.26000930786132814,9.854906616210938
1748974892478,-0.19923568725585938,-0.2989283752441406,10.05953109741211
1748974892551,-0.11301498413085938,-0.29728179931640625,9.680968322753907
1748974892611,-0.07559280395507813,-0.3305126953125,9.464817810058594
1748974892678,-0.1734892272949219,-0.3059637451171875,9.588909759521485
1748974892749,-0.0293389892578125,-0.12768447875976563,9.78889389038086
1748974892811,-0.008831634521484376,-0.1974394226074219,9.824669494628907
1748974892878,-0.13606704711914064,-0.20193008422851563,9.71180419921875
1748974892951,-0.057779846191406255,-0.2429447937011719,9.772877197265625
1748974893011,-0.10642868041992189,-0.40805145263671877,9.723928985595704
1748974893078,-0.07020401000976563,-0.4082011413574219,9.65477279663086
1748974893147,-0.15238311767578125,-0.25192611694335937,9.628726959228516
1748974893211,-0.1047821044921875,-0.39547760009765626,9.891580352783203
1748974893278,-0.02005828857421875,-0.5429209899902344,9.757159881591797
1748974893351,-0.14953903198242188,-0.42032592773437505,9.499994659423828
1748974893413,-0.08367599487304687,-0.2788700866699219,9.629325714111328
1748974893477,-0.1285826110839844,-0.1922003173828125,9.619745635986328
1748974893551,-0.33799713134765624,-0.24099884033203126,9.854307861328126
1748974893611,-0.3501219177246094,-0.12274475097656251,9.81134719848633
1748974893678,-0.5022056579589844,-0.13187576293945313,9.711504821777345
1748974893751,-0.7104226684570313,-0.2785707092285156,9.495054931640626
1748974893812,-0.6972500610351563,-0.41508682250976564,9.828411712646485
1748974893878,-0.7973918151855469,-0.5119354248046876,9.984986114501954
1748974893949,-0.7607180786132813,-0.4581971740722656,9.692344665527344
1748974894011,-0.6427633666992187,-0.40745269775390625,9.510323181152344
1748974894078,-0.7617658996582032,-0.49172744750976566,9.469009094238281
1748974894151,-0.9114546203613282,-0.626297607421875,9.473948822021486
1748974894211,-0.6364764404296875,-0.4317022705078125,9.858648834228516
1748974894278,-0.5206173706054688,-0.4328997802734375,9.683962097167969
1748974894351,-0.31913635253906253,0.5161267089843751,10.66547103881836
1748974894410,-0.49756530761718754,-0.3047662353515625,8.997040557861329
1748974894478,-0.6138734436035157,-0.022752685546875002,9.58441909790039
1748974894551,-0.4141886901855469,-0.3688330078125,9.732161865234376
1748974894612,-0.7499404907226563,-0.042810974121093755,9.971214752197266
1748974894678,-0.4674778747558594,0.1149609375,9.93259506225586
1748974894751,-0.4650828552246094,0.03143463134765625,9.854607238769532
1748974894811,-0.46373565673828127,0.14205459594726563,9.542805633544923
1748974894878,-0.31853759765625,-0.12633728027343752,9.419013061523438
1748974894951,-0.44876678466796877,-0.14025833129882814,9.658515014648438
1748974895011,-0.4263134765625,-0.09026229858398438,9.83439926147461
1748974895078,-0.5770500183105469,-0.319735107421875,9.826316070556642
1748974895150,-0.6138734436035157,0.2231858825683594,10.145602111816407
1748974895211,-0.29758117675781254,-0.0916094970703125,9.748328247070313
1748974895278,-0.3854484558105469,-0.027393035888671875,9.518106994628907
1748974895352,-0.346080322265625,0.052690429687500005,9.385632476806641
1748974895411,-0.6494993591308594,-0.13142669677734375,9.821376342773439
1748974895478,-0.38470001220703126,-0.17693206787109375,10.109527130126954
1748974895550,-0.31090347290039066,0.038769378662109374,9.497150573730469
1748974895611,-0.4727169799804688,0.0814306640625,10.17060012817383
1748974895678,-0.6390211486816406,-0.26105712890625,9.527238006591798
1748974895750,-0.9743238830566406,-0.43649230957031254,9.262139282226563
1748974895811,-0.6445596313476563,-0.48379394531250003,9.484127655029297
1748974895878,-0.5918692016601563,-0.4105961608886719,9.891131286621095
1748974895950,-1.0074050903320313,-0.062120819091796876,9.82287322998047
1748974896011,-0.9036708068847656,-0.11226654052734375,9.961035919189454
1748974896078,-0.7385641479492188,-0.2743794250488281,9.38218963623047
1748974896152,-1.1168275451660157,-0.2763253784179688,9.651180267333984
1748974896211,-0.7976911926269532,-0.40490798950195317,9.886790313720704
1748974896278,-0.6707551574707031,0.34787658691406254,9.600884857177736
1748974896351,-1.1491603088378908,0.024998016357421875,9.717791748046876
1748974896410,-1.2549902343750001,-0.233514404296875,9.87750961303711
1748974896478,-1.1064990234375,-0.3993695068359375,9.874515838623047
1748974896551,-1.1249107360839845,-0.007035369873046876,9.767937469482423
1748974896611,-0.9648934936523438,0.032332763671875,9.555678863525392
1748974896678,-1.1347901916503906,-0.10074050903320313,9.534872131347656
1748974896751,-1.1406280517578125,-0.20462448120117188,9.72662338256836
1748974896811,-1.145867156982422,-0.09011260986328125,9.773625640869142
1748974896878,-1.281036071777344,0.0149688720703125,9.83005828857422
1748974896948,-1.3630654907226563,-0.17214202880859375,9.667945404052736
1748974897011,-1.0843450927734375,-0.0940045166015625,9.610165557861329
1748974897078,-1.4037808227539064,-0.12499008178710938,9.795330505371094
1748974897145,-1.233285369873047,0.003742218017578125,9.763297119140626
1748974897211,-1.3250445556640627,0.11047027587890626,9.541009368896486
1748974897278,-1.4958393859863282,0.10762619018554688,9.69878128051758
1748974897351,-1.4000386047363282,0.00508941650390625,9.679920501708985
1748974897411,-1.548380126953125,0.08367599487304687,9.669442291259767
1748974897478,-1.534010009765625,0.17333953857421877,9.738897857666016
1748974897551,-1.6338523864746095,0.11032058715820313,9.706714782714844
1748974897611,-1.599873046875,0.2041754150390625,9.54699691772461
1748974897677,-1.6378939819335938,0.24159759521484375,9.656868438720704
1748974897751,-1.4594650268554688,0.19773880004882813,9.572593688964844
1748974897811,-1.5500267028808594,0.16720230102539063,9.777667236328126
1748974897878,-1.5464341735839844,0.0101788330078125,9.696685638427734
1748974897950,-1.2121792602539063,0.033679962158203125,9.511520690917969
1748974898011,-1.290765838623047,0.1383123779296875,9.553433532714845
1748974898078,-1.0966195678710937,0.18037490844726564,9.776469726562501
1748974898150,-1.2269984436035157,0.11555969238281251,9.58576629638672
1748974898211,-1.3391152954101564,0.028889923095703127,9.706565093994142
1748974898278,-1.264270935058594,0.08951385498046875,9.642648010253907
1748974898351,-1.2612771606445312,0.18681152343750002,9.704918518066407
1748974898411,-1.2244537353515625,0.14594650268554688,9.648934936523437
1748974898478,-1.1966116333007812,0.1836680603027344,9.584568786621094
1748974898551,-1.1644285583496095,0.26195526123046875,9.686357116699218
1748974898611,-1.194965057373047,0.26270370483398436,9.696236572265626
1748974898678,-1.102906494140625,0.39577697753906255,9.73575439453125
1748974898749,-1.2528945922851562,0.19953506469726565,9.551337890625
1748974898811,-1.3666580200195313,-0.024399261474609375,9.566306762695312
1748974898878,-1.2367282104492188,0.000449066162109375,9.54894287109375
1748974898951,-1.0958711242675783,0.09355545043945312,9.575886840820313
1748974899012,-0.889749755859375,0.1579216003417969,9.634564819335939
1748974899078,-0.7939489746093751,0.20806732177734377,9.726922760009765
1748974899145,-0.8292755126953125,0.14744338989257813,9.713001708984375
1748974899211,-0.7536827087402345,0.1287322998046875,9.606273651123047
1748974899278,-0.8198451232910157,0.21689895629882813,9.68351303100586
1748974899350,-0.7997868347167969,0.21869522094726562,9.765243072509767
1748974899410,-0.7331753540039063,0.1945953369140625,9.623787231445313
1748974899477,-0.7932005310058594,0.2089654541015625,9.734556884765626
1748974899545,-0.7917036437988282,0.14894027709960939,9.68979995727539
1748974899610,-0.7836204528808595,0.2022294616699219,9.6040283203125
1748974899678,-0.9219328308105469,0.15956817626953126,9.693392486572266
1748974899751,-1.3204042053222658,0.1285826110839844,9.622440032958984
1748974899811,-1.5831079101562502,0.16974700927734376,9.563462677001954
1748974899878,-1.7539027404785157,0.219144287109375,9.64429458618164
1748974899950,-1.7256115722656251,0.15941848754882812,9.557475128173829
1748974900011,-1.8517991638183595,0.2267784118652344,9.857601013183594
1748974900078,-1.9444564819335939,0.2267784118652344,9.649084625244141
1748974900145,-1.7857864379882813,0.2028282165527344,9.521849212646485
1748974900211,-1.772164764404297,0.2824626159667969,9.509425048828126
1748974900278,-1.7610877990722658,0.18471588134765626,9.529932403564453
1748974900352,-1.5265255737304688,0.10912307739257814,9.534872131347656
1748974900411,-1.4744338989257812,0.14055770874023438,9.783804473876954
1748974900478,-1.37713623046875,0.14923965454101562,9.71464828491211
1748974900551,-1.4301260375976563,0.12948074340820312,9.55657699584961
1748974900611,-1.2258009338378908,0.13262420654296875,9.58337127685547
1748974900678,-1.2835807800292969,0.09669891357421875,9.589358825683595
1748974900752,-1.448837127685547,0.14415023803710938,9.542057189941406
1748974900811,-1.3871653747558594,0.06421646118164062,9.707912292480469
1748974900878,-1.233285369873047,0.16540603637695314,9.581275634765625
1748974900951,-1.3442047119140625,0.2824626159667969,9.631571044921875
1748974901011,-1.4075230407714845,0.2327659606933594,9.700427856445312
1748974901078,-1.312470703125,0.27737319946289063,9.526788940429688
1748974901150,-1.336271209716797,0.3155438232421875,9.69159622192383
1748974901211,-1.3076806640625,0.26809249877929686,9.689201202392578
1748974901278,-1.3287867736816408,0.2752775573730469,9.607471160888672
1748974901351,-1.2084370422363282,0.228724365234375,9.722581787109375
1748974901411,-1.0220745849609376,0.17094451904296876,9.608219604492188
1748974901478,-0.9874964904785156,0.25162673950195313,9.528285827636719
1748974901551,-0.9345066833496094,0.13666580200195313,9.653126220703125
1748974901611,-0.8448431396484375,0.14609619140625002,9.564061431884767
1748974901678,-0.9333091735839845,0.25836273193359377,9.703271942138672
1748974901751,-0.8518785095214845,0.1981878662109375,9.699380035400392
1748974901811,-0.8494834899902344,0.19669097900390625,9.624086608886719
1748974901878,-0.8931925964355469,0.19070343017578126,9.779613189697265
1748974901944,-0.7744894409179688,0.20088226318359376,9.593550109863282
1748974902011,-0.8449928283691407,0.3043171691894531,9.658814392089845
1748974902078,-0.8249345397949219,0.2900967407226563,9.656119995117187
1748974902143,-0.8891510009765625,0.12274475097656251,9.745633850097656
1748974902211,-0.9202862548828126,0.22662872314453125,9.609417114257813
1748974902278,-1.1994557189941406,0.20836669921875,9.739197235107422
1748974902350,-1.3844709777832032,0.1622625732421875,9.552984466552735
1748974902410,-1.6016693115234375,0.14340179443359377,9.605525207519532
1748974902478,-1.6003221130371095,0.23980133056640626,9.712402954101563
1748974902549,-1.511107635498047,0.12484039306640625,9.55942108154297
1748974902610,-1.5244299316406251,0.13382171630859377,9.68830307006836
1748974902678,-1.5495776367187502,0.15432907104492188,9.65432373046875
1748974902749,-1.2126283264160156,0.2692900085449219,9.546398162841797
1748974902811,-0.9548643493652345,0.22123992919921875,9.791139221191406
1748974902878,-0.9349557495117188,0.19773880004882813,9.602232055664063
1748974902950,-1.0324031066894532,0.3170407104492188,9.566606140136718
1748974903011,-0.9942324829101563,0.22902374267578127,9.68979995727539
1748974903078,-0.9216334533691407,0.2173480224609375,9.713001708984375
1748974903150,-1.034798126220703,0.258662109375,9.656718750000001
1748974903211,-1.29570556640625,0.18920654296875,9.709409179687501
1748974903278,-1.2602293395996094,0.14504837036132814,9.577832794189453
1748974903350,-1.3021421813964844,0.24339385986328127,9.623936920166017
1748974903410,-1.3945001220703126,0.1538800048828125,9.633966064453125
1748974903478,-1.432071990966797,0.1818717956542969,9.595346374511719
1748974903551,-1.5376025390625,0.2625540161132813,9.720935211181642
1748974903611,-1.515897674560547,0.19639160156250002,9.580676879882812
1748974903678,-1.5152989196777344,0.214354248046875,9.574389953613283
1748974903751,-1.5718812561035158,0.2501298522949219,9.689051513671876
1748974903811,-1.5663427734375002,0.2076182556152344,9.591454467773438
1748974903878,-1.5750247192382814,0.2389031982421875,9.58052719116211
1748974903945,-1.6365467834472658,0.22647903442382813,9.687404937744141
1748974904011,-1.5215858459472658,0.17588424682617188,9.530980224609376
1748974904078,-1.59029296875,0.2029779052734375,9.615554351806642
1748974904145,-1.578168182373047,0.19474502563476564,9.674681396484376
1748974904211,-1.5367044067382813,0.1850152587890625,9.57903030395508
1748974904278,-1.5868501281738283,0.2137554931640625,9.638157348632813
1748974904352,-1.1388317871093752,0.15013778686523438,9.695787506103516
1748974904411,-0.6613247680664063,0.2369572448730469,9.696535949707032
1748974904477,-0.6086343383789062,0.3246748352050781,9.747729492187501
1748974904551,-0.9357041931152345,0.3180885314941406,9.639055480957031
1748974904611,-0.9642947387695313,0.2315684509277344,9.528734893798829
1748974904678,-0.9237290954589844,0.17079483032226564,9.694140930175783
1748974904750,-1.0041119384765627,0.21480331420898438,9.683962097167969
1748974904811,-1.2551399230957032,0.2806663513183594,9.790091400146485
1748974904878,-1.3696517944335938,0.20073257446289064,9.702224121093751
1748974904950,-1.1129356384277345,0.13906082153320312,9.581724700927735
1748974905011,-0.8887019348144531,0.25761428833007816,9.62842758178711
1748974905078,-0.7143145751953125,0.26809249877929686,9.700128479003906
1748974905149,-0.8190966796875,0.279019775390625,9.638606414794923
1748974905211,-1.0973680114746094,0.19025436401367188,9.668993225097656
1748974905278,-1.2172686767578125,0.2417472839355469,9.647887115478516
1748974905352,-1.1198213195800781,0.17932708740234377,9.555080108642578
1748974905410,-1.1798464965820312,0.22288650512695313,9.7956298828125
1748974905477,-1.060843963623047,0.22303619384765627,9.620793457031251
1748974905552,-0.9636959838867188,0.3598516845703125,9.543853454589843
1748974905611,-0.9511221313476563,0.2652484130859375,9.695039062500001
1748974905678,-0.8114625549316407,0.2233355712890625,9.561067657470703
1748974905751,-0.9253756713867188,0.25147705078125,9.644444274902344
1748974905811,-1.106349334716797,0.229921875,9.692194976806642
1748974905878,-1.1120375061035157,0.19130218505859375,9.573491821289062
1748974905951,-1.2530442810058595,0.4195774841308594,9.711055755615234
1748974906011,-1.148411865234375,0.085023193359375,9.672286376953126
1748974906078,-0.8620573425292969,0.025596771240234375,9.458081817626953
1748974906150,-0.9383985900878907,0.429906005859375,9.617500305175781
1748974906211,-0.9623487854003907,0.32647109985351563,9.533225555419923
1748974906278,-0.9904902648925782,0.18681152343750002,9.596394195556641
1748974906351,-1.1079959106445314,0.20537292480468752,9.711504821777345
1748974906411,-1.088536376953125,0.21674926757812502,9.546248474121095
1748974906477,-1.1666738891601562,0.33290771484375004,9.73620346069336
1748974906551,-1.116228790283203,0.24519012451171876,9.72138427734375
1748974906611,-0.9988728332519532,0.24863296508789065,9.612560577392578
1748974906678,-0.9837542724609375,0.3327580261230469,9.674980773925782
1748974906751,-0.8969348144531251,0.296982421875,9.677375793457031
1748974906811,-1.0171348571777343,0.25147705078125,9.613758087158203
1748974906878,-1.105151824951172,0.22722747802734375,9.714797973632812
1748974906947,-1.121018829345703,0.24698638916015625,9.698481903076173
1748974907011,-1.093027038574219,0.255069580078125,9.60926742553711
1748974907078,-1.1175759887695313,0.2606080627441406,9.698631591796875
1748974907145,-0.9509724426269531,0.2927911376953125,9.560319213867189
1748974907211,-0.8876541137695313,0.3884422302246094,9.686955871582033
1748974907278,-1.0413844299316406,0.18875747680664062,9.705068206787109
1748974907350,-0.9490264892578125,0.17932708740234377,9.58337127685547
1748974907410,-1.1689192199707032,0.23680755615234375,9.63995361328125
1748974907478,-1.1921209716796877,0.21270767211914063,9.683213653564454
1748974907551,-1.0103988647460938,0.147293701171875,9.534423065185548
1748974907611,-1.1136840820312501,0.49217651367187504,9.811945953369142
1748974907678,-1.0068063354492187,0.2333647155761719,9.512269134521485
1748974907751,-1.05141357421875,0.17648300170898437,9.630223846435547
1748974907811,-1.0319540405273437,0.2827619934082031,9.710756378173828
1748974907878,-1.0216255187988281,0.2851570129394531,9.646240539550782
1748974907950,-1.0419831848144532,0.27333160400390627,9.603579254150391
1748974908011,-1.174757080078125,0.24938140869140626,9.787995758056642
1748974908078,-1.0937754821777343,0.1484912109375,9.52633987426758
1748974908151,-1.1117381286621095,0.31689102172851563,9.588311004638673
1748974908211,-1.0774594116210938,0.277822265625,9.712852020263673
1748974908278,-0.9563612365722657,0.2555186462402344,9.608968048095704
1748974908351,-1.1050021362304687,0.23561004638671876,9.594148864746094
1748974908411,-1.0565029907226564,0.20567230224609376,9.690548400878907
1748974908478,-1.0720706176757813,0.28261230468750004,9.617200927734375
1748974908551,-1.1784992980957032,0.26420059204101565,9.717941436767578
1748974908610,-1.1000624084472657,0.18636245727539064,9.638157348632813
1748974908678,-1.1012599182128906,0.26539810180664064,9.588311004638673
1748974908752,-1.0783575439453126,0.2920426940917969,9.782457275390625
1748974908811,-0.9892927551269531,0.23022125244140626,9.622140655517578
1748974908878,-1.1225157165527344,0.2770738220214844,9.64998275756836
1748974908951,-1.056353302001953,0.2731819152832031,9.653126220703125
1748974909011,-1.056353302001953,0.23396347045898438,9.603878631591797
1748974909078,-1.1142828369140625,0.28830047607421877,9.719588012695313
1748974909151,-1.2472064208984375,0.28500732421875,9.653874664306642
1748974909211,-1.0446775817871095,0.22498214721679688,9.669442291259767
1748974909278,-1.0041119384765627,0.384400634765625,9.247320098876953
1748974909352,-0.9755213928222657,0.0664617919921875,9.701475677490235
1748974909411,-0.7279362487792969,0.1526824951171875,9.605674896240235
1748974909477,-0.9380992126464844,-0.07903564453125,9.532327423095703
1748974909552,-0.9410929870605469,-0.21465362548828126,9.497300262451173
1748974909611,-0.9226812744140626,-0.09131011962890626,9.70746322631836
1748974909678,-0.9231303405761719,-0.202379150390625,9.816586303710938
1748974909750,-0.8331674194335938,-0.09505233764648438,9.566755828857422
1748974909811,-0.8045768737792969,-0.12768447875976563,9.77123062133789
1748974909878,-0.8792715454101563,-0.23531066894531252,9.752818908691406
1748974909950,-0.8622070312500001,-0.20432510375976565,9.55178695678711
1748974910011,-0.7545808410644531,-0.08592132568359376,9.7285693359375
1748974910078,-0.9488768005371094,-0.1149609375,9.702822875976564
1748974910152,-0.8448431396484375,-0.1836680603027344,9.662406921386719
1748974910211,-0.961450653076172,-0.28336074829101565,9.659862213134765
1748974910278,-0.7934999084472657,-0.22004241943359376,9.745933227539062
1748974910345,-0.810714111328125,-0.12364288330078126,9.620194702148439
1748974910410,-0.8749305725097657,-0.13142669677734375,9.795180816650392
1748974910478,-0.7125183105468751,-0.21046234130859376,9.629176025390626
1748974910550,-1.0660830688476564,-0.25536895751953126,9.569450225830078
1748974910611,-0.7930508422851563,-0.22842498779296877,9.742340698242188
1748974910678,-0.8440946960449219,-0.207169189453125,9.637259216308594
1748974910751,-0.9647438049316407,-0.17318984985351563,9.728120269775392
1748974910811,-0.7372169494628906,-0.195194091796875,9.6327685546875
1748974910878,-0.7815248107910157,-0.19399658203125,9.638756103515625
1748974910944,-0.9139993286132813,-0.29728179931640625,9.72617431640625
1748974911011,-0.841699676513672,-0.2377056884765625,9.69069808959961
1748974911078,-0.7723937988281251,-0.09624984741210937,9.730365600585937
1748974911152,-0.9668394470214844,-0.18755996704101563,9.684710540771485
1748974911211,-0.8409512329101563,-0.29847930908203124,9.650880889892578
1748974911278,-0.7731422424316406,-0.26300308227539065,9.629325714111328
1748974911345,-0.7378157043457032,-0.22243743896484375,9.828860778808595
1748974911410,-0.8818162536621095,-0.2609074401855469,9.577383728027344
1748974911477,-0.7758366394042969,-0.18396743774414062,9.78694793701172
1748974911552,-0.786763916015625,-0.2315684509277344,9.657317504882814
1748974911611,-0.8238867187500001,-0.23740631103515628,9.68830307006836
1748974911678,-0.8631051635742188,-0.228724365234375,9.755513305664063
1748974911751,-0.8014334106445313,-0.2724334716796875,9.668394470214844
1748974911811,-0.8137078857421876,-0.2016307067871094,9.671837310791016
1748974911878,-0.8644523620605469,-0.23561004638671876,9.709558868408203
1748974911946,-0.7797285461425781,-0.264649658203125,9.689650268554688
1748974912011,-0.8146060180664063,-0.24803421020507813,9.654473419189454
1748974912078,-0.8997789001464844,-0.2197430419921875,9.774972839355469
1748974912144,-0.8012837219238281,-0.22602996826171876,9.544302520751954
1748974912211,-0.8707392883300782,-0.2844085693359375,9.736802215576173
1748974912278,-0.7762857055664063,-0.2435435485839844,9.744436340332031
1748974912352,-0.820144500732422,-0.19609222412109376,9.605076141357422
1748974912410,-0.8906478881835938,-0.2603086853027344,9.73620346069336
1748974912478,-0.7900570678710938,-0.2812651062011719,9.709109802246095
1748974912550,-0.7791297912597657,-0.25042922973632814,9.635462951660157
1748974912611,-0.8810678100585938,-0.21989273071289064,9.760453033447266
1748974912678,-0.787811737060547,-0.27228378295898437,9.67153793334961
1748974912750,-0.817749481201172,-0.27767257690429686,9.634415130615235
1748974912811,-0.8390052795410157,-0.2597099304199219,9.748328247070313
1748974912878,-0.7786807250976563,-0.26584716796875,9.571246490478517
1748974912950,-0.8307723999023438,-0.23590942382812502,9.73380844116211
1748974913011,-0.8138575744628906,-0.28575576782226564,9.690099334716797
1748974913078,-0.7851173400878907,-0.2628533935546875,9.688602447509766
1748974913151,-0.8396040344238281,-0.23920257568359377,9.732311553955078
1748974913211,-0.8164022827148438,-0.2966830444335938,9.645342407226563
1748974913278,-0.7888595581054688,-0.24908203125,9.618099060058594
1748974913345,-0.871637420654297,-0.2621049499511719,9.76539276123047
1748974913411,-0.8431965637207032,-0.27378067016601565,9.59968734741211
1748974913478,-0.7514373779296876,-0.164058837890625,9.75296859741211
1748974913551,-0.8738827514648438,-0.30177246093750004,9.656718750000001
1748974913611,-0.7557783508300782,-0.3266207885742188,9.605076141357422
1748974913678,-0.8292755126953125,-0.21510269165039064,9.693841552734375
1748974913749,-0.9416917419433595,-0.23546035766601564,9.760303344726562
1748974913811,-0.7441026306152344,-0.31853759765625,9.513167266845704
1748974913878,-0.8568182373046875,-0.264649658203125,9.799372100830078
1748974913950,-0.8762777709960938,-0.20267852783203125,9.710007934570314
1748974914011,-0.6887178039550782,-0.26420059204101565,9.72183334350586
1748974914078,-0.9527687072753906,-0.31344818115234374,9.666598205566407
1748974914150,-0.833466796875,-0.28111541748046875,9.751172332763673
1748974914211,-0.7909552001953125,-0.19788848876953127,9.662706298828125
1748974914278,-0.8701405334472657,-0.3050656127929688,9.736802215576173
1748974914351,-0.8048762512207032,-0.3514691162109375,9.66869384765625
1748974914410,-0.8758287048339845,-0.22094055175781252,9.690099334716797
1748974914478,-0.8068222045898438,-0.24159759521484375,9.744586029052735
1748974914545,-0.7659571838378907,-0.3333567810058594,9.593999176025392
1748974914611,-0.8857081604003907,-0.2477348327636719,9.712852020263673
1748974914678,-0.7646099853515625,-0.26854156494140624,9.763297119140626
1748974914749,-0.7485932922363282,-0.3011737060546875,9.576784973144532
1748974914811,-0.9213340759277344,-0.24683670043945313,9.763596496582032
1748974914878,-0.7683522033691407,-0.28530670166015626,9.668095092773438
1748974914949,-0.7661068725585938,-0.281414794921875,9.666298828125
1748974915011,-0.8622070312500001,-0.2859054565429688,9.72033645629883
1748974915078,-0.7738906860351563,-0.2594105529785156,9.64324676513672
1748974915145,-0.803529052734375,-0.2746788024902344,9.69309310913086
1748974915211,-0.8440946960449219,-0.3058140563964844,9.7285693359375
1748974915278,-0.7497908020019531,-0.2746788024902344,9.635762329101563
1748974915352,-0.5972579956054688,-0.14609619140625002,9.792187042236328
1748974915410,-1.2985496520996094,-0.5156776428222657,9.189091186523438
1748974915478,-0.6563850402832031,-0.2980302429199219,9.763147430419922
1748974915550,-0.9175918579101563,-0.20507354736328126,9.626331939697266
1748974915611,-0.8385562133789063,-0.33709899902343754,9.72572525024414
1748974915678,-0.7969427490234375,-0.39966888427734376,9.584568786621094
1748974915751,-0.8819659423828126,-0.26240432739257813,9.749525756835938
1748974915811,-0.7047344970703125,-0.3001258850097656,9.667795715332032
1748974915878,-0.8863069152832032,-0.35102005004882814,9.593699798583986
1748974915950,-0.7291337585449219,-0.2817141723632813,9.778565368652345
1748974916011,-0.8427474975585938,-0.35296600341796874,9.606722717285157
1748974916078,-0.7520361328125,-0.23665786743164063,9.653575286865236
1748974916151,-0.7785310363769532,-0.34727783203125,9.736951904296875
1748974916211,-0.789158935546875,-0.34323623657226565,9.540560302734375
1748974916278,-0.839304656982422,-0.2842588806152344,9.791438598632814
1748974916345,-0.7658074951171875,-0.29847930908203124,9.731563110351564
1748974916410,-0.7235952758789063,-0.3065625,9.600435791015625
1748974916478,-0.8051756286621095,-0.31793884277343754,9.729317779541017
1748974916550,-0.7565267944335938,-0.3155438232421875,9.729766845703125
1748974916611,-0.7905061340332031,-0.2963836669921875,9.665400695800782
1748974916678,-0.7277865600585938,-0.3180885314941406,9.773625640869142
1748974916752,-0.7635621643066407,-0.34099090576171875,9.621990966796876
1748974916811,-0.7442523193359375,-0.28830047607421877,9.688153381347657
1748974916878,-0.7776329040527344,-0.3234773254394531,9.725126495361328
1748974916945,-0.7442523193359375,-0.31674133300781254,9.600435791015625
1748974917011,-0.6966513061523438,-0.2974314880371094,9.755513305664063
1748974917078,-0.849034423828125,-0.3641926574707031,9.65282684326172
1748974917145,-0.718505859375,-0.27333160400390627,9.639803924560548
1748974917211,-0.7728428649902345,-0.2900967407226563,9.747130737304689
1748974917278,-0.771046600341797,-0.34817596435546877,9.722731475830079
1748974917351,-0.7476951599121094,-0.3138972473144531,9.581275634765625
1748974917411,-0.8234376525878907,-0.2878514099121094,9.765243072509767
1748974917478,-0.7334747314453125,-0.34129028320312504,9.661209411621094
1748974917550,-0.7572752380371094,-0.28889923095703124,9.658365325927734
1748974917611,-0.7942483520507813,-0.37317398071289065,9.750723266601563
1748974917678,-0.7152127075195313,-0.3008743286132813,9.624685363769531
1748974917751,-0.8942404174804688,-0.34173934936523437,9.639504547119142
1748974917811,-0.6982978820800781,-0.23605911254882814,9.743538208007813
1748974917878,-0.8518785095214845,-0.28889923095703124,9.629325714111328
1748974917950,-0.8108638000488282,-0.43125320434570313,9.85116439819336
1748974918011,-0.8702902221679688,-0.3046165466308594,9.634115753173829
1748974918078,-0.7313790893554688,-0.23935226440429688,9.592651977539063
1748974918150,-0.9352551269531251,-0.24384292602539065,9.663005676269531
1748974918211,-0.7153623962402345,-0.40625518798828125,9.731263732910156
1748974918278,-0.757873992919922,-0.34024246215820314,9.708211669921875
1748974918351,-0.8168513488769532,-0.2029779052734375,9.783505096435547
1748974918412,-0.9069639587402344,-0.15208374023437501,9.641151123046875
1748974918478,-0.8743318176269532,-0.13217514038085937,9.990225219726563
1748974918551,-0.7682025146484376,-0.13382171630859377,9.692045288085938
1748974918611,-0.8649014282226563,-0.10852432250976562,9.677375793457031
1748974918678,-0.6671626281738282,-0.017064514160156252,9.716594238281251
1748974918752,-0.9376501464843751,-0.1143621826171875,9.793234863281251
1748974918811,-0.8331674194335938,-0.018411712646484377,9.614656219482422
1748974918878,-0.9319619750976563,-0.07469467163085938,9.772128753662109
1748974918951,-0.8294252014160156,-0.11121871948242187,9.70267318725586
1748974919011,-0.798739013671875,-0.03188369750976563,9.666897583007813
1748974919078,-0.9912387084960937,-0.025147705078125002,9.807006225585939
1748974919150,-0.8161029052734375,-0.12064910888671876,9.637857971191407
1748974919212,-0.8238867187500001,0.006735992431640626,9.673483886718751
1748974919278,-0.8773255920410157,-0.03278182983398438,9.758507080078125
1748974919352,-0.8562194824218751,-0.07020401000976563,9.646988983154298
1748974919411,-0.8295748901367188,-0.018112335205078125,9.725874938964845
1748974919477,-0.8792715454101563,-0.027991790771484375,9.703721008300782
1748974919551,-0.8869056701660156,-0.008382568359375,9.63755859375
1748974919611,-0.9114546203613282,-0.010328521728515625,9.749825134277344
1748974919678,-0.8327183532714845,-0.04565505981445313,9.701924743652345
1748974919745,-0.8607101440429688,-0.011526031494140625,9.587412872314454
1748974919811,-0.8744815063476563,0.0058378601074218755,9.781559143066406
1748974919878,-0.8373587036132812,-0.026195526123046875,9.672136688232422
1748974919951,-0.8304730224609376,0.008232879638671876,9.658215637207032
1748974920011,-0.8101153564453125,-0.007634124755859375,9.762099609375001
1748974920078,-0.7991880798339844,0.030686187744140628,9.65911376953125
1748974920145,-0.8659492492675782,0.08876541137695312,9.641151123046875
1748974920211,-0.9345066833496094,-0.02125579833984375,9.717791748046876
1748974920278,-0.8922944641113282,-0.012424163818359375,9.60642333984375
1748974920352,-0.9373507690429688,0.03113525390625,9.747130737304689
1748974920410,-0.9135502624511719,0.048648834228515625,9.506431274414062
1748974920477,-0.9026229858398438,0.023501129150390626,9.73425750732422
1748974920552,-0.9413923645019532,-0.011675720214843751,9.648485870361329
1748974920612,-0.9228309631347656,-0.03577560424804688,9.71135513305664
1748974920678,-0.9006770324707032,0.0413140869140625,9.638756103515625
1748974920751,-0.9496252441406251,0.05912704467773438,9.773475952148438
1748974920811,-0.9036708068847656,-0.00508941650390625,9.629026336669922
1748974920878,-0.8900491333007813,0.022602996826171878,9.729617156982423
1748974920951,-1.0252180480957032,0.017214202880859376,9.687105560302735
1748974921011,-0.8595126342773438,0.05014572143554688,9.642648010253907
1748974921078,-1.0132429504394531,0.01916015625,9.800569610595703
1748974921152,-0.8860075378417969,0.030087432861328128,9.668843536376954
1748974921211,-1.1469149780273438,0.15657440185546875,9.536069641113281
1748974921278,-1.1087443542480468,-0.12379257202148439,9.639055480957031
1748974921351,-0.9608518981933595,-0.03338058471679688,9.757010192871094
1748974921411,-1.0377919006347658,0.02365081787109375,9.633067932128906
1748974921478,-1.084794158935547,0.02185455322265625,9.689949645996094
1748974921551,-1.0291099548339844,-0.05254074096679688,9.704619140625
1748974921611,-1.0208770751953125,0.03323089599609375,9.614356842041015
1748974921678,-1.0990145874023438,0.028889923095703127,9.720935211181642
1748974921751,-1.0053094482421876,0.006436614990234376,9.641749877929689
1748974921811,-1.0135423278808595,0.003742218017578125,9.6902490234375
1748974921878,-1.069376220703125,-0.023201751708984378,9.686656494140626
1748974921945,-0.9827064514160156,0.03577560424804688,9.583970031738282
1748974922011,-0.9764195251464844,0.15163467407226563,9.78844482421875
1748974922078,-1.0225236511230469,-0.05134323120117188,9.656119995117187
1748974922145,-1.015338592529297,0.047900390625000004,9.684860229492188
1748974922211,-1.0603948974609376,0.042361907958984375,9.751172332763673
1748974922278,-0.9882449340820313,0.010627899169921875,9.579928436279298
1748974922351,-0.9613009643554687,0.013771362304687501,9.661209411621094
1748974922411,-1.1521540832519532,-0.017513580322265625,9.756710815429688
1748974922478,-0.726888427734375,-0.02544708251953125,9.454788665771485
1748974922546,-1.2687615966796875,0.06975494384765625,9.89232879638672
1748974922611,-1.0903326416015626,0.14400054931640627,9.610015869140625
1748974922678,-0.7726931762695313,0.05433700561523438,9.777667236328126
1748974922751,-0.9219328308105469,-0.04415817260742188,9.584568786621094
1748974922811,-0.9331594848632813,-0.06062393188476563,9.60926742553711
1748974922878,-0.9976753234863281,0.20657043457031252,9.849817199707031
1748974922951,-0.9385482788085938,0.14280303955078125,9.81673599243164
1748974923011,-0.8556207275390626,0.0640667724609375,9.627529449462891
1748974923078,-0.7899073791503907,-0.015417938232421876,9.736353149414063
1748974923151,-1.0541079711914063,0.06122268676757813,9.683363342285157
1748974923211,-0.896785125732422,0.14639556884765625,9.766440582275392
1748974923278,-0.7659571838378907,0.1293310546875,9.652377777099609
1748974923351,-1.0445278930664064,-0.03442840576171875,9.72183334350586
1748974923410,-0.9389973449707032,0.04894821166992188,9.562414855957032
1748974923477,-0.8208929443359375,0.202379150390625,9.943821716308594
1748974923550,-1.0057585144042969,0.028141479492187503,9.476643218994141
1748974923611,-0.9166937255859375,-0.034129028320312504,9.524244232177734
1748974923678,-0.9800120544433594,0.009131011962890626,9.888885955810547
1748974923750,-1.2340338134765625,0.13412109375,9.570198669433594
1748974923811,-0.5944139099121094,0.10208770751953125,9.635013885498047
1748974923878,-1.0171348571777343,-0.04685256958007813,9.785750427246095
1748974923950,-1.0701246643066407,-0.00089813232421875,9.797276458740235
1748974924011,-0.860859832763672,0.1634600830078125,9.589658203125001
1748974924078,-0.7083270263671876,0.038769378662109374,9.685758361816406
1748974924151,-1.0159373474121094,0.012873229980468751,9.695787506103516
1748974924211,-0.9377998352050781,0.10328521728515626,9.473799133300782
1748974924278,-0.75443115234375,0.07918533325195314,9.79278579711914
1748974924351,-0.9178912353515626,0.044008483886718755,9.605076141357422
1748974924410,-0.925675048828125,0.08292755126953126,9.76449462890625
1748974924478,-0.9750723266601563,0.03113525390625,9.699679412841798
1748974924550,-0.7020401000976563,0.1149609375,9.54894287109375
1748974924612,-1.0582992553710937,0.12049942016601563,10.053393859863283
1748974924678,-0.9535171508789063,0.12528945922851564,9.360784149169922
1748974924750,-0.6994953918457032,-0.010777587890625,9.534273376464844
1748974924811,-1.1707154846191408,0.00748443603515625,9.981543273925782
1748974924878,-0.8481362915039063,0.20178039550781252,9.54744598388672
1748974924950,-0.7358697509765625,0.05014572143554688,9.679621124267578
1748974925011,-0.8180488586425781,0.19848724365234377,9.95130615234375
1748974925078,-1.0150392150878906,0.16959732055664065,9.737101593017579
1748974925151,-0.9854008483886719,0.14564712524414064,9.781409454345704
1748974925211,-0.25896148681640624,0.026345214843750003,10.426717529296875
1748974925278,-0.3430865478515625,0.3209326171875,9.271270294189454
1748974925352,-1.2278965759277345,0.2662962341308594,9.201814727783203
1748974925411,-2.2267694091796875,0.6270460510253907,9.068741455078126
1748974925478,-1.5696359252929688,0.3814068603515625,9.900711364746094
1748974925551,-0.415535888671875,0.3338058471679688,9.965975646972657
1748974925611,-0.44876678466796877,0.336500244140625,9.350006561279297
1748974925678,-1.2284953308105468,0.022602996826171878,10.191855926513673
1748974925751,-0.7689509582519531,0.05763015747070313,9.595346374511719
1748974925811,-0.8072712707519532,0.5456153869628907,9.742041320800782
1748974925878,-0.55564453125,0.3345542907714844,9.667646026611328
1748974925951,-0.9550140380859375,0.42272094726562504,9.727671203613282
1748974926011,-0.6851252746582032,0.2893482971191406,9.611961822509766
1748974926078,-0.7921527099609376,0.31374755859375003,9.783505096435547
1748974926152,-0.7069798278808594,0.2628533935546875,9.496102752685548
1748974926211,-0.6533912658691406,0.15672409057617187,9.696535949707032
1748974926278,-0.6057902526855469,0.3683839416503906,9.809401245117188
1748974926352,-0.7800279235839844,0.26764343261718754,9.631870422363281
1748974926411,-0.6685098266601562,0.4393363952636719,9.837393035888672
1748974926478,-0.7078779602050782,0.3224295043945313,9.649084625244141
1748974926551,-0.4692741394042969,0.27572662353515626,9.802515563964844
1748974926611,-0.5858816528320313,0.3092568969726563,9.618099060058594
1748974926678,-0.6971003723144532,0.5484594726562501,9.658814392089845
1748974926750,-0.6652166748046875,0.29069549560546876,9.513167266845704
1748974926811,-0.5905220031738282,0.3649411010742188,9.933642883300783
1748974926878,-0.549656982421875,0.37661682128906254,9.640702056884766
1748974926945,-0.6613247680664063,0.26195526123046875,9.648934936523437
1748974927011,-0.6249504089355469,0.4673281860351563,9.901908874511719
1748974927078,-0.5797444152832032,0.3384461975097656,9.468260650634766
1748974927145,-0.5727090454101563,0.26764343261718754,9.736502838134767
1748974927211,-0.7482939147949219,0.31913635253906253,9.758956146240235
1748974927278,-0.65863037109375,0.022303619384765626,9.769134979248047
1748974927352,-0.24638763427734375,0.5632786560058594,9.449998626708984
1748974927411,-0.3008743286132813,0.7599696350097657,9.77976287841797
1748974927478,-0.4926255798339844,0.6671626281738282,9.567953338623047
1748974927550,-0.5736071777343751,0.5034031677246094,9.701775054931641
1748974927611,-0.26435028076171874,0.3415896606445313,9.830357666015626
1748974927678,-0.32587234497070316,0.4071533203125,9.646390228271486
1748974927750,-0.33605117797851564,0.6806346130371094,9.744436340332031
1748974927811,-0.3311114501953125,0.7223977661132813,9.651779022216797
1748974927878,-0.35057098388671876,0.5950126647949219,9.756261749267578
1748974927950,-0.17738113403320313,0.6506968688964844,9.56615707397461
1748974928011,-0.21165985107421875,0.45340713500976565,9.686955871582033
1748974928078,-0.7786807250976563,0.5083428955078125,9.928852844238282
1748974928150,-0.21644989013671875,0.6330335998535157,9.591005401611328
1748974928211,-0.29294082641601565,0.4435276794433594,9.696685638427734
1748974928278,-0.40505767822265626,0.7415579223632813,9.704768829345703
1748974928351,-0.22109024047851564,0.5575904846191406,9.60013641357422
1748974928411,-0.2944377136230469,0.4578977966308594,9.670789489746094
1748974928478,-0.23725662231445313,0.5132826232910157,9.770033111572266
1748974928551,-0.36164794921875004,0.5225633239746094,9.713600463867188
1748974928611,-0.316142578125,0.6153703308105469,9.61884750366211
1748974928678,-0.24533981323242188,0.5924679565429688,9.782157897949219
1748974928752,-0.29847930908203124,0.48559020996093755,9.727222137451172
1748974928812,-0.41852966308593753,0.5545967102050782,9.714498596191406
1748974928878,-0.3347039794921875,0.6382727050781251,9.762398986816407
1748974928951,-0.24863296508789065,0.583187255859375,9.704768829345703
1748974929011,-0.47032196044921876,0.5445675659179687,9.650132446289064
1748974929077,-0.2966830444335938,0.5569917297363282,9.699080657958985
1748974929150,-0.36254608154296875,0.5870791625976562,9.679621124267578
1748974929211,-0.39398071289062503,0.63468017578125,9.789193267822267
1748974929278,-0.32751892089843754,0.5926176452636719,9.583820343017578
1748974929351,-0.3119512939453125,0.6062393188476562,9.714498596191406
1748974929411,-0.4493655395507813,0.6206094360351563,9.877808990478517
1748974929478,-0.39547760009765626,0.47451324462890626,9.624086608886719
1748974929551,-0.3921844482421875,0.7024891662597657,9.885742492675782
1748974929611,-0.4357438659667969,0.5881269836425782,9.56136703491211
1748974929678,-0.20267852783203125,0.6929090881347657,9.79083984375
1748974929751,-0.41583526611328125,0.5252577209472656,9.736053771972657
1748974929811,-0.335302734375,0.5909710693359376,9.601333923339844
1748974929878,-0.34712814331054687,0.5954617309570313,9.756411437988282
1748974929951,-0.19833755493164062,0.6285429382324219,9.507179718017579
1748974930011,-0.3008743286132813,0.6411167907714844,9.865684204101562
1748974930078,-0.3826043701171875,0.631087646484375,9.621392211914063
1748974930145,-0.2915936279296875,0.5525010681152344,9.765542449951173
1748974930211,-0.33245864868164066,0.5834866333007813,9.602381744384767
1748974930278,-0.2591111755371094,0.6691085815429688,9.769134979248047
1748974930351,-0.30731094360351563,0.6051914978027344,9.738748168945312
1748974930411,-0.5418731689453126,0.5769003295898438,9.917027435302735
1748974930478,-0.3357518005371094,0.6280938720703125,9.302405548095704
1748974930552,-0.16585510253906252,0.6171665954589844,10.060728607177735
1748974930611,-0.47256729125976565,0.583187255859375,9.583670654296876
1748974930678,-0.32213012695312504,0.5462141418457032,9.541907501220704
1748974930752,-0.42466690063476564,0.6614744567871094,10.045310668945312
1748974930811,-0.32706985473632816,0.7114704895019531,9.495953063964844
1748974930878,-0.05643264770507813,0.549656982421875,9.814939727783203
1748974930952,-0.4233197021484375,0.5399272155761718,9.707912292480469
1748974931011,-0.19639160156250002,0.63228515625,9.647288360595704
1748974931078,-0.21285736083984377,0.7171586608886719,9.81763412475586
1748974931152,-0.3824546813964844,0.5210664367675781,9.580227813720704
1748974931211,-0.23546035766601564,0.6875202941894532,9.775421905517579
1748974931278,-0.22827529907226562,0.6090834045410156,9.701026611328125
1748974931351,-0.36703674316406254,0.6679110717773438,9.647887115478516
1748974931412,-0.21450393676757815,0.718505859375,9.735155639648438
1748974931477,-0.2022294616699219,0.6810836791992188,9.719288635253907
1748974931551,-0.25761428833007816,0.5656736755371095,9.665400695800782
1748974931611,-0.21345611572265627,0.6201603698730469,9.754764862060547
1748974931678,-0.23740631103515628,0.6661148071289062,9.743538208007813
1748974931751,-0.16600479125976564,0.6117778015136719,9.639504547119142
1748974931811,-0.12963043212890626,0.6280938720703125,9.730365600585937
1748974931878,-0.12888198852539062,0.5499563598632813,9.882000274658203
1748974931946,-0.4584965515136719,0.7482939147949219,9.769284667968751
1748974932011,-0.18711090087890625,0.6489006042480469,9.78889389038086
1748974932078,-0.025746459960937502,0.5785469055175781,9.901609497070313
1748974932145,-0.5251080322265625,0.5788462829589844,9.640103302001954
1748974932211,0.10553054809570313,0.6792874145507812,9.581125946044923
1748974932278,-0.31943572998046876,0.6972500610351563,9.815538482666016
1748974932350,-0.36898269653320315,0.7482939147949219,9.616901550292969
1748974932411,0.006735992431640626,0.5873785400390625,9.717791748046876
1748974932478,-0.17753082275390625,0.7189549255371094,9.824669494628907
1748974932550,-0.17528549194335938,0.6695576477050782,9.68441116333008
1748974932611,-0.09565109252929688,0.641865234375,9.80236587524414
1748974932678,-0.20043319702148438,0.6005511474609375,9.74533447265625
1748974932750,-0.087418212890625,0.6942562866210937,9.57813217163086
1748974932811,-0.23381378173828127,0.6550378417968751,9.863887939453125
1748974932878,-0.31105316162109375,0.7825726318359375,9.67587890625
1748974932952,-0.17633331298828125,0.6432124328613281,9.652078399658203
1748974933011,-0.13187576293945313,0.5986051940917969,9.781110076904298
1748974933078,-0.17738113403320313,0.6556365966796875,9.803563385009767
1748974933151,-0.2559677124023438,0.6246510314941407,9.54894287109375
1748974933211,-0.3305126953125,0.7259902954101562,9.837093658447266
1748974933278,-0.13322296142578124,0.5763015747070312,9.910890197753906
1748974933351,-0.07589218139648438,0.6797364807128906,9.502090301513672
1748974933412,-0.08487350463867188,0.6771917724609375,9.728269958496094
1748974933478,-0.2796185302734375,0.7661068725585938,9.814640350341797
1748974933550,0.05673202514648438,0.6578819274902344,9.695039062500001
1748974933611,-0.2763253784179688,0.7339237976074219,9.769434356689453
1748974933678,-0.06990463256835938,0.6529421997070313,9.592202911376953
1748974933752,-0.10777587890625001,0.6721023559570313,9.747430114746095
1748974933811,-0.20791763305664063,0.7030879211425781,9.725126495361328
1748974933877,0.027991790771484375,0.7358697509765625,9.354197845458986
1748974933945,-0.12409194946289064,0.7773335266113282,9.62273941040039
1748974934011,-0.33320709228515627,0.8494834899902344,9.712402954101563
1748974934078,-0.14699432373046875,0.42032592773437505,9.63890579223633
1748974934145,-0.28530670166015626,0.4459226989746094,9.725874938964845
1748974934211,-0.35221755981445313,0.5198689270019532,9.776769104003908
1748974934278,-0.20941452026367188,0.6367758178710938,9.720186767578125
1748974934351,-0.338895263671875,0.5363346862792969,9.742340698242188
1748974934412,-0.21764739990234377,0.5264552307128907,9.733509063720703
1748974934478,-0.5517526245117188,0.5665718078613281,9.669891357421875
1748974934552,-0.35595977783203125,0.6352789306640625,9.790241088867187
1748974934611,-0.2782713317871094,0.477806396484375,9.67303482055664
1748974934678,-0.41284149169921874,0.5032534790039063,9.711504821777345
1748974934751,-0.5239105224609375,0.58198974609375,9.642049255371095
1748974934811,-0.4195774841308594,0.5761518859863282,9.808652801513672
1748974934878,0.07753875732421875,0.5912704467773438,9.581125946044923
1748974934951,-0.5059478759765625,0.5761518859863282,9.777966613769532
1748974935011,-0.43918670654296876,0.3113525390625,9.605076141357422
1748974935078,-0.5795947265625,0.3879931640625,9.954000549316406
1748974935152,-0.6135740661621094,0.5828878784179687,9.716145172119141
1748974935211,-0.4417314147949219,0.5194198608398438,9.599837036132813
1748974935278,-0.247884521484375,0.33605117797851564,9.809850311279297
1748974935351,-0.5131329345703125,0.5026547241210938,9.66869384765625
1748974935411,-1.2461585998535156,0.5569917297363282,9.90819580078125
1748974935478,-0.44697052001953125,0.18396743774414062,9.395661621093751
1748974935552,-0.5721102905273437,0.47077102661132814,10.025252380371095
1748974935611,-0.5499563598632813,0.4944218444824219,9.537566528320314
1748974935678,-0.688568115234375,0.42002655029296876,9.789492645263673
1748974935751,-0.4939727783203125,0.38200561523437504,9.68590805053711
1748974935811,-0.5544470214843751,0.3992198181152344,9.67917205810547
1748974935878,-0.6099815368652344,0.4182302856445313,9.738448791503906
1748974935946,-0.5360353088378906,0.4728666687011719,9.659712524414063
1748974936011,-0.6032455444335938,0.3945794677734375,9.722881164550781
1748974936078,-0.6375242614746094,0.39892044067382815,9.76299774169922
1748974936152,-0.53408935546875,0.434696044921875,9.634714508056641
1748974936211,-0.550704803466797,0.45804748535156253,9.70312225341797
1748974936278,-0.6167175292968751,0.3311114501953125,9.726024627685547
1748974936351,-0.5429209899902344,0.40356079101562503,9.667346649169922
1748974936411,-0.5706134033203125,0.4076023864746094,9.714947662353516
1748974936478,-0.5746549987792969,0.3854484558105469,9.745184783935548
1748974936545,-0.5682183837890625,0.39847137451171877,9.670190734863281
1748974936611,-0.6966513061523438,0.33859588623046877,9.737400970458985
1748974936678,-0.5279521179199219,0.33664993286132816,9.655820617675781
1748974936745,-0.5830375671386719,0.3028202819824219,9.582173767089845
1748974936811,-0.5942642211914063,0.6075865173339844,9.795779571533204
1748974936878,-0.47151947021484375,0.3938310241699219,9.560768280029297
1748974936946,-0.6629713439941407,0.47720764160156254,9.713001708984375
1748974937011,-0.6198609924316406,0.3619473266601563,9.678872680664062
1748974937078,-0.5661227416992187,0.2920426940917969,9.656718750000001
1748974937145,-0.6381230163574219,0.4363426208496094,9.841284942626954
1748974937211,-0.477806396484375,0.4535568237304688,9.674980773925782
1748974937278,-0.6267466735839844,0.49711624145507816,9.672735443115235
1748974937351,-0.631087646484375,0.37018020629882814,9.69548812866211
1748974937411,-0.6221063232421875,0.36359390258789065,9.764195251464844
1748974937478,-0.5920188903808594,0.29264144897460936,9.730515289306641
1748974937551,-0.6120771789550782,0.47032196044921876,9.727820892333986
1748974937611,-0.520767059326172,0.4041595458984375,9.638307037353517
1748974937678,-0.5525010681152344,0.4087998962402344,9.648186492919923
1748974937751,-0.5990542602539063,0.35685791015625,9.722881164550781
1748974937811,-0.4884342956542969,0.40625518798828125,9.67393295288086
1748974937878,-0.5906716918945313,0.4421804809570313,9.715845794677735
1748974937946,-0.30132339477539066,0.3993695068359375,9.568402404785157
1748974938014,-0.5574407958984375,0.4520599365234375,9.936187591552734
1748974938078,-0.721948699951172,0.4405339050292969,9.59160415649414
1748974938151,-0.6090834045410156,0.3897894287109375,9.59340042114258
1748974938211,-0.45984375,0.38559814453125,9.722581787109375
1748974938278,-0.6351292419433594,0.36239639282226566,9.708511047363281
1748974938350,-0.641865234375,0.3715274047851563,9.615704040527344
1748974938411,-0.5619314575195313,0.4517605590820313,9.740843811035157
1748974938478,-0.6125262451171876,0.38170623779296875,9.68441116333008
1748974938551,-0.5369334411621094,0.34443374633789064,9.657916259765626
1748974938612,-0.60114990234375,0.4459226989746094,9.69159622192383
1748974938678,-0.6080355834960938,0.3691323852539063,9.668544158935548
1748974938746,-0.5221142578125,0.38215530395507813,9.645791473388673
1748974938811,-0.641865234375,0.42391845703125003,9.737400970458985
1748974938878,-0.6138734436035157,0.34099090576171875,9.682315521240234
1748974938951,-0.5228627014160157,0.3686833190917969,9.594298553466798
1748974939011,-0.6084846496582031,0.4302053833007813,9.75536361694336
1748974939078,-0.6080355834960938,0.35131942749023437,9.631571044921875
1748974939152,-0.5517526245117188,0.36015106201171876,9.673633575439453
1748974939211,-0.56282958984375,0.39712417602539063,9.733509063720703
1748974939278,-0.607137451171875,0.3941304016113281,9.613009643554689
1748974939346,-0.6270460510253907,0.42227188110351566,9.693542175292968
1748974939411,-0.5528004455566407,0.32677047729492187,9.695039062500001
1748974939478,-0.5960604858398438,0.38395156860351565,9.623038787841798
1748974939545,-0.6291416931152344,0.42810974121093753,9.73620346069336
1748974939612,-0.5789959716796875,0.34937347412109376,9.693991241455079
1748974939678,-0.5514532470703125,0.3641926574707031,9.603429565429687
1748974939751,-0.6441105651855469,0.4113446044921875,9.736502838134767
1748974939811,-0.5530998229980469,0.3764671325683594,9.64474365234375
1748974939878,-0.5951623535156251,0.38035903930664067,9.667795715332032
1748974939952,-0.6327342224121094,0.4273612976074219,9.74862762451172
1748974940011,-0.5589376831054688,0.367635498046875,9.6327685546875
1748974940078,-0.6224057006835938,0.398770751953125,9.714049530029298
1748974940151,-0.6005511474609375,0.3779640197753906,9.714049530029298
1748974940211,-0.5652246093750001,0.38320312500000003,9.64429458618164
1748974940278,-0.5959107971191406,0.39817199707031253,9.720935211181642
1748974940351,-0.6188131713867188,0.35775604248046877,9.739646301269532
1748974940411,-0.5514532470703125,0.3619473266601563,9.627230072021485
1748974940478,-0.6617738342285157,0.41029678344726567,9.747130737304689
1748974940552,-0.5746549987792969,0.3841012573242188,9.728269958496094
1748974940611,-0.5843847656250001,0.3680845642089844,9.639803924560548
1748974940678,-0.6294410705566407,0.3673361206054688,9.733958129882813
1748974940752,-0.5466632080078125,0.36254608154296875,9.673633575439453
1748974940811,-0.6195616149902344,0.40116577148437504,9.692494354248048
1748974940878,-0.5821394348144532,0.35865417480468753,9.715845794677735
1748974940951,-0.5480104064941407,0.354462890625,9.616751861572267
1748974941011,-0.6165678405761719,0.39966888427734376,9.729617156982423
1748974941078,-0.5956114196777345,0.3673361206054688,9.703721008300782
1748974941152,-0.5370831298828125,0.3668870544433594,9.583670654296876
1748974941211,-0.6065386962890625,0.41733215332031254,9.767937469482423
1748974941278,-0.5577401733398438,0.35326538085937503,9.669741668701173
1748974941351,-0.5858816528320313,0.3764671325683594,9.64429458618164
1748974941411,-0.5975573730468751,0.3849993896484375,9.754465484619141
1748974941478,-0.5818400573730469,0.3650907897949219,9.656718750000001
1748974941545,-0.6099815368652344,0.35595977783203125,9.670490112304687
1748974941611,-0.5905220031738282,0.35281631469726565,9.75251953125
1748974941678,-0.5525010681152344,0.38050872802734376,9.62363754272461
1748974941751,-0.6074368286132813,0.4070036315917969,9.708061981201173
1748974941812,-0.6098318481445313,0.350870361328125,9.758357391357423
1748974941878,-0.5397775268554688,0.3914360046386719,9.619446258544922
1748974941950,-0.647852783203125,0.40805145263671877,9.704918518066407
1748974942011,-0.5840853881835938,0.3391946411132813,9.67917205810547
1748974942078,-0.6087840270996094,0.36179763793945313,9.621990966796876
1748974942145,-0.5888754272460938,0.3986210632324219,9.779912567138672
1748974942211,-0.6080355834960938,0.36284545898437504,9.629475402832032
1748974942278,-0.5905220031738282,0.3896397399902344,9.68111801147461
1748974942352,-0.5830375671386719,0.386795654296875,9.755962371826172
1748974942411,-0.6231541442871094,0.3634442138671875,9.623338165283204
1748974942478,-0.5730084228515625,0.39772293090820315,9.708511047363281
1748974942552,-0.6291416931152344,0.3884422302246094,9.736053771972657
1748974942611,-0.6917115783691407,0.3695814514160156,9.762249298095703
1748974942678,-0.43260040283203127,0.2839595031738281,9.730215911865235
1748974942746,-0.6536906433105469,-0.058528289794921876,9.725425872802735
1748974942812,-0.7366181945800782,-0.04326004028320313,9.748927001953126
1748974942878,-0.2908451843261719,0.18471588134765626,9.899663543701172
1748974942946,-0.3722758483886719,0.3119512939453125,10.110425262451173
1748974943011,-0.33799713134765624,0.3634442138671875,9.596094818115235
1748974943078,-0.3926335144042969,0.0005987548828125,9.73291030883789
1748974943150,-0.2616558837890625,0.09280700683593751,9.76254867553711
1748974943211,-0.24040008544921876,0.5709127807617188,9.65761688232422
1748974943278,-0.41314086914062503,0.21136047363281252,9.657317504882814
1748974943350,-0.3406915283203125,0.14280303955078125,9.711205444335938
1748974943411,-0.3411405944824219,0.0293389892578125,9.708061981201173
1748974943478,-0.2827619934082031,0.16510665893554688,9.718240814208984
1748974943546,-0.34742752075195316,0.2760260009765625,9.615105285644532
1748974943611,-0.2231858825683594,0.17932708740234377,9.828112335205079
1748974943678,-0.18351837158203127,0.21405487060546877,9.579629058837892
1748974943745,-0.6117778015136719,-0.0622705078125,10.020462341308594
1748974943812,-0.23845413208007812,0.3848497009277344,9.468110961914062
1748974943878,-0.1850152587890625,0.06721023559570313,9.853260040283203
1748974943951,-0.30731094360351563,0.1389111328125,9.580976257324219
1748974944011,-0.35820510864257815,-0.028740234375,9.742041320800782
1748974944077,-0.2267784118652344,0.1359173583984375,9.768236846923829
1748974944150,-0.40805145263671877,0.3141966247558594,9.627529449462891
1748974944211,-0.23022125244140626,-0.016615447998046876,9.825118560791017
1748974944278,-0.3203338623046875,0.13262420654296875,9.555978240966798
1748974944346,-0.36673736572265625,0.09415420532226564,9.796827392578125
1748974944411,-0.23456222534179688,0.13412109375,9.643097076416016
1748974944478,-0.2900967407226563,0.31913635253906253,9.650132446289064
1748974944553,-0.2884501647949219,0.12274475097656251,9.796228637695313
1748974944611,-0.3189866638183594,-0.17678237915039063,9.661209411621094
1748974944678,-0.30790969848632815,0.106578369140625,9.672585754394532
1748974944752,-0.24668701171875002,0.26809249877929686,9.795031127929688
1748974944811,-0.23516098022460938,0.3234773254394531,9.665101318359376
1748974944878,-0.3423381042480469,0.04460723876953125,9.749974822998047
1748974944945,-0.19968475341796876,-0.11316467285156251,9.698481903076173
1748974945011,-0.3555107116699219,0.24548950195312502,9.655371551513673
1748974945078,-0.2293231201171875,0.27258316040039066,9.703870697021484
1748974945146,-0.2844085693359375,0.05059478759765625,9.680968322753907
1748974945212,-0.2842588806152344,0.03577560424804688,9.652976531982423
1748974945277,-0.30326934814453127,0.09490264892578125,9.747729492187501
1748974945352,-0.22153930664062502,0.1442999267578125,9.732311553955078
1748974945411,-0.2528242492675781,0.17962646484375,9.663454742431641
1748974945478,-0.3394940185546875,0.09026229858398438,9.764943695068359
1748974945551,-0.06436614990234375,-0.002544708251953125,9.77018280029297
1748974945611,-0.3523672485351563,0.19788848876953127,9.691296844482423
1748974945678,-0.2796185302734375,0.0975970458984375,9.743089141845704
1748974945746,-0.27722351074218754,0.11061996459960938,9.597591705322266
1748974945812,-0.31913635253906253,0.149688720703125,9.752220153808594
1748974945878,-0.10538085937500001,0.030835876464843752,9.679770812988282
1748974945945,-0.15717315673828125,0.23680755615234375,9.70417007446289
1748974946012,-0.40071670532226566,-0.13906082153320312,8.849597167968751
1748974946079,-0.07499404907226563,0.00029937744140625,9.962832183837891
1748974946145,-0.49487091064453126,0.10837463378906251,9.484876098632814
1748974946212,-0.30716125488281254,0.23590942382812502,9.878707122802735
1748974946278,-0.17528549194335938,0.2507286071777344,9.713600463867188
1748974946345,-0.2647993469238281,0.27422973632812503,9.709558868408203
1748974946411,-0.3100053405761719,0.15582595825195314,9.746232604980468
1748974946478,-0.2555186462402344,0.2896476745605469,9.679621124267578
1748974946551,-0.34248779296875004,0.21390518188476565,9.697733459472657
1748974946611,-0.3938310241699219,0.20791763305664063,9.708810424804687
1748974946678,-0.18471588134765626,0.12783416748046875,9.598639526367188
1748974946750,-0.2944377136230469,0.16091537475585938,9.77841567993164
1748974946812,-0.32138168334960937,0.257464599609375,9.669741668701173
1748974946878,-0.26839187622070315,0.3622467041015625,9.70267318725586
1748974946947,-0.2847079467773438,0.26225463867187504,9.774374084472656
1748974947011,-0.2664459228515625,0.11091934204101563,9.656419372558593
1748974947078,-0.2647993469238281,0.19564315795898438,9.693542175292968
1748974947145,-0.3138972473144531,0.2854563903808594,9.788744201660156
1748974947212,-0.24863296508789065,0.2662962341308594,9.691895599365235
1748974947278,-0.3058140563964844,0.2423460388183594,9.68875213623047
1748974947351,-0.288599853515625,0.13726455688476563,9.757459259033203
1748974947412,-0.324525146484375,0.31823822021484377,9.828561401367187
1748974947478,-0.28874954223632815,0.22243743896484375,10.05519012451172
1748974947551,-0.45101211547851566,-0.15417938232421877,9.361831970214844
1748974947611,-0.34248779296875004,-0.10822494506835938,9.93259506225586
1748974947678,-0.1922003173828125,-0.02365081787109375,9.797426147460937
1748974947751,-0.3323089599609375,-0.06601272583007813,9.542805633544923
1748974947812,-0.24459136962890626,0.10762619018554688,9.883347473144532
1748974947879,-0.3459306335449219,-0.023351440429687502,9.639354858398438
1748974947946,0.08427474975585938,-0.104183349609375,9.76584182739258
1748974948011,-0.6420149230957032,0.00987945556640625,9.748777313232422
1748974948078,0.046702880859375004,-0.03817062377929688,9.706714782714844
1748974948145,-0.4405339050292969,-0.19699035644531251,9.80805404663086
1748974948211,-0.43963577270507814,-0.006735992431640626,9.633067932128906
1748974948278,0.1435514831542969,-0.0383203125,9.709409179687501
1748974948351,-0.1968406677246094,-0.10253677368164063,9.821825408935547
1748974948411,-0.4183799743652344,-0.024698638916015626,9.535470886230469
1748974948478,-0.22588027954101564,-0.14340179443359377,9.806856536865235
1748974948551,0.09445358276367188,0.09280700683593751,9.654922485351562
1748974948611,0.6960525512695312,0.18426681518554688,10.79240707397461
1748974948678,1.618733825683594,2.922971649169922,20.522622985839845
1748974948746,0.22602996826171876,-1.4549743652343752,7.824678497314453
1748974948811,-0.6533912658691406,0.48559020996093755,9.421707458496094
1748974948878,0.20806732177734377,0.17872833251953127,10.005643157958986
1748974948945,-0.10223739624023438,0.26614654541015625,9.69698501586914
1748974949011,0.037272491455078126,0.040415954589843754,9.905950469970703
1748974949078,-0.2327659606933594,-0.008232879638671876,9.532028045654297
1748974949146,-0.044008483886718755,0.14340179443359377,9.87750961303711
1748974949211,-0.029788055419921876,0.07529342651367188,9.651779022216797
1748974949278,-0.1878593444824219,0.1323248291015625,9.676178283691407
1748974949352,-0.0005987548828125,0.1980381774902344,9.768685913085937
1748974949411,0.015867004394531252,0.12184661865234375,9.7285693359375
1748974949478,-0.15103591918945314,0.15417938232421877,9.711953887939453
1748974949551,-0.101788330078125,0.11705657958984375,9.884844360351563
1748974949611,0.11391311645507814,0.21405487060546877,9.530531158447266
1748974949678,-0.027991790771484375,0.16959732055664065,9.804760894775391
1748974949752,-0.29608428955078125,0.144898681640625,9.917326812744141
1748974949812,-0.2763253784179688,0.030686187744140628,9.526190185546875
1748974949878,0.19115249633789064,0.09086105346679688,9.666448516845703
1748974949945,-0.09969268798828125,0.26764343261718754,9.821226654052735
1748974950012,-0.38290374755859374,0.11570938110351563,9.735904083251954
1748974950078,0.111368408203125,0.10253677368164063,9.646988983154298
1748974950151,-0.019309844970703125,0.047151947021484376,9.76254867553711
1748974950212,-0.25042922973632814,0.11061996459960938,9.68111801147461
1748974950278,-0.14040802001953126,0.286204833984375,9.826465759277344
1748974950351,0.025147705078125002,0.035176849365234374,9.600884857177736
1748974950412,-0.05074447631835938,0.08592132568359376,9.809700622558594
1748974950478,-0.1197509765625,0.17378860473632812,9.74967544555664
1748974950551,0.010627899169921875,0.18486557006835938,9.614207153320313
1748974950611,-0.04266128540039063,0.13846206665039062,9.753417663574218
1748974950678,0.0005987548828125,0.06496490478515625,9.691745910644531
1748974950746,0.05313949584960938,0.1285826110839844,9.655670928955079
1748974950812,-0.29368927001953127,0.1676513671875,9.919123077392578
1748974950878,-0.10103988647460938,0.15417938232421877,9.529633026123047
1748974950946,-0.046403503417968756,0.016016693115234376,9.863289184570313
1748974951012,-0.06586303710937501,0.1071771240234375,9.720635833740236
1748974951079,-0.11526031494140626,0.11660751342773439,9.718091125488282
1748974951152,-0.036524047851562505,0.1387614440917969,9.686656494140626
1748974951211,-0.07289840698242188,0.09385482788085937,9.784852294921876
1748974951279,-0.1275347900390625,0.09714797973632813,9.670190734863281
1748974951344,-0.10807525634765626,0.16241226196289063,9.73575439453125
1748974951412,-0.03981719970703125,0.09430389404296875,9.83679428100586
1748974951478,-0.08292755126953126,0.14804214477539063,9.578431549072267
1748974951551,-0.16854949951171877,0.11660751342773439,9.828711090087891
1748974951611,-0.10822494506835938,0.1251397705078125,9.615704040527344
1748974951679,0.12124786376953126,0.113763427734375,9.58441909790039
1748974951746,-0.0975970458984375,0.1866618347167969,9.930649108886719
1748974951811,-0.35670822143554687,0.04685256958007813,9.658065948486328
1748974951878,0.010927276611328125,0.11900253295898439,9.479337615966797
1748974951948,0.24593856811523437,0.18516494750976564,10.031688995361328
1748974952011,-0.6902146911621094,0.1293310546875,9.77452377319336
1748974952078,0.17962646484375,0.11526031494140626,9.393565979003906
1748974952145,0.1279838562011719,0.09849517822265626,9.890083465576172
1748974952211,-0.43649230957031254,0.27722351074218754,9.646839294433594
1748974952278,-0.07828720092773438,0.08652008056640625,9.755213928222657
1748974952346,0.06975494384765625,0.05433700561523438,9.829908599853516
1748974952412,-0.26659561157226563,0.18112335205078126,9.6040283203125
1748974952479,-0.077838134765625,0.199984130859375,9.686806182861329
1748974952551,-0.05284011840820313,0.07604187011718751,9.79278579711914
1748974952611,-0.16121475219726564,0.11645782470703125,9.658964080810547
1748974952679,-0.05643264770507813,0.22573059082031252,9.793534240722657
1748974952745,-0.13861175537109377,0.14220428466796875,9.638606414794923
1748974952812,-0.17064514160156252,0.15133529663085937,9.884395294189453
1748974952879,0.0089813232421875,0.07394622802734375,9.79997085571289
1748974952946,-0.1471440124511719,0.1932481384277344,9.726773071289063
1748974953012,-0.2606080627441406,0.21076171875000002,9.48038543701172
1748974953078,0.05598358154296875,0.094603271484375,9.716145172119141
1748974953151,-0.24099884033203126,0.19429595947265627,9.674531707763672
1748974953211,-0.21136047363281252,0.19100280761718752,9.81284408569336
1748974953278,0.10268646240234376,0.16301101684570313,9.709109802246095
1748974953352,-0.130528564453125,0.2233355712890625,9.737101593017579
1748974953412,-0.29458740234375,0.22228775024414063,9.841734008789063
1748974953478,-0.03667373657226563,0.2329156494140625,9.64609085083008
1748974953551,0.07828720092773438,0.09310638427734376,9.68021987915039
1748974953611,-0.29234207153320313,0.21315673828125,9.814939727783203
1748974953679,0.0712518310546875,0.12783416748046875,9.817484436035157
1748974953751,0.03442840576171875,0.21899459838867188,9.940977630615235
1748974953812,-0.132923583984375,0.1285826110839844,9.642198944091797
1748974953879,-0.3688330078125,0.3487747192382813,9.887239379882812
1748974953950,0.020207977294921877,0.21480331420898438,9.520352325439454
1748974954012,-0.12244537353515626,0.047451324462890625,9.796528015136719
1748974954079,-0.25462051391601564,0.1299298095703125,9.771080932617188
1748974954150,-0.06601272583007813,0.20103195190429687,9.759405212402344
1748974954211,0.056282958984375006,0.20207977294921875,9.980046386718751
1748974954279,-0.2597099304199219,0.1676513671875,9.674681396484376
1748974954345,0.389190673828125,0.3411405944824219,10.237510986328125
1748974954412,0.10133926391601562,0.12469070434570313,9.338031463623047
1748974954478,0.06077362060546875,0.25881179809570315,9.862989807128907
1748974954552,0.07574249267578126,0.3502716064453125,9.36258041381836
1748974954611,-0.00508941650390625,-0.0748443603515625,9.495054931640626
1748974954679,0.039218444824218754,-0.13187576293945313,9.214987335205079
1748974954745,-0.7417076110839844,-0.5415737915039063,11.363170166015626
1748974954812,0.8870553588867188,1.4763798522949219,9.080716552734376
1748974954879,0.08187973022460938,0.0796343994140625,9.86792953491211
1748974954946,0.26764343261718754,-0.4677772521972656,9.812245330810548
1748974955012,-0.067060546875,-0.2118095397949219,9.461225280761719
1748974955078,0.3023712158203125,-0.2417472839355469,9.463320922851564
1748974955152,0.27422973632812503,-0.20926483154296877,9.936636657714844
1748974955212,0.5730084228515625,0.006586303710937501,10.35456756591797
1748974955279,0.7952961730957032,-1.1967613220214843,11.119776306152344
1748974955346,2.2481748962402346,0.8437953186035156,10.068811798095703
1748974955412,4.33738037109375,-1.0268646240234376,5.289849700927735
1748974955478,4.315675506591797,0.20207977294921875,0.7256909179687501
1748974955552,2.479743347167969,0.22123992919921875,9.975106658935548
1748974955611,2.5468038940429687,-0.354462890625,11.157497863769532
1748974955679,1.8300942993164064,0.28650421142578125,9.025930480957031
1748974955746,2.66086669921875,0.1790277099609375,9.566306762695312
1748974955812,2.8660899353027345,0.4646337890625,9.248816986083986
1748974955879,2.182012481689453,0.386795654296875,9.561067657470703
1748974955945,2.43573486328125,-0.8247848510742188,9.385782165527344
1748974956012,2.6840684509277346,0.24444168090820315,9.24522445678711
1748974956078,2.514620819091797,0.2950364685058594,9.445657653808594
1748974956146,2.409239959716797,0.22782623291015627,9.401798858642579
1748974956212,2.4438180541992187,0.1634600830078125,9.458530883789063
1748974956279,2.4370820617675784,0.20312759399414063,9.314081268310547
1748974956346,2.3807991027832034,0.23935226440429688,9.510921936035157
1748974956411,2.4456143188476562,0.20252883911132813,9.39655975341797
1748974956478,2.36867431640625,0.23441253662109376,9.402397613525391
1748974956551,2.3471191406250003,0.199984130859375,9.543404388427735
1748974956612,2.4360342407226563,0.2070195007324219,9.347461853027344
1748974956679,2.3920257568359378,0.24548950195312502,9.44161605834961
1748974956752,2.368973693847656,0.21764739990234377,9.541907501220704
1748974956812,2.4016058349609377,0.22707778930664063,9.319769439697266
1748974956879,2.382894744873047,0.23426284790039065,9.464817810058594
1748974956948,2.396067352294922,0.18815872192382813,9.461075592041016
1748974957012,2.399510192871094,0.24069946289062502,9.342222747802735
1748974957079,2.361339569091797,0.22123992919921875,9.508077850341797
1748974957145,2.3787034606933597,0.19190093994140625,9.444310455322267
1748974957212,2.4075933837890626,0.2552192687988281,9.355545043945312
1748974957279,2.365081787109375,0.22782623291015627,9.515262908935547
1748974957346,2.4038511657714845,0.22049148559570314,9.383087768554688
1748974957412,2.379152526855469,0.23396347045898438,9.423803100585937
1748974957479,2.3897804260253905,0.19549346923828126,9.562115478515626
1748974957546,2.352657623291016,0.17797988891601563,9.273216247558594
1748974957613,2.358944549560547,0.26075775146484376,9.531129913330078
1748974957679,2.4005580139160156,0.23875350952148439,9.39655975341797
1748974957751,2.42615478515625,0.197589111328125,9.384884033203125
1748974957812,2.3408322143554687,0.22064117431640626,9.441017303466797
1748974957879,2.4421714782714843,0.23037094116210938,9.44880111694336
1748974957951,2.3614892578125,0.2520758056640625,9.372759246826172
1748974958012,2.325114898681641,0.22647903442382813,9.50388656616211
1748974958079,2.39501953125,0.18007553100585938,9.385183410644531
1748974958147,2.3813978576660157,0.23321502685546877,9.36931640625
1748974958212,2.3807991027832034,0.23845413208007812,9.54220687866211
1748974958279,2.3873854064941407,0.2089654541015625,9.303453369140625
1748974958346,2.357747039794922,0.20627105712890625,9.461075592041016
1748974958412,2.379002838134766,0.18905685424804688,9.495054931640626
1748974958479,2.41657470703125,0.2471360778808594,9.271270294189454
1748974958552,2.3261627197265624,0.25267456054687504,9.492061157226564
1748974958612,2.442620544433594,0.18576370239257814,9.442813568115234
1748974958679,2.3508613586425784,0.24204666137695313,9.316326599121094
1748974958752,2.443967742919922,0.2932402038574219,9.555080108642578
1748974958812,2.3749612426757816,0.22019210815429688,9.387428741455079
1748974958879,2.3101460266113283,0.2082170104980469,9.347461853027344
1748974958945,2.4281007385253908,0.30611343383789064,9.551487579345704
1748974959012,2.466720428466797,0.15941848754882812,9.214388580322266
1748974959079,2.4697142028808594,0.12708572387695313,9.339977416992188
1748974959146,2.437980194091797,0.044307861328125,9.395362243652345
1748974959212,2.3635848999023437,0.31719039916992187,9.403595123291016
1748974959279,2.4565415954589844,0.4218228149414063,9.424102478027343
1748974959347,2.2306613159179687,0.21824615478515627,9.343120880126953
1748974959412,2.501597900390625,0.2808160400390625,9.132808227539064
1748974959478,2.338886260986328,0.5770500183105469,9.284592590332032
1748974959551,2.415377197265625,0.8562194824218751,9.430988159179687
1748974959611,2.4694148254394532,0.5493576049804688,9.189540252685548
1748974959679,2.4968078613281253,0.4101470947265625,9.51915481567383
1748974959746,2.3619383239746097,0.6264472961425781,9.432335357666016
1748974959812,2.4219635009765628,0.5498066711425782,9.407487030029298
1748974959879,2.5644671630859377,0.3691323852539063,9.519903259277344
1748974959946,2.379152526855469,0.6565347290039063,9.170230407714845
1748974960012,2.4664210510253906,0.5604345703125,9.312135314941406
1748974960079,2.611319732666016,0.5391787719726563,8.970545654296876
1748974960145,2.5164170837402344,0.5495072937011719,9.291927337646484
1748974960212,2.7572662353515627,0.7319778442382813,9.226663055419923
1748974960279,2.629581756591797,0.5858816528320313,9.356143798828125
1748974960347,2.1082159423828126,0.8843609619140625,9.660161590576172
1748974960412,2.0913011169433595,0.5310955810546876,9.192234649658204
1748974960478,2.248773651123047,0.6987469482421875,9.543105010986329
1748974960552,2.2305116271972656,0.3435356140136719,9.412875823974609
1748974960612,2.0975880432128906,0.33410522460937503,9.428892517089844
1748974960679,2.1047731018066407,0.22498214721679688,9.484127655029297
1748974960747,2.192341003417969,0.6830296325683594,9.313332824707032
1748974960812,2.2829026794433593,0.7803273010253907,9.61211151123047
1748974960879,2.1885987854003908,0.3387455749511719,9.455237731933595
1748974960945,2.139351196289063,0.3246748352050781,9.179211730957032
1748974961012,1.9041902160644533,0.4122427368164063,9.468560028076173
1748974961079,1.9504440307617188,0.6724017333984376,9.276659088134766
1748974961146,2.01900146484375,0.06361770629882812,9.719138946533203
1748974961212,1.9784358215332032,0.10103988647460938,9.435628509521484
1748974961279,1.9246975708007814,0.5486091613769531,9.610914001464844
1748974961346,2.000739440917969,0.5780978393554688,9.378896484375
1748974961412,2.020049285888672,0.36823425292968753,9.456285552978516
1748974961479,1.9549346923828126,0.3315605163574219,9.498048706054687
1748974961546,1.9597247314453126,0.32482452392578126,9.573791198730468
1748974961612,2.0510348510742187,0.5661227416992187,9.593849487304688
1748974961679,2.44531494140625,0.607137451171875,10.941646728515625
1748974961746,2.3963667297363282,0.6846762084960938,6.583609313964844
1748974961812,1.7841398620605469,0.01107696533203125,8.985813903808594
1748974961879,1.8899697875976564,0.17483642578125,9.711953887939453
1748974961947,1.5928376770019532,0.4355941772460938,9.618099060058594
1748974962012,1.5235317993164064,0.7168592834472657,9.547895050048828
1748974962079,1.9808308410644533,0.3165916442871094,9.392518157958985
1748974962145,1.7305513000488282,0.25581802368164064,9.782457275390625
1748974962212,1.4651531982421875,0.3561094665527344,9.746531982421876
1748974962279,1.9492465209960939,0.3165916442871094,9.4890673828125
1748974962345,1.7299525451660158,0.5551954650878906,9.4603271484375
1748974962412,1.5829582214355469,0.4343966674804688,9.911189575195314
1748974962479,1.9258950805664063,0.281414794921875,9.298513641357422
1748974962545,1.60705810546875,0.4041595458984375,9.727671203613282
1748974962612,1.6474740600585938,0.3634442138671875,9.775272216796875
1748974962679,1.8247055053710939,0.23785537719726563,9.349407806396485
1748974962746,1.7979112243652344,0.3251239013671875,9.627379760742189
1748974962812,1.539847869873047,0.49247589111328127,9.598639526367188
1748974962879,1.8003062438964845,0.39158569335937504,9.474397888183594
1748974962945,1.9303857421875001,0.09475296020507813,9.540560302734375
1748974963011,1.3213023376464845,0.2935395812988281,9.617949371337891
1748974963079,1.9354751586914063,0.6237528991699219,9.672585754394532
1748974963146,1.8778450012207033,0.23620880126953125,9.244476013183593
1748974963212,1.445394287109375,0.16675323486328125,9.686955871582033
1748974963279,1.865570526123047,0.26375152587890627,9.630223846435547
1748974963346,1.5618521118164064,0.2927911376953125,9.375753021240234
1748974963412,2.0636087036132813,0.46762756347656254,9.68111801147461
1748974963478,1.4913487243652344,0.17528549194335938,9.485325164794922
1748974963551,1.638193359375,0.3523672485351563,9.615853729248048
1748974963612,1.8124310302734377,0.44068359375000005,9.558223571777344
1748974963679,1.7118402099609376,0.4248165893554688,9.463470611572266
1748974963746,1.9056871032714844,-0.9496252441406251,8.013885040283203
1748974963812,1.264420623779297,1.85135009765625,13.662688293457032
1748974963879,1.602118377685547,-0.15717315673828125,8.916657714843751
1748974963946,1.1141331481933594,0.5080435180664062,9.585466918945313
1748974964012,1.9763401794433595,0.83586181640625,9.38608154296875
1748974964079,1.847607879638672,0.44158172607421875,9.63172073364258
1748974964146,1.7859361267089844,0.6547384643554688,9.501641235351563
1748974964211,1.783092041015625,0.5360353088378906,9.446855163574218
1748974964279,1.7568965148925781,0.6183641052246094,9.593101043701173
1748974964351,1.7938696289062501,0.5406756591796875,9.541308746337892
1748974964412,1.751807098388672,0.5266049194335938,9.556726684570313
1748974964479,1.7696200561523439,0.5780978393554688,9.6327685546875
1748974964551,1.781744842529297,0.5682183837890625,9.530830535888672
1748974964611,1.7863851928710939,0.5435197448730469,9.484427032470704
1748974964679,1.7353413391113282,0.5358856201171875,9.677824859619141
1748974964746,1.8109341430664063,0.5574407958984375,9.437275085449219
1748974964812,1.7525555419921877,0.5870791625976562,9.538015594482422
1748974964879,1.7323475646972657,0.5554948425292969,9.583071899414064
1748974964946,1.793719940185547,0.5638774108886719,9.406289520263673
1748974965011,1.763782196044922,0.5923182678222657,9.623487854003907
1748974965079,1.774559783935547,0.5406756591796875,9.5178076171875
1748974965151,1.7922230529785157,0.5644761657714844,9.462722167968751
1748974965212,1.7792001342773438,0.57719970703125,9.631870422363281
1748974965279,1.7988093566894532,0.5260061645507813,9.478888549804688
1748974965352,1.751956787109375,0.5876779174804688,9.543703765869141
1748974965412,1.7946180725097658,0.5602848815917969,9.592801666259765
1748974965478,1.7848883056640625,0.5417234802246094,9.437873840332031
1748974965552,1.766326904296875,0.5788462829589844,9.56615707397461
1748974965612,1.7845889282226564,0.55324951171875,9.577533416748047
1748974965679,1.7959652709960938,0.5828878784179687,9.424551544189454
1748974965746,1.7607884216308594,0.5459147644042969,9.606273651123047
1748974965812,1.760189666748047,0.5240602111816407,9.529333648681641
1748974965879,1.7657281494140626,0.5984555053710938,9.477391662597658
1748974965946,1.7772541809082032,0.5938151550292969,9.631421356201173
1748974966012,1.7850379943847656,0.49487091064453126,9.515412597656251
1748974966079,1.7690213012695313,0.5707630920410156,9.53891372680664
1748974966151,1.7980609130859375,0.4782554626464844,9.579479370117188
1748974966212,1.8724562072753907,0.5710624694824219,9.44925018310547
1748974966279,2.016456756591797,0.6375242614746094,9.521250457763673
1748974966346,1.6446299743652344,0.5737568664550782,9.633816375732422
1748974966412,1.2898677062988282,0.5270539855957032,9.466763763427736
1748974966478,1.6325051879882813,0.5776487731933594,9.720785522460938
1748974966552,1.725312194824219,0.602197723388672,9.516011352539063
1748974966612,1.5301181030273439,0.6457571411132813,9.55418197631836
1748974966678,1.6266673278808594,0.647852783203125,9.673184509277345
1748974966746,1.8172210693359376,0.5519023132324219,9.574090576171875
1748974966811,1.6425343322753907,0.5728587341308594,9.703571319580078
1748974966879,1.6690292358398438,0.2616558837890625,9.380992126464845
1748974966949,1.6203804016113281,0.4872367858886719,9.676926727294923
1748974967012,1.592538299560547,0.3776646423339844,9.41961181640625
1748974967079,1.6651373291015625,0.4412823486328125,9.744885406494141
1748974967146,1.632056121826172,0.5074447631835938,9.474397888183594
1748974967212,1.7116905212402345,0.3342549133300781,9.526788940429688
1748974967279,1.605710906982422,0.41912841796875,9.646240539550782
1748974967345,1.6557069396972657,0.46598098754882816,9.486372985839845
1748974967412,1.6377442932128907,0.358055419921875,9.664203186035158
1748974967479,1.6651373291015625,0.3423381042480469,9.605225830078126
1748974967546,1.6018190002441408,0.47451324462890626,9.43967010498047
1748974967612,1.6314573669433594,0.488583984375,9.647288360595704
1748974967679,1.7091458129882813,0.35820510864257815,9.559870147705078
1748974967746,1.618733825683594,0.3192860412597656,9.492210845947266
1748974967812,1.5929873657226563,0.3758683776855469,9.630223846435547
1748974967879,1.64058837890625,0.4122427368164063,9.558672637939454
1748974967946,1.5145504760742188,0.5219645690917969,9.418264617919922
1748974968011,1.9508930969238283,0.3787124633789063,9.575138397216797
1748974968079,1.826052703857422,0.26120681762695314,9.550888824462891
1748974968146,1.4685960388183594,0.3288661193847656,9.475445709228516
1748974968212,1.9221528625488282,0.6089337158203125,9.172775115966797
1748974968279,2.296524353027344,1.1264076232910156,11.011102294921876
1748974968347,2.228415985107422,0.37901184082031253,9.720935211181642
1748974968412,3.043920135498047,0.9988728332519532,10.086475067138672
1748974968478,4.34261947631836,0.37092864990234375,6.993007965087891
1748974968552,4.452191619873047,0.8467890930175782,8.211923217773437
1748974968612,4.369713134765625,0.7044351196289063,9.683213653564454
1748974968679,4.601730651855469,0.765208740234375,9.01051254272461
1748974968746,5.098547515869141,0.8044271850585938,8.086783447265626
1748974968812,5.321434020996094,0.8327183532714845,7.86329818725586
1748974968879,5.420527954101563,0.8696914672851563,7.981103210449219
1748974968946,5.5431230163574226,0.8592132568359375,7.742798767089844
1748974969012,5.632187805175781,0.9336085510253906,7.400460662841797
1748974969079,5.587430877685547,0.6120771789550782,8.124205627441407
1748974969146,5.63832504272461,0.5495072937011719,7.36752914428711
1748974969211,5.517226867675782,0.8205935668945313,8.321794738769531
1748974969279,5.483397216796876,0.6069877624511719,8.062833251953126
1748974969347,5.723497924804688,0.7147636413574219,7.881560211181641
1748974969412,5.642666015625,0.8536747741699219,7.550149383544922
1748974969478,5.777834930419922,0.51013916015625,7.979157257080079
1748974969552,5.804030456542969,0.6135740661621094,7.68127670288086
1748974969612,5.804928588867188,0.63228515625,7.665409698486329
1748974969679,5.8862095642089844,0.5261558532714844,8.10803924560547
1748974969746,5.940247192382813,0.5513035583496094,7.593559112548829
1748974969812,5.796096954345703,0.417930908203125,7.231611785888672
1748974969879,6.079757080078125,1.0108479309082032,8.163424072265625
1748974969945,6.169720001220703,1.5320640563964845,8.135132904052735
1748974970012,5.411396942138672,0.4623884582519531,7.791297912597656
1748974970079,5.8142092895507815,1.129102020263672,8.156538391113282
1748974970147,6.07182357788086,0.8144563293457031,7.339687042236329
1748974970212,6.142027587890626,0.9830058288574219,7.078330535888672
1748974970279,6.061944122314453,0.8677455139160156,7.668403472900391
1748974970345,6.313870239257813,1.1090437316894532,7.489974517822266
1748974970412,5.981261901855469,0.7246430969238281,7.6844201660156255
1748974970479,6.567293243408203,0.7444020080566407,6.8737060546875
1748974970552,6.894213409423829,1.2283456420898438,7.787555694580078
1748974970612,6.868167572021485,1.1088940429687502,7.3462733459472656
1748974970679,7.137158203125001,1.3865666198730469,6.670279083251954
1748974970745,8.0233154296875,0.09325607299804688,5.1606683349609375
1748974970812,8.00610122680664,1.3135185241699219,5.4233720397949226
1748974970879,8.433163146972657,1.3763877868652346,5.183421020507812
1748974970946,9.033564605712892,1.9651135253906251,1.4632072448730469
1748974971012,8.036787414550782,0.9150471496582032,4.4686573791503905
1748974971079,8.037386169433594,0.48409332275390626,6.763684844970704
1748974971145,7.647147674560547,1.0355465698242188,5.592220916748047
1748974971212,6.830895080566407,1.2311897277832031,6.680457916259766
1748974971278,5.958509216308594,0.9190887451171875,8.232729949951173
1748974971345,6.129004669189453,0.3549119567871094,8.160579986572266
1748974971412,6.080206146240235,0.40505767822265626,7.57065673828125
1748974971478,5.723198547363282,1.2504995727539063,8.367000732421875
1748974971545,5.883515167236329,1.701661376953125,7.067403259277344
1748974971612,5.851781158447266,1.01309326171875,7.6651103210449225
1748974971679,5.386398925781251,0.604742431640625,8.73074432373047
1748974971746,5.715115356445313,1.1442205810546875,7.512278137207032
1748974971812,6.173611907958985,1.3305830383300783,6.494095458984376
1748974971879,6.048023071289063,1.3545332336425782,7.931855621337891
1748974971950,5.770200805664063,0.8038284301757813,7.578590240478516
1748974972012,5.661077728271485,0.9499246215820313,8.317154388427735
1748974972079,5.942492523193359,1.3055850219726564,7.384144592285157
1748974972146,5.8739350891113284,1.0973680114746094,7.6844201660156255
1748974972212,5.684728546142578,1.0376422119140625,8.145162048339845
1748974972279,6.038442993164063,1.1343411254882814,7.367229766845703
1748974972347,5.998775482177734,1.2497511291503907,7.437583465576172
1748974972412,6.179150390625001,0.9650431823730469,7.469616851806641
1748974972479,6.229296112060547,1.154249725341797,7.142247619628907
1748974972546,6.2896206665039065,1.1575428771972658,7.428901519775391
1748974972611,6.355334014892579,1.1645782470703125,7.4889266967773445
1748974972679,6.329886932373047,1.0892848205566408,7.262896728515625
1748974972745,6.3548849487304695,1.1647279357910156,7.307354278564453
1748974972812,6.634952545166016,1.2021501159667969,6.705755310058594
1748974972879,6.481970672607422,1.167422332763672,7.409891052246095
1748974972946,6.533313903808594,1.1133847045898437,7.288343811035157
1748974973012,6.827901306152344,1.2337344360351563,6.668931884765625
1748974973079,6.576873321533204,1.0795550537109375,6.9130741882324225
1748974973146,6.70844970703125,0.9943821716308594,6.508615264892579
1748974973212,6.636748809814454,1.1425740051269533,6.847510528564453
1748974973278,6.3514421081542976,1.1585906982421876,6.8620303344726565
1748974973346,6.248156890869141,1.2157717895507814,7.570057983398438
1748974973412,5.803731079101563,1.1415261840820312,7.94233383178711
1748974973479,5.973328399658204,1.161434783935547,7.694149932861328
1748974973546,5.862558746337891,1.2287947082519532,7.762407989501954
1748974973612,5.809718627929688,1.107696533203125,7.885751495361329
1748974973679,5.576802978515626,1.3308824157714845,7.811805267333985
1748974973746,5.977369995117188,1.182989959716797,7.874973907470704
1748974973812,5.650150451660156,1.0014175415039064,7.409142608642578
1748974973879,5.945635986328125,1.0536589050292968,8.019273834228516
1748974973946,5.691165161132813,1.1108399963378908,7.853568420410157
1748974974012,5.423821105957032,1.2266990661621093,7.846083984375
1748974974078,5.796845397949219,1.3094769287109376,7.853568420410157
1748974974146,5.684129791259766,0.9969268798828126,7.350614318847657
1748974974212,5.990542602539063,1.1133847045898437,8.311915283203126
1748974974279,5.6396722412109375,1.204395446777344,7.679181060791016
1748974974346,5.605094146728516,1.2216096496582032,7.8483293151855476
1748974974412,5.440885620117188,1.1511062622070314,8.035440216064453
1748974974478,5.85866683959961,1.2064910888671876,7.936346282958985
1748974974545,6.219266967773438,1.3013937377929687,7.285799102783203
1748974974612,5.835016021728516,0.9945318603515626,7.840844879150391
1748974974679,5.9745259094238286,1.2530442810058595,7.671097869873047
1748974974746,5.893993377685547,1.2647200012207032,7.351362762451172
1748974974812,5.935756530761719,1.1302995300292968,7.610773315429688
1748974974879,6.004912719726563,1.2017010498046876,7.400011596679688
1748974974946,6.206992492675782,1.3581257629394532,8.092471618652343
1748974975012,6.098617858886719,1.4040802001953125,6.963070220947266
1748974975079,6.157445526123047,1.1222163391113282,7.438331909179688
1748974975147,5.953569488525391,1.0756631469726563,7.16155746459961
1748974975211,6.0414367675781255,1.1632310485839845,8.205037536621095
1748974975279,5.782924346923829,1.3950988769531252,7.55149658203125
1748974975346,5.9320143127441405,1.2350816345214843,7.75791732788086
1748974975412,6.172115020751954,0.9604028320312501,7.5241035461425785
1748974975479,5.841901702880859,1.0819500732421876,7.784561920166016
1748974975546,5.415438537597656,1.3232482910156251,7.906707916259766
1748974975612,5.761518859863282,1.1332933044433595,7.93948974609375
1748974975679,6.423143005371094,1.204545135498047,6.982978820800781
1748974975746,6.388564910888673,0.9848020935058595,7.806266784667969
1748974975812,6.084996185302734,0.9229806518554688,7.3621403503417975
1748974975879,6.638994140625,1.0641371154785157,7.403005371093751
1748974975945,6.964866485595704,1.1035052490234376,6.879843292236329
1748974976012,6.877298583984375,1.1454180908203127,6.949298858642578
1748974976079,6.954388275146485,1.2937596130371094,7.0293823242187505
1748974976145,6.743327178955078,1.282532958984375,6.805298309326172
1748974976212,6.616989898681641,0.5349874877929688,6.806196441650391
1748974976279,6.540948028564453,0.6936575317382813,7.667954406738281
1748974976345,5.966742095947266,1.021475830078125,7.684869232177735
1748974976412,5.713169403076172,1.3756393432617189,8.495283966064454
1748974976479,5.773943023681641,1.256187744140625,7.540569305419922
1748974976546,5.709427185058594,1.2055929565429688,8.000862121582031
1748974976612,5.621260528564453,0.8879534912109376,7.387886810302735
1748974976679,5.550158386230469,1.2689112854003908,7.194189605712891
1748974976747,6.307733001708985,0.9324110412597657,7.730973358154297
1748974976812,6.317163391113281,1.1030561828613281,7.885601806640626
1748974976879,6.557862854003907,1.1873309326171875,7.576644287109375
1748974976950,6.556665344238281,1.1187734985351563,7.045698394775391
1748974977012,6.396498413085938,0.9333091735839845,6.857988739013672
1748974977079,6.553521881103516,0.9476792907714844,7.076534271240234
1748974977145,6.497987365722657,1.0975177001953125,7.251819763183594
1748974977212,6.396348724365235,1.2183164978027345,7.627538452148438
1748974977279,6.003116455078126,1.0815010070800781,7.948171691894531
1748974977346,5.994434509277344,0.7716453552246094,7.815547485351563
1748974977412,6.010451202392578,0.9598040771484375,7.496560821533204
1748974977479,6.151607666015625,0.9363029479980469,7.574548645019532
1748974977546,6.295608215332032,1.1005114746093752,7.7636054992675785
1748974977612,6.405180358886719,0.9533674621582032,7.126530303955079
1748974977679,6.586453399658203,0.8788224792480469,6.882687377929688
1748974977746,6.730603637695313,0.8174501037597657,7.093598785400391
1748974977812,6.866371307373047,0.9421408081054689,7.086563415527344
1748974977879,6.8707122802734375,1.2266990661621093,7.141349487304688
1748974977945,6.734944610595703,1.2627740478515626,7.035070495605469
1748974978012,6.408174133300782,1.123114471435547,6.974147186279297
1748974978079,5.991590423583984,0.9795629882812501,7.341932373046875
1748974978145,6.049070892333985,1.1752061462402343,7.889194335937501
1748974978212,5.603597259521485,1.2168196105957032,8.012837219238282
1748974978279,5.815706176757812,1.124311981201172,7.874824218750001
1748974978348,5.847140808105469,1.2852273559570313,7.9275146484375005
1748974978414,5.582940216064453,1.0913804626464845,7.134314117431641
1748974978478,5.653293914794922,1.0743159484863283,7.677684173583985
1748974978546,5.605094146728516,0.8949888610839845,7.62858627319336
1748974978612,6.2797412109375,1.2587324523925782,8.263865203857423
1748974978678,5.828729095458985,1.1708651733398439,8.314759368896485
1748974978746,5.611830139160157,1.0259664916992188,7.359296264648438
1748974978812,5.643713836669922,0.9466314697265625,7.899971923828125
1748974978879,5.626799011230469,0.9151968383789063,7.272626495361329
1748974978946,5.799090728759766,1.0053094482421876,8.039781188964843
1748974979012,6.073919219970703,1.0719209289550782,8.009843444824218
1748974979079,5.696404266357423,1.2735516357421877,7.5892181396484375
1748974979146,6.137087860107422,1.0451266479492187,7.630382537841797
1748974979212,6.881489868164063,1.016685791015625,6.804998931884766
1748974979279,7.205116882324219,0.9301657104492188,6.764133911132813
1748974979347,6.897506561279298,0.9385482788085938,6.7421296691894534
1748974979412,6.7123416137695315,1.1217672729492187,7.316634979248048
1748974979479,6.196663970947266,1.0870394897460938,7.294481048583985
1748974979547,5.899980926513672,1.1485615539550782,7.68846176147461
1748974979612,6.2580363464355475,1.2666659545898438,7.752827911376953
1748974979679,6.120771789550782,1.3832734680175782,7.501051483154297
1748974979746,6.279142456054688,1.1573931884765625,7.238796844482422
1748974979812,6.807094573974609,1.0689271545410157,7.458240509033203
1748974979879,7.030130767822266,1.028511199951172,6.217620391845704
1748974979946,7.1191955566406255,1.2121792602539063,6.385122070312501
1748974980012,6.90289535522461,1.3130694580078126,7.226073303222656
1748974980079,6.372997283935547,1.2076885986328125,6.309678955078125
1748974980147,6.713838500976562,1.1005114746093752,6.8725085449218755
1748974980212,7.0171078491210945,0.9960287475585938,7.982450408935548
1748974980279,6.386768646240235,1.0463241577148439,7.551945648193359
1748974980347,5.825735321044922,1.0807525634765625,7.881560211181641
1748974980412,6.075116729736329,1.3733940124511719,7.007677459716797
1748974980479,5.73128173828125,1.191222839355469,7.504943389892579
1748974980546,5.813760223388672,1.0771600341796876,6.978937225341797
1748974980612,6.098468170166016,1.392703857421875,7.952362976074219
1748974980679,5.8793238830566406,1.434467010498047,7.661817169189454
1748974980747,6.352639617919922,1.2828323364257812,8.16791473388672
1748974980812,6.319857788085938,1.3198054504394532,7.303162994384766
1748974980879,5.8035813903808595,1.2714559936523437,7.221882019042969
1748974980946,6.118526458740234,1.2268487548828126,7.65732650756836
1748974981012,6.323450317382813,1.4160552978515626,6.934928741455079
1748974981079,6.445895690917969,1.359173583984375,7.688312072753907
1748974981147,6.575226745605469,1.2184661865234376,7.3533087158203125
1748974981212,6.808591461181641,1.2668156433105469,7.581584014892578
1748974981278,7.147786102294922,1.0319540405273437,5.743556213378906
1748974981347,6.581064605712891,1.2157717895507814,5.713917846679688
1748974981412,7.213349761962891,1.4001882934570313,7.0645591735839846
1748974981479,6.999893646240235,1.157842254638672,6.711593170166016
1748974981546,6.500681762695312,1.5193405151367188,7.482041015625001
1748974981612,5.719306640625001,1.4495855712890626,7.355404357910157
1748974981679,5.625451812744141,1.2966036987304688,7.230264587402344
1748974981746,6.199657745361328,1.5082635498046877,6.838379516601563
1748974981812,7.057074737548828,1.4684463500976563,7.200775909423829
1748974981879,6.739285583496094,1.2757969665527344,7.507188720703126
1748974981947,6.414161682128906,1.3623170471191406,7.213200073242188
1748974982012,6.1240649414062505,1.6598982238769533,7.518714752197266
1748974982079,6.19875961303711,1.7980609130859375,7.126979370117188
1748974982145,6.164780273437501,1.717079315185547,7.817643127441406
1748974982212,6.5642994689941405,1.7504598999023437,7.482939147949219
1748974982279,5.898184661865234,1.8389259338378907,7.764353942871094
1748974982345,5.791456604003907,2.0004400634765624,7.451654205322266
1748974982412,5.572611694335937,1.9221528625488282,7.1313203430175784
1748974982479,5.651198272705078,1.8982026672363281,7.405400390625
1748974982546,5.751040649414063,1.8124310302734377,7.297175445556641
1748974982612,5.708379364013672,2.181563415527344,8.370892639160157
1748974982679,4.533322906494141,2.204465789794922,7.946525115966797
1748974982746,4.338128814697265,2.3933729553222656,8.34948715209961
1748974982812,5.193599853515625,2.586471405029297,8.09322006225586
1748974982879,6.082152099609376,2.4635769653320314,7.4059991455078125
1748974982946,5.413941650390625,2.1040246582031252,6.93358154296875
1748974983012,5.006638641357422,2.204465789794922,7.759713592529297
1748974983079,5.6273977661132815,3.013982391357422,8.516090698242188
1748974983146,5.981411590576172,3.114273834228516,8.838669891357423
1748974983212,5.630241851806641,2.8464807128906253,8.580157470703126
1748974983279,5.304519195556641,2.615061950683594,6.8777476501464845
1748974983347,5.207670593261719,2.605631561279297,7.344177703857422
1748974983412,5.124144287109376,2.3502626037597656,6.207142181396485
1748974983479,6.029611358642579,2.4659719848632813,7.911947021484376
1748974983546,6.388864288330079,2.024839324951172,6.759044494628907
1748974983612,6.3936543273925786,2.7174490356445316,8.697513427734375
1748974983679,6.337521057128907,3.2663575744628908,8.863667907714845
1748974983746,6.638844451904297,2.541864166259766,5.9938357543945315
1748974983812,6.029311981201173,2.143093414306641,5.965993652343751
1748974983879,5.940546569824219,2.621498565673828,6.142476654052735
1748974983946,6.138135681152344,3.1662158203125004,7.812254333496094
1748974984012,5.893095245361328,2.3978636169433596,6.411018218994141
1748974984079,6.865173797607422,2.67523681640625,9.365574188232422
1748974984146,6.936725006103516,2.537373504638672,6.588549041748047
1748974984211,6.447542266845703,2.994822235107422,6.823560333251954
1748974984279,6.1557989501953125,3.4548156738281253,6.9790869140625
1748974984346,5.954467620849609,3.393592987060547,6.518794097900391
1748974984412,5.627846832275391,2.851270751953125,6.501280517578126
1748974984478,5.8124130249023445,2.9270132446289066,6.4250889587402344
1748974984547,6.426885223388672,3.4108071899414063,7.292684783935547
1748974984612,6.315516815185547,3.763174438476563,6.660249938964844
1748974984679,6.326893157958985,3.947890319824219,7.490124206542969
1748974984746,6.572831726074219,4.216282196044922,8.45576614379883
1748974984812,6.623725891113281,3.4721795654296876,5.852080535888672
1748974984879,5.92767333984375,2.7258316040039063,6.6119004821777345
1748974984946,5.931565246582031,2.9533584594726565,5.975424041748047
1748974985012,6.626120910644532,3.4242791748046875,7.30765365600586
1748974985079,6.894961853027344,3.7211119079589845,7.1278775024414065
1748974985147,6.414311370849609,3.243754577636719,7.605683898925782
1748974985211,5.802533569335938,2.6635610961914065,6.813231811523438
1748974985279,5.943540344238282,2.5222549438476562,6.383325805664063
1748974985346,6.170618133544922,2.5809329223632815,6.894213409423829
1748974985412,6.407126312255859,2.5487498474121093,6.677314453125001
1748974985479,6.134992218017579,2.512225799560547,6.820716247558594
1748974985546,6.246809692382813,2.4878265380859377,6.339017944335938
1748974985612,6.6330065917968755,3.0910720825195312,7.868836669921875
1748974985679,6.445746002197266,3.1332843017578127,6.989565124511719
1748974985746,6.65860336303711,3.283721466064453,7.363337860107422
1748974985812,6.314768371582032,3.133733367919922,5.9091119384765625
1748974985879,5.98994384765625,2.721490631103516,6.3812301635742195
1748974985946,6.460714874267579,3.1269973754882816,7.263046417236328
1748974986012,6.761289825439453,3.609144744873047,6.746320953369141
1748974986079,6.482270050048829,3.5295103454589847,7.146588592529297
1748974986146,6.237528991699219,2.8496241760253906,5.891598358154297
1748974986212,6.332731018066407,2.8428881835937503,5.668412475585938
1748974986279,6.9148704528808596,3.7378770446777345,6.749015350341797
1748974986346,7.537874908447266,3.468886413574219,6.207441558837891
1748974986412,6.643484802246094,3.2934512329101566,8.024962005615235
1748974986479,7.1120104980468755,3.1894175720214846,3.3148567199707033
1748974986546,6.926246795654297,2.950364685058594,5.466781768798828
1748974986611,7.961943054199219,3.314557342529297,6.102210388183594
1748974986679,8.033643951416016,3.6371365356445313,5.021457824707031
1748974986746,8.086633758544922,3.3028816223144535,5.19285140991211
1748974986812,7.063211975097657,3.2961456298828127,5.734275512695313
1748974986879,7.373666381835938,2.928659820556641,4.772076416015625
1748974986952,7.568561096191407,2.644999694824219,4.5988865661621094
1748974987012,7.929610290527344,2.930456085205078,4.435576171875001
1748974987079,7.789651336669922,2.896626434326172,5.321434020996094
1748974987145,7.913443908691407,3.347039794921875,5.67185531616211
1748974987212,7.926466827392579,3.327580261230469,2.7776239013671877
1748974987279,7.563471679687501,3.3509317016601563,3.678600311279297
1748974987347,7.602989501953125,4.04518798828125,6.07376953125
1748974987412,7.423063659667969,4.03081787109375,6.087540893554688
1748974987479,7.746990051269532,3.9279817199707034,4.740492095947266
1748974987546,7.833959197998047,3.8672080993652345,6.842271423339844
1748974987612,7.7213932800292975,3.5545083618164064,4.791685638427735
1748974987679,7.881859588623048,3.7181181335449223,3.997137908935547
1748974987746,7.679480438232423,3.725452880859375,4.2296044921875
1748974987812,7.934849395751954,3.6009118652343752,3.303480377197266
1748974987879,8.13483352661133,3.185076599121094,5.1007928466796875
1748974987946,7.893684997558594,3.2003448486328128,4.780758361816407
1748974988012,7.997718658447266,3.3081207275390625,4.8156358337402345
1748974988079,7.58787094116211,3.4022749328613284,4.003424835205078
1748974988146,7.421866149902344,4.148922271728516,4.6693899536132815
1748974988212,8.136180725097656,4.4563829040527345,4.247866516113281
1748974988279,8.411907348632813,4.104614410400391,3.9019358825683597
1748974988346,8.284073181152344,3.9679486083984377,4.16299301147461
1748974988412,7.780071258544922,3.846251678466797,4.688250732421875
1748974988479,7.725734252929688,3.941902770996094,5.071453857421875
1748974988546,7.535330200195313,4.035009155273437,4.704117736816406
1748974988611,7.911947021484376,3.8547839355468754,5.024002532958985
1748974988679,8.060587921142579,3.4971775817871094,4.852010192871094
1748974988746,8.460406494140626,3.376827850341797,4.784949645996094
1748974988812,7.649991760253907,3.1545401000976563,5.18806137084961
1748974988879,7.595804443359375,3.0189221191406252,4.134701843261719
1748974988946,7.649542694091798,3.1138247680664066,5.325176239013672
1748974989012,8.168513488769532,3.3558714294433596,5.685476989746094
1748974989079,7.1632040405273445,3.0039532470703127,6.316564636230469
1748974989146,6.881040802001953,2.6508375549316407,6.006559295654297
1748974989212,7.160060577392579,2.74229736328125,6.163882141113281
1748974989279,6.9599267578125,2.3309527587890626,5.405259704589844
1748974989346,7.405250701904297,2.266436920166016,6.948700103759766
1748974989412,7.116800537109375,2.290686492919922,6.112239532470704
1748974989479,7.322772216796875,2.2845492553710938,7.006180572509766
1748974989546,6.837032318115234,2.1655467224121097,4.768783264160157
1748974989612,6.771768035888672,1.7335450744628906,6.186634826660157
1748974989678,7.162904663085937,1.7241146850585938,4.998106384277344
1748974989746,7.656428375244141,1.6545094299316407,6.411766662597657
1748974989812,7.8305163574218755,1.8470091247558595,4.483626251220703
1748974989878,7.616760864257813,1.744622039794922,6.014492797851563
1748974989946,7.829169158935548,2.2052142333984377,6.379284210205078
1748974990012,7.928113403320313,2.205962677001953,6.151008911132813
1748974990078,7.971223754882813,2.144590301513672,6.354286193847656
1748974990146,6.868017883300782,2.338437194824219,6.015241241455079
1748974990212,5.757477264404297,2.4764501953125,5.827681274414063
1748974990278,6.349945220947266,2.5116270446777347,6.147715759277344
1748974990346,8.098309478759766,2.250120849609375,5.744753723144531
1748974990412,7.723638610839844,1.9730470275878906,6.429429931640625
1748974990478,6.984026641845704,2.033221893310547,7.232210540771485
1748974990546,8.19336181640625,2.3544538879394534,7.014563140869141
1748974990612,8.77819564819336,2.3044578552246096,6.250102844238282
1748974990678,7.60658203125,2.1839584350585937,4.7345045471191405
1748974990747,6.836283874511719,2.0480410766601564,5.495671691894532
1748974990812,6.447242889404297,1.3950988769531252,3.4081127929687502
1748974990879,7.494914245605469,1.6857943725585938,6.395600280761719
1748974990946,7.805518341064453,2.0110679626464845,6.263724517822266
1748974991012,7.619604949951173,2.1215382385253907,7.76270736694336
1748974991079,7.998766479492188,1.6808546447753907,7.272177429199219
1748974991146,7.0522846984863286,1.453627166748047,6.230493621826172
1748974991212,6.86218002319336,1.5953823852539064,5.77963119506836
1748974991279,6.849456481933594,1.4398558044433594,6.448889465332032
1748974991346,6.207441558837891,1.2181668090820312,6.0677819824218755
1748974991412,6.038442993164063,1.1274554443359375,5.2048265075683595
1748974991479,7.615114288330078,1.9546353149414064,7.9980180358886726
1748974991546,7.522606658935548,2.488724670410156,6.344556427001954
1748974991612,7.4625814819335945,1.8708096313476563,7.210056610107422
1748974991679,7.533983001708985,1.0374925231933594,6.108647003173829
1748974991745,7.23819808959961,1.2889695739746094,6.075865173339844
1748974991812,6.325845336914063,1.4970368957519533,4.679269409179688
1748974991879,8.022716674804688,1.9591259765625002,6.6701293945312505
1748974991963,7.728278961181641,1.5443385314941407,5.110821990966797
1748974992012,7.449708251953125,1.6899856567382814,6.76637924194336
1748974992079,7.204069061279297,1.632056121826172,6.980883178710938
1748974992145,7.36752914428711,1.8339862060546877,5.54012924194336
1748974992212,6.818770294189454,1.56394775390625,6.596632232666016
1748974992279,6.976991271972657,1.320703582763672,5.441184997558594
1748974992346,7.2353540039062505,1.6131953430175783,6.698719940185547
1748974992412,7.4113879394531255,1.9420614624023438,6.152805175781251
1748974992479,7.808661804199219,2.1507275390625002,7.734715576171875
1748974992546,6.929539947509766,1.5840060424804687,5.7841218566894534
1748974992612,6.759343872070313,1.265618133544922,6.563700714111328
1748974992679,7.138355712890625,1.184337158203125,6.0906843566894535
1748974992746,7.601791992187501,1.349593505859375,6.3249472045898445
1748974992812,6.932683410644532,1.4581178283691407,6.349795532226563
1748974992879,7.24493408203125,1.8191670227050782,7.070247344970704
1748974992946,7.188800811767578,1.3552816772460938,5.72694076538086
1748974993012,7.7213932800292975,1.2323872375488283,6.310577087402344
1748974993079,7.428153076171875,1.618883514404297,6.831344146728516
1748974993146,7.734865264892578,1.885928192138672,6.427933044433594
1748974993212,7.326065368652344,1.6025674438476563,5.845344543457031
1748974993279,7.243586883544922,1.3895603942871095,6.619384918212891
1748974993346,6.5554678344726565,1.4046789550781251,5.66706527709961
1748974993412,7.425159301757813,1.833387451171875,6.9446585083007815
1748974993479,7.397915954589844,1.8056950378417969,6.598278808593751
1748974993546,7.220385131835938,1.2530442810058595,6.307433624267579
1748974993612,7.2741233825683596,1.4359638977050782,7.00543212890625
1748974993679,7.136110382080078,1.7753082275390626,7.215146026611328
1748974993746,7.458839263916016,1.8823356628417969,6.994953918457032
1748974993812,6.673721923828126,1.2855267333984375,5.089715881347656
1748974993879,6.599476318359375,1.543590087890625,5.811814270019531
1748974993946,6.784641265869141,1.9351757812500001,6.938072204589844
1748974994012,7.732619934082032,1.9456539916992188,7.061415710449219
1748974994079,7.166197814941406,1.5244299316406251,6.229296112060547
1748974994147,7.667505340576172,1.6467256164550783,7.10886703491211
1748974994212,6.714437255859376,1.5227833557128907,5.404211883544922
1748974994278,7.035818939208985,1.854792938232422,7.840395812988282
1748974994346,6.6876429748535156,0.904119873046875,4.634961547851563
1748974994412,7.306905212402344,1.2674143981933594,7.725883941650391
1748974994479,6.88613021850586,1.8004559326171876,5.2834130859375
1748974994546,7.643704833984375,2.096540222167969,8.101452941894532
1748974994612,7.095245361328125,1.4025833129882814,5.310806121826172
1748974994679,7.190597076416016,1.4049783325195313,7.214696960449219
1748974994747,6.834188232421876,1.7139358520507812,5.358407135009766
1748974994812,6.956184539794922,1.5419435119628908,6.9376231384277345
1748974994879,7.43982879638672,1.5729290771484377,6.937922515869141
1748974994946,7.0663554382324225,1.7190252685546876,5.359604644775391
1748974995012,7.229216766357422,1.610351257324219,7.271428985595703
1748974995079,7.146887969970703,1.5117063903808594,6.335874481201172
1748974995147,6.127058715820313,1.0621911621093751,8.06642578125
1748974995212,5.796246643066406,1.5091616821289062,8.369545440673829
1748974995279,6.075116729736329,1.4922468566894531,8.369096374511718
1748974995346,5.910309448242188,0.9740245056152345,7.261549530029297
1748974995412,6.339167633056641,1.021326141357422,8.422684936523439
1748974995479,6.024671630859375,1.384021911621094,7.97302001953125
1748974995546,5.394182739257813,1.161434783935547,7.497608642578125
1748974995612,4.878056030273438,0.9945318603515626,7.311246185302735
1748974995679,6.000272369384766,0.9966275024414063,7.344327392578125
1748974995745,6.413712615966797,0.9487271118164063,9.502090301513672
1748974995812,5.605543212890625,0.8625064086914063,7.234006805419922
1748974995879,5.139262847900391,1.1422746276855469,7.451504516601563
1748974995946,6.142776031494141,1.4319223022460938,9.44925018310547
1748974996012,5.9323136901855476,0.6584806823730469,9.04404281616211
1748974996079,4.752018127441406,0.13412109375,8.304879913330078
1748974996146,4.067790985107422,-0.18546432495117188,7.577692108154297
1748974996212,5.361400909423828,-0.10762619018554688,7.674840087890625
1748974996279,6.251599731445313,0.3020718383789063,9.353299713134765
1748974996345,5.0822314453125,0.30641281127929687,7.317832489013672
1748974996412,5.9885966491699225,0.8050259399414063,9.331594848632813
1748974996479,5.8389079284667975,0.29458740234375,7.953710174560547
1748974996546,5.388494567871094,-0.12064910888671876,7.8317138671875
1748974996612,5.225034484863282,0.023201751708984378,7.658973083496094
1748974996679,4.941074981689454,0.1974394226074219,6.898704071044922
1748974996745,5.923931121826172,0.44756927490234377,10.659782867431641
1748974996812,5.008285217285157,-0.2185455322265625,7.477849731445313
1748974996879,5.000950469970704,0.19160156250000002,8.854087829589844
1748974996946,5.063670043945312,0.168848876953125,8.583600311279298
1748974997012,4.696333923339844,0.8204438781738281,7.4676708984375
1748974997079,5.101690979003907,0.9818083190917969,8.693022766113282
1748974997146,5.423521728515626,0.8666976928710938,7.6597215270996095
1748974997212,5.3158955383300786,1.2593312072753906,8.639434204101564
1748974997279,5.459896087646484,1.5236814880371095,8.825796661376954
1748974997346,5.669310607910156,1.5690371704101562,8.070916442871095
1748974997412,5.036576385498047,1.6112493896484377,8.937464447021485
1748974997479,5.355113983154297,1.8288967895507813,8.089777221679688
1748974997546,5.220843200683594,1.1940669250488283,8.591084747314454
1748974997612,5.114414520263672,1.1216175842285157,7.364235992431641
1748974997679,5.0302894592285154,1.2584330749511718,8.945697326660156
1748974997746,5.373226318359375,0.9618997192382813,7.858358459472656
1748974997812,5.23072265625,0.789158935546875,8.114924926757812
1748974997879,5.262756042480469,0.7970924377441406,8.175399169921876
1748974997946,5.331912231445313,0.7758366394042969,8.423433380126953
1748974998012,4.892875213623047,0.47615982055664063,8.039781188964843
1748974998079,5.052593078613281,0.33290771484375004,8.389603729248048
1748974998146,4.602928161621094,0.3309617614746094,7.793992309570313
1748974998212,4.963378601074219,0.7581733703613281,7.586374053955079
1748974998279,5.0216075134277345,0.3070115661621094,7.4043525695800785
1748974998346,5.373675384521484,1.088386688232422,8.941206665039063
1748974998412,5.022056579589844,0.8666976928710938,7.777676239013672
1748974998479,5.175188140869141,0.8458909606933595,7.9326040649414065
1748974998546,4.8755113220214845,1.026265869140625,7.76031234741211
1748974998612,4.935985565185547,1.1567944335937501,8.568631439208986
1748974998679,5.172344055175781,1.069376220703125,8.517886962890625
1748974998746,4.6888494873046875,0.8108638000488282,6.871610412597657
1748974998812,5.1783316040039065,1.4109658813476562,9.419013061523438
1748974998879,4.928650817871094,1.6938775634765626,7.974516906738281
1748974998945,4.74019271850586,1.640438690185547,9.156459045410157
1748974999012,4.9193701171875,1.3289364624023439,7.821684722900391
1748974999079,5.003794555664062,1.2109817504882814,8.2388671875
1748974999146,4.462669830322266,1.4820680236816406,7.771089935302735
1748974999212,3.886068878173828,1.8705102539062501,9.70701416015625
1748974999279,4.730762329101562,1.9167640686035157,9.49954559326172
1748974999345,5.439987487792969,1.7643809509277344,7.963140563964844
1748974999412,4.314328308105469,1.6495697021484377,9.094637603759766
1748974999479,3.815864868164063,1.550475769042969,8.951684875488281
1748974999546,4.1357496643066405,1.4030323791503907,8.149503021240236
1748974999613,4.443509674072266,1.4073733520507814,8.00176025390625
1748974999679,4.292174377441406,1.5127542114257813,8.475674743652345
1748974999745,4.202959899902344,1.6774118041992188,9.371861114501954
1748974999812,4.337530059814453,1.5166461181640625,8.144712982177735
1748974999879,4.955894165039063,1.5545173645019532,9.85984634399414
1748974999945,4.710853729248047,1.5081138610839844,8.328680419921875
1748975000012,4.108955383300781,1.5344590759277346,9.02727767944336
1748975000079,3.8845719909667973,1.3617182922363282,7.600594482421875
1748975000146,4.523892517089844,1.2207115173339844,8.72026611328125
1748975000212,4.546495513916016,1.2183164978027345,9.468410339355469
1748975000279,4.070485382080078,1.0594967651367189,7.8287200927734375
1748975000346,4.803660736083985,1.257534942626953,10.332413635253907
1748975000412,4.882995758056641,1.618883514404297,8.095615081787109
1748975000479,4.577331390380859,1.6125965881347657,8.959618377685548
1748975000546,4.0230340576171875,0.7258406066894532,9.029523010253907
1748975000612,4.012256469726562,0.6762936401367188,7.711064758300782
1748975000679,4.525539093017579,1.1972103881835938,9.293124847412109
1748975000746,4.781207427978516,1.7968634033203126,7.877518615722656
1748975000812,4.274062042236328,0.99872314453125,7.429350585937501
1748975000879,4.377946014404297,0.7774832153320312,10.099048919677735
1748975000946,5.033432922363281,1.7543518066406252,9.835896148681641
1748975001012,4.653822326660157,0.8164022827148438,9.538165283203126
1748975001079,4.54335205078125,0.7083270263671876,8.321794738769531
1748975001146,3.9830671691894532,0.4602928161621094,8.704548797607423
1748975001212,4.563260650634766,0.8752299499511719,8.001311187744141
1748975001279,4.001778259277344,0.7750881958007813,7.3937246704101565
1748975001346,4.085603942871094,0.2950364685058594,9.346114654541017
1748975001412,4.395459594726563,-0.6792874145507812,8.728349304199218
1748975001479,4.64199691772461,-0.13546829223632814,9.912686462402345
1748975001545,4.123026123046875,0.3320095825195313,10.043215026855469
1748975001612,3.877237243652344,-0.14025833129882814,7.664810943603516
1748975001679,3.9522312927246097,-0.8864566040039062,8.846304016113281
1748975001745,4.309987335205078,-1.340911560058594,7.896379394531251
1748975001812,3.6051031494140626,-0.7879614257812501,9.399104461669923
1748975001879,3.96615234375,-1.0635383605957032,8.953630828857422
1748975001965,4.114344177246094,-1.011746063232422,8.53390365600586
1748975002012,3.9540275573730472,-0.9961784362792969,9.259744262695312
1748975002079,4.0109092712402346,-1.0068063354492187,9.376202087402344
1748975002145,4.166435852050782,-1.2135264587402343,7.715705108642578
1748975002212,4.240980834960938,-1.1443702697753906,8.617429962158203
1748975002279,4.3929148864746095,-0.7041357421875001,7.331005096435547
1748975002346,4.69663330078125,-0.7008425903320313,10.014774169921875
1748975002412,4.786596221923828,-0.6276448059082032,6.396648101806641
1748975002479,5.834716644287109,-0.40894958496093753,9.780960388183594
1748975002546,4.8773075866699225,-0.5867797851562501,9.54939193725586
1748975002612,4.611610107421876,-0.6002517700195312,9.223519592285157
1748975002679,4.927453308105469,-0.18157241821289063,7.074438629150391
1748975002746,5.696254577636719,-0.039218444824218754,8.58225311279297
1748975002812,4.844226379394532,0.1484912109375,7.306905212402344
1748975002879,4.716841278076172,0.5025050354003906,8.91141860961914
1748975002946,4.77372299194336,0.028889923095703127,7.442672882080078
1748975003012,5.696553955078126,0.13846206665039062,8.845555572509767
1748975003079,5.246140594482422,-0.0143701171875,8.548722839355468
1748975003146,4.906197509765625,0.23171813964843752,8.599317626953125
1748975003212,5.017416229248047,0.6843768310546875,9.761201477050781
1748975003279,5.119503936767578,0.0413140869140625,6.869215393066407
1748975003346,4.818330230712891,0.19115249633789064,9.342522125244141
1748975003412,4.155957641601563,0.7285350036621094,6.69407958984375
1748975003479,4.7541137695312505,1.25738525390625,10.209668884277344
1748975003547,4.185745697021485,0.3914360046386719,7.263794860839844
1748975003612,5.1588720703125,0.81670166015625,10.396031341552735
1748975003679,3.9414537048339846,0.6128256225585937,9.316476287841798
1748975003747,3.646417236328125,0.6722520446777344,9.056317291259766
1748975003812,4.361180877685547,0.5701643371582031,8.228688354492188
1748975003879,5.107229461669922,0.5800437927246094,8.295748901367189
1748975003954,3.2584240722656252,0.5444178771972656,7.837851104736329
1748975004012,3.4753230285644534,0.7186555480957032,7.641309814453125
1748975004079,4.367318115234375,1.4425502014160156,8.63688949584961
1748975004147,5.086572418212891,1.5048207092285157,9.792187042236328
1748975004212,4.171674957275391,1.306333465576172,7.773634643554688
1748975004279,3.861968994140625,1.0689271545410157,10.255323944091797
1748975004347,4.916526031494141,1.5356565856933595,9.942025451660157
1748975004412,4.286935272216797,1.695374450683594,7.610923004150391
1748975004479,4.298910369873047,2.1908441162109376,10.333611145019532
1748975004547,3.573069763183594,1.3760884094238282,5.649252319335938
1748975004612,3.665278015136719,0.8628057861328126,7.995323638916016
1748975004679,3.8949005126953127,0.7414082336425781,9.175020446777344
1748975004747,4.841382293701172,1.8245558166503908,9.465566253662109
1748975004812,4.6024790954589845,1.8440153503417969,9.877210235595703
1748975004879,4.865033111572266,2.04295166015625,8.46729217529297
1748975004946,4.334536285400391,1.120869140625,8.526568908691406
1748975005012,3.907174987792969,0.5719606018066407,7.472011871337891
1748975005079,4.1218286132812505,0.9514215087890625,7.845036163330079
1748975005147,4.099225616455079,1.2193643188476564,8.674461364746094
1748975005212,4.423152008056641,1.5024256896972656,8.752149810791016
1748975005279,4.278253326416015,1.0099497985839845,9.075477447509765
1748975005346,4.537813568115235,1.0434800720214845,8.583151245117188
1748975005412,4.262386322021484,1.264270935058594,8.660690002441406
1748975005479,4.24202865600586,1.4187496948242189,8.894204406738282
1748975005546,4.249662780761719,1.588945770263672,8.964258728027344
1748975005612,4.024680633544922,1.274000701904297,8.647068328857422
1748975005679,3.8516404724121096,0.9541159057617188,8.326734466552734
1748975005753,4.4917094421386725,1.7151333618164064,9.56331298828125
1748975005813,4.5831692504882815,1.9007473754882813,8.608897705078125
1748975005879,4.5514352416992185,1.901495819091797,8.120613098144531
1748975005946,4.585713958740235,1.7624349975585938,8.258626098632813
1748975006012,4.549040222167969,1.9202069091796876,7.8796142578125
1748975006079,4.500541076660157,1.809437255859375,7.8234809875488285
1748975006146,5.1677037048339844,1.8154248046875001,8.336613922119142
1748975006212,5.503305816650391,2.172133026123047,6.852001190185547
1748975006279,5.204078063964844,2.6825715637207033,10.218500518798828
1748975006346,4.9108378601074225,2.597248992919922,7.972271575927735
1748975006412,4.632267150878906,2.7093658447265625,8.248447265625
1748975006479,4.31387924194336,2.8154951477050782,8.059390411376954
1748975006546,4.061803436279297,3.036735076904297,9.228908386230469
1748975006612,4.016447753906251,2.6072781372070315,7.9451779174804695
1748975006679,4.808301086425781,2.8123516845703125,8.317753143310547
1748975006747,4.782704315185547,3.095413055419922,8.2915576171875
1748975006812,3.626209259033203,2.389031982421875,7.486082611083985
1748975006879,3.639082489013672,2.2387445068359377,9.70701416015625
1748975006951,4.1129969787597656,1.833088073730469,6.881789245605469
1748975007013,5.004393310546876,2.1776715087890626,10.235415344238282
1748975007079,4.591701507568359,2.300266571044922,7.980953521728516
1748975007145,4.043541412353516,2.119442596435547,9.219927062988281
1748975007213,4.138893127441406,2.0047810363769534,8.642727355957032
1748975007279,4.4915597534179685,1.6741186523437501,7.061565399169922
1748975007347,3.783681793212891,1.0220745849609376,8.98746047973633
1748975007412,3.502865753173828,1.0431806945800781,7.778873748779297
1748975007479,4.274511108398437,1.7119898986816406,9.653575286865236
1748975007546,5.063969421386719,2.3200254821777344,10.718311157226562
1748975007612,4.173471221923828,1.2645703125,7.589966583251954
1748975007679,3.8133201599121094,0.9762698364257812,8.993897094726563
1748975007755,4.041146392822266,0.9656419372558595,7.742050323486328
1748975007812,3.8380187988281254,0.8946894836425782,8.668473815917968
1748975007879,4.039499816894532,0.7617658996582032,8.453221435546876
1748975007954,4.582720184326172,0.9861492919921876,9.322463836669922
1748975008012,4.4018962097167975,0.8276289367675782,8.847950592041016
1748975008079,4.123774566650391,0.7955955505371094,8.864566040039064
1748975008146,4.044738922119141,0.5313949584960938,8.337362365722656
1748975008212,3.825894012451172,0.2938389587402344,8.105494537353517
1748975008279,3.988455963134766,0.6554869079589845,9.039552154541017
1748975008346,4.688999176025391,1.0919792175292968,8.938811645507814
1748975008412,4.466561737060547,0.7601193237304688,10.350525970458985
1748975008479,3.9230419921875,0.33679962158203125,8.134983215332031
1748975008554,3.9487884521484378,0.4278103637695313,8.705446929931641
1748975008612,3.835324401855469,0.4122427368164063,8.241860961914062
1748975008679,3.735931091308594,0.6135740661621094,8.606352996826173
1748975008753,3.8938526916503906,0.9357041931152345,9.315877532958984
1748975008812,4.237537994384766,1.0705737304687502,9.000782775878907
1748975008879,4.016298065185547,0.681383056640625,9.138047332763673
1748975008946,3.616329803466797,0.3303630065917969,7.966433715820313
1748975009012,3.823498992919922,0.28021728515625,9.460027770996094
1748975009079,4.194427642822266,0.257464599609375,8.221203918457032
1748975009147,4.32824935913086,0.28725265502929687,8.637937316894531
1748975009212,4.442611541748047,-0.20207977294921875,10.192903747558594
1748975009279,3.353626098632813,-0.10523117065429688,10.103090515136719
1748975009347,4.631518707275391,-0.7906558227539063,6.382277984619141
1748975009412,4.504882049560547,0.12094848632812501,9.886640625
1748975009479,3.4955310058593754,0.03667373657226563,6.259233856201172
1748975009546,3.2950978088378906,0.7554789733886719,10.22867935180664
1748975009612,3.6407290649414064,0.3849993896484375,9.489217071533204
1748975009679,3.67635498046875,0.9604028320312501,10.283465423583985
1748975009746,3.043620758056641,0.5987548828125,9.43353286743164
1748975009812,2.950514373779297,0.3415896606445313,9.815837860107422
1748975009879,3.656895446777344,0.24803421020507813,9.568103027343751
1748975009946,3.7444633483886722,1.1084449768066407,8.757089538574219
1748975010012,2.768193511962891,0.7249424743652344,7.389234008789063
1748975010079,2.84767822265625,-0.013771362304687501,9.243128814697267
1748975010146,2.9511131286621097,0.05044509887695313,10.708431701660157
1748975010212,2.07169189453125,-0.03278182983398438,10.333311767578126
1748975010279,1.8720071411132813,-0.39517822265625,9.932445373535156
1748975010346,2.378104705810547,-0.2625540161132813,9.961784362792969
1748975010412,2.958747253417969,-0.21809646606445313,8.552764434814453
1748975010479,2.6060806274414063,-0.09370513916015626,8.798703002929688
1748975010546,3.1102322387695316,-0.3918850708007813,9.425749053955078
1748975010612,3.220702514648438,-1.051263885498047,9.778715057373047
1748975010679,1.3750405883789063,0.16375946044921877,3.1750474548339844
1748975010746,2.146985321044922,0.16301101684570313,8.875792694091798
1748975010812,2.251168670654297,0.2859054565429688,11.993209991455078
1748975010879,3.2816258239746094,0.5218148803710938,11.683653717041016
1748975010946,2.454745330810547,-0.28650421142578125,9.655221862792969
1748975011012,2.447560272216797,0.032332763671875,8.647667083740235
1748975011079,2.3201751708984375,0.918340301513672,8.67281478881836
1748975011146,1.0151889038085937,1.8125807189941407,10.175839233398438
1748975011212,1.5120057678222658,0.020507354736328125,8.982371063232423
1748975011279,0.6623725891113281,1.174607391357422,10.076894989013672
1748975011346,1.4242881774902345,0.7545808410644531,10.671907653808594
1748975011412,0.7173083496093751,2.1559666442871093,9.403146057128907
1748975011479,-0.3212319946289063,2.4611819458007815,7.751480712890626
1748975011546,0.43349853515625003,2.435884552001953,10.042616271972657
1748975011612,1.2826826477050781,1.6512162780761719,11.597433013916016
1748975011679,1.6851956176757814,0.6605763244628906,9.165140991210938
1748975011746,1.2651690673828127,1.507664794921875,9.636361083984376
1748975011812,0.7864645385742188,1.3994398498535157,7.931107177734376
1748975011879,1.687291259765625,1.8314414978027345,10.075697479248047
1748975011947,1.9309844970703125,1.7356407165527346,11.81029037475586
1748975012012,2.664758605957031,0.89334228515625,8.566685485839844
1748975012079,1.986668701171875,0.4248165893554688,5.438340911865235
1748975012145,1.521885223388672,-0.18965560913085938,8.344547424316406
1748975012212,2.1933888244628905,-0.17678237915039063,9.159153442382813
1748975012279,1.466949462890625,-0.25536895751953126,10.352022857666016
1748975012345,1.5335609436035158,-0.20657043457031252,10.41593994140625
1748975012412,1.2708572387695314,0.04655319213867188,10.25741958618164
1748975012479,0.5313949584960938,0.10687774658203125,9.272916870117188
1748975012547,0.7963439941406251,-0.21121078491210937,10.4470751953125
1748975012612,0.6593788146972657,-0.36119888305664066,9.75251953125
1748975012679,0.6399192810058594,-0.6752458190917969,10.005493469238282
1748975012746,0.7223977661132813,-0.6752458190917969,9.879305877685548
1748975012812,0.7499404907226563,-0.03697311401367188,10.184670867919923
1748975012879,0.6245013427734375,0.07274871826171875,9.49670150756836
1748975012946,0.3986210632324219,-0.36209701538085937,9.306297454833985
1748975013012,0.6798861694335938,-0.6048921203613281,9.260941772460939
1748975013079,0.6827302551269532,-0.7607180786132813,9.88993377685547
1748975013147,1.0183323669433595,-0.03263214111328125,10.447673950195313
1748975013212,1.3575270080566406,0.22842498779296877,9.688602447509766
1748975013279,1.227297821044922,-0.20133132934570314,9.564510498046875
1748975013353,0.5736071777343751,-0.5510041809082031,9.592651977539063
1748975013412,0.45385620117187503,-0.8137078857421876,9.961185607910156
1748975013479,-0.19714004516601563,-0.6370751953125,10.011780395507813
1748975013552,-0.12334350585937501,-0.7090754699707031,10.136022033691408
1748975013613,-0.0197589111328125,-0.5926176452636719,9.838590545654297
1748975013679,-0.5013075256347657,-0.621507568359375,9.690099334716797
1748975013754,-0.43649230957031254,-0.5566923522949219,9.847122802734376
1748975013812,0.25417144775390627,-0.5673202514648438,9.784702606201172
1748975013879,0.4932243347167969,-0.4559518432617188,9.672885131835939
1748975013946,0.6264472961425781,-0.4237687683105469,9.554780731201172
1748975014012,0.71132080078125,-0.5659730529785156,9.933044128417968
1748975014079,1.299298095703125,-0.4686753845214844,9.185947723388672
1748975014146,2.0134629821777343,-0.5656736755371095,9.60447738647461
1748975014212,1.7862355041503908,-0.889749755859375,9.463919677734376
1748975014279,1.2467573547363282,-0.8893006896972657,10.072104949951173
1748975014354,0.7273374938964844,-0.36060012817382814,9.412127380371095
1748975014412,0.43843826293945315,-0.3477268981933594,9.207053833007812
1748975014479,0.5206173706054688,-0.6010002136230469,9.68261489868164
1748975014546,0.5763015747070312,-0.871637420654297,9.3070458984375
1748975014612,0.6792874145507812,-0.9599537658691407,9.743238830566407
1748975014679,1.1666738891601562,-0.5185217285156251,9.574389953613283
1748975014753,1.412911834716797,-0.5721102905273437,10.093660125732422
1748975014812,1.3850697326660157,-0.7607180786132813,9.386680297851562
1748975014879,1.3281880187988282,-1.2205618286132813,9.502838745117188
1748975014953,1.003363494873047,-1.1427236938476564,9.433083801269532
1748975015013,0.808319091796875,-0.6137237548828125,9.630523223876954
1748975015079,0.6316864013671876,-0.5492079162597656,9.9584912109375
1748975015153,0.5670208740234375,-0.7590715026855469,9.56900115966797
1748975015212,0.6231541442871094,-0.8196954345703126,9.567504272460939
1748975015279,0.798589324951172,-0.70892578125,9.524842987060547
1748975015346,0.9656419372558595,-0.45684997558593754,9.51631072998047
1748975015412,0.9187893676757813,-0.384400634765625,9.517508239746094
1748975015479,0.9002279663085938,-0.21959335327148438,10.060429229736329
1748975015546,1.0713221740722656,-0.08592132568359376,9.906399536132813
1748975015612,1.0241702270507813,-0.23186782836914063,9.830657043457032
1748975015679,0.7885601806640625,-0.7948471069335938,9.304201812744141
1748975015753,0.7423063659667969,-1.0114466857910156,9.907447357177736
1748975015812,0.41044647216796876,-0.8687933349609376,9.703571319580078
1748975015879,0.5330415344238282,-0.6060896301269532,9.581425323486329
1748975015953,0.5325924682617188,-0.7146139526367188,9.297016754150391
1748975016012,0.3929328918457031,-0.9303153991699219,10.016570434570314
1748975016079,0.13037887573242188,-0.9383985900878907,10.230774993896485
1748975016146,0.14864089965820312,-0.8572673034667969,10.145901489257813
1748975016213,0.20387603759765627,-0.9319619750976563,9.570198669433594
1748975016279,0.18172210693359375,-0.9446855163574219,9.16573974609375
1748975016347,-0.31449600219726564,-0.7882608032226562,9.655670928955079
1748975016412,-0.784368896484375,-0.5746549987792969,9.535919952392579
1748975016480,-0.5706134033203125,-0.30895751953125,9.736053771972657
1748975016546,-0.18217117309570313,-0.32781829833984377,9.416468353271485
1748975016612,-0.0556842041015625,-0.4650828552246094,9.500443725585939
1748975016679,-0.05748046875,-0.2808160400390625,9.914183349609376
1748975016746,0.12005035400390626,-0.03502716064453125,10.03947280883789
1748975016812,0.32287857055664065,0.18217117309570313,10.161169738769532
1748975016879,0.4279600524902344,0.23650817871093752,9.9105908203125
1748975016959,0.12903167724609377,0.15552658081054688,9.46077621459961
1748975017012,-0.056582336425781254,0.09669891357421875,9.579778747558594
1748975017079,0.0640667724609375,0.2505789184570313,9.515262908935547
1748975017145,0.1550775146484375,0.3826043701171875,9.78844482421875
1748975017212,0.15642471313476564,0.33320709228515627,10.115963745117188
1748975017279,0.16615447998046876,0.20357666015625,10.089019775390625
1748975017346,0.23037094116210938,0.11660751342773439,9.734407196044922
1748975017412,0.2884501647949219,0.021106109619140626,9.333989868164062
1748975017479,0.40505767822265626,-0.11541000366210938,9.275760955810547
1748975017546,0.5080435180664062,-0.18531463623046876,9.418863372802734
1748975017612,0.5514532470703125,-0.04655319213867188,9.791139221191406
1748975017679,0.48289581298828127,0.36673736572265625,10.233170013427735
1748975017746,0.779429168701172,0.41344024658203127,9.88948471069336
1748975017812,1.1217672729492187,0.22483245849609376,9.803862762451173
1748975017879,0.9110055541992188,-0.028590545654296876,9.346563720703125
1748975017946,0.5613327026367188,-0.21106109619140626,9.528435516357423
1748975018012,0.4816983032226563,-0.009729766845703125,9.554930419921876
1748975018079,0.43529479980468755,0.3896397399902344,9.644593963623047
1748975018152,0.6114784240722656,0.34443374633789064,9.787846069335938
1748975018212,0.5146298217773437,0.19444564819335938,9.787546691894532
1748975018279,0.7198530578613281,0.11061996459960938,9.682016143798828
1748975018353,0.6734495544433594,0.2656974792480469,9.627379760742189
1748975018412,0.731678466796875,0.22632934570312502,9.661658477783204
1748975018479,0.5330415344238282,0.11630813598632814,9.820927276611329
1748975018547,0.39532791137695317,0.28306137084960936,10.080038452148438
1748975018612,0.6906637573242188,0.2954855346679688,9.68156707763672
1748975018680,0.7644602966308595,-0.1215472412109375,9.364825744628908
1748975018747,0.7261399841308595,-0.15178436279296875,9.279802551269531
1748975018812,0.9050180053710938,0.04221221923828125,9.612410888671876
1748975018879,0.833466796875,0.09041198730468751,9.755662994384766
1748975018954,0.7887098693847656,-0.07319778442382813,9.541308746337892
1748975019013,0.8348139953613282,-0.3046165466308594,9.434131622314453
1748975019079,0.757873992919922,-0.670455780029297,9.779014434814453
1748975019154,0.47615982055664063,-0.6572831726074219,9.837093658447266
1748975019212,0.49591873168945316,-0.5917195129394531,9.915380859375
1748975019279,0.7421566772460938,-0.71611083984375,9.767039337158204
1748975019355,0.7876620483398438,-0.49412246704101564,9.564061431884767
1748975019412,0.8625064086914063,-0.16929794311523438,9.474098510742188
1748975019479,1.3479469299316407,-0.33021331787109376,9.476942596435547
1748975019554,1.2103829956054688,-0.3603007507324219,9.251661071777344
1748975019612,1.2754975891113283,-0.4324507141113281,9.483379211425781
1748975019680,1.1551478576660157,-0.017663269042968752,10.326276397705078
1748975019746,0.74964111328125,0.20851638793945312,10.320288848876954
1748975019812,0.016016693115234376,0.20836669921875,9.926906890869141
1748975019879,-0.10208770751953125,-0.561632080078125,9.692793731689454
1748975019946,-0.5390290832519532,-0.9276210021972656,9.528435516357423
1748975020012,-0.7057823181152344,-1.2690609741210939,9.917027435302735
1748975020079,-1.5280224609375002,-0.56282958984375,8.82564697265625
1748975020146,-1.7598902893066408,-0.22647903442382813,8.951684875488281
1748975020212,-2.1406983947753906,-0.05403762817382813,10.21086639404297
1748975020279,-1.2313394165039062,0.19055374145507814,10.135273590087891
1748975020347,0.10133926391601562,-0.6039939880371094,9.430539093017579
1748975020412,0.20627105712890625,-1.1295510864257814,9.489666137695313
1748975020479,-0.2197430419921875,-1.0675799560546875,9.54699691772461
1748975020555,0.3501219177246094,-1.3883628845214844,9.706265716552736
1748975020612,-0.5167254638671875,-0.8220904541015626,9.607022094726563
1748975020679,0.0700543212890625,-0.4117936706542969,9.539961547851563
1748975020754,-0.059725799560546876,-0.4884342956542969,9.296268310546875
1748975020812,0.530496826171875,-0.31853759765625,9.55418197631836
1748975020879,0.052241363525390626,-0.09804611206054688,9.605824584960938
1748975020946,-0.054935760498046875,-0.24489074707031253,9.774673461914062
1748975021012,-0.21689895629882813,-0.5721102905273437,9.99636245727539
1748975021079,-0.5008584594726563,-0.5263055419921875,10.268197174072267
1748975021146,-0.40924896240234376,-0.04565505981445313,9.772877197265625
1748975021212,-0.07828720092773438,-0.11570938110351563,9.422605590820313
1748975021280,-0.013471984863281251,-0.3489244079589844,9.410780181884766
1748975021346,-0.006885681152343751,-0.5451663208007813,9.999056854248048
1748975021412,0.15477813720703126,-0.46613067626953125,9.418563995361328
1748975021479,0.1734892272949219,-0.4272116088867188,8.820557556152345
1748975021546,0.1621128845214844,-0.5393284606933594,8.764274597167969
1748975021613,-0.004640350341796875,-0.9095086669921876,10.153685302734376
1748975021680,-1.0856922912597657,-0.48678771972656254,11.897109832763672
1748975021746,-0.258662109375,0.12439132690429688,9.418414306640626
1748975021812,-0.21525238037109376,-0.7472460937500001,9.558223571777344
1748975021880,-0.11271560668945313,-1.2707075500488283,10.704390106201172
1748975021951,0.02484832763671875,-0.15492782592773438,8.612789611816407
1748975022012,-0.7729925537109376,0.27063720703125,10.12225067138672
1748975022080,-0.2652484130859375,-0.17633331298828125,9.969119110107423
1748975022145,-0.6117778015136719,-1.2551399230957032,9.998907165527344
1748975022212,-0.5562432861328125,-1.5055691528320314,9.325607299804688
1748975022279,-0.12274475097656251,-0.8168513488769532,8.909472656250001
1748975022347,-0.025147705078125002,-0.147293701171875,8.984766082763672
1748975022412,-0.06900650024414062,-0.271834716796875,9.618697814941406
1748975022479,-0.07529342651367188,-0.8198451232910157,9.849068756103517
1748975022551,-0.3882925415039063,-0.9541159057617188,9.511221313476563
1748975022613,-0.6233038330078126,-0.7176077270507812,9.283395080566407
1748975022680,-0.8294252014160156,-0.43125320434570313,9.634115753173829
1748975022754,-0.5432203674316407,-0.4291575622558594,9.107361145019532
1748975022812,-0.6506968688964844,-0.844244384765625,9.633067932128906
1748975022879,-0.15627502441406252,-0.6264472961425781,10.362950134277344
1748975022953,-0.26240432739257813,-0.16076568603515626,9.131461029052735
1748975023012,-0.7008425903320313,-0.5228627014160157,9.321565704345703
1748975023079,-0.415535888671875,-0.4272116088867188,10.027797088623048
1748975023155,-0.4409829711914063,-0.6156697082519531,8.861871643066406
1748975023212,-0.9599537658691407,-0.30177246093750004,10.999276885986328
1748975023280,-0.9571096801757814,0.5427713012695313,11.728111267089844
1748975023346,-0.29907806396484377,0.22468276977539064,11.328592071533203
1748975023413,-0.2124082946777344,-0.3124003601074219,9.64474365234375
1748975023479,0.23561004638671876,-0.4998106384277344,8.253985748291017
1748975023546,0.4137396240234375,-0.33410522460937503,9.214388580322266
1748975023613,0.24668701171875002,-0.026345214843750003,9.348958740234375
1748975023680,-0.4656816101074219,-0.3838018798828125,9.535919952392579
1748975023747,-0.844244384765625,-0.9837542724609375,9.852960662841797
1748975023812,-0.3459306335449219,-0.8434959411621095,9.760752410888673
1748975023880,0.14654525756835937,-0.38290374755859374,10.0351318359375
1748975023952,0.28979736328125,-0.3758683776855469,9.348809051513673
1748975024013,0.22767654418945313,-0.7122189331054688,9.824968872070313
1748975024080,0.24878265380859377,-0.6221063232421875,9.34491714477539
1748975024155,-0.27393035888671874,-0.5334906005859376,9.365125122070314
1748975024212,-0.14938934326171877,-0.7584727478027344,9.981393585205078
1748975024280,-0.08038284301757813,-0.4206253051757813,9.818232879638673
1748975024354,0.05044509887695313,-0.5282514953613282,9.371561737060548
1748975024413,-0.039966888427734375,-0.3668870544433594,9.96133529663086
1748975024480,-0.16061599731445314,-0.20851638793945312,9.406289520263673
1748975024552,-0.16076568603515626,0.004640350341796875,9.585915985107423
1748975024613,-0.13980926513671876,0.2824626159667969,10.309960327148438
1748975024680,0.17753082275390625,0.8976832580566406,10.04231689453125
1748975024754,-0.17872833251953127,0.47436355590820317,10.146350555419922
1748975024812,0.15837066650390627,0.38080810546875005,9.750274200439454
1748975024880,0.0041912841796875,0.15043716430664064,8.803642730712891
1748975024952,-0.564027099609375,0.0622705078125,10.054441680908203
1748975025012,-0.13516891479492188,-0.03308120727539063,9.676178283691407
1748975025080,-0.5764512634277345,-0.2924917602539063,8.377329254150391
1748975025154,-0.7294331359863282,-0.0724493408203125,10.468031616210938
1748975025213,-0.6054908752441407,0.15358062744140627,11.127560119628907
1748975025280,-0.9729766845703125,0.3914360046386719,9.292376403808595
1748975025352,-0.86939208984375,0.22602996826171876,10.134525146484375
1748975025413,0.31404693603515627,0.1802252197265625,7.657027130126954
1748975025479,-0.43065444946289066,-0.35581008911132816,9.675130462646484
1748975025552,-0.15492782592773438,-0.5713618469238282,9.98917739868164
1748975025613,-0.7782316589355469,-0.02724334716796875,11.091036071777344
1748975025680,-0.9196875,0.44996429443359376,9.589508514404297
1748975025746,-0.4297563171386719,0.15657440185546875,9.53981185913086
1748975025812,-0.7957452392578125,-0.7993377685546875,10.479707336425781
1748975025880,-0.08637039184570312,-0.3914360046386719,7.530240783691407
1748975025946,-0.27198440551757813,-0.8430468750000001,8.956474914550782
1748975026012,-0.4915777587890625,-0.5993536376953126,10.887609100341798
1748975026080,-0.5956114196777345,-0.18950592041015626,9.213490447998048
1748975026146,-0.5285508728027344,-0.07529342651367188,9.799222412109376
1748975026212,0.6072871398925782,-0.17812957763671877,9.475445709228516
1748975026280,0.09789642333984376,-0.8720864868164063,8.249495086669922
1748975026346,-1.1252101135253907,-1.2543914794921875,9.936786346435547
1748975026413,-0.4974156188964844,-0.35670822143554687,10.09500732421875
1748975026479,-0.3553610229492188,0.5355862426757813,10.284513244628906
1748975026546,0.4423301696777344,0.14744338989257813,9.258995819091798
1748975026613,0.23141876220703125,-0.4463717651367188,8.877888336181641
1748975026680,-0.4860392761230469,-0.19040405273437502,8.511899414062501
1748975026754,-1.1475137329101563,-0.1197509765625,10.242600402832032
1748975026812,-0.43110351562500004,0.4465214538574219,9.190887451171875
1748975026880,-1.2693603515625,0.3212319946289063,9.993967437744141
1748975026952,-1.1500584411621095,-0.2800675964355469,10.759774932861328
1748975027012,-1.9390676879882813,-0.5505551147460938,10.368638305664064
1748975027080,-2.14833251953125,-0.7747888183593751,10.326575775146486
1748975027145,-0.19624191284179687,0.12528945922851564,8.708291015625
1748975027212,0.16016693115234376,-0.085023193359375,8.479716339111329
1748975027280,-0.7006929016113281,-0.5574407958984375,8.28482162475586
1748975027352,-1.3623170471191406,-1.141226806640625,8.03379364013672
1748975027413,-0.8129594421386719,-1.0723699951171874,9.496402130126954
1748975027479,-0.5321434020996094,-1.174607391357422,11.106004943847656
1748975027546,-0.9011260986328126,-0.5022056579589844,10.759924621582032
1748975027613,-1.2518467712402344,-0.6809339904785157,11.052266693115236
1748975027680,-0.8777746582031251,-1.4706916809082031,10.293793945312501
1748975027746,-0.6167175292968751,-2.1799168395996094,9.489666137695313
1748975027812,-0.7213499450683594,-1.992506561279297,9.064699859619141
1748975027880,-1.2220587158203127,-2.0276834106445314,9.888436889648437
1748975027952,-1.1994557189941406,-1.2638218688964844,9.152267761230469
1748975028012,-1.1373348999023438,-1.2025991821289064,9.36063446044922
1748975028080,-0.7502398681640625,-1.652413787841797,8.969946899414063
1748975028154,-0.8075706481933594,-1.8351837158203126,8.882229309082032
1748975028212,-1.0487191772460938,-1.304237823486328,9.799072723388672
1748975028280,-0.8948391723632813,-0.5613327026367188,9.962532806396485
1748975028353,-0.8656498718261719,-0.1872605895996094,10.04905288696289
1748975028413,-0.9412426757812501,-0.27033782958984376,10.237510986328125
1748975028480,-0.975820770263672,-0.5539979553222657,9.763446807861328
1748975028554,-0.9642947387695313,-0.4697232055664063,9.931846618652344
1748975028613,-0.9150471496582032,0.31748977661132816,9.73096435546875
1748975028680,-1.1011102294921875,0.6818321228027344,9.969119110107423
1748975028753,-1.034798126220703,0.5204676818847657,9.933493194580079
1748975028812,-1.1979588317871095,0.36209701538085937,9.950707397460938
1748975028880,-1.0496173095703125,0.33724868774414063,9.062903594970704
1748975028951,-1.2108320617675783,0.3094065856933594,10.08827133178711
1748975029012,-0.8988807678222657,0.037571868896484374,9.673783264160157
1748975029080,-1.1684701538085938,-0.32572265625,10.020911407470704
1748975029154,-0.9141490173339845,-0.33979339599609376,9.84397933959961
1748975029212,-0.7173083496093751,-0.096998291015625,8.865314483642578
1748975029280,-0.8138575744628906,-0.4926255798339844,9.126221923828126
1748975029353,-1.01788330078125,-0.7520361328125,10.205327911376953
1748975029413,-1.351988525390625,-0.9490264892578125,10.19889129638672
1748975029479,-1.2005035400390625,-0.880019989013672,10.134974212646485
1748975029553,-0.8807684326171875,-0.6761439514160157,9.454938354492189
1748975029613,-0.7936495971679688,-1.0810519409179689,9.018296356201173
1748975029680,-0.7379653930664063,-1.045276336669922,8.964707794189454
1748975029754,-0.9214837646484375,-0.8312214660644531,9.993368682861329
1748975029812,-0.8785231018066406,-0.7042854309082032,9.622589721679688
1748975029880,-0.9467811584472656,-0.8098159790039063,9.220076751708985
1748975029946,-0.8881031799316407,-0.8068222045898438,9.230255584716797
1748975030012,-1.2240046691894533,-0.5733078002929688,9.575288085937501
1748975030080,-1.302591247558594,-0.9538165283203125,10.895243225097657
1748975030145,-0.9430389404296875,-0.5298980712890625,10.023456115722658
1748975030212,-0.6905140686035156,-0.2077679443359375,9.997110900878907
1748975030280,-0.38889129638671877,-0.044756927490234376,8.227490844726564
1748975030352,-1.0704240417480468,-0.4604425048828125,9.561217346191407
1748975030413,-1.0361453247070314,-0.4393363952636719,9.480086059570313
1748975030479,-1.3753399658203125,-0.12903167724609377,10.505154418945313
1748975030553,-0.9181906127929688,0.008831634521484376,9.995464324951172
1748975030612,-0.9147477722167969,-0.009131011962890626,9.967622222900392
1748975030680,-1.0163864135742189,-0.21270767211914063,9.44161605834961
1748975030746,-0.9707313537597657,0.09011260986328125,9.911938018798828
1748975030813,-0.8738827514648438,-0.07439529418945313,9.44071792602539
1748975030880,-1.0677296447753908,-0.17094451904296876,9.528585205078125
1748975030946,-0.9765692138671875,-0.3650907897949219,8.942553863525392
1748975031018,-1.2008029174804689,-0.2389031982421875,9.404942321777344
1748975031080,-1.3714480590820313,0.0580792236328125,10.538385314941406
1748975031146,-1.347198486328125,0.23067031860351564,10.352771301269533
1748975031213,-1.129401397705078,-0.15477813720703126,10.302775268554688
1748975031280,-1.1659254455566408,-0.12469070434570313,9.191785583496094
1748975031346,-1.3997392272949218,-0.39787261962890624,8.645272064208985
1748975031413,-1.0014175415039064,-0.3496728515625,9.874815216064453
1748975031480,-1.2581336975097657,0.03427871704101563,9.672585754394532
1748975031553,-1.6100518798828125,-0.15058685302734376,10.077044677734376
1748975031617,-1.3775852966308595,-0.006436614990234376,9.401798858642579
1748975031680,-1.102906494140625,-0.002245330810546875,9.562714233398438
1748975031753,-1.4953903198242189,0.14953903198242188,9.445507965087891
1748975031820,-1.3989907836914064,0.1926493835449219,9.610165557861329
1748975031880,-1.2195140075683595,0.2567161560058594,9.771380310058595
1748975031951,-1.0731184387207031,0.001197509765625,9.706565093994142
1748975032014,-1.308878173828125,0.1502874755859375,10.260113983154298
1748975032080,-1.6414865112304688,0.6017486572265626,10.045310668945312
1748975032146,-1.7229171752929688,0.2734812927246094,9.67303482055664
1748975032212,-1.22385498046875,0.03382965087890625,9.183253326416017
1748975032280,-1.5543676757812501,0.14025833129882814,9.556726684570313
1748975032351,-1.7450711059570314,0.07858657836914062,9.91148895263672
1748975032419,-1.277742919921875,-0.11570938110351563,9.251361694335937
1748975032480,-1.89446044921875,0.1945953369140625,10.334658966064454
1748975032554,-1.507515106201172,0.09834548950195313,9.85355941772461
1748975032618,-1.439257049560547,0.3649411010742188,9.883946228027344
1748975032680,-2.076032867431641,-0.046403503417968756,9.508377227783203
1748975032752,-1.8776953125,-0.17094451904296876,8.869505767822266
1748975032818,-1.6184344482421875,0.1442999267578125,9.609417114257813
1748975032880,-1.7762063598632813,0.17857864379882812,10.22239242553711
1748975032954,-1.8761984252929689,0.47451324462890626,9.672136688232422
1748975033018,-1.991458740234375,0.24519012451171876,10.000853118896485
1748975033080,-1.952988739013672,0.03113525390625,9.789043579101563
1748975033153,-1.925446014404297,0.33290771484375004,9.083111572265626
1748975033220,-2.082469482421875,0.279019775390625,9.949659576416016
1748975033280,-1.8139279174804688,0.12079879760742188,9.461973724365235
1748975033352,-2.024839324951172,0.16705261230468751,9.710756378173828
1748975033418,-2.1287232971191408,0.2797682189941406,10.137818298339845
1748975033480,-1.8531463623046875,0.6683601379394531,9.905202026367188
1748975033552,-2.130070495605469,0.5312452697753907,10.303074645996094
1748975033619,-1.9956500244140627,0.23067031860351564,9.258397064208985
1748975033680,-1.7491127014160157,0.21480331420898438,9.245523834228516
1748975033753,-1.961221618652344,0.17109420776367187,9.626930694580079
1748975033819,-2.2037173461914064,0.006885681152343751,9.903256072998047
1748975033880,-2.0649559020996096,0.08726852416992188,9.749226379394532
1748975033954,-1.8610798645019533,0.045505371093750004,9.770931243896484
1748975034018,-1.7658778381347657,0.20986358642578126,9.244925079345704
1748975034080,-1.9149678039550782,0.25626708984375,9.694440307617189
1748975034153,-1.952839050292969,0.2567161560058594,10.137818298339845
1748975034219,-1.7431251525878908,0.3784130859375,9.76299774169922
1748975034280,-1.8230589294433595,0.24399261474609377,9.40658889770508
1748975034353,-1.6949253845214844,0.3035687255859375,9.229207763671875
1748975034419,-1.5676899719238282,0.32587234497070316,9.345964965820313
1748975034480,-1.513502655029297,0.40206390380859375,9.744136962890625
1748975034551,-1.3468991088867188,0.4501139831542969,10.046807556152345
1748975034619,-1.3933026123046877,0.38095779418945314,10.01402572631836
1748975034680,-1.1802955627441407,0.4836442565917969,9.887389068603516
1748975034753,-1.1867321777343751,0.4537065124511719,9.553583221435547
1748975034819,-1.1457174682617188,0.5367837524414063,9.126521301269532
1748975034880,-1.081201629638672,0.705333251953125,9.566606140136718
1748975034946,-1.1253598022460938,0.7990383911132813,9.818232879638673
1748975035017,-1.1630813598632812,0.8089178466796876,9.970615997314454
1748975035079,-1.1648776245117187,0.7827223205566407,9.937085723876953
1748975035152,-1.4744338989257812,0.6944059753417969,9.56286392211914
1748975035219,-1.242715759277344,0.710123291015625,9.28833480834961
1748975035280,-1.3474978637695314,0.6833290100097656,9.33099609375
1748975035352,-1.6697776794433594,-0.0143701171875,9.784253540039064
1748975035418,-2.549348602294922,-0.5921685791015625,10.318492584228515
1748975035480,-1.5944842529296877,0.14415023803710938,8.99464553833008
1748975035552,-1.8221607971191407,0.6337820434570313,10.159373474121095
1748975035618,-2.015408935546875,0.2472857666015625,10.031389617919922
1748975035679,-1.8194664001464844,0.2221380615234375,9.336384887695313
1748975035753,-1.306333465576172,0.30895751953125,8.654702453613282
1748975035820,-1.7281562805175783,0.18127304077148437,9.993218994140625
1748975035879,-2.3020628356933597,0.027542724609375003,10.708880767822267
1748975035952,-2.0817210388183596,0.12199630737304688,9.837692413330078
1748975036018,-1.9371217346191407,0.30716125488281254,9.610315246582031
1748975036079,-1.7025595092773438,0.4177812194824219,8.869056701660156
1748975036152,-1.6476237487792968,0.2625540161132813,9.352850646972657
1748975036217,-1.4075230407714845,0.26075775146484376,9.773625640869142
1748975036279,-1.3780343627929688,0.34623001098632816,10.062824249267578
1748975036350,-1.1238629150390627,0.4489164733886719,9.893526306152344
1748975036419,-1.2415182495117187,0.4105961608886719,10.276280364990235
1748975036480,-1.289568328857422,0.2549198913574219,9.84547622680664
1748975036552,-1.1943663024902345,0.41448806762695317,10.290800170898438
1748975036618,-1.1502081298828126,0.4336482238769531,9.793384552001953
1748975036679,-1.0207273864746094,0.18606307983398437,9.59160415649414
1748975036754,-0.7056326293945313,0.053438873291015626,9.411828002929688
1748975036819,-0.49112869262695313,-0.055384826660156254,9.2783056640625
1748975036879,-0.3445834350585938,-0.08951385498046875,9.342372436523439
1748975036952,-0.32826736450195315,-0.14519805908203126,9.595645751953125
1748975037014,-0.3010240173339844,0.02245330810546875,9.43877197265625
1748975037079,-0.3836521911621094,0.047451324462890625,9.675280151367188
1748975037146,-0.26345214843750003,-0.04939727783203125,9.480684814453125
1748975037213,-0.19160156250000002,-0.16001724243164064,9.540560302734375
1748975037280,-0.018262023925781252,-0.09265731811523438,9.648485870361329
1748975037353,-0.18965560913085938,-0.0401165771484375,9.236692199707031
1748975037418,0.39353164672851565,0.34143997192382813,9.570498046875
1748975037480,0.15343093872070312,0.5212161254882812,9.775721282958985
1748975037552,0.27722351074218754,0.30761032104492186,9.471404113769532
1748975037617,0.3426374816894531,0.31793884277343754,9.706265716552736
1748975037679,0.26614654541015625,0.3224295043945313,9.583071899414064
1748975037746,0.19190093994140625,0.5116360473632813,9.522148590087891
1748975037813,0.22483245849609376,0.5396278381347657,9.541159057617188
1748975037879,0.24743545532226563,0.4453239440917969,9.599088592529297
1748975037954,-0.08068222045898438,0.5049000549316407,9.985884246826172
1748975038018,-0.5489085388183594,0.7168592834472657,10.766660614013672
1748975038079,-0.760418701171875,0.6821315002441407,10.24918670654297
1748975038153,-0.6685098266601562,0.2130070495605469,10.247839508056641
1748975038218,-0.6292913818359376,-0.011975097656250001,9.488768005371094
1748975038279,-1.0407856750488282,0.041164398193359375,9.36542449951172
1748975038350,-0.9813592529296875,0.25222549438476566,9.509574737548828
1748975038418,-0.6794371032714844,0.27842102050781253,9.689500579833984
1748975038480,-0.5858816528320313,0.20043319702148438,9.599387969970703
1748975038555,-0.5272036743164062,-0.02185455322265625,9.873318328857422
1748975038618,-0.4977149963378906,0.10343490600585938,9.795779571533204
1748975038679,-0.4794529724121094,0.06062393188476563,9.664053497314454
1748975038754,-0.3387455749511719,0.28979736328125,9.50583251953125
1748975038818,-0.3626957702636719,0.23261627197265627,9.60163330078125
1748975038879,-0.4549040222167969,0.14759307861328125,9.769584045410157
1748975038952,-0.4417314147949219,0.31823822021484377,9.56286392211914
1748975039020,-0.46643005371093754,0.3878434753417969,9.786199493408203
1748975039079,-0.3814068603515625,0.5104385375976562,9.704768829345703
1748975039152,-0.40550674438476564,0.5926176452636719,9.665999450683595
1748975039219,-0.2878514099121094,0.4903802490234375,9.787846069335938
1748975039279,-0.62989013671875,0.39951919555664067,10.14814682006836
1748975039352,-0.629740447998047,0.33215927124023437,9.97241226196289
1748975039419,-0.48798522949218753,0.2347119140625,9.78021194458008
1748975039479,-0.3718267822265625,0.17468673706054688,9.191037139892579
1748975039546,-0.6466552734375001,0.03697311401367188,9.372010803222656
1748975039613,-0.2667453002929688,0.1826202392578125,9.504934387207031
1748975039679,-0.21959335327148438,0.08457412719726563,9.777517547607422
1748975039755,0.0431103515625,0.26270370483398436,9.813891906738283
1748975039818,-0.3180885314941406,0.26075775146484376,10.249486083984376
1748975039879,-0.5980064392089844,0.1197509765625,9.816137237548828
1748975039952,-0.5450166320800781,0.00089813232421875,9.705666961669923
1748975040017,-0.3135978698730469,0.037272491455078126,9.37455551147461
1748975040083,-0.6387217712402344,-0.2650987243652344,9.910890197753906
1748975040146,-0.5956114196777345,-0.11151809692382814,9.56615707397461
1748975040218,-0.5348377990722657,0.1866618347167969,9.930349731445313
1748975040285,-0.37362304687500003,0.5700146484375,9.791887664794922
1748975040346,-0.37781433105468754,0.6782395935058594,9.726773071289063
1748975040418,-0.3531156921386719,0.5318440246582031,9.58726318359375
1748975040484,-0.27033782958984376,0.36119888305664066,9.618099060058594
1748975040546,-0.24219635009765625,0.269439697265625,9.763446807861328
1748975040617,-0.2689906311035156,0.45161087036132813,9.940827941894531
1748975040685,-0.7894583129882813,0.681233367919922,10.314900054931641
1748975040746,-1.221310272216797,0.7014413452148438,10.121202850341797
1748975040817,-1.327738952636719,0.5195695495605469,9.985734558105468
1748975040884,-0.6658154296875001,0.5007087707519532,10.028545532226563
1748975040946,-0.8229885864257813,0.34518218994140626,9.585616607666017
1748975041022,-0.39652542114257816,0.2636018371582031,9.495204620361328
1748975041079,-0.32647109985351563,0.1772314453125,9.380692749023439
1748975041151,-0.45101211547851566,-0.025147705078125002,9.444160766601563
1748975041217,-0.22902374267578127,-0.0017962646484375,9.470655670166016
1748975041279,-0.1149609375,-0.32871643066406253,9.551337890625
1748975041354,-0.15462844848632815,-0.5001100158691406,9.567204895019533
1748975041418,0.1826202392578125,-0.2333647155761719,9.370813293457031
1748975041479,0.18291961669921875,-0.168848876953125,9.429491271972656
1748975041552,0.3043171691894531,0.10448272705078125,9.426946563720703
1748975041618,0.8695417785644531,0.6375242614746094,9.689051513671876
1748975041679,0.247884521484375,0.2644999694824219,9.426198120117188
1748975041752,0.3698808288574219,0.4393363952636719,9.778116302490234
1748975041818,0.5466632080078125,0.5629792785644532,9.577383728027344
1748975041879,0.5752537536621094,0.6553372192382813,9.463919677734376
1748975041952,0.7500901794433594,0.645457763671875,9.303752746582031
1748975042014,0.8722361755371094,0.5547463989257813,9.228609008789062
1748975042079,1.028511199951172,0.4590953063964844,9.237290954589843
1748975042146,1.1969110107421876,0.4930746459960938,9.156459045410157
1748975042212,1.3412109375,0.7408094787597657,9.21169418334961
1748975042279,0.6012995910644532,0.8964857482910157,10.293644256591797
1748975042351,0.18426681518554688,1.6218772888183595,11.387419738769532
1748975042418,0.8725355529785157,1.3683045959472657,11.923904113769533
1748975042479,1.3724958801269531,0.5641767883300781,10.743907928466797
1748975042552,1.2314891052246095,0.5324427795410156,8.981023864746094
1748975042618,1.2784913635253907,0.8253836059570313,8.757688293457031
1748975042679,1.0904823303222657,1.221160583496094,9.09718231201172
1748975042752,0.4984634399414063,0.7439529418945313,9.625284118652344
1748975042818,0.029189300537109376,0.1874102783203125,10.011181640625
1748975042879,-0.018711090087890625,-0.11690689086914063,10.278825073242189
1748975042954,0.3745211791992188,0.29952713012695314,9.494605865478515
1748975043018,0.4245172119140625,0.6475534057617188,9.693542175292968
1748975043079,0.6929090881347657,0.3065625,9.665251007080078
1748975043154,1.0006690979003907,-0.1477427673339844,9.805359649658204
1748975043218,1.1142828369140625,-0.09175918579101563,10.054591369628907
1748975043279,1.1431727600097656,0.3381468200683594,9.522148590087891
1748975043354,0.8870553588867188,0.7189549255371094,9.43682601928711
1748975043416,0.6204597473144532,0.4739144897460938,9.519903259277344
1748975043479,0.3553610229492188,0.2848576354980469,9.767488403320312
1748975043551,0.310155029296875,0.35042129516601567,9.885742492675782
1748975043618,0.3933819580078125,0.5978567504882812,10.032736816406251
1748975043679,0.7229965209960938,0.8830137634277344,9.74009536743164
1748975043754,0.966390380859375,0.731678466796875,9.520801391601562
1748975043819,1.0494676208496094,0.6222560119628907,9.554481353759765
1748975043879,1.0481204223632814,0.6444099426269532,9.66001190185547
1748975043952,0.9660910034179688,0.7749385070800782,9.688003692626953
1748975044019,0.8164022827148438,0.7167095947265625,9.890083465576172
1748975044080,0.7876620483398438,0.6981481933593751,9.656419372558593
1748975044155,0.7059320068359375,0.5697152709960938,9.593849487304688
1748975044220,0.6825805664062501,0.6966513061523438,9.650132446289064
1748975044280,0.7659571838378907,0.7060816955566407,9.802964630126954
1748975044353,0.9301657104492188,0.5731581115722657,9.51017349243164
1748975044419,0.9190887451171875,0.6527925109863282,9.789642333984375
1748975044480,1.1024574279785158,0.8137078857421876,9.882149963378907
1748975044553,1.0557545471191407,0.7954458618164063,9.617200927734375
1748975044621,0.9014254760742187,0.7014413452148438,9.896819458007814
1748975044680,0.9586065673828126,0.6668632507324219,9.806407470703126
1748975044754,0.7671546936035156,0.47196853637695313,9.663005676269531
1748975044819,0.7954458618164063,0.6342311096191406,9.389524383544922
1748975044880,0.7996371459960938,0.6568341064453125,9.786349182128907
1748975044953,0.8521778869628907,0.6659651184082032,10.195149078369141
1748975045019,0.8930429077148438,0.718505859375,9.986632690429689
1748975045080,1.121018829345703,0.6280938720703125,9.048084411621094
1748975045155,1.107546844482422,0.4427792358398438,9.730664978027344
1748975045219,1.0075547790527344,0.6253994750976563,10.342442779541017
1748975045280,0.6399192810058594,0.6918612670898437,9.623338165283204
1748975045353,0.5679190063476562,0.8824150085449219,9.491612091064454
1748975045420,0.7473957824707032,1.0508148193359375,9.17097885131836
1748975045481,0.38664596557617187,0.8786727905273438,9.636510772705078
1748975045553,0.585582275390625,0.762813720703125,9.57573715209961
1748975045619,0.48559020996093755,0.8860075378417969,9.556726684570313
1748975045681,0.41583526611328125,1.0174342346191407,9.630223846435547
1748975045755,0.11316467285156251,1.0865904235839845,9.716145172119141
1748975045820,-0.229921875,0.9226812744140626,9.687404937744141
1748975045881,-0.39847137451171877,0.8988807678222657,10.053543548583985
1748975045953,-0.10029144287109376,0.7719447326660157,10.015821990966797
1748975046020,-0.4927752685546875,0.6840774536132813,10.102791137695313
1748975046081,-0.053887939453125006,0.5974076843261719,9.732012176513672
1748975046156,-0.0975970458984375,0.6233038330078126,9.871671752929688
1748975046218,-0.09849517822265626,0.49217651367187504,9.584568786621094
1748975046281,0.12633728027343752,0.42616378784179687,9.21648422241211
1748975046353,-0.33769775390625,0.3058140563964844,9.919572143554689
1748975046420,-0.1872605895996094,0.32587234497070316,9.55657699584961
1748975046481,-0.40490798950195317,0.3649411010742188,9.984087982177735
1748975046555,-0.2712359619140625,0.4920268249511719,9.729617156982423
1748975046620,-0.30686187744140625,0.5439688110351563,10.023456115722658
1748975046681,-0.10942245483398438,0.662073211669922,9.390123138427734
1748975046755,-0.3396437072753906,0.6649172973632813,9.532477111816407
1748975046820,-0.09595046997070313,0.8235873413085938,9.158404998779297
1748975046881,-0.18546432495117188,0.47571075439453125,9.321266326904297
1748975046956,-0.162861328125,0.5686674499511719,10.182575225830078
1748975047016,-0.13457015991210938,0.8316705322265625,9.829908599853516
1748975047081,-0.3480262756347656,0.741108856201172,10.312355346679688
1748975047150,0.19190093994140625,0.7536827087402345,10.011331329345703
1748975047219,0.7351213073730469,0.5611830139160157,9.783954162597658
1748975047282,0.8072712707519532,0.45520339965820317,9.688153381347657
1748975047355,0.43065444946289066,0.48873367309570315,9.70267318725586
1748975047421,0.08337661743164063,0.6532415771484376,9.442663879394532
1748975047482,0.056133270263671875,0.4884342956542969,9.086554412841798
1748975047556,0.5044509887695313,0.4327500915527344,9.924511871337891
1748975047621,0.6557862854003906,0.6794371032714844,10.02121078491211
1748975047682,0.5222639465332032,0.8077203369140625,9.954000549316406
1748975047757,0.4926255798339844,0.8954379272460938,9.6327685546875
1748975047822,0.28500732421875,0.6972500610351563,9.896819458007814
1748975047882,0.30446685791015626,0.5825885009765626,9.588011627197266
1748975047954,0.3543132019042969,0.6679110717773438,9.956844635009766
1748975048021,0.7420069885253907,0.7466473388671876,9.681267700195313
1748975048082,0.36000137329101567,0.4686753845214844,9.47754135131836
1748975048157,0.3644920349121094,0.5327421569824219,9.68261489868164
1748975048221,0.3119512939453125,0.7800279235839844,10.231224060058594
1748975048282,0.3489244079589844,0.8650511169433595,9.81523910522461
1748975048357,0.39697448730468754,0.6924600219726563,9.776769104003908
1748975048422,0.3031196594238281,0.585582275390625,9.676178283691407
1748975048482,0.10807525634765626,0.7012916564941407,9.79173797607422
1748975048555,-0.032332763671875,0.7282356262207031,9.788744201660156
1748975048621,-0.20507354736328126,0.5789959716796875,9.892478485107423
1748975048683,0.13995895385742188,0.34727783203125,9.65327590942383
1748975048758,0.09924362182617188,0.3695814514160156,9.85266128540039
1748975048820,0.38694534301757816,0.5833369445800781,9.68441116333008
1748975048884,0.06975494384765625,0.5252577209472656,9.827812957763673
1748975048958,-0.10523117065429688,0.30491592407226564,9.148974609375001
1748975049021,-0.10029144287109376,0.06691085815429688,9.900112609863282
1748975049084,0.0034428405761718754,0.1872605895996094,9.69788314819336
1748975049157,-0.2496807861328125,0.14879058837890627,10.544821929931642
1748975049221,-0.017812957763671877,-0.021704864501953126,9.936187591552734
1748975049284,-0.34817596435546877,-0.24998016357421876,9.896071014404297
1748975049358,-0.13846206665039062,-0.20028350830078126,9.403146057128907
1748975049422,-0.21674926757812502,-0.2662962341308594,9.461524658203125
1748975049484,-0.7619155883789063,-0.11481124877929688,9.490713958740235
1748975049558,-1.8625767517089844,-0.32647109985351563,10.047705688476563
1748975049622,-1.2963043212890626,-0.4923262023925781,10.082583160400391
1748975049684,-0.48214736938476566,-0.4935237121582032,9.96852035522461
1748975049758,-0.19384689331054689,-0.5884263610839844,9.445657653808594
1748975049822,-0.6072871398925782,-0.6559359741210938,9.69743408203125
1748975049884,-0.97716796875,-0.6379733276367188,9.124425659179687
1748975049957,-1.3162129211425782,-0.6001020812988281,9.671837310791016
1748975050022,-0.8475375366210938,-0.6870712280273438,9.762099609375001
1748975050084,-0.5349874877929688,-0.9833052062988282,9.74862762451172
1748975050158,-0.6402186584472657,-1.0723699951171874,9.890233154296876
1748975050222,-0.5960604858398438,-0.8566685485839844,9.913734283447265
1748975050284,-0.81670166015625,-0.8433462524414063,9.696685638427734
1748975050358,-0.8211923217773438,-0.9629475402832032,9.328601074218751
1748975050423,-0.6890171813964844,-1.1515553283691407,9.372310180664064
1748975050484,-0.7448510742187501,-1.1305989074707032,9.975406036376954
1748975050557,-0.8207432556152344,-1.063388671875,9.710007934570314
1748975050623,-0.8646020507812501,-0.8491841125488282,9.636660461425782
1748975050684,-1.0068063354492187,-0.6111790466308594,9.988578643798828
1748975050757,-0.8601113891601563,-0.5906716918945313,9.693691864013672
1748975050823,-0.8957373046875,-0.6870712280273438,9.545350341796876
1748975050885,-0.781973876953125,-0.8255332946777344,9.682465209960938
1748975050958,-1.0300080871582031,-0.8349636840820313,9.559570770263672
1748975051023,-1.1777508544921875,-0.7545808410644531,9.777068481445314
1748975051085,-1.4335688781738283,-0.5171745300292969,9.832004241943359
1748975051156,-1.3401631164550782,-0.4992118835449219,9.821825408935547
1748975051221,-1.1005114746093752,-0.6417155456542969,9.269474029541016
1748975051285,-0.9412426757812501,-0.6219566345214844,9.705217895507813
1748975051358,-0.6122268676757813,-0.3469784545898438,9.146429901123048
1748975051423,-1.1174263000488283,-0.43260040283203127,9.989925842285157
1748975051485,-1.4638059997558595,-0.5298980712890625,10.055489501953126
1748975051558,-1.7311500549316408,-0.6734495544433594,10.101294250488282
1748975051624,-1.402283935546875,-0.59156982421875,9.490863647460937
1748975051685,-0.9695338439941407,-0.4517605590820313,9.04598876953125
1748975051758,-0.7734416198730469,-0.35581008911132816,9.037157135009766
1748975051823,-0.9800120544433594,-0.4101470947265625,10.185119934082032
1748975051885,-0.8984317016601563,-0.44068359375000005,9.757908325195313
1748975051959,-1.2710069274902345,-0.44786865234375,9.98528549194336
1748975052019,-1.3768368530273438,-0.4776567077636719,10.04755599975586
1748975052085,-1.3518388366699219,-0.47615982055664063,9.855655059814454
1748975052152,-1.4162049865722657,-0.5629792785644532,9.082213439941407
1748975052220,-1.8711090087890625,-0.5367837524414063,9.559570770263672
1748975052285,-1.864373016357422,-0.43529479980468755,9.676926727294923
1748975052359,-1.7803976440429687,-0.28156448364257813,9.90145980834961
1748975052424,-1.7670753479003907,-0.46059219360351566,9.818382568359375
1748975052485,-1.9083815002441407,-0.822689208984375,9.666149139404297
1748975052557,-2.0448976135253907,-0.8249345397949219,9.723180541992187
1748975052623,-2.008074188232422,-0.5517526245117188,9.66195785522461
1748975052685,-1.9082318115234376,-0.2992277526855469,9.918973388671876
1748975052759,-1.4925462341308595,-0.1011895751953125,9.708211669921875
1748975052822,-1.1108399963378908,-0.06271957397460938,9.515412597656251
1748975052885,-0.9557624816894532,-0.2639012145996094,9.538764038085938
1748975052957,-0.7207511901855469,-0.35281631469726565,9.534273376464844
1748975053025,-0.6292913818359376,-0.3546125793457031,9.620194702148439
1748975053085,-0.44068359375000005,-0.21285736083984377,9.780960388183594
1748975053159,-0.17693206787109375,-0.19055374145507814,9.867181091308595
1748975053223,-0.316142578125,-0.32138168334960937,9.721533966064454
1748975053286,-0.2758763122558594,-0.3396437072753906,9.867181091308595
1748975053358,-0.4764591979980469,-0.24923171997070315,10.431058502197265
1748975053424,-0.7399113464355469,-0.02305206298828125,9.934241638183595
1748975053486,-0.4423301696777344,0.08427474975585938,9.90145980834961
1748975053559,-0.3058140563964844,0.041912841796875,9.541009368896486
1748975053623,-0.6662644958496095,-0.32871643066406253,9.751621398925781
1748975053686,-0.8149053955078125,-0.4601431274414063,9.82571731567383
1748975053759,-0.3492237854003906,-0.8649014282226563,9.740843811035157
1748975053823,-0.24803421020507813,-1.0066566467285156,9.25390640258789
1748975053886,-0.11720626831054688,-0.9719288635253907,8.841214599609376
1748975053959,0.22588027954101564,-0.5390290832519532,9.041348419189454
1748975054023,0.22004241943359376,-0.18696121215820313,9.290879516601564
1748975054086,0.29788055419921877,0.07110214233398438,9.210646362304688
1748975054156,0.42122406005859375,-0.0305364990234375,9.533225555419923
1748975054223,0.48648834228515625,-0.0383203125,9.76733871459961
1748975054286,0.2477348327636719,-0.183218994140625,9.791887664794922
1748975054360,0.049846343994140625,0.018860778808593753,10.139315185546875
1748975054424,-0.11990066528320313,0.25641677856445316,10.137069854736328
1748975054486,-0.21001327514648438,0.48693740844726563,10.071655883789063
1748975054560,-0.5396278381347657,0.358055419921875,9.620793457031251
1748975054623,-0.9816586303710938,0.34173934936523437,10.225535888671876
1748975054686,-0.9434880065917969,0.16301101684570313,10.388097839355469
1748975054760,-0.4493655395507813,-0.09654922485351564,10.194700012207031
1748975054824,-0.13861175537109377,-0.07170089721679689,9.51346664428711
1748975054886,-0.03667373657226563,-0.030686187744140628,9.400152282714844
1748975054959,-0.16241226196289063,-0.2689906311035156,9.399703216552735
1748975055024,-0.21540206909179688,-0.4608915710449219,9.724976806640626
1748975055086,-0.10014175415039063,-0.4079017639160156,10.167905731201172
1748975055159,0.34563125610351564,-0.3150947570800781,9.90669891357422
1748975055224,0.17094451904296876,-0.6237528991699219,9.680818634033203
1748975055286,0.09175918579101563,-0.7804769897460938,9.24238037109375
1748975055359,-0.11181747436523438,-1.0017169189453126,9.176966400146485
1748975055425,-0.3095562744140625,-0.8399034118652344,9.593101043701173
1748975055487,-0.16510665893554688,-0.5571414184570312,10.09111541748047
1748975055559,-0.21959335327148438,-0.27647506713867187,10.058183898925781
1748975055625,-0.38769378662109377,-0.2543211364746094,9.749525756835938
1748975055686,-0.21270767211914063,-0.3384461975097656,9.5944482421875
1748975055760,0.05837860107421875,-0.26884094238281253,9.567653961181641
1748975055826,0.28635452270507816,-0.19908599853515627,9.708960113525391
1748975055887,0.4387376403808594,-0.13187576293945313,9.657467193603516
1748975055959,0.27991790771484376,-0.22632934570312502,9.809700622558594
1748975056025,0.12020004272460938,-0.34787658691406254,9.964778137207032
1748975056087,-0.0628692626953125,-0.3968247985839844,9.808802490234376
1748975056159,-0.24025039672851564,-0.31180160522460937,9.51735855102539
1748975056223,-0.23261627197265627,-0.19848724365234377,9.640851745605469
1748975056287,-0.1981878662109375,-0.34637969970703125,9.747729492187501
1748975056361,-0.2603086853027344,-0.4285588073730469,9.864636383056641
1748975056424,-0.0389190673828125,-0.4153861999511719,9.716594238281251
1748975056487,-0.14055770874023438,-0.3842509460449219,9.603279876708985
1748975056560,-0.13711486816406251,-0.5167254638671875,9.695338439941407
1748975056623,-0.15343093872070312,-0.5763015747070312,9.660311279296875
1748975056687,-0.052241363525390626,-0.5625302124023438,9.649384002685547
1748975056760,-0.20866607666015627,-0.31344818115234374,9.805509338378906
1748975056822,-0.4141886901855469,-0.1598675537109375,10.003397827148438
1748975056887,-1.1365864562988282,0.02125579833984375,10.776390380859375
1748975056960,-1.9523899841308594,0.3632945251464844,11.15734817504883
1748975057020,-0.9066645812988282,-0.13936019897460938,10.747350769042969
1748975057087,-0.12768447875976563,-0.44756927490234377,8.96261215209961
1748975057154,-0.038769378662109374,-0.7420069885253907,8.638685760498047
1748975057222,-0.12828323364257813,-0.4785548400878907,8.31984878540039
1748975057287,-0.39817199707031253,-0.23366409301757815,8.531808013916017
1748975057358,-0.6762936401367188,-0.5667214965820313,9.081165618896485
1748975057425,-0.15941848754882812,-0.9729766845703125,9.692494354248048
1748975057487,0.40071670532226566,-0.8671467590332032,9.479636993408203
1748975057561,0.6150709533691406,-0.4577481079101563,9.325607299804688
1748975057624,1.0373428344726563,-0.19145187377929687,9.268126831054689
1748975057687,1.1097921752929687,-0.2137554931640625,8.738079071044922
1748975057761,0.44562332153320316,-0.8068222045898438,10.838960266113283
1748975057825,-0.3507206726074219,-0.5791456604003906,11.584110717773438
1748975057887,0.37392242431640627,0.12588821411132814,11.356583862304689
1748975057959,1.3741424560546875,0.35835479736328124,10.836116180419923
1748975058025,1.7546511840820314,-0.027393035888671875,9.032217407226563
1748975058087,1.2025991821289064,-0.5098397827148438,8.629105682373048
1748975058160,0.9750723266601563,-0.6242019653320313,8.924591217041016
1748975058227,0.18531463623046876,-0.4543052673339844,9.905950469970703
1748975058287,-0.39113662719726566,-0.2377056884765625,10.144105224609376
1748975058360,-0.6138734436035157,0.04266128540039063,10.256970520019532
1748975058424,0.020806732177734377,0.06152206420898438,10.04082000732422
1748975058488,0.1471440124511719,-0.37676651000976563,9.504485321044923
1748975058559,0.6259982299804688,-0.4954696655273438,9.14029266357422
1748975058625,1.033450927734375,-0.37931121826171876,9.724078674316408
1748975058688,1.3100756835937502,-0.037122802734375,9.74099349975586
1748975058761,1.006956024169922,-0.05792953491210938,9.834099884033204
1748975058824,0.8457412719726562,-0.44113265991210937,9.74009536743164
1748975058888,0.4477189636230469,-0.7080276489257813,9.655072174072266
1748975058959,0.09280700683593751,-0.6137237548828125,9.919871520996095
1748975059024,0.2947370910644531,-0.4297563171386719,9.548643493652344
1748975059088,0.4785548400878907,-0.223934326171875,9.315877532958984
1748975059160,0.805924072265625,-0.008831634521484376,9.105115814208984
1748975059225,0.8910969543457031,-0.1333726501464844,10.168654174804688
1748975059288,0.997375946044922,-0.1866618347167969,10.751242675781251
1748975059360,0.9416917419433595,-0.24459136962890626,9.027726745605468
1748975059425,0.6866221618652344,-0.16555572509765626,9.873468017578125
1748975059488,1.0189311218261718,0.18202148437500001,9.242080993652344
1748975059558,0.11930191040039063,-0.137713623046875,10.728639678955078
1748975059625,0.42945693969726567,0.11346405029296876,9.699978790283204
1748975059688,0.4098477172851563,0.023501129150390626,10.307864685058595
1748975059761,0.8542735290527345,0.02305206298828125,9.068741455078126
1748975059825,0.8457412719726562,-0.2293231201171875,9.126820678710938
1748975059888,1.0723699951171874,-0.27677444458007816,9.12741943359375
1748975059962,0.8684939575195313,-0.47990203857421876,10.432854766845704
1748975060024,0.7155120849609375,-0.3537144470214844,10.693313140869142
1748975060088,0.6304888916015625,-0.25701553344726563,10.224637756347656
1748975060162,0.71132080078125,-0.3085084533691406,9.03835464477539
1748975060226,0.5429209899902344,-0.5553451538085937,8.97458724975586
1748975060288,0.16630416870117187,-0.7041357421875001,9.647288360595704
1748975060360,-0.2517764282226563,-0.34323623657226565,10.101593627929688
1748975060426,-0.5165757751464845,-0.1454974365234375,10.05234603881836
1748975060488,-0.22588027954101564,-0.22094055175781252,10.076445922851564
1748975060563,-0.039517822265625,-0.1728904724121094,8.725205841064454
1748975060626,-0.39652542114257816,0.0016465759277343752,9.708660736083985
1748975060688,0.5002597045898438,0.27228378295898437,9.310039672851563
1748975060761,-0.36553985595703126,-0.2731819152832031,10.246492309570312
1748975060826,0.015118560791015626,-0.5367837524414063,10.418634338378906
1748975060888,0.00209564208984375,0.27542724609375,9.391620025634767
1748975060961,-0.1550775146484375,0.27063720703125,9.712253265380859
1748975061025,0.17857864379882812,-0.008382568359375,8.88357650756836
1748975061088,-0.19728973388671875,-0.20642074584960937,9.272767181396485
1748975061160,0.06825805664062501,-0.07080276489257813,9.342971191406251
1748975061224,-0.02185455322265625,-0.19414627075195315,10.372380523681642
1748975061288,0.42766067504882815,-0.45939468383789067,10.751991119384765
1748975061362,1.473835144042969,0.6378236389160157,9.728120269775392
1748975061428,0.8791218566894532,0.15013778686523438,9.788295135498048
1748975061488,0.15956817626953126,-0.076640625,9.45119613647461
1748975061559,-0.4920268249511719,-0.4914280700683594,9.51017349243164
1748975061627,0.3823049926757813,-0.14474899291992188,9.251361694335937
1748975061688,0.8861572265625001,0.17274078369140625,9.62034439086914
1748975061761,0.60114990234375,-0.13187576293945313,9.920320587158203
1748975061826,0.19160156250000002,-0.24279510498046877,10.656639404296875
1748975061889,-0.046702880859375004,-0.017812957763671877,10.239906005859375
1748975061959,0.16256195068359375,0.1574725341796875,9.611063690185548
1748975062022,0.7685018920898438,0.07050338745117188,8.581504669189453
1748975062089,0.8352630615234375,-0.06661148071289062,8.938811645507814
1748975062156,0.7828720092773438,-0.355660400390625,10.040071563720703
1748975062224,0.2782713317871094,-0.290994873046875,9.968969421386719
1748975062289,-0.030386810302734376,-0.33141082763671875,9.951904907226563
1748975062361,0.5156776428222657,-0.060923309326171876,9.857301635742187
1748975062426,0.5504054260253907,-0.06721023559570313,9.550589447021485
1748975062489,0.6759942626953125,-0.45954437255859376,9.731563110351564
1748975062563,0.7134164428710937,-0.26270370483398436,9.680668945312501
1748975062627,0.5445675659179687,0.425115966796875,9.827962646484375
1748975062689,0.32706985473632816,0.6267466735839844,9.852212219238282
1748975062762,0.348475341796875,0.506546630859375,9.641001434326173
1748975062825,0.41882904052734377,0.4140390014648438,10.249336395263672
1748975062889,0.8443940734863282,-0.06316864013671876,9.326954498291016
1748975062961,0.43739044189453125,-0.1327738952636719,9.435179443359376
1748975063025,0.44158172607421875,-0.0520916748046875,9.355095977783204
1748975063089,0.22079086303710938,0.031734008789062504,9.562414855957032
1748975063161,-0.32183074951171875,-0.147293701171875,10.070907440185547
1748975063226,-0.038769378662109374,-0.021405487060546877,10.133926391601562
1748975063289,-0.022752685546875002,-0.16181350708007813,9.751322021484375
1748975063362,-0.04026626586914063,-0.3333567810058594,9.85355941772461
1748975063425,-0.06346801757812501,-0.37736526489257816,9.719588012695313
1748975063489,0.044307861328125,-0.296982421875,9.536818084716797
1748975063558,-0.011226654052734375,-0.42810974121093753,9.916428680419923
1748975063628,-0.086220703125,0.12319381713867188,9.041049041748048
1748975063689,-0.15073654174804688,-0.033679962158203125,10.137219543457032
1748975063762,0.19249969482421875,-0.0473016357421875,9.497599639892579
1748975063826,-0.0473016357421875,-0.3158432006835938,9.240135040283203
1748975063889,0.001347198486328125,-0.23995101928710938,9.649833068847657
1748975063961,0.18112335205078126,-0.0028440856933593752,10.068662109375001
1748975064026,0.13786331176757813,0.1299298095703125,9.560169525146485
1748975064089,0.12484039306640625,-0.06930587768554688,9.624086608886719
1748975064162,0.3138972473144531,-0.14385086059570312,9.525441741943359
1748975064226,-0.1347198486328125,-0.19549346923828126,9.825567626953125
1748975064289,0.46493316650390626,-0.2496807861328125,10.748997344970704
1748975064363,0.5715115356445313,-0.12049942016601563,9.041947174072266
1748975064428,0.14594650268554688,-0.6363267517089845,9.838740234375
1748975064489,0.5789959716796875,-0.14609619140625002,8.769813079833984
1748975064561,0.077838134765625,-0.4245172119140625,9.978998565673828
1748975064624,0.6343807983398437,-0.2859054565429688,10.419682159423829
1748975064689,0.5981561279296875,-0.07319778442382813,9.504485321044923
1748975064763,0.1728904724121094,-0.2636018371582031,9.922715606689454
1748975064826,0.7122189331054688,-0.1598675537109375,9.773475952148438
1748975064889,0.35715728759765625,0.18142272949218752,9.250463562011719
1748975064963,0.40954833984375,0.22692810058593751,10.278376007080078
1748975065026,0.4378395080566406,0.3538641357421875,9.667945404052736
1748975065089,0.1035845947265625,0.047451324462890625,10.01252883911133
1748975065162,0.8580157470703126,0.37077896118164066,9.640851745605469
1748975065227,0.1669029235839844,0.22094055175781252,9.439969482421876
1748975065289,-0.116158447265625,0.1197509765625,9.580676879882812
1748975065362,0.23860382080078127,-0.000149688720703125,9.728269958496094
1748975065427,0.03457809448242188,-0.4923262023925781,10.268346862792969
1748975065489,0.05179229736328125,-0.12184661865234375,9.535171508789062
1748975065563,-0.45220962524414066,-0.08861572265625,10.060578918457031
1748975065628,-0.7885601806640625,-0.40266265869140627,9.376052398681642
1748975065689,-0.4167333984375,-0.6074368286132813,9.680968322753907
1748975065763,0.48154861450195313,-0.3894900512695313,10.219698028564453
1748975065827,-0.4613406372070313,-0.006286926269531251,9.855056304931642
1748975065889,-1.0074050903320313,-0.2628533935546875,9.623038787841798
1748975065962,-0.4093986511230469,0.13995895385742188,9.425749053955078
1748975066027,0.21689895629882813,0.12603790283203126,9.1729248046875
1748975066089,-0.14564712524414064,0.1872605895996094,10.27268783569336
1748975066163,-0.8219407653808594,0.2698887634277344,9.897567901611328
1748975066225,-0.5613327026367188,0.17603393554687502,9.601184234619142
1748975066289,0.20851638793945312,0.10313552856445313,9.401649169921875
1748975066362,-0.011526031494140625,0.24983047485351564,10.042017517089844
1748975066425,-0.16390914916992189,0.0389190673828125,9.42769500732422
1748975066489,-0.6643185424804687,-0.027542724609375003,10.183323669433594
1748975066564,-0.2820135498046875,-0.3088078308105469,9.811945953369142
1748975066626,-0.2568658447265625,-0.2525248718261719,10.183473358154297
1748975066689,-0.1646575927734375,0.039966888427734375,8.890911254882813
1748975066762,-0.46493316650390626,0.0056881713867187505,10.253827056884766
1748975066827,-0.045505371093750004,-0.21106109619140626,9.795180816650392
1748975066890,-0.45939468383789067,-0.31629226684570316,9.387877807617189
1748975066961,-0.32287857055664065,-0.16510665893554688,10.596464538574219
1748975067023,-0.18561401367187502,0.23426284790039065,9.132957916259766
1748975067090,-0.2980302429199219,-0.18755996704101563,9.079668731689454
1748975067156,0.10298583984375001,-0.22767654418945313,9.267079010009766
1748975067225,0.16555572509765626,0.33784744262695315,9.894125061035156
1748975067290,-0.10807525634765626,0.20582199096679688,10.242301025390626
1748975067362,0.14474899291992188,0.35865417480468753,10.300529937744141
1748975067427,0.06586303710937501,0.1993853759765625,9.841883697509767
1748975067490,0.45101211547851566,0.17049545288085938,9.122180328369142
1748975067563,0.40356079101562503,-0.14639556884765625,9.964628448486328
1748975067626,0.0425115966796875,0.10553054809570313,9.371561737060548
1748975067690,-0.19833755493164062,0.26689498901367187,9.081315307617189
1748975067762,0.45699966430664063,0.15911911010742188,10.30292495727539
1748975067826,0.863404541015625,-0.16495697021484376,8.91860366821289
1748975067890,0.1023870849609375,-0.08801696777343751,10.297835540771485
1748975067963,0.16375946044921877,0.19444564819335938,8.999734954833984
1748975068026,-0.05763015747070313,-0.042810974121093755,9.557325439453125
1748975068090,0.5563929748535157,-0.11825408935546876,10.324031066894532
1748975068162,0.5692662048339844,0.317340087890625,10.341394958496094
1748975068227,-0.31090347290039066,0.2710862731933594,9.65761688232422
1748975068290,-0.13921051025390627,-0.043858795166015624,10.260413360595704
1748975068363,0.38155654907226566,0.08577163696289063,9.347611541748048
1748975068425,-0.08547225952148438,0.039517822265625,8.588240661621095
1748975068490,-0.25357269287109374,-0.24998016357421876,9.998308410644531
1748975068563,-0.6604266357421875,-0.11166778564453125,9.906998291015626
1748975068627,-0.6517446899414063,-0.22243743896484375,9.436227264404298
1748975068690,0.5375321960449219,0.271834716796875,10.821596374511719
1748975068762,0.1878593444824219,0.4596940612792969,9.367669830322265
1748975068828,-1.205742645263672,-0.5075944519042969,9.153315582275392
1748975068890,-0.607137451171875,-0.12783416748046875,9.593849487304688
1748975068962,0.3638932800292969,0.10912307739257814,10.277777252197266
1748975069028,-0.2594105529785156,0.013771362304687501,10.16730697631836
1748975069090,-0.9192384338378907,-0.06975494384765625,9.945617980957032
1748975069162,-0.3710783386230469,-0.053738250732421874,9.070837097167969
1748975069228,0.06376739501953126,-0.2770738220214844,8.929530944824219
1748975069290,-0.0748443603515625,-0.3514691162109375,10.041269073486328
1748975069361,-0.42810974121093753,0.12079879760742188,10.68508026123047
1748975069427,-0.75922119140625,0.2746788024902344,10.124945068359375
1748975069490,-0.14340179443359377,0.26315277099609374,9.957144012451172
1748975069561,-0.000449066162109375,-0.06541397094726563,8.923244018554687
1748975069627,-0.24040008544921876,-0.18606307983398437,8.850644989013672
1748975069690,-0.5619314575195313,-0.023950195312500002,10.701995086669923
1748975069762,-0.09415420532226564,0.3477268981933594,9.914632415771484
1748975069827,-0.15432907104492188,-0.08592132568359376,10.799442443847656
1748975069890,0.27273284912109375,-0.113763427734375,9.440119171142578
1748975069962,0.017663269042968752,-0.20312759399414063,9.056616668701173
1748975070029,-0.036074981689453126,0.13217514038085937,9.176816711425781
1748975070090,0.4920268249511719,0.29788055419921877,9.2878857421875
1748975070163,0.7470964050292969,0.1395098876953125,10.341394958496094
1748975070228,0.7050338745117188,-0.06331832885742188,10.306068420410156
1748975070290,-0.10343490600585938,-0.025896148681640627,10.440488891601563
1748975070364,0.15058685302734376,0.3065625,8.790320434570313
1748975070428,0.5306465148925782,0.20148101806640625,9.646240539550782
1748975070490,0.890797576904297,0.14160552978515625,9.859397277832032
1748975070564,-0.08831634521484376,0.14130615234375002,9.891580352783203
1748975070627,0.4339476013183594,0.15657440185546875,9.927655334472657
1748975070690,0.6798861694335938,0.03936813354492188,9.811197509765625
1748975070763,0.4424798583984375,-0.4129911804199219,10.038574676513672
1748975070826,0.3092568969726563,-0.03457809448242188,9.039701843261719
1748975070890,0.164058837890625,-0.099393310546875,9.031918029785157
1748975070963,0.7384144592285157,-0.17483642578125,9.552834777832032
1748975071027,0.6001020812988281,0.13801300048828125,10.328521728515625
1748975071090,0.41613464355468754,0.38170623779296875,9.715097351074219
1748975071163,0.4090992736816406,0.18471588134765626,10.524763641357422
1748975071226,0.7689509582519531,0.08128097534179687,9.404044189453126
1748975071290,0.49576904296875,-0.1531315612792969,8.806786193847657
1748975071364,0.5905220031738282,-0.05553451538085938,9.35105438232422
1748975071427,0.31883697509765624,0.17393829345703127,10.37896682739258
1748975071490,0.38395156860351565,0.2556683349609375,10.89629104614258
1748975071565,0.6592291259765626,0.13501922607421876,9.759255523681642
1748975071627,0.43739044189453125,-0.21285736083984377,9.48517547607422
1748975071690,0.5613327026367188,-0.19100280761718752,9.485624542236328
1748975071764,0.3908372497558594,-0.03457809448242188,8.826994171142578
1748975071829,-0.00209564208984375,-0.057779846191406255,10.329868927001954
1748975071890,0.32063323974609376,0.15657440185546875,10.716065826416017
1748975071958,0.05164260864257813,0.12843292236328124,9.50194061279297
1748975072023,0.1119671630859375,-0.05358856201171875,9.433083801269532
1748975072090,0.1878593444824219,-0.3276686096191406,9.106163635253907
1748975072157,-0.9753717041015626,-0.1435514831542969,9.753866729736329
1748975072226,-0.8653504943847656,-0.12199630737304688,10.657986602783204
1748975072290,0.9216334533691407,0.27572662353515626,10.088870086669923
1748975072363,-0.22183868408203125,-0.3400927734375,10.176288299560547
1748975072428,-0.72090087890625,-0.10223739624023438,7.666158142089844
1748975072490,-0.8367599487304688,0.037122802734375,9.658964080810547
1748975072563,0.3811074829101563,0.130528564453125,9.810598754882813
1748975072628,-0.3254232788085938,-0.016615447998046876,9.95983840942383
1748975072690,-0.6945556640625,0.23590942382812502,9.6327685546875
1748975072762,-0.3147953796386719,0.10792556762695313,9.352850646972657
1748975072827,-0.4209246826171875,-0.10208770751953125,9.73620346069336
1748975072890,-0.2871029663085938,-0.22064117431640626,11.239976348876954
1748975072963,-0.38215530395507813,-0.21510269165039064,8.971892852783203
1748975073027,-0.7702981567382813,-0.67300048828125,10.157876586914062
1748975073090,-0.07933502197265625,-0.9157955932617188,8.667276306152344
1748975073164,-0.4592449951171875,-0.504151611328125,9.633966064453125
1748975073226,-0.07080276489257813,-0.5180726623535157,9.251661071777344
1748975073290,0.14325210571289063,-0.5634283447265626,10.071805572509765
1748975073364,0.1435514831542969,-0.8051756286621095,9.253307647705078
1748975073427,0.062420196533203125,-0.5056484985351563,9.556876373291017
1748975073490,0.40850051879882815,-0.3373983764648438,9.601184234619142
1748975073563,0.09595046997070313,-0.12499008178710938,10.143656158447266
1748975073629,-0.0017962646484375,0.03188369750976563,10.721604309082032
1748975073690,0.25417144775390627,-0.13621673583984376,9.504635009765625
1748975073762,-0.5652246093750001,-0.5001100158691406,9.407786407470704
1748975073828,-1.0750643920898437,-0.14115646362304687,9.435478820800782
1748975073890,0.08951385498046875,0.06466552734375,8.889863433837892
1748975073960,0.700393524169922,0.3929328918457031,10.190209350585938
1748975074024,-0.3894900512695313,0.30671218872070316,10.210267639160156
1748975074090,-1.0102491760253907,-0.1974394226074219,9.057065734863281
1748975074159,-0.6192622375488281,-0.42571472167968755,9.96612533569336
1748975074224,0.760418701171875,0.02844085693359375,10.46907943725586
1748975074290,-0.11256591796875001,0.2579136657714844,10.447374572753906
1748975074360,-1.0656340026855469,0.06541397094726563,9.749974822998047
1748975074424,-0.30252090454101566,-0.12693603515625002,9.08565628051758
1748975074490,0.28291168212890627,-0.1922003173828125,9.47320037841797
1748975074558,0.09101074218750001,-0.0061372375488281256,9.240284729003907
1748975074624,-1.0147398376464845,-0.1023870849609375,10.121053161621095
1748975074690,-0.5313949584960938,-0.5182223510742188,10.488389282226564
1748975074761,-0.3129991149902344,-0.26494903564453126,9.94262420654297
1748975074824,-0.011825408935546875,-0.5758525085449219,8.744515686035157
1748975074890,-0.21001327514648438,-0.6381230163574219,9.662406921386719
1748975074962,-0.48529083251953126,-0.027692413330078127,9.723629608154297
1748975075024,-0.4309538269042969,-0.07110214233398438,9.338480529785157
1748975075090,0.00089813232421875,-0.3345542907714844,10.531499633789062
1748975075160,-0.6273454284667969,-0.04580474853515625,9.135652313232422
1748975075224,-1.3867163085937502,-0.24758514404296877,9.617799682617187
1748975075290,-0.8225395202636719,-0.106578369140625,9.376651153564454
1748975075362,-1.0172845458984376,-0.022752685546875002,10.485096130371094
1748975075424,-1.0481204223632814,-0.20686981201171875,10.045011291503906
1748975075490,-1.17116455078125,-0.24908203125,9.910890197753906
1748975075560,-1.084644470214844,-0.24548950195312502,9.131311340332031
1748975075625,-1.2331356811523437,-0.0676593017578125,9.231004028320314
1748975075690,-1.287173309326172,0.4390370178222657,10.141261138916017
1748975075761,-1.3647120666503907,0.5730084228515625,9.894125061035156
1748975075824,-1.3334271240234377,0.06900650024414062,10.544672241210938
1748975075890,-1.1859837341308594,0.030835876464843752,9.59489730834961
1748975075960,-1.4718891906738283,0.009729766845703125,8.575666809082032
1748975076024,-1.5450869750976564,0.2824626159667969,10.899135131835939
1748975076090,-1.1834390258789063,0.22408401489257815,9.191336517333985
1748975076158,-1.5253280639648439,-0.33365615844726565,9.918524322509766
1748975076224,-1.0871891784667969,0.3459306335449219,10.357860717773438
1748975076290,-1.204545135498047,0.4005670166015625,9.36108352661133
1748975076362,-1.2891192626953125,-0.40610549926757816,9.005572814941406
1748975076424,-0.8168513488769532,-0.07439529418945313,9.681417388916016
1748975076490,-0.8390052795410157,-0.07694000244140625,9.670490112304687
1748975076559,-1.179547119140625,-0.09175918579101563,10.763966217041016
1748975076624,-0.888402557373047,0.48154861450195313,10.685828704833986
1748975076690,-0.5457650756835938,0.16016693115234376,9.246571655273438
1748975076759,-0.71132080078125,0.017513580322265625,9.271270294189454
1748975076824,-0.3725752258300781,0.11765533447265626,8.94015884399414
1748975076890,-0.8427474975585938,-0.08412506103515625,9.858199768066406
1748975076975,-0.28261230468750004,-0.0028440856933593752,9.159602508544923
1748975077024,0.038020935058593754,0.30296997070312504,10.353669433593751
1748975077090,-0.43843826293945315,0.1143621826171875,10.58883041381836
1748975077157,-0.17618362426757814,-0.32048355102539067,9.163344726562501
1748975077224,-0.4147874450683594,-0.1359173583984375,9.377698974609375
1748975077290,-0.11930191040039063,-0.17603393554687502,9.757159881591797
1748975077362,-0.0461041259765625,-0.3882925415039063,9.529932403564453
1748975077424,-0.35640884399414063,-0.5700146484375,9.859397277832032
1748975077491,0.015717315673828124,-0.5435197448730469,10.154134368896484
1748975077560,-0.3347039794921875,-0.22079086303710938,11.221714324951172
1748975077624,-0.14130615234375002,-0.3195854187011719,8.781638488769532
1748975077691,-0.29788055419921877,-0.7396119689941406,9.372908935546876
1748975077760,-0.04206253051757813,-0.5837860107421875,8.935368804931642
1748975077824,-0.35161880493164066,-0.6149212646484375,10.104886779785156
1748975077891,0.054187316894531254,-0.30985565185546876,10.130034484863282
1748975077962,-0.06825805664062501,-0.2633024597167969,9.822723541259766
1748975078024,-0.12005035400390626,-0.13906082153320312,9.382039947509766
1748975078091,-0.22977218627929688,-0.4927752685546875,9.443262634277344
1748975078159,-0.18217117309570313,-0.8164022827148438,10.153834991455078
1748975078224,-0.12334350585937501,-0.2034269714355469,10.394085388183594
1748975078291,-0.21674926757812502,-0.55564453125,8.96261215209961
1748975078362,-0.19399658203125,-0.7548802185058594,9.48233139038086
1748975078424,-0.25626708984375,-0.8264314270019532,9.342821502685547
1748975078491,-0.3960763549804688,-1.0154882812500001,9.531129913330078
1748975078561,-0.48873367309570315,-0.6565347290039063,10.652747497558595
1748975078624,-0.29847930908203124,-0.34787658691406254,9.727521514892578
1748975078691,-0.33709899902343754,-0.7786807250976563,9.543254699707031
1748975078759,-0.16914825439453127,-0.9196875,8.65649871826172
1748975078824,-0.6273454284667969,-0.9051676940917969,9.501341857910157
1748975078891,-0.5851332092285156,-0.5159770202636719,10.199190673828125
1748975078959,-0.6665638732910156,-0.4400848388671875,10.287357330322266
1748975079024,-0.6007008361816406,-0.7903564453125,9.563612365722657
1748975079091,-0.5538482666015625,-0.4704716491699219,9.85400848388672
1748975079157,-0.5578898620605469,-0.3680845642089844,9.429341583251954
1748975079224,-0.6264472961425781,-0.5339396667480469,10.026300201416015
1748975079291,-0.5492079162597656,-0.14519805908203126,9.712852020263673
1748975079361,-0.7469467163085938,-0.3113525390625,9.776469726562501
1748975079424,-0.5912704467773438,-0.31689102172851563,9.410780181884766
1748975079491,-0.6617738342285157,-0.5132826232910157,9.30988998413086
1748975079561,-0.9636959838867188,-0.7502398681640625,10.343939666748048
1748975079624,-0.6535409545898437,-0.40386016845703127,9.718839569091797
1748975079691,-0.9598040771484375,-0.6590794372558594,10.503956909179688
1748975079761,-0.5695655822753907,-0.5656736755371095,9.68441116333008
1748975079824,-0.5966592407226563,-0.48289581298828127,9.036558380126953
1748975079891,-0.8406518554687501,-0.4689747619628907,9.164542236328126
1748975079961,-0.8337661743164063,-0.4773573303222656,9.881401519775391
1748975080024,-0.9240284729003907,-0.602197723388672,10.259365539550782
1748975080091,-0.6959028625488282,-0.5697152709960938,10.041119384765626
1748975080158,-0.4980143737792969,-0.5331912231445313,9.892927551269532
1748975080224,-0.7156617736816406,-0.6283932495117188,9.395362243652345
1748975080291,-0.9867480468750001,-0.32587234497070316,9.174571380615236
1748975080362,-0.7307803344726563,-0.6518943786621094,10.024503936767578
1748975080424,-0.37601806640625,-0.2716850280761719,9.120833129882813
1748975080491,-0.7210505676269532,-0.6426136779785157,10.10458740234375
1748975080562,-0.6084846496582031,-0.4140390014648438,9.046288146972657
1748975080625,-1.0397378540039064,-0.62031005859375,10.13332763671875
1748975080691,-0.6732998657226563,-0.276624755859375,9.492959289550782
1748975080762,-1.1770024108886719,-0.5466632080078125,10.496173095703126
1748975080825,-1.0499166870117187,-0.26599685668945316,9.417366485595704
1748975080891,-1.432071990966797,-0.39547760009765626,9.473799133300782
1748975080962,-1.4078224182128907,-0.5936654663085937,9.490863647460937
1748975081025,-1.6471746826171876,-0.27078689575195314,9.663155364990235
1748975081091,-1.7895286560058594,-0.6469546508789062,10.123597869873047
1748975081162,-1.725312194824219,-0.33215927124023437,9.826016693115236
1748975081224,-1.7859361267089844,-0.7256909179687501,10.149344329833985
1748975081291,-1.6998651123046875,-0.7532336425781251,9.647138671875
1748975081363,-1.644031219482422,-0.6547384643554688,9.062155151367188
1748975081425,-1.4814692687988282,-0.7526348876953125,9.44071792602539
1748975081491,-1.3950988769531252,-0.5728587341308594,9.609566802978517
1748975081559,-1.4138099670410158,-0.6117778015136719,9.92825408935547
1748975081625,-1.3364208984375001,-0.6065386962890625,9.927355957031251
1748975081691,-1.3251942443847657,-0.8672964477539062,9.694739685058595
1748975081762,-1.2707075500488283,-0.9704319763183594,9.429790649414063
1748975081825,-1.1024574279785158,-0.5686674499511719,9.529183959960937
1748975081891,-1.107696533203125,-0.6080355834960938,9.667346649169922
1748975081968,-0.9403445434570313,-0.6489006042480469,9.936337280273438
1748975082024,-0.9345066833496094,-0.63228515625,9.848020935058594
1748975082091,-0.7692503356933594,-0.5481600952148438,9.828112335205079
1748975082157,-0.5987548828125,-0.39697448730468754,9.516011352539063
1748975082224,-0.3787124633789063,-0.46837600708007815,9.515262908935547
1748975082291,-0.34787658691406254,-0.5218148803710938,9.9968115234375
1748975082362,-0.34099090576171875,-0.5676196289062501,9.783355407714843
1748975082424,-0.35102005004882814,-0.465831298828125,10.099647674560547
1748975082491,0.1035845947265625,-0.427510986328125,9.310189361572267
1748975082562,-0.023351440429687502,-0.6662644958496095,9.451944580078125
1748975082624,-0.4314028930664063,-0.7345225524902345,10.130782928466797
1748975082691,-1.1181747436523437,-0.8318202209472657,10.375224609375001
1748975082758,-1.004710693359375,-0.8683442687988282,10.456505584716798
1748975082824,-0.2594105529785156,-0.7069798278808594,9.591454467773438
1748975082891,-0.0592767333984375,-0.7707472229003907,8.947044525146485
1748975082960,0.20941452026367188,-0.8168513488769532,9.063652038574219
1748975083024,0.42242156982421875,-0.5471122741699219,8.93192596435547
1748975083091,0.40490798950195317,-0.3674858093261719,9.303603057861329
1748975083162,0.5059478759765625,-0.27572662353515626,9.491163024902344
1748975083224,0.4736151123046875,-0.4099974060058594,9.724527740478516
1748975083291,0.532891845703125,-0.5200186157226563,9.634864196777345
1748975083362,0.5941145324707031,-0.28949798583984376,9.560768280029297
1748975083424,0.6400689697265626,-0.33724868774414063,9.294921112060548
1748975083491,0.6932084655761719,-0.39308258056640627,9.522148590087891
1748975083558,0.5864804077148438,-0.5266049194335938,10.104138336181641
1748975083624,0.16585510253906252,-0.5631289672851563,10.368787994384766
1748975083691,-0.11795471191406251,-0.4968168640136719,10.03947280883789
1748975083760,-0.16016693115234376,-0.7473957824707032,10.093809814453126
1748975083824,-0.2341131591796875,-0.8735833740234376,9.838440856933595
1748975083891,-0.4087998962402344,-0.800984344482422,9.560169525146485
1748975083958,-0.108973388671875,-0.530496826171875,9.514364776611329
1748975084024,-0.1478924560546875,-0.5529501342773437,9.627978515625001
1748975084091,-0.00389190673828125,-0.6747967529296875,9.679471435546876
1748975084161,0.08053253173828126,-0.5845344543457032,9.582173767089845
1748975084224,0.07229965209960938,-0.5330415344238282,9.710157623291016
1748975084291,-0.0544866943359375,-0.5098397827148438,9.91343490600586
1748975084361,0.09370513916015626,-0.4724176025390625,10.02839584350586
1748975084424,0.06616241455078126,-0.38664596557617187,9.784852294921876
1748975084491,0.017214202880859376,-0.5104385375976562,9.580676879882812
1748975084561,0.08607101440429688,-0.5321434020996094,9.480984191894532
1748975084625,0.4432283020019531,-0.6947053527832031,9.799072723388672
1748975084692,0.9051676940917969,-0.5929170227050782,9.746531982421876
1748975084761,1.131347351074219,-0.61072998046875,9.777816925048828
1748975084825,0.7969427490234375,-0.4424798583984375,9.87661148071289
1748975084892,0.4914280700683594,-0.5237608337402344,10.056387634277344
1748975084962,0.16959732055664065,-0.7153623962402345,9.33384017944336
1748975085025,0.1327738952636719,-0.7503895568847657,9.285939788818359
1748975085092,0.12199630737304688,-0.8527766418457031,9.657317504882814
1748975085162,-0.09819580078125001,-0.5258564758300781,9.933792572021485
1748975085225,0.13501922607421876,-0.5839356994628907,10.099198608398439
1748975085292,0.4315525817871094,-0.40116577148437504,9.814790039062501
1748975085363,0.2986289978027344,-0.504151611328125,9.554930419921876
1748975085425,0.3909869384765625,-0.3634442138671875,9.514664154052735
1748975085492,0.3447331237792969,-0.42152343750000004,9.679621124267578
1748975085562,0.22842498779296877,-0.5272036743164062,9.896520080566408
1748975085625,-0.04460723876953125,-0.6144721984863282,9.865684204101562
1748975085692,0.09894424438476564,-0.6427633666992187,9.90145980834961
1748975085762,0.10298583984375001,-0.8228388977050781,9.390721893310547
1748975085825,0.14938934326171877,-0.760269012451172,9.728419647216798
1748975085892,0.1694476318359375,-0.39996826171875,9.804910583496094
1748975085962,0.2528242492675781,-0.25267456054687504,9.89232879638672
1748975086025,0.2022294616699219,-0.37976028442382814,9.84158432006836
1748975086092,0.23740631103515628,-0.4378395080566406,9.347611541748048
1748975086163,0.2986289978027344,-0.08786727905273438,10.20083724975586
1748975086225,0.11211685180664063,-0.19414627075195315,9.641450500488281
1748975086292,-0.14519805908203126,-0.162861328125,10.019863586425782
1748975086361,-0.7705975341796876,-0.159268798828125,11.082503814697267
1748975086425,-0.9560618591308594,-0.33560211181640626,10.912457427978516
1748975086492,0.168848876953125,-0.3646417236328125,9.369017028808594
1748975086562,0.44113265991210937,-1.000968475341797,8.343200225830078
1748975086625,0.15163467407226563,-0.9756710815429688,8.341553649902345
1748975086692,0.101788330078125,-0.5821394348144532,8.172405395507813
1748975086762,-0.04445755004882813,-0.10538085937500001,8.5693798828125
1748975086825,0.4740641784667969,-0.4099974060058594,8.94779296875
1748975086892,1.1773017883300783,-0.7424560546875001,9.423803100585937
1748975086968,1.0086026000976562,-0.3629951477050781,9.740843811035157
1748975087025,0.530496826171875,0.07439529418945313,10.77085189819336
1748975087092,0.44981460571289067,0.5718109130859376,11.699820098876954
1748975087158,1.0491682434082032,0.26884094238281253,11.290870513916015
1748975087225,0.7726931762695313,0.11690689086914063,9.699529724121094
1748975087292,1.0771600341796876,0.17558486938476564,8.738079071044922
1748975087362,1.7619859313964845,0.4513114929199219,8.90423355102539
1748975087425,1.6396902465820313,0.39847137451171877,9.118587799072266
1748975087492,1.2207115173339844,-0.13442047119140627,10.155631256103517
1748975087562,0.9126521301269531,-0.06256988525390625,9.979447631835939
1748975087625,0.5788462829589844,0.23860382080078127,9.730515289306641
1748975087692,0.9461824035644532,0.28994705200195314,9.923613739013673
1748975087762,0.8982820129394532,0.011675720214843751,9.773625640869142
1748975087825,0.6424639892578126,-0.40161483764648437,9.506131896972656
1748975087892,1.2350816345214843,-0.5773493957519532,9.754914550781251
1748975087962,1.4897021484375002,-0.2327659606933594,9.648336181640625
1748975088025,1.3942007446289064,-0.09445358276367188,9.646539916992188
1748975088092,1.3251942443847657,-0.17109420776367187,9.99726058959961
1748975088162,1.0421328735351563,-0.39951919555664067,9.908944244384767
1748975088225,0.9147477722167969,-0.2089654541015625,9.352401580810547
1748975088292,1.0060578918457033,-0.005538482666015625,9.23848846435547
1748975088362,1.0205776977539063,-0.025746459960937502,9.318272552490235
1748975088425,0.8048762512207032,-0.3323089599609375,10.553054809570312
1748975088492,0.9553134155273438,-0.2417472839355469,10.348580017089844
1748975088559,0.8779243469238281,0.077838134765625,10.736573181152345
1748975088625,1.169667663574219,0.34682876586914063,9.5178076171875
1748975088692,1.0356962585449219,0.1770817565917969,8.982520751953125
1748975088762,1.107846221923828,-0.16420852661132812,9.187444610595703
1748975088825,1.2151730346679688,-0.27842102050781253,9.635912017822266
1748975088892,0.8746311950683594,-0.06586303710937501,10.50410659790039
1748975088960,0.967438201904297,0.12588821411132814,9.849517822265625
1748975089025,0.8578660583496094,-0.25776397705078125,9.357341308593751
1748975089092,1.0451266479492187,-0.5870791625976562,9.174122314453125
1748975089162,0.9126521301269531,-0.6872209167480469,9.355095977783204
1748975089225,0.81670166015625,-0.4064048767089844,9.538614349365234
1748975089292,1.0318043518066407,-0.4279600524902344,10.057435455322267
1748975089360,0.8554710388183594,-0.5114863586425782,9.80955093383789
1748975089425,0.79754150390625,-0.8012837219238281,9.958191833496095
1748975089492,0.9023236083984375,-0.6333329772949219,9.06125701904297
1748975089562,0.7140151977539063,-0.6911128234863282,9.195976867675782
1748975089625,0.6577322387695312,-0.4149371337890625,9.720486145019532
1748975089692,0.40311172485351565,-0.26195526123046875,10.196795654296876
1748975089758,0.28695327758789063,-0.17393829345703127,9.519603881835938
1748975089825,0.41044647216796876,-0.2912942504882813,9.6231884765625
1748975089892,0.38275405883789065,-0.47720764160156254,9.594148864746094
1748975089962,0.07409591674804687,-0.6233038330078126,10.665770416259766
1748975090025,0.15777191162109375,0.09624984741210937,10.492281188964844
1748975090092,0.20462448120117188,0.2221380615234375,10.050549774169923
1748975090163,0.5459147644042969,-0.008382568359375,8.962312774658203
1748975090225,0.2483335876464844,-0.276624755859375,9.344168701171876
1748975090292,0.10463241577148438,-0.30416748046875003,9.651779022216797
1748975090363,0.1531315612792969,-0.10972183227539063,10.400821380615234
1748975090425,-0.0047900390625,0.12109817504882812,10.090516662597656
1748975090492,0.15911911010742188,0.0437091064453125,9.204808502197267
1748975090559,0.20492385864257814,-0.4086502075195313,9.26243865966797
1748975090625,0.3507206726074219,-0.7981402587890626,9.540859680175782
1748975090692,0.1293310546875,-0.651295623779297,10.158475341796876
1748975090763,0.1986369323730469,-0.46104125976562504,9.629774780273438
1748975090825,0.23995101928710938,-0.41344024658203127,9.670789489746094
1748975090892,0.2556683349609375,-0.6212081909179688,9.548194427490236
1748975090962,0.13980926513671876,-0.5641767883300781,9.928703155517578
1748975091025,0.089813232421875,-0.19369720458984377,9.214837646484375
1748975091092,-0.19429595947265627,-0.3418890380859375,9.668843536376954
1748975091163,-0.04819976806640625,-0.5474116516113281,9.869576110839844
1748975091225,-0.24144790649414063,-0.6050418090820313,10.125543823242188
1748975091292,0.0197589111328125,-0.23875350952148439,9.589209136962891
1748975091362,0.1119671630859375,-0.22543121337890626,9.590855712890626
1748975091425,0.1633103942871094,-0.23710693359375,9.559870147705078
1748975091492,-0.03323089599609375,-0.060923309326171876,10.03558090209961
1748975091561,-0.0007484436035156251,-0.12109817504882812,9.683662719726563
1748975091625,-0.20806732177734377,-0.1974394226074219,9.685159606933594
1748975091692,-0.33440460205078126,-0.20178039550781252,9.549092559814454
1748975091762,-0.47256729125976565,-0.03682342529296875,9.934840393066407
1748975091825,-0.4305047607421875,0.011526031494140625,9.69264404296875
1748975091892,-0.3423381042480469,-0.07888595581054687,9.952503662109375
1748975091973,-0.32901580810546877,-0.30611343383789064,9.905052337646485
1748975092025,-0.24908203125,-0.25536895751953126,9.688901824951172
1748975092092,-0.32647109985351563,-0.36434234619140626,9.601932678222656
1748975092158,-0.5129832458496094,-0.18651214599609375,9.698032836914063
1748975092225,-0.7060816955566407,-0.15552658081054688,9.827064514160156
1748975092292,-0.8562194824218751,-0.17169296264648437,9.98768051147461
1748975092362,-0.8677455139160156,-0.22423370361328127,9.708361358642579
1748975092425,-0.9792636108398438,-0.3722758483886719,9.793833618164063
1748975092492,-0.8509803771972657,-0.4626878356933594,9.384734344482423
1748975092560,-0.8165519714355469,-0.49606842041015625,9.544452209472658
1748975092625,-0.7143145751953125,-0.2435435485839844,9.637408905029297
1748975092692,-0.6852749633789063,-0.08771759033203125,9.89666976928711
1748975092763,-0.7047344970703125,-0.09864486694335937,9.821226654052735
1748975092825,-0.5974076843261719,-0.2089654541015625,9.449549560546876
1748975092892,-0.7047344970703125,-0.19639160156250002,9.573491821289062
1748975092958,-0.6855743408203125,-0.045505371093750004,9.678573303222656
1748975093025,-0.7571255493164063,-0.09205856323242188,10.007289733886719
1748975093092,-0.6740483093261719,-0.1968406677246094,9.609566802978517
1748975093159,-0.7306306457519531,-0.32227981567382813,9.562714233398438
1748975093225,-0.7539820861816406,-0.28755203247070316,9.714498596191406
1748975093292,-0.6292913818359376,-0.023950195312500002,9.622440032958984
1748975093358,-0.6421646118164063,-0.017064514160156252,9.835447082519531
1748975093425,-0.5846841430664063,-0.1694476318359375,9.74249038696289
1748975093492,-0.6309379577636719,-0.09370513916015626,9.758058013916017
1748975093558,-0.5542973327636719,-0.08786727905273438,9.495354309082032
1748975093625,-0.6384223937988281,-0.1435514831542969,9.737999725341798
1748975093692,-0.6571334838867188,-0.17887802124023439,9.910890197753906
1748975093758,-0.7024891662597657,-0.168848876953125,10.092312927246095
1748975093825,-0.5611830139160157,-0.1932481384277344,9.521998901367189
1748975093892,-0.6930587768554688,-0.39038818359375,9.342821502685547
1748975093958,-0.6607260131835938,-0.29413833618164065,9.588909759521485
1748975094025,-0.6991960144042969,-0.13037887573242188,9.824070739746094
1748975094092,-0.7146139526367188,-0.037122802734375,10.148745574951173
1748975094158,-0.5459147644042969,-0.06661148071289062,9.837542724609376
1748975094225,-0.7722441101074219,-0.142503662109375,9.641151123046875
1748975094292,-1.2781919860839845,-0.2571652221679688,10.386900329589844
1748975094361,-1.7595909118652344,-0.22782623291015627,10.487042083740235
1748975094425,-1.209335174560547,-0.3391946411132813,10.379266204833986
1748975094492,-0.6948550415039063,-0.3688330078125,9.722132720947267
1748975094562,-0.197589111328125,-0.40775207519531254,8.996591491699219
1748975094625,0.052690429687500005,-0.25102798461914066,8.839268646240235
1748975094692,0.17408798217773438,-0.2471360778808594,8.850644989013672
1748975094762,0.026494903564453127,-0.22004241943359376,9.17861297607422
1748975094825,0.35595977783203125,-0.20103195190429687,9.511221313476563
1748975094892,0.41463775634765626,-0.33799713134765624,9.777816925048828
1748975094960,0.34143997192382813,-0.4355941772460938,9.587562561035156
1748975095025,0.5351371765136719,-0.21390518188476565,9.380692749023439
1748975095092,0.6075865173339844,-0.12543914794921876,9.001231842041015
1748975095159,0.8074209594726562,0.024399261474609375,9.367071075439453
1748975095225,0.7461982727050782,0.02664459228515625,9.385632476806641
1748975095292,0.5343887329101563,0.13127700805664064,10.056836700439453
1748975095363,-0.05059478759765625,0.40236328125000004,11.095227355957032
1748975095425,-0.5523513793945313,-0.023800506591796878,10.464439086914062
1748975095492,-0.40730300903320316,-0.15612533569335937,10.308164062500001
1748975095562,-0.1981878662109375,-0.03397933959960937,9.529932403564453
1748975095625,-0.31883697509765624,-0.04176315307617188,9.363628234863281
1748975095692,-0.26539810180664064,0.1279838562011719,9.615105285644532
1748975095760,0.06062393188476563,0.22692810058593751,9.692793731689454
1748975095825,0.043858795166015624,0.09819580078125001,9.555229797363282
1748975095892,0.15881973266601562,-0.14819183349609374,9.499994659423828
1748975095962,0.13007949829101564,-0.24384292602539065,9.929900665283204
1748975096025,0.06077362060546875,-0.23605911254882814,9.75296859741211
1748975096092,0.10852432250976562,-0.01526824951171875,9.854906616210938
1748975096163,0.16780105590820313,0.12334350585937501,9.573042755126954
1748975096225,0.1525328063964844,-0.021106109619140626,9.401200103759766
1748975096292,0.1993853759765625,0.00269439697265625,9.59205322265625
1748975096360,0.07948471069335938,0.05478607177734375,9.912087707519532
1748975096425,0.05074447631835938,0.04326004028320313,9.872120819091798
1748975096492,-0.029189300537109376,-0.0508941650390625,9.885293426513673
1748975096561,0.011226654052734375,-0.025297393798828127,9.50583251953125
1748975096625,0.1435514831542969,-0.022752685546875002,9.796827392578125
1748975096692,0.013471984863281251,0.05792953491210938,9.616302795410157
1748975096762,0.09131011962890626,-0.06750961303710938,9.68441116333008
1748975096825,0.19010467529296876,-0.09819580078125001,9.611063690185548
1748975096892,-0.0161663818359375,-0.17184265136718752,9.862540740966798
1748975096964,0.06676116943359375,-0.0061372375488281256,9.841434631347656
1748975097026,0.09580078125000001,-0.011526031494140625,9.690847778320313
1748975097092,0.11271560668945313,0.05763015747070313,9.603728942871093
1748975097158,0.009580078125,-0.012424163818359375,9.572743377685548
1748975097226,0.2609074401855469,-0.03308120727539063,9.777218170166016
1748975097292,0.20207977294921875,-0.17633331298828125,9.975855102539063
1748975097362,0.14459930419921876,-0.17528549194335938,9.746232604980468
1748975097425,0.10089019775390626,0.009430389404296876,9.915231170654298
1748975097492,0.16420852661132812,0.1933978271484375,9.590256958007814
1748975097560,0.1477427673339844,0.11870315551757814,9.55328384399414
1748975097633,0.19235000610351563,-0.06571334838867188,9.648785247802735
1748975097692,0.20627105712890625,-0.16091537475585938,9.808802490234376
1748975097762,0.3384461975097656,0.15402969360351562,9.737101593017579
1748975097825,-0.057779846191406255,0.016615447998046876,9.75147171020508
1748975097892,0.11047027587890626,-0.02484832763671875,9.638307037353517
1748975097962,0.20193008422851563,0.004041595458984375,9.666448516845703
1748975098025,0.11900253295898439,0.1980381774902344,9.607471160888672
1748975098093,0.1633103942871094,0.08726852416992188,9.748328247070313
1748975098162,0.06511459350585938,-0.106578369140625,9.733059997558595
1748975098225,-0.017812957763671877,-0.18486557006835938,10.184072113037109
1748975098293,-0.46178970336914066,0.32168106079101566,10.130633239746095
1748975098361,-0.7509883117675782,0.3239263916015625,10.371183013916015
1748975098425,-0.16480728149414064,0.17633331298828125,9.936786346435547
1748975098492,0.0161663818359375,-0.043559417724609376,9.10721145629883
1748975098559,-0.2752775573730469,0.06301895141601563,9.249715118408204
1748975098625,-0.2900967407226563,0.05119354248046875,9.26004364013672
1748975098693,-0.2597099304199219,-0.14609619140625002,9.930649108886719
1748975098760,-0.08801696777343751,-0.2812651062011719,10.147997131347656
1748975098826,0.027542724609375003,-0.4984634399414063,10.250084838867188
1748975098892,0.06945556640625,-0.7493417358398438,9.790091400146485
1748975098962,0.3523672485351563,-1.0551557922363282,9.08236312866211
1748975099025,0.41568557739257816,-1.2986993408203125,9.680968322753907
1748975099092,0.4616400146484375,-1.5474819946289062,8.874146118164063
1748975099161,0.32706985473632816,-1.592538299560547,8.991053009033203
1748975099225,0.5673202514648438,-1.543590087890625,9.138047332763673
1748975099293,0.34727783203125,-1.0189311218261718,9.06844207763672
1748975099361,0.6159690856933594,-0.6891668701171876,9.191935272216798
1748975099425,0.6617738342285157,-0.33006362915039067,9.246421966552735
1748975099492,0.4225712585449219,0.0520916748046875,9.589508514404297
1748975099561,0.07738906860351563,1.232237548828125,9.973160705566407
1748975099625,0.07738906860351563,1.8851797485351562,10.657238159179688
1748975099693,0.7655081176757813,1.6822018432617187,10.504256286621095
1748975099761,0.5929170227050782,1.6383430480957033,10.298284606933594
1748975099825,0.3107537841796875,1.9118243408203126,9.125623168945314
1748975099893,-0.07214996337890625,2.433190155029297,8.975186004638672
1748975099961,-0.128133544921875,2.8404931640625,9.134305114746095
1748975100026,-0.09056167602539063,3.6158807373046877,9.782157897949219
1748975100092,0.006436614990234376,3.9965391540527344,10.458002471923828
1748975100158,-0.0484991455078125,2.8970755004882816,10.619217224121094
1748975100226,-0.03382965087890625,1.8185682678222657,10.069709930419922
1748975100293,-0.12828323364257813,1.3930032348632813,9.444310455322267
1748975100362,0.09190887451171875,1.25259521484375,9.545350341796876
1748975100425,0.3243754577636719,1.0557545471191407,9.650132446289064
1748975100493,0.2912942504882813,0.468226318359375,9.702224121093751
1748975100562,0.11301498413085938,-0.4822970581054688,9.740544433593751
1748975100626,0.087418212890625,-1.050066375732422,9.705217895507813
1748975100693,0.15088623046875002,-1.159339141845703,9.53352493286133
1748975100763,0.18950592041015626,-0.8628057861328126,9.582024078369141
1748975100826,0.24608825683593752,-0.8396040344238281,9.37500457763672
1748975100893,0.23261627197265627,-1.2768447875976563,9.415121154785156
1748975100960,0.20312759399414063,-1.3910572814941407,9.266929321289062
1748975101026,0.28830047607421877,-1.0873388671875,9.456285552978516
1748975101093,0.2856060791015625,-0.4517605590820313,9.707313537597656
1748975101162,0.19728973388671875,0.010029144287109375,9.548344116210938
1748975101226,0.18995498657226564,0.13442047119140627,9.765093383789063
1748975101293,0.33679962158203125,0.3418890380859375,9.726473693847657
1748975101363,0.2022294616699219,0.192799072265625,10.015522613525391
1748975101426,0.24069946289062502,0.4532574462890625,9.797276458740235
1748975101493,0.1621128845214844,0.8006849670410157,9.865235137939454
1748975101562,0.12708572387695313,1.1193722534179689,9.731114044189454
1748975101626,0.13007949829101564,1.407223663330078,9.688003692626953
1748975101693,0.27273284912109375,1.3811778259277345,9.766739959716798
1748975101762,0.2556683349609375,1.2070898437500002,9.762249298095703
1748975101826,0.23426284790039065,1.1298504638671876,9.776320037841797
1748975101893,0.46523254394531255,1.215472412109375,9.74144256591797
1748975101968,1.3482463073730468,1.3055850219726564,9.48622329711914
1748975102026,2.040257263183594,1.0109976196289063,10.17643798828125
1748975102093,1.8862275695800783,0.721948699951172,9.527687072753906
1748975102159,1.420096893310547,0.8018824768066407,10.089468841552735
1748975102226,0.918340301513672,0.9882449340820313,9.437724151611329
1748975102293,0.4680766296386719,0.9074130249023438,9.28833480834961
1748975102362,0.41074584960937505,0.5566923522949219,9.502689056396484
1748975102426,0.5510041809082031,0.2674937438964844,9.646539916992188
1748975102493,0.4903802490234375,0.2621049499511719,9.709558868408203
1748975102562,0.7587721252441406,0.5495072937011719,10.114915924072266
1748975102626,1.0865904235839845,0.814306640625,10.036029968261719
1748975102693,1.0481204223632814,0.9102571105957031,9.73575439453125
1748975102762,0.906514892578125,0.8545729064941406,9.596094818115235
1748975102825,1.07296875,0.729283447265625,9.347312164306642
1748975102893,0.8473878479003907,0.8449928283691407,9.586365051269532
1748975102962,0.8428971862792969,0.8635542297363281,9.847871246337892
1748975103026,0.6824308776855469,0.9415420532226563,9.670789489746094
1748975103093,0.8795709228515626,0.8319699096679688,9.749825134277344
1748975103162,0.9346563720703126,0.7502398681640625,9.466913452148438
1748975103225,0.9189390563964844,0.7629634094238281,9.471703491210938
1748975103293,0.9864486694335938,0.7918533325195313,9.331594848632813
1748975103360,1.0023156738281251,0.7165599060058594,9.69743408203125
1748975103426,1.0026150512695313,0.5971083068847657,9.773775329589844
1748975103493,0.9858499145507813,0.7682025146484376,9.71988739013672
1748975103561,0.8860075378417969,0.8647517395019532,9.492959289550782
1748975103626,0.7171586608886719,0.8473878479003907,9.730515289306641
1748975103693,0.6999444580078126,0.5453160095214844,9.661658477783204
1748975103761,0.5384303283691406,0.8303233337402344,9.813592529296875
1748975103826,0.583187255859375,1.0653346252441407,9.622889099121094
1748975103893,0.4812492370605469,1.2208612060546875,9.711205444335938
1748975103961,0.7066804504394532,0.99393310546875,9.624835052490235
1748975104026,0.6038442993164063,0.942440185546875,9.803563385009767
1748975104093,0.5553451538085937,1.0868898010253907,9.716893615722658
1748975104161,0.3906875610351563,1.2169692993164063,9.769134979248047
1748975104226,0.3830534362792969,1.0970686340332032,9.853858795166015
1748975104293,0.26180557250976566,0.7068301391601562,9.835896148681641
1748975104361,0.1836680603027344,0.6632707214355469,9.72572525024414
1748975104426,0.20492385864257814,0.8538244628906251,9.60926742553711
1748975104493,0.17498611450195314,0.9689350891113282,9.842183074951173
1748975104561,0.1782792663574219,0.9633966064453126,9.954299926757812
1748975104626,0.085023193359375,0.9753717041015626,9.982740783691407
1748975104693,0.21764739990234377,1.1527528381347656,9.37934555053711
1748975104761,0.08666976928710939,1.0225236511230469,9.103768615722657
1748975104826,0.032183074951171876,1.0876382446289063,9.583221588134766
1748975104893,-0.19968475341796876,1.2436138916015627,10.03318588256836
1748975104960,-0.3619473266601563,1.3968951416015625,10.304421844482423
1748975105026,-0.2594105529785156,1.578168182373047,10.09351043701172
1748975105093,-0.22094055175781252,1.5881973266601563,9.622889099121094
1748975105161,-0.0622705078125,1.4530284118652343,8.839268646240235
1748975105226,-0.007035369873046876,1.4801220703125,9.02293670654297
1748975105293,-0.06421646118164062,1.5774197387695312,9.82676513671875
1748975105362,-0.07828720092773438,1.428629150390625,10.400971069335938
1748975105426,-0.032931518554687504,1.3233979797363282,9.896520080566408
1748975105493,-0.07214996337890625,1.2976515197753906,9.830657043457032
1748975105562,0.17244140625,1.2769944763183594,9.170380096435547
1748975105626,0.2369572448730469,0.9509724426269531,9.150321807861328
1748975105693,0.03936813354492188,0.3465293884277344,9.571396179199219
1748975105762,0.1287322998046875,0.35835479736328124,9.319320373535156
1748975105826,-0.022752685546875002,0.7816744995117187,9.646988983154298
1748975105893,0.06750961303710938,1.0792556762695313,9.926008758544922
1748975105962,0.09295669555664063,0.8545729064941406,9.98768051147461
1748975106026,0.2900967407226563,0.647852783203125,9.60163330078125
1748975106093,0.437091064453125,0.6936575317382813,9.53786590576172
1748975106162,0.4935237121582032,0.8032296752929687,8.973838806152344
1748975106226,0.37931121826171876,1.1585906982421876,9.65432373046875
1748975106293,0.21540206909179688,1.0867401123046876,10.243199157714844
1748975106362,0.08876541137695312,0.9134005737304688,10.069709930419922
1748975106426,-0.032931518554687504,0.8412506103515626,9.51346664428711
1748975106493,0.10882369995117189,0.8804690551757813,9.249415740966798
1748975106562,-0.009430389404296876,0.7539820861816406,9.989776153564454
1748975106626,0.2507286071777344,0.8228388977050781,9.973909149169922
1748975106693,0.26734405517578125,0.8996292114257813,9.838740234375
1748975106762,0.05942642211914063,1.0767109680175782,10.055788879394532
1748975106826,0.09924362182617188,1.2362791442871095,9.917626190185548
1748975106893,0.12199630737304688,1.0445278930664064,9.827363891601562
1748975106972,0.07155120849609375,0.7348219299316406,9.785750427246095
1748975107026,0.18830841064453127,0.6265969848632813,9.213490447998048
1748975107093,0.032183074951171876,0.6635700988769532,9.630223846435547
1748975107159,0.23186782836914063,0.7824229431152344,9.482181701660156
1748975107226,-0.12364288330078126,0.8008346557617188,10.05713607788086
1748975107293,0.14145584106445314,0.8038284301757813,9.998458099365235
1748975107359,0.14025833129882814,0.7580236816406251,9.73620346069336
1748975107426,0.3059637451171875,0.8854087829589844,9.453441467285156
1748975107493,0.22588027954101564,0.8912466430664063,9.557325439453125
1748975107560,0.2977308654785156,0.9446855163574219,9.699230346679688
1748975107626,0.1682501220703125,0.8795709228515626,9.835746459960937
1748975107693,0.2556683349609375,0.9988728332519532,9.973460083007813
1748975107763,0.2341131591796875,1.0379415893554689,9.617949371337891
1748975107826,0.20582199096679688,1.1822415161132813,9.633666687011718
1748975107893,0.09355545043945312,1.1475137329101563,9.804760894775391
1748975107963,0.16316070556640624,1.0193801879882813,10.040969696044922
1748975108026,0.27333160400390627,1.0876382446289063,9.79997085571289
1748975108093,0.17199234008789063,1.1070977783203126,9.772128753662109
1748975108163,0.2782713317871094,1.0921289062500001,9.488917694091798
1748975108226,0.27228378295898437,0.9954299926757812,9.439520416259766
1748975108293,0.317340087890625,0.8415499877929687,9.45643524169922
1748975108363,0.2567161560058594,0.5322930908203125,9.914782104492188
1748975108426,0.27647506713867187,0.5911207580566407,9.940827941894531
1748975108493,0.34323623657226565,0.6448590087890625,9.124575347900391
1748975108563,0.45744873046875,0.7274871826171876,9.309740295410156
1748975108626,0.19429595947265627,0.8955876159667969,10.261760559082031
1748975108693,0.6201603698730469,0.978215789794922,9.768236846923829
1748975108762,0.2411485290527344,1.3942007446289064,10.263856201171876
1748975108826,0.6628216552734375,1.4052777099609375,9.73904754638672
1748975108893,0.36164794921875004,1.119671630859375,9.641749877929689
1748975108962,0.3674858093261719,0.999770965576172,9.552086334228516
1748975109026,0.2076182556152344,1.093027038574219,9.730515289306641
1748975109093,0.11690689086914063,1.2467573547363282,9.78694793701172
1748975109162,0.1537303161621094,1.1021580505371094,9.833501129150392
1748975109226,0.10942245483398438,1.0698252868652345,9.851463775634766
1748975109293,0.2724334716796875,1.0108479309082032,9.531429290771484
1748975109362,0.3309617614746094,0.8761280822753906,9.537117462158204
1748975109426,0.4746629333496094,0.7719447326660157,9.61450653076172
1748975109493,0.3764671325683594,0.8208929443359375,9.914782104492188
1748975109562,0.3309617614746094,0.8779243469238281,10.087073822021486
1748975109626,0.32362701416015627,0.9584568786621094,9.658215637207032
1748975109693,0.3195854187011719,0.906514892578125,9.419761505126953
1748975109759,0.4381388854980469,0.8411009216308594,9.580676879882812
1748975109826,0.5072950744628907,0.7426057434082032,9.374705200195313
1748975109893,0.4429289245605469,0.8527766418457031,9.619745635986328
1748975109959,0.5677693176269532,0.9936337280273438,9.824968872070313
1748975110026,0.4477189636230469,0.8491841125488282,9.78844482421875
1748975110093,0.3894900512695313,0.8149053955078125,10.041269073486328
1748975110159,0.5010081481933594,0.8342152404785157,9.484127655029297
1748975110226,0.4796026611328125,0.8623567199707032,9.393865356445312
1748975110293,0.5025050354003906,1.0587483215332032,9.472002868652345
1748975110363,0.6355783081054688,0.988993377685547,10.120304718017579
1748975110426,0.29758117675781254,1.0111473083496094,10.223739624023438
1748975110493,0.6331832885742188,1.1987072753906252,9.662406921386719
1748975110563,0.6391708374023438,1.2900173950195313,9.254355468750001
1748975110626,0.44921585083007814,0.9515711975097657,9.53068084716797
1748975110693,0.4183799743652344,0.7821235656738281,9.673633575439453
1748975110763,0.4481680297851563,0.645457763671875,9.9249609375
1748975110826,0.48559020996093755,0.7894583129882813,9.782157897949219
1748975110893,0.41029678344726567,0.8077203369140625,9.647737426757812
1748975110964,0.4944218444824219,0.7424560546875001,9.542356567382813
1748975111026,0.7059320068359375,0.6578819274902344,9.5848681640625
1748975111093,0.5282514953613282,0.5882766723632813,10.308762817382814
1748975111164,0.5864804077148438,0.7405101013183594,10.07105712890625
1748975111226,0.5774990844726563,0.7033872985839844,9.47799041748047
1748975111293,0.8045768737792969,1.0819500732421876,8.957971801757813
1748975111363,0.5803431701660157,0.9870474243164064,9.796677703857423
1748975111426,0.1980381774902344,0.9948312377929688,9.834249572753906
1748975111493,0.9608518981933595,1.028660888671875,10.379266204833986
1748975111564,1.063089294433594,1.2976515197753906,9.99097366333008
1748975111626,0.6807843017578126,0.5643264770507813,9.641600189208985
1748975111693,0.9312135314941407,1.5503260803222656,9.095236358642579
1748975111759,0.9059161376953125,0.9391470336914063,9.499844970703126
1748975111826,1.0340496826171877,0.7391629028320312,9.44880111694336
1748975111893,0.2686912536621094,0.43828857421875,9.887239379882812
1748975111976,0.6138734436035157,0.4923262023925781,9.883497161865234
1748975112026,0.5498066711425782,0.5074447631835938,9.81853225708008
1748975112093,0.4378395080566406,0.3826043701171875,9.98812957763672
1748975112159,-0.8173004150390626,-0.566422119140625,9.79892303466797
1748975112226,0.7842192077636719,-0.17318984985351563,9.05272476196289
1748975112293,0.11331436157226563,-0.05598358154296875,9.659862213134765
1748975112363,0.417930908203125,-0.1790277099609375,9.18579803466797
1748975112426,0.16091537475585938,-0.8904981994628907,9.589209136962891
1748975112493,0.3841012573242188,-0.44023452758789067,9.894723815917969
1748975112563,0.6545887756347657,-0.053887939453125006,10.11506561279297
1748975112626,-0.12199630737304688,0.00508941650390625,9.817035369873047
1748975112693,0.730331268310547,0.6866221618652344,9.396410064697266
1748975112763,2.435585174560547,0.3769161987304688,10.013277282714844
1748975112826,0.10133926391601562,-0.985550537109375,8.852890319824219
1748975112893,2.100132751464844,-0.7216493225097657,9.954449615478516
1748975112963,0.5933660888671876,-0.9981243896484375,10.637030181884766
1748975113026,1.0343490600585938,-0.3588038635253906,9.095086669921875
1748975113093,3.8300852966308594,0.24279510498046877,9.783056030273437
1748975113163,3.4548156738281253,0.650247802734375,12.71081771850586
1748975113226,5.085823974609375,1.4028826904296876,8.204139404296875
1748975113293,2.2541624450683595,2.834056549072266,9.382489013671876
1748975113362,1.0656340026855469,1.8218614196777345,8.253836059570313
1748975113426,2.1011805725097656,3.1518457031250002,10.610235900878907
1748975113493,0.5554948425292969,3.327280883789063,8.620124359130859
1748975113563,0.40116577148437504,5.330864410400391,8.69526809692383
1748975113626,0.8303233337402344,6.369853820800782,7.492369537353516
1748975113693,1.3651611328125002,7.235204315185547,6.857090606689454
1748975113762,2.022444305419922,6.994504852294922,4.966222686767578
1748975113826,0.9297166442871094,7.989934844970704,3.499871978759766
1748975113893,0.9110055541992188,6.089636535644532,6.859934692382813
1748975113962,1.1059002685546875,8.078700256347657,6.5413970947265625
1748975114026,3.566034393310547,9.290280761718751,5.430856475830079
1748975114093,1.730401611328125,8.611741790771484,4.869374084472656
1748975114162,1.2748988342285157,7.9203295898437505,4.786296844482422
1748975114226,1.2133767700195313,8.312813415527344,3.9505847167968753
1748975114293,1.21906494140625,8.569679260253906,4.473148040771485
1748975114362,1.4298266601562502,8.632847900390626,4.22720947265625
1748975114426,1.3753399658203125,8.04337371826172,4.662953338623047
1748975114493,1.3057347106933594,8.330027618408204,2.891986083984375
1748975114562,1.0451266479492187,8.231083374023438,2.0565733337402343
1748975114626,0.6497987365722656,8.754993896484375,4.404291229248047
1748975114693,-1.08015380859375,8.609795837402345,6.711144104003907
1748975114762,0.9979747009277344,9.08475814819336,6.180946655273438
1748975114826,1.0159373474121094,9.025481414794923,4.4967988586425784
1748975114893,-1.5883470153808594,7.520960083007813,4.805157623291016
1748975114963,-2.0145108032226564,8.044720916748048,4.3062451171875
1748975115026,0.7840695190429688,3.207829284667969,1.2401710510253907
1748975115093,-0.9048683166503907,10.289602661132813,6.006708984375
1748975115159,-0.3950285339355469,9.522447967529297,5.10663070678711
1748975115226,2.8410919189453128,9.25675048828125,7.661368103027344
1748975115293,1.7227674865722657,5.735473022460938,3.9847137451171877
1748975115364,-1.009650421142578,8.75334732055664,0.29593460083007816
1748975115426,-4.168830871582031,8.46833999633789,2.2911355590820315
1748975115492,-4.494254150390625,9.52633987426758,1.2373269653320313
1748975115564,-6.036497039794922,6.775210876464844,4.110601959228516
1748975115626,-4.680766296386719,8.147706756591797,1.2287947082519532
1748975115693,-4.3471101379394534,6.069129180908203,7.9751156616210945
1748975115764,-2.3382875061035158,2.868934020996094,7.9679306030273445
1748975115826,-1.2515473937988282,10.783575439453125,12.238849182128908
1748975115893,-0.2866539001464844,1.6748670959472658,8.54827377319336
1748975115964,-2.3364912414550782,2.212548980712891,9.627080383300783
1748975116026,-2.10043212890625,3.2120205688476564,8.71353012084961
1748975116093,-2.8928842163085937,4.130809936523438,6.824009399414063
1748975116163,-3.0768516540527346,4.462520141601563,7.692054290771485
1748975116226,-3.2386651611328126,3.7841308593750003,8.909472656250001
1748975116293,-1.4403048706054689,4.395160217285157,9.576036529541016
1748975116365,0.6171665954589844,4.528383178710937,8.625662841796876
1748975116425,0.027542724609375003,2.1674926757812503,7.290140075683594
1748975116493,0.7741900634765625,0.9545649719238282,10.25307861328125
1748975116563,0.69216064453125,1.4443464660644532,9.163943481445314
1748975116626,-0.19100280761718752,3.406466217041016,9.535620574951173
1748975116693,0.062120819091796876,2.3333477783203125,10.14290771484375
1748975116763,0.4343966674804688,3.2886611938476564,9.598938903808595
1748975116826,0.9707313537597657,4.064048767089844,9.911938018798828
1748975116893,1.4726376342773437,4.929698638916016,8.966653747558594
1748975116971,2.1198916625976563,2.271975402832031,8.48839828491211
1748975117026,2.8074119567871096,3.8383181762695315,8.831784210205079
1748975117093,2.4421714782714843,1.2446617126464845,10.537487182617188
1748975117159,3.1861244201660157,0.000149688720703125,9.648336181640625
1748975117226,3.4536181640625,1.5371534729003906,6.308631134033203
1748975117293,2.752925262451172,3.5685791015625004,8.395142211914063
1748975117359,2.4048989868164066,3.1534922790527347,10.75887680053711
1748975117426,3.543581085205078,3.5197805786132816,8.140970764160157
1748975117493,3.839066619873047,2.2589524841308597,7.818092193603516
1748975117563,4.07677230834961,2.8156448364257813,8.317753143310547
1748975117626,4.477788391113282,2.5502467346191406,6.827751617431641
1748975117693,5.084027709960938,3.0048513793945313,6.556216278076172
1748975117763,4.023333435058594,2.345472564697266,6.393354949951172
1748975117826,3.8908589172363284,4.316423950195313,8.276738433837892
1748975117893,2.8409422302246097,4.621489562988281,9.610614624023437
1748975117961,0.9440867614746095,3.177891540527344,10.860216064453125
1748975118026,1.06578369140625,5.680387573242188,10.413694610595703
1748975118093,1.0282118225097656,5.439987487792969,10.967542877197266
1748975118163,1.8925144958496094,4.426295471191406,8.07750274658203
1748975118226,1.652413787841797,3.6287539672851565,7.927364959716797
1748975118293,1.733844451904297,3.7115318298339846,8.416248321533203
1748975118363,1.5428416442871093,5.125940551757813,8.221054229736328
1748975118426,2.5643174743652346,4.760999450683594,7.182663574218751
1748975118493,2.6206004333496096,6.3637165832519536,6.845714263916016
1748975118563,1.981728973388672,4.425247650146485,7.9327537536621096
1748975118626,2.702330474853516,3.576362915039063,7.439230041503906
1748975118693,4.021537170410157,4.358636169433594,7.417525177001954
1748975118762,4.159400482177735,5.595963134765626,8.023465118408204
1748975118826,4.256548461914063,5.3703822326660156,7.657625885009766
1748975118893,4.165238342285156,5.695206756591797,7.386090545654297
1748975118962,3.783083038330078,6.473887481689453,7.655380554199219
1748975119026,2.601140899658203,6.070775756835938,7.78426254272461
1748975119093,4.05521713256836,7.653135223388673,7.330855407714844
1748975119162,4.856949920654297,7.307953033447266,6.726112976074219
1748975119226,4.643344116210938,5.4407359313964845,7.316036224365234
1748975119293,4.019441528320312,4.62762680053711,8.154293060302734
1748975119360,3.940705261230469,4.248165893554687,7.662864990234375
1748975119426,4.793930969238281,4.686304779052735,7.952512664794923
1748975119493,5.07549545288086,5.924080810546875,6.566694488525391
1748975119562,4.2504112243652346,3.1225067138671876,6.227200469970703
1748975119626,4.894671478271484,4.247866516113281,6.529421997070313
1748975119693,5.153183898925781,3.4979260253906252,7.071295166015625
1748975119761,4.649331665039063,4.686753845214844,7.496710510253907
1748975119826,5.457351379394532,5.308560791015625,6.625522155761719
1748975119893,4.818030853271485,3.2135174560546877,7.4292008972167976
1748975119960,4.615502014160157,2.9063562011718753,8.698860626220704
1748975120026,5.694907379150391,3.2757879638671876,7.761509857177734
1748975120093,4.844226379394532,3.426075439453125,6.306984558105469
1748975120162,4.771777038574219,5.2611094665527345,6.835236053466797
1748975120226,4.3719584655761725,3.9673498535156253,7.7230398559570315
1748975120293,4.540507965087891,3.3894017028808596,6.621181182861329
1748975120363,4.872966613769531,2.5821304321289062,6.875352630615235
1748975120426,3.9836659240722656,4.968018951416016,5.9197398376464845
1748975120493,0.06331832885742188,7.405400390625,12.585677947998047
1748975120564,2.488724670410156,5.233267364501954,6.7350942993164065
1748975120626,3.682043151855469,4.35459457397461,6.66054931640625
1748975120693,2.599494323730469,3.939657440185547,7.096742248535157
1748975120763,0.8265811157226562,3.101250915527344,5.748046875
1748975120826,2.2517674255371096,6.343358917236328,6.374643859863282
1748975120893,1.2912149047851562,4.533472595214844,7.074588317871094
1748975120959,0.19100280761718752,1.7073495483398438,6.265221405029298
1748975121026,0.8613088989257813,1.3434562683105469,6.709796905517578
1748975121092,-3.028502197265625,-2.9759614562988284,8.254135437011719
1748975121164,-11.855646057128906,-7.243287506103516,9.45598617553711
1748975121226,-10.960657196044922,-5.157973937988282,5.725743255615234
1748975121293,-12.360995178222657,-1.4483880615234375,7.623496856689454
1748975121360,-9.647737426757812,1.3537847900390625,3.203188934326172
1748975121433,-10.477462005615235,0.033679962158203125,1.6229251098632813
1748975121493,-10.436147918701172,0.8328680419921876,0.32168106079101566
1748975121564,-9.406289520263673,0.001347198486328125,-0.1824705505371094
1748975121626,-9.573491821289062,0.48514114379882817,-0.775986328125
1748975121693,-9.817933502197267,0.4082011413574219,-0.948278045654297
1748975121763,-9.54415283203125,1.1409274291992189,-0.7182064819335938
1748975121826,-9.191037139892579,1.1370355224609376,0.18696121215820313
1748975121893,-9.320517883300782,1.3181588745117188,-0.3062631225585938
1748975121970,-10.236463165283203,1.1103909301757813,0.11391311645507814
1748975122026,-10.247689819335937,1.7049545288085939,0.3335064697265625
1748975122093,-9.69743408203125,1.5012281799316407,-0.1622625732421875
1748975122159,-9.41916275024414,2.3809487915039065,0.14609619140625002
1748975122227,-9.545200653076172,2.985242156982422,-0.06870712280273437
1748975122293,-9.841434631347656,2.954855346679688,0.5369334411621094
1748975122359,-9.730365600585937,3.029550018310547,1.3434562683105469
1748975122426,-8.135581970214844,2.42136474609375,2.645149383544922
1748975122493,-8.613987121582031,1.8952088928222657,2.9202772521972657
1748975122563,-8.94060791015625,1.7142352294921877,2.070494384765625
1748975122626,-9.308692474365236,1.9007473754882813,2.682272186279297
1748975122693,-10.054591369628907,3.065325622558594,4.087400207519531
1748975122764,-9.535620574951173,2.123184814453125,3.9282810974121096
1748975122826,-8.538544006347657,1.8914666748046876,4.679718475341797
1748975122893,-8.413104858398437,1.964814147949219,4.458478546142579
1748975122961,-8.961564331054689,0.9418414306640626,5.524860992431641
1748975123026,-7.007677459716797,0.20118164062500002,4.3294468688964844
1748975123093,-7.293732604980469,-1.5244299316406251,6.806346130371094
1748975123163,-6.305188293457031,-0.5258564758300781,6.266418914794922
1748975123226,-6.44020751953125,-1.0656340026855469,5.776038665771485
1748975123293,-7.4589889526367195,-1.4937437438964845,5.520370330810547
1748975123363,-8.181087341308594,-3.514541473388672,6.438111877441407
1748975123426,-8.997040557861329,-2.6626629638671875,8.73179214477539
1748975123493,-7.032076721191407,-2.12677734375,7.922574920654298
1748975123563,-5.794450378417969,-0.6086343383789062,5.943390655517579
1748975123626,-7.245832214355469,0.24324417114257812,6.744973754882813
1748975123693,-6.907386016845703,0.33141082763671875,5.479804687500001
1748975123763,-8.98566421508789,-0.34937347412109376,5.479954376220704
1748975123826,-7.4043525695800785,-0.9794132995605469,5.410199432373047
1748975123893,-8.19141586303711,-1.3323793029785156,1.7229171752929688
1748975123960,-8.008346557617188,-0.3879931640625,3.8386175537109377
1748975124026,-5.486840057373048,0.36628829956054687,3.939507751464844
1748975124093,-6.032754821777344,0.3691323852539063,6.475534057617188
1748975124163,-8.53779556274414,-0.928070068359375,5.842650146484376
1748975124226,-6.480324096679688,1.4901512145996094,7.180867309570313
1748975124293,-4.933141479492188,0.18651214599609375,9.410331115722657
1748975124359,-5.744154968261719,-0.0916094970703125,8.308023376464844
1748975124426,-4.872367858886719,0.39892044067382815,7.925718383789063
1748975124493,-5.2382070922851565,-1.8577867126464844,8.481362915039062
1748975124563,-5.43953842163086,-2.2396426391601563,7.7901004028320315
1748975124626,-5.456752624511719,-1.8805393981933596,8.591833190917969
1748975124693,-7.769593048095704,-2.5704547119140626,7.5926609802246094
1748975124763,-7.263944549560547,-2.824775848388672,4.8506629943847654
1748975124826,-5.897136840820313,-2.708318023681641,8.153694305419922
1748975124893,-6.233936462402344,-2.2314097595214846,7.706274719238282
1748975124960,-5.842051391601562,-1.8288967895507813,6.5045736694335945
1748975125026,-5.582491149902344,-1.5106585693359376,6.220614166259766
1748975125093,-5.659131774902344,-2.268981628417969,7.567812652587891
1748975125163,-7.156917114257813,-4.3999502563476565,7.757617950439453
1748975125226,-6.5925906372070315,-4.419559478759766,8.07929901123047
1748975125293,-7.987240447998047,-3.3428485107421877,5.42950927734375
1748975125361,-5.3492761230468755,-2.788551177978516,6.765481109619141
1748975125426,-5.053341522216797,-1.3910572814941407,6.887178039550782
1748975125493,-5.339845733642578,-2.5701553344726564,8.064330139160157
1748975125564,-4.650379486083985,-3.2022908020019534,8.139623565673828
1748975125626,-4.623585205078125,-2.9627888488769534,6.791077880859375
1748975125693,-4.424648895263672,-2.900069274902344,6.743327178955078
1748975125764,-6.4762825012207035,-2.3540048217773437,7.273524627685547
1748975125826,-7.071145477294922,-3.194806365966797,8.988358612060548
1748975125893,-6.158942413330078,-2.032024383544922,8.75469451904297
1748975125961,-7.285350036621094,-1.6762142944335938,6.736142120361328
1748975126026,-5.983656921386719,-0.3983216857910156,6.797215118408204
1748975126093,-5.553002471923828,1.9990928649902344,5.949976959228516
1748975126164,-5.085674285888672,0.9729766845703125,7.6315800476074225
1748975126227,-5.557193756103516,-0.1830693054199219,7.7706408691406255
1748975126293,-6.357130279541016,-0.5736071777343751,7.001689910888672
1748975126363,-7.430997161865235,0.44846740722656253,7.042405242919922
1748975126426,-6.92205551147461,0.841849365234375,7.032675476074219
1748975126493,-6.498286743164063,1.2214599609375,7.030729522705078
1748975126564,-7.606282653808594,3.100502471923828,8.594826965332032
1748975126626,-7.502398681640625,1.5896942138671877,7.650740203857422
1748975126693,-4.4421624755859375,2.3212229919433596,6.946454772949219
1748975126764,-1.8823356628417969,4.1058119201660155,10.131531372070313
1748975126826,-2.593656463623047,2.80456787109375,8.73942626953125
1748975126893,-3.0204190063476566,3.7818855285644535,8.420140228271485
1748975126966,-4.30385009765625,3.907025299072266,7.431146850585938
1748975127027,-4.898563385009766,4.551135864257812,7.7794725036621095
1748975127093,-4.836592254638672,4.797373809814453,7.3233709716796875
1748975127159,-4.503385162353516,4.184398498535156,7.414830780029297
1748975127226,-3.9872584533691406,3.929179229736328,7.469018096923828
1748975127293,-3.963607635498047,4.064797210693359,7.884853363037109
1748975127361,-4.266727294921875,4.197271728515625,7.660769348144532
1748975127426,-4.3894720458984375,4.124373321533203,7.600145416259766
1748975127493,-4.308789825439454,4.085154876708985,7.466922454833985
1748975127561,-4.291276245117188,4.214635620117187,7.689060516357422
1748975127627,-4.157903594970703,4.226011962890626,7.941286010742188
1748975127693,-4.405937805175782,3.9582188415527346,8.032596130371093
1748975127763,-4.6165498352050784,4.711153106689453,7.627089385986329
1748975127826,-5.1961445617675786,4.423900451660156,7.087910614013672
1748975127893,-4.915328521728516,3.9902522277832033,7.2530172729492195
1748975127961,-4.600982208251954,4.1620948791503904,7.07249267578125
1748975128026,-4.370611267089844,3.6076478576660156,7.253765716552735
1748975128093,-4.465663604736329,4.529880065917969,7.373067626953126
1748975128162,-5.0937574768066405,4.814737701416016,7.463778991699219
1748975128226,-5.121749267578125,4.137246551513672,7.402855682373048
1748975128293,-5.367987213134766,4.934788055419922,7.613018646240235
1748975128364,-4.647385711669922,4.517156524658203,6.955436096191407
1748975128426,-3.6070491027832032,3.557502136230469,6.8020051574707034
1748975128493,-4.008065185546875,4.374203796386719,7.292385406494141
1748975128563,-5.607938232421875,5.633834381103516,8.74616226196289
1748975128626,-4.626878356933594,5.899082794189454,7.131170654296875
1748975128693,-2.2171893310546875,4.302802276611328,7.864645385742188
1748975128764,-3.1989976501464845,3.7110827636718753,6.474336547851562
1748975128826,-2.9295579528808595,4.432133331298829,8.547974395751954
1748975128893,-3.0928683471679688,3.5163377380371097,9.159752197265625
1748975128960,-2.2008732604980468,4.059408416748047,7.637268218994141
1748975129026,-3.153791656494141,4.04803207397461,7.454947357177735
1748975129093,-3.7618272399902346,3.636537780761719,7.315138092041016
1748975129163,-2.203118591308594,4.036805419921875,9.603579254150391
1748975129226,-2.98179931640625,3.655997314453125,7.513325958251953
1748975129293,-3.7181181335449223,3.9939944458007814,7.5981994628906255
1748975129363,-3.81287109375,3.4750236511230472,9.386829986572266
1748975129426,-3.8802310180664064,3.5473233032226563,7.926466827392579
1748975129493,-3.2997381591796877,2.079026641845703,8.38825653076172
1748975129563,-3.6239639282226563,1.7308506774902344,8.055049438476562
1748975129626,-3.7805383300781252,1.150806884765625,8.294701080322266
1748975129693,-3.9576200866699223,0.5525010681152344,8.352929992675781
1748975129763,-4.136198730468751,0.24459136962890626,9.651180267333984
1748975129826,-3.378025360107422,1.8540444946289063,11.143127746582032
1748975129893,-4.252806243896485,1.1786489868164063,9.24522445678711
1748975129960,-4.778812408447266,-0.6716532897949219,8.076305236816406
1748975130026,-4.238735504150391,-0.27542724609375,7.802075500488281
1748975130093,-3.347039794921875,-0.277822265625,9.401798858642579
1748975130163,-4.040996704101563,-0.8614585876464844,9.321416015625001
1748975130226,-4.000730438232422,0.14085708618164064,9.124575347900391
1748975130293,-4.635859680175781,-0.6830296325683594,8.223449249267578
1748975130363,-4.578828277587891,-0.389190673828125,8.33706298828125
1748975130426,-4.799319763183594,-0.39128631591796875,8.665779418945313
1748975130493,-4.937781829833985,-0.1694476318359375,8.404422912597656
1748975130564,-5.154680786132813,-0.2942880249023438,8.614136810302735
1748975130626,-5.176235961914062,-0.7773335266113282,8.261470184326173
1748975130693,-5.072351989746094,-0.8158035278320312,7.911947021484376
1748975130764,-5.350623321533203,-0.7973918151855469,8.140970764160157
1748975130826,-5.391039276123047,-0.47795608520507815,8.145760803222657
1748975130893,-5.429060211181641,-0.4677772521972656,8.036937103271486
1748975130961,-5.403014373779297,-0.29368927001953127,8.453071746826172
1748975131026,-5.366939392089844,-0.7107220458984376,7.810009002685547
1748975131093,-5.408253479003907,-1.132694549560547,7.939040679931641
1748975131164,-5.37966293334961,-0.8637039184570313,8.256680145263672
1748975131226,-5.163961486816406,-0.3113525390625,8.181536407470704
1748975131293,-5.224735107421875,-0.6743476867675782,8.1095361328125
1748975131364,-5.272934875488281,-1.3412109375,7.7583663940429695
1748975131426,-5.6767950439453125,-1.5203883361816406,7.8321629333496094
1748975131493,-5.893694000244141,-1.0536589050292968,8.167765045166016
1748975131564,-5.2823652648925785,-1.9444564819335939,7.69085678100586
1748975131626,-5.458997955322266,-1.33881591796875,7.5875715637207035
1748975131693,-5.769452362060547,-1.6191828918457032,7.672295379638673
1748975131763,-6.441854095458985,-2.265389099121094,6.998546447753907
1748975131826,-6.2789927673339845,-2.033072204589844,7.311695251464844
1748975131893,-5.9586589050292975,-1.7682728576660156,7.602540435791016
1748975131969,-6.089037780761719,-0.5408253479003906,7.6754388427734375
1748975132027,-5.785319366455078,-1.4724879455566406,8.011190643310547
1748975132093,-6.142177276611329,-2.2195843505859374,7.635921020507813
1748975132159,-6.1505598449707035,-3.1618748474121094,7.823930053710938
1748975132227,-5.828429718017579,-2.6575735473632816,7.135811004638672
1748975132293,-4.659061431884766,-1.8678158569335939,6.98148193359375
1748975132359,-5.52815414428711,-2.645299072265625,7.785010986328126
1748975132426,-5.73128173828125,-1.9916084289550782,7.548053741455078
1748975132493,-5.660778350830078,-1.9854711914062502,7.801925811767578
1748975132564,-5.094954986572266,-1.3930032348632813,8.144114227294923
1748975132626,-5.398224334716797,-2.9291088867187502,8.192763061523438
1748975132693,-5.108277282714844,-2.1082159423828126,7.538174285888672
1748975132763,-4.717889099121094,-2.947819976806641,8.146209869384766
1748975132826,-4.700824584960937,-3.063978424072266,7.749684448242188
1748975132893,-4.930447082519532,-3.006947021484375,7.837551727294922
1748975132961,-4.3031016540527345,-2.822380828857422,8.201445007324219
1748975133026,-4.365072784423829,-2.6206004333496096,8.53824462890625
1748975133093,-3.9498362731933594,-2.072440338134766,8.362360382080078
1748975133164,-3.8884638977050785,-1.689686279296875,8.855135650634766
1748975133227,-3.8511914062500003,-1.6590000915527345,8.712033233642579
1748975133293,-4.098626861572265,-1.5813116455078127,9.091494140625
1748975133364,-3.8827757263183598,-0.6369255065917969,9.00766845703125
1748975133426,-3.7163218688964847,-1.3130694580078126,8.756490783691406
1748975133493,-3.869902496337891,-1.8522482299804688,8.702602844238282
1748975133563,-3.689677276611328,-1.733844451904297,8.286617889404297
1748975133626,-2.881358184814453,-1.9621197509765627,9.379495239257812
1748975133694,-2.1342617797851564,-2.146835632324219,9.47364944458008
1748975133759,-3.3587155151367187,-1.1467652893066407,9.64474365234375
1748975133827,-3.9002893066406252,0.3818559265136719,9.479337615966797
1748975133894,-3.3376094055175782,1.0077044677734375,9.585915985107423
1748975133960,-4.067641296386719,0.961600341796875,9.695338439941407
1748975134026,-2.5944049072265627,1.368753662109375,8.07750274658203
1748975134094,-3.5043626403808594,1.8206639099121094,8.08932815551758
1748975134162,-3.2121702575683595,2.9424311828613283,9.117689666748047
1748975134226,-2.6324258422851563,2.2073098754882814,10.467432861328126
1748975134293,-1.9833755493164062,2.3031106567382813,13.766721954345703
1748975134362,-1.970951385498047,1.2620256042480469,9.138197021484375
1748975134426,-2.2948777770996096,3.033142547607422,8.834628295898439
1748975134493,-2.0975880432128906,2.4315435791015627,9.072034606933594
1748975134562,-2.0637583923339844,2.719095611572266,9.354197845458986
1748975134626,-3.0687684631347656,3.2656091308593753,8.006250915527344
1748975134693,-1.6676820373535157,3.6229161071777347,7.681127014160157
1748975134762,-1.274000701904297,4.6060716247558595,7.259753265380859
1748975134827,-1.948348388671875,4.678520965576172,7.0715945434570315
1748975134893,-2.245330810546875,4.827461242675781,7.349865875244141
1748975134960,-2.8419900512695313,5.312003631591797,6.997947692871094
1748975135026,-3.586242370605469,4.091741180419922,7.604037322998047
1748975135094,-4.130959625244141,3.619772644042969,7.892487487792969
1748975135160,-4.788242797851563,3.0892758178710937,8.003406829833985
1748975135226,-5.179828491210937,2.531835021972656,8.458161163330079
1748975135293,-4.882397003173828,2.4833358764648437,8.775950317382813
1748975135363,-5.563031616210938,2.5466542053222656,9.021140441894532
1748975135426,-4.4405158996582035,3.430715789794922,10.606793060302735
1748975135494,-4.8174320983886725,2.871778106689453,8.360414428710937
1748975135563,-4.181105346679688,1.8449134826660156,7.187603302001953
1748975135626,-3.7570372009277344,1.5447875976562502,7.620652770996094
1748975135694,-4.476441192626953,1.7887802124023438,8.422684936523439
1748975135764,-5.048401794433594,1.952839050292969,8.5693798828125
1748975135826,-4.74019271850586,3.879482574462891,8.500972137451173
1748975135893,-5.658982086181641,3.46080322265625,6.868616638183594
1748975135964,-5.496719512939453,1.9426602172851564,7.071744232177735
1748975136027,-5.662424926757812,1.8215620422363281,5.670508117675782
1748975136094,-5.512137451171875,0.8523275756835937,6.541546783447266
1748975136164,-6.372697906494141,2.173480224609375,7.916437683105469
1748975136226,-6.483168182373047,2.85486328125,6.202052764892579
1748975136294,-8.450676727294923,2.3728656005859374,6.1276574707031255
1748975136363,-12.915292510986328,2.079924774169922,6.974147186279297
1748975136426,-6.868017883300782,6.495143280029297,8.250093841552735
1748975136493,-2.70158203125,2.4694148254394532,7.599995727539063
1748975136563,-2.6937982177734376,0.042361907958984375,7.024143218994141
1748975136627,-3.90627685546875,0.6743476867675782,9.329798583984376
1748975136694,-13.647869110107422,-6.707401885986329,3.410058746337891
1748975136763,-6.284531250000001,0.18636245727539064,17.8716357421875
1748975136826,-3.1451097106933594,1.3263917541503907,10.482401733398438
1748975136894,-1.2579840087890626,0.13262420654296875,9.032217407226563
1748975136969,-1.703906707763672,2.2561083984375,11.257489929199219
1748975137027,-3.034340057373047,2.160008239746094,10.752440185546876
1748975137093,-1.1581416320800781,2.0037332153320313,9.307345275878907
1748975137159,-1.4362632751464846,1.85614013671875,10.074949035644531
1748975137227,-4.065994720458985,0.6695576477050782,8.716673583984376
1748975137294,-3.078498229980469,5.321284332275391,12.296179962158204
1748975137359,-0.9710307312011719,-1.570983123779297,10.446925506591798
1748975137426,2.6994863891601564,1.2217593383789063,5.094505920410157
1748975137493,3.7184175109863284,2.9261151123046876,6.52448226928711
1748975137563,1.52083740234375,1.53041748046875,6.312073974609375
1748975137626,0.3591032409667969,2.588866424560547,7.163353729248048
1748975137694,-0.13846206665039062,2.993624725341797,8.294102325439454
1748975137763,-0.6294410705566407,4.3912683105468755,9.255403289794922
1748975137826,-1.0205776977539063,3.841461639404297,8.595575408935547
1748975137894,-0.2555186462402344,3.3226405334472657,8.18662582397461
1748975137960,-0.1251397705078125,4.095333709716797,8.13483352661133
1748975138027,-0.3806584167480469,3.631897430419922,9.30270492553711
1748975138094,-0.013022918701171875,3.553011474609375,9.04598876953125
1748975138163,0.26614654541015625,3.306174774169922,9.435628509521484
1748975138226,0.47062133789062505,3.7089871215820316,8.543783111572266
1748975138294,0.5414241027832032,3.034340057373047,9.435778198242188
1748975138363,0.8003855895996094,3.451073455810547,8.97847915649414
1748975138426,1.050216064453125,2.5533901977539064,8.92189682006836
1748975138494,1.2353810119628907,2.702330474853516,8.64931365966797
1748975138563,1.4814692687988282,3.258274383544922,8.521778869628907
1748975138626,1.0508148193359375,2.319127349853516,9.367220764160157
1748975138693,1.4513818359375001,3.128943328857422,8.032895507812501
1748975138762,1.6718733215332031,3.0599368286132815,5.54731430053711
1748975138826,0.47196853637695313,2.6105712890625,5.611381072998047
1748975138894,-3.0493089294433595,2.1538710021972656,9.023685150146484
1748975138960,-6.008505249023438,2.992277526855469,8.852890319824219
1748975139027,-7.856711883544922,3.5284625244140626,8.283773803710938
1748975139094,-7.363038482666016,0.8408015441894532,9.350305938720703
1748975139162,-6.970404968261719,2.6584716796875,7.128326568603516
1748975139227,-4.2200244140625,3.2856674194335938,7.569608917236328
1748975139294,-5.059029693603516,2.937341766357422,7.460336151123047
1748975139359,-6.054459686279297,2.318528594970703,9.902657318115235
1748975139426,-5.282215576171875,2.259700927734375,9.848919067382813
1748975139494,-5.336253204345703,1.772164764404297,9.975106658935548
1748975139562,-4.4192601013183594,2.588417358398438,8.909622344970703
1748975139627,-3.872297515869141,1.9136206054687501,8.005203094482422
1748975139694,-4.357139282226563,2.099983062744141,7.175628204345704
1748975139762,-5.401517486572266,2.5499473571777345,7.244335327148438
1748975139827,-5.69101547241211,2.6423052978515624,8.449329528808594
1748975139894,-5.788313140869141,2.8632458496093753,7.283553771972657
1748975139960,-5.678740997314454,2.6685008239746093,7.037615203857422
1748975140027,-5.658383331298828,2.526595916748047,8.366551666259767
1748975140094,-5.084476776123047,1.3094769287109376,7.65493148803711
1748975140162,-4.7627957153320315,1.572180633544922,7.697443084716797
1748975140227,-4.288282470703125,1.4917977905273438,8.617879028320313
1748975140294,-4.770729217529297,0.8906478881835938,9.896220703125001
1748975140363,-4.528682556152344,1.1273057556152344,8.130941619873047
1748975140426,-4.295467529296875,1.0797047424316406,9.555978240966798
1748975140494,-3.0912217712402343,-0.9569599914550782,8.856333160400391
1748975140563,-3.672762451171875,-2.7319688415527343,8.959019622802735
1748975140627,-3.323239288330078,-2.192790069580078,10.047256622314453
1748975140694,-2.497705993652344,-1.4684463500976563,10.768606567382813
1748975140763,-2.864593048095703,-1.3647120666503907,10.650801544189454
1748975140827,-1.5708334350585937,-0.3357518005371094,8.761280822753907
1748975140894,-1.2403207397460938,-0.7503895568847657,9.763596496582032
1748975140961,-2.093097381591797,-1.5516732788085938,9.35928726196289
1748975141027,-1.964814147949219,-1.2172686767578125,8.982670440673829
1748975141094,-1.1217672729492187,-0.8264314270019532,9.181756439208986
1748975141163,-2.215243377685547,-2.5897645568847656,10.096953277587891
1748975141226,-2.4959097290039063,-2.2370979309082033,9.732311553955078
1748975141294,-2.3204745483398437,-2.928061065673828,9.124126281738281
1748975141363,-2.5599765014648437,-4.007017364501953,8.829089813232422
1748975141426,-3.0434710693359377,-4.022285614013672,8.634494476318359
1748975141494,-2.587818603515625,-3.144061889648438,7.92796371459961
1748975141562,-2.7405010986328127,-3.7579353332519534,8.698411560058593
1748975141627,-3.2446527099609375,-3.783532104492188,9.563612365722657
1748975141694,-3.1545401000976563,-3.0434710693359377,9.366172943115235
1748975141763,-2.6927503967285156,-2.937491455078125,8.964258728027344
1748975141827,-2.894979858398438,-3.510649566650391,8.081244964599609
1748975141894,-4.818779296875,-2.222278747558594,8.661288757324218
1748975141970,-0.9874964904785156,-4.545896759033203,11.01274887084961
1748975142027,-2.0916004943847657,-3.476370849609375,7.4429722595214844
1748975142094,-2.8804600524902346,-3.9520816040039066,6.516249389648438
1748975142160,-3.738475799560547,-3.8249958801269535,7.757767639160156
1748975142227,-4.530179443359375,-2.596051483154297,9.685159606933594
1748975142294,-3.610042877197266,-3.088227996826172,10.77324691772461
1748975142360,-3.2254925537109376,-3.5549574279785157,8.544381866455078
1748975142426,-2.654579772949219,-4.122427368164063,6.4199995422363285
1748975142494,-1.1213182067871095,-4.450095977783203,7.699838104248047
1748975142563,-1.1666738891601562,-4.247866516113281,11.317964172363283
1748975142626,-1.3659095764160156,-5.4883369445800785,9.009165344238282
1748975142694,-1.0575508117675783,-3.9178028869628907,6.962920532226563
1748975142763,-1.7283059692382814,-3.1584320068359375,7.806266784667969
1748975142827,-2.3435266113281252,-3.746409301757813,8.674611053466798
1748975142894,-2.5295896911621094,-3.224744110107422,9.581874389648439
1748975142959,-1.943408660888672,-3.1296917724609377,9.533973999023438
1748975143027,1.7929714965820314,-2.2408401489257814,12.111613769531251
1748975143094,-1.12326416015625,-2.3150857543945316,8.898994445800781
1748975143163,-2.0267852783203124,-3.2418086242675783,8.488997039794922
1748975143227,-2.0974383544921875,-3.8384678649902346,9.560319213867189
1748975143294,-1.473984832763672,-3.8456529235839847,7.226222991943359
1748975143363,-2.8865972900390626,-5.3634965515136726,10.62280975341797
1748975143426,-2.405946807861328,-2.8629464721679687,8.666827239990235
1748975143494,-1.1440708923339844,-3.110830993652344,8.525371398925781
1748975143562,-2.18186279296875,-2.617606658935547,8.562943267822266
1748975143627,-2.2112017822265626,-2.5393194580078124,9.674681396484376
1748975143694,-1.4932946777343752,-1.0535092163085937,10.703941040039062
1748975143762,-1.4467414855957033,-0.06301895141601563,10.057734832763673
1748975143827,-2.4372317504882814,-1.5681390380859377,9.949958953857422
1748975143894,-1.25738525390625,0.18711090087890625,9.60013641357422
1748975143960,-1.9499949645996095,-0.9776170349121094,13.742771759033204
1748975144027,-0.04879852294921875,0.2712359619140625,9.634415130615235
1748975144094,-0.9415420532226563,-1.9080821228027345,9.679022369384766
1748975144162,-1.232237548828125,-0.7430548095703126,9.178014221191408
1748975144227,-0.5200186157226563,-0.8738827514648438,8.022716674804688
1748975144294,-0.6951544189453125,-0.20941452026367188,8.180488586425781
1748975144362,-0.17917739868164062,0.5846841430664063,8.624315643310547
1748975144426,-0.10912307739257814,1.3392649841308595,8.425978088378907
1748975144494,0.31180160522460937,2.767594757080078,6.768175506591797
1748975144561,-0.012424163818359375,2.477647705078125,5.754483489990235
1748975144627,-0.22498214721679688,1.8294955444335939,8.195906524658204
1748975144694,-0.5730084228515625,2.86683837890625,8.803043975830079
1748975144762,-1.384021911621094,1.533710632324219,8.80933090209961
1748975144827,-0.24264541625976563,0.7327262878417969,11.347452850341798
1748975144894,-2.2004241943359375,-0.7815248107910157,14.35050796508789
1748975144960,-3.527265014648438,3.7806880187988283,12.493619384765626
1748975145027,-0.6487509155273438,5.989195404052735,12.935650177001953
1748975145094,-0.16420852661132812,3.3882041931152345,8.808432769775392
1748975145162,-1.1922706604003908,2.072440338134766,4.359085235595703
1748975145227,-1.1053015136718751,2.1260289001464843,4.817282409667969
1748975145294,-1.287322998046875,2.0513342285156253,5.2099159240722654
1748975145362,-0.22528152465820314,2.3764581298828125,5.748046875
1748975145426,-0.47675857543945316,2.066452789306641,5.8070242309570315
1748975145494,2.2074595642089845,0.34667907714843754,13.048216094970703
1748975145563,0.7165599060058594,-3.090473327636719,18.478174438476564
1748975145627,1.268162841796875,2.0697459411621093,13.302686920166016
1748975145694,-2.2312600708007815,1.3350736999511719,11.66853515625
1748975145763,-2.5629702758789064,1.5657440185546876,7.123985595703125
1748975145827,-2.0353175354003907,1.605561218261719,5.409450988769532
1748975145894,-2.2411395263671876,1.853595428466797,1.4215937805175782
1748975145961,-3.906127166748047,3.941753082275391,9.712552642822265
1748975146027,-3.0219158935546875,-0.2731819152832031,10.283016357421875
1748975146094,-0.5830375671386719,1.359173583984375,7.486980743408203
1748975146163,-0.5809419250488281,1.0815010070800781,10.490335235595703
1748975146227,-3.599265289306641,-8.408314819335938,21.762794036865234
1748975146294,-2.908451843261719,-2.3727159118652343,10.866353302001954
1748975146363,-3.147355041503906,4.118984527587891,12.080628204345704
1748975146426,-1.8818865966796876,3.8681062316894534,7.148235168457032
1748975146493,-1.663191375732422,0.9339079284667969,5.116510162353516
1748975146563,0.5598358154296875,2.9466224670410157,6.369554443359375
1748975146627,-1.517095184326172,-2.2972727966308595,6.875951385498047
1748975146694,-0.9945318603515626,-3.2349229431152344,9.261839904785157
1748975146759,-3.4241294860839844,-2.4385789489746097,20.360210723876953
1748975146827,-0.9324110412597657,-6.775061187744141,20.250488891601563
1748975146894,-2.3346949768066407,-6.397246856689454,3.5410363769531252
1748975146971,-1.2280462646484376,0.05837860107421875,4.206702117919922
1748975147027,-0.3740721130371094,0.037571868896484374,3.3488360595703126
1748975147094,-1.5278727722167968,-4.19652328491211,9.370663604736329
1748975147160,-4.6695396423339846,-0.8461903381347656,8.67041976928711
1748975147227,-2.199526062011719,1.1276051330566408,11.161988525390626
1748975147294,-1.9550843811035157,0.31868728637695315,9.948312377929687
1748975147360,-3.753145294189453,-5.040617980957031,13.569132843017579
1748975147427,-3.0982571411132813,-3.706143035888672,10.949280853271485
1748975147494,-1.6094531250000002,-3.8708006286621095,8.876690826416016
1748975147564,-2.2695803833007813,-5.227279815673828,7.7513310241699225
1748975147627,-2.4968078613281253,-4.505480804443359,6.523584136962891
1748975147694,-2.1764739990234374,-3.8546342468261723,6.831643524169922
1748975147761,-3.736829223632813,-3.3209939575195313,8.549471282958985
1748975147827,-4.3858795166015625,-1.1395802307128906,9.374106445312501
1748975147894,-5.931864624023437,-1.3671070861816408,8.17225570678711
1748975147961,-2.7141558837890627,-3.409160614013672,10.12509475708008
1748975148027,-0.19160156250000002,-3.2566278076171877,8.007747802734375
1748975148094,-0.5077441406250001,-3.063080291748047,6.991062011718751
1748975148160,-5.559738464355469,-7.691904602050782,14.765145721435548
1748975148227,-1.9946022033691406,-2.3707699584960937,10.885363769531251
1748975148294,0.18561401367187502,-3.885769500732422,7.732320556640626
1748975148364,-1.1217672729492187,-6.906936950683594,8.345445556640625
1748975148427,1.3775852966308595,-3.100652160644531,9.303752746582031
1748975148494,1.2463082885742187,-3.2386651611328126,7.656877441406251
1748975148560,-0.40625518798828125,-1.7895286560058594,7.296576690673828
1748975148627,-1.447789306640625,-0.7955955505371094,7.9179345703125
1748975148694,-2.5547373962402347,0.9443861389160156,7.367978210449219
1748975148761,-3.642974395751953,-0.0520916748046875,12.06655746459961
1748975148827,-4.971761169433594,1.330433349609375,11.418405303955078
1748975148894,-1.992506561279297,-0.04924758911132813,11.102711791992188
1748975148960,-2.1341120910644533,-2.477498016357422,10.699600067138672
1748975149027,-2.476150817871094,-2.136357421875,9.206155700683594
1748975149094,-2.7140061950683596,-1.5269746398925783,8.506809997558594
1748975149159,-3.1260992431640626,-0.6933581542968751,8.64841552734375
1748975149227,-2.0926483154296878,0.40191421508789066,9.663754119873047
1748975149294,-1.9535874938964846,1.3886622619628908,9.830956420898438
1748975149363,-1.8312918090820314,1.332678680419922,11.0985205078125
1748975149426,-2.8392956542968752,2.006427612304688,9.83290237426758
1748975149494,-3.376827850341797,0.7949967956542969,8.776100006103515
1748975149563,-3.3482373046875002,0.31689102172851563,9.937834167480469
1748975149627,-4.343218231201172,0.8135581970214845,9.385632476806641
1748975149694,-6.505621490478516,0.5279521179199219,10.71576644897461
1748975149763,-4.729714508056641,0.17199234008789063,10.538984069824219
1748975149827,-5.982309722900391,-1.8467097473144531,10.741363220214843
1748975149894,-4.718936920166016,-1.4379098510742188,10.101593627929688
1748975149961,-6.128256225585938,-0.34398468017578127,7.395371246337891
1748975150027,-4.054169311523438,2.8827053833007814,6.0165884399414065
1748975150094,-5.689368896484376,2.9388386535644533,4.950954437255859
1748975150164,-7.039561157226563,1.721719665527344,2.3311024475097657
1748975150227,-7.778724060058594,1.48730712890625,3.6182757568359376
1748975150294,-9.995913391113282,0.04026626586914063,1.5380516052246094
1748975150363,-9.554930419921876,0.4662803649902344,0.8376580810546875
1748975150426,-9.609566802978517,0.7637118530273438,0.25192611694335937
1748975150494,-11.92854446411133,-0.159268798828125,0.10882369995117189
1748975150564,-7.592361602783203,-0.520916748046875,0.9943821716308594
1748975150627,-9.245523834228516,0.5510041809082031,4.7328579711914065
1748975150694,-10.727292480468751,-0.6066883850097656,3.287313995361328
1748975150764,-8.05879165649414,1.0900332641601562,3.3486863708496095
1748975150827,-11.003767547607422,0.04026626586914063,4.7063630676269534
1748975150894,-9.037007446289063,2.5270449829101564,7.816146240234375
1748975150961,-4.775519256591797,-0.22962249755859376,6.931785278320313
1748975151027,-7.735164642333984,-0.9898915100097657,9.512418823242188
1748975151094,-4.183650054931641,2.745590515136719,6.027066650390625
1748975151164,-5.714965667724609,2.954406280517578,5.536985778808594
1748975151227,-6.946305084228516,1.8610798645019533,7.434140625
1748975151294,-3.5736685180664063,1.0575508117675783,7.464377746582032
1748975151364,-2.7135571289062503,0.531544647216797,8.78538070678711
1748975151426,-2.029928741455078,1.0786569213867188,8.669970703125001
1748975151494,-0.017663269042968752,1.81302978515625,7.200925598144532
1748975151564,-1.1886781311035157,3.3919464111328126,7.558382263183594
1748975151627,-2.8797116088867187,3.4783168029785156,8.372239837646484
1748975151694,-2.808010711669922,3.303929443359375,8.878038024902343
1748975151764,-1.919608154296875,2.9494665527343753,10.77519287109375
1748975151827,-1.4302757263183594,3.0624815368652345,10.531200256347656
1748975151894,0.07978408813476563,1.7839901733398438,9.759854278564454
1748975151968,-0.16166381835937502,1.5000306701660158,9.478439483642578
1748975152027,0.2329156494140625,1.964963836669922,9.248966674804688
1748975152094,-0.24938140869140626,2.628683624267578,7.521409149169922
1748975152160,-1.2858261108398439,2.9430299377441407,8.94734390258789
1748975152227,-0.2854563903808594,2.8059150695800783,8.697363739013673
1748975152294,0.6649172973632813,3.4872981262207032,9.392069091796875
1748975152361,1.1819421386718751,3.680695953369141,9.108558654785156
1748975152426,0.9551637268066406,3.986360321044922,9.32186508178711
1748975152494,1.8788928222656252,3.260370025634766,9.415420532226562
1748975152564,2.034419403076172,3.2947984313964844,9.996512145996094
1748975152627,1.6119978332519531,3.3623080444335938,9.10825927734375
1748975152694,3.3087194824218753,1.8815872192382814,9.051078186035157
1748975152764,3.061433715820313,2.1942869567871095,8.33317108154297
1748975152827,3.7426670837402347,1.8012043762207033,8.745413818359376
1748975152894,3.8836738586425783,1.5301181030273439,9.67438201904297
1748975152961,3.3078213500976563,1.8532960510253906,9.670639801025391
1748975153027,4.160897369384766,2.1180953979492188,7.916737060546875
1748975153094,3.6444712829589845,2.42615478515625,7.895181884765625
1748975153164,3.6432737731933598,2.418820037841797,9.385333099365235
1748975153227,4.145928497314453,2.348017272949219,9.20256317138672
1748975153294,4.252357177734376,2.2782623291015627,10.235115966796876
1748975153364,2.6779312133789066,2.703827362060547,10.388846282958985
1748975153426,2.564766540527344,1.7272581481933595,10.226583709716797
1748975153494,1.6134947204589845,1.1784992980957032,10.008038177490235
1748975153564,-0.11406280517578125,2.0782781982421876,8.807235260009765
1748975153627,-0.15163467407226563,2.18665283203125,9.023685150146484
1748975153694,0.5084925842285156,2.352058868408203,8.73179214477539
1748975153760,-0.2076182556152344,2.033521270751953,9.486522674560547
1748975153827,-0.21106109619140626,2.3213726806640627,10.476563873291017
1748975153894,0.199984130859375,2.401755523681641,9.470505981445314
1748975153960,1.0112969970703125,1.7173786926269532,7.689509582519531
1748975154027,0.36284545898437504,2.722987518310547,8.397836608886719
1748975154094,2.012864227294922,1.4756314086914064,9.726324005126953
1748975154163,1.0753637695312501,2.9032127380371096,9.977351989746094
1748975154227,1.6962725830078127,1.5558645629882812,9.193731536865235
1748975154294,1.1404783630371094,1.6277151489257813,9.084159393310546
1748975154363,0.7445516967773438,0.7912545776367188,9.892029418945313
1748975154427,1.370998992919922,0.20252883911132813,9.380093994140626
1748975154494,0.37122802734375004,0.16046630859375,9.75536361694336
1748975154563,0.5131329345703125,-0.5770500183105469,9.890382843017578
1748975154627,0.47990203857421876,-0.3644920349121094,10.565628662109376
1748975154694,-0.22722747802734375,-1.216520233154297,9.977501678466798
1748975154763,-0.8607101440429688,-1.0192304992675782,8.158184967041016
1748975154827,-1.4757810974121095,0.6248007202148438,9.6902490234375
1748975154894,-1.3442047119140625,-0.17004638671875,10.442135467529297
1748975154961,-2.1698876953125,2.1165985107421874,9.250164184570313
1748975155027,-1.8660195922851563,2.881956939697266,8.417296142578126
1748975155094,-1.9751426696777346,2.7994784545898437,8.394393768310547
1748975155161,-1.4992822265625,2.804418182373047,9.323661346435548
1748975155227,-1.4429992675781251,2.7358607482910156,9.054820404052736
1748975155294,-1.4263838195800782,2.2673350524902345,9.507479095458985
1748975155363,-1.0618917846679687,2.1878503417968753,9.652377777099609
1748975155426,-0.5034031677246094,0.6664141845703125,9.960736541748048
1748975155494,-0.02155517578125,1.0794053649902344,9.32336196899414
1748975155564,-0.202379150390625,0.3585044860839844,9.510023803710938
1748975155627,-0.3209326171875,0.53887939453125,9.350755004882814
1748975155694,-0.6367758178710938,0.48873367309570315,9.586514739990236
1748975155764,-1.1030561828613281,0.6295907592773438,9.668843536376954
1748975155827,-1.2591815185546875,0.9732760620117188,9.040001220703125
1748975155894,-1.3564791870117188,0.7261399841308595,10.198741607666015
1748975155960,-1.701661376953125,2.095941467285156,9.390572204589844
1748975156060,-1.5331118774414063,1.0421328735351563,10.374176788330079
1748975156094,-1.8485060119628907,0.681233367919922,10.095306701660157
1748975156160,-1.88009033203125,1.6217276000976564,10.524464263916016
1748975156227,-2.2841001892089845,0.2082170104980469,10.532098388671876
1748975156294,-1.6814533996582033,0.5631289672851563,8.329728240966798
1748975156362,-1.7324972534179688,1.4865586853027344,8.47163314819336
1748975156426,-1.8607804870605469,0.2709365844726563,9.37979461669922
1748975156494,-1.8256036376953126,1.2284953308105468,8.870403900146485
1748975156564,-1.7757572937011719,1.432071990966797,9.234746246337892
1748975156627,-2.302511901855469,1.7040563964843751,9.155111846923829
1748975156694,-1.901346130371094,1.6212785339355469,8.950337677001954
1748975156764,-3.3320709228515626,2.7237359619140626,8.898844757080079
1748975156827,-3.410657501220703,3.057990875244141,8.922345886230469
1748975156894,-3.014730834960938,4.315974884033204,8.998238067626954
1748975156974,-2.555336151123047,5.260211334228516,8.895850982666015
1748975157027,-3.647465057373047,4.662803649902344,4.582720184326172
1748975157094,-2.7858567810058594,3.7520974731445316,8.710386657714844
1748975157160,-0.6465055847167969,1.2079879760742187,9.138496398925781
1748975157227,-1.107696533203125,2.073039093017578,7.0714448547363284
1748975157294,-2.175875244140625,3.9402561950683594,7.77468246459961
1748975157364,-1.3135185241699219,3.552712097167969,6.692732391357422
1748975157427,-0.5415737915039063,2.73750732421875,8.442743225097656
1748975157494,2.8663893127441407,0.8312214660644531,16.404087524414063
1748975157564,0.8954379272460938,2.4795936584472655,7.898025970458985
1748975157627,1.3000465393066407,-1.5762222290039063,8.825048217773437
1748975157693,-3.9170544433593752,3.679797821044922,16.220269775390626
1748975157764,-3.441493377685547,4.123325500488281,9.049730987548829
1748975157827,-6.052214355468751,2.165995788574219,10.201436004638673
1748975157894,-5.0621731567382815,2.977158966064453,10.692864074707032
1748975157961,-3.6582426452636723,5.589376831054688,12.177925872802735
1748975158027,-2.5786875915527343,3.1546897888183594,11.409124603271485
1748975158094,-3.9499859619140625,2.8333081054687503,10.414293365478516
1748975158164,-0.7382647705078126,1.3018428039550782,7.5205110168457034
1748975158227,1.6540603637695312,2.985242156982422,5.7097265625
1748975158294,1.9011964416503908,3.5965708923339847,5.511538696289063
1748975158364,2.1639001464843752,7.24298812866211,2.901416473388672
1748975158427,0.7134164428710937,5.742658081054688,5.47306869506836
1748975158494,0.5782475280761719,6.831643524169922,4.137246551513672
1748975158564,0.6444099426269532,7.871231689453126,4.315525817871094
1748975158627,0.9852511596679688,8.012687530517578,4.0188427734375
1748975158694,0.6363267517089845,8.848699035644533,4.2396336364746094
1748975158765,0.9068142700195313,8.920848999023438,3.587290191650391
1748975158827,0.4390370178222657,9.253607025146485,4.338128814697265
1748975158894,0.7514373779296876,9.633816375732422,4.064048767089844
1748975158961,0.1669029235839844,10.303673400878907,4.517156524658203
1748975159027,0.09565109252929688,8.752898254394532,5.641019439697266
1748975159094,-0.35685791015625,8.092770996093751,4.104015655517578
1748975159163,-0.48289581298828127,8.587192840576172,3.639082489013672
1748975159227,-0.5893244934082031,8.00655029296875,4.689597930908203
1748975159294,-0.5984555053710938,7.962990875244141,3.606600036621094
1748975159363,-0.46059219360351566,8.357420654296876,4.3733056640625
1748975159427,-0.8402027893066407,8.485703887939454,3.9496865844726563
1748975159494,-1.2493020629882814,8.759933624267578,3.737128601074219
1748975159560,-1.899100799560547,9.532477111816407,4.172573089599609
1748975159627,-1.2284953308105468,9.191486206054687,4.741090850830078
1748975159694,-0.69216064453125,9.524842987060547,4.705614624023438
1748975159763,-1.2002041625976563,6.923402709960937,1.5814613342285158
1748975159827,-0.3737727355957031,10.028994598388673,10.219847717285157
1748975159894,0.6415658569335938,7.64729736328125,4.475992126464844
1748975159961,-0.17393829345703127,5.9004299926757815,4.194876708984375
1748975160027,-4.4264451599121095,4.789889373779297,2.768642578125
1748975160094,-4.231849822998047,8.513396301269532,5.763764190673829
1748975160163,-4.487069091796875,6.764882354736328,5.70538558959961
1748975160227,-4.596641235351563,4.75890380859375,4.852159881591797
1748975160294,-4.020339660644532,6.816824340820313,1.0572514343261719
1748975160363,-3.883524169921875,5.866151275634766,6.452931060791016
1748975160429,-8.303832092285157,7.884404296875,5.060376892089844
1748975160494,-5.1377659606933594,4.142635345458984,2.572101287841797
1748975160564,-5.3756213378906255,5.828429718017579,6.089037780761719
1748975160627,-5.917644195556641,6.570436706542969,1.6923806762695313
1748975160694,-8.823551330566406,5.31499740600586,3.4124537658691407
1748975160765,-8.756490783691406,4.783153381347656,6.4426025390625
1748975160827,-7.774832153320313,5.576054534912109,5.6345828247070315
1748975160894,-6.822213134765625,5.027894439697266,5.474116516113281
1748975160962,-5.949827270507813,5.115312652587891,4.683311004638672
1748975161027,-6.082451477050782,4.9900231933593755,5.016967163085938
1748975161094,-6.785988464355469,5.286706237792969,4.883145446777344
1748975161164,-6.6877926635742195,5.723946990966797,6.166726226806641
1748975161227,-4.328399047851563,2.641556854248047,7.529791717529298
1748975161294,-4.889731750488282,3.516786804199219,6.465953979492188
1748975161365,-4.417164459228516,1.5365547180175783,10.594219207763672
1748975161426,-3.7880227661132815,0.259859619140625,11.296109619140626
1748975161494,-3.154390411376953,0.809366912841797,9.104966125488282
1748975161564,-2.62733642578125,0.8553213500976563,8.718769226074219
1748975161627,-2.4375311279296876,0.7556286621093751,8.430618438720703
1748975161694,-2.4201672363281252,1.098116455078125,10.027198333740236
1748975161765,-2.9151878356933594,1.312470703125,10.245594177246094
1748975161827,-1.706451416015625,2.5545877075195316,11.283685455322265
1748975161894,-2.7379563903808597,1.5046710205078127,11.598780212402344
1748975161968,-4.024381256103516,0.10388397216796875,13.324840850830078
1748975162027,-3.6589910888671877,1.4712904357910157,10.779982910156251
1748975162094,-3.8980439758300784,-0.9213340759277344,8.109386444091797
1748975162160,-2.970572662353516,-2.1880000305175784,7.872578887939453
1748975162227,-2.5225543212890624,-0.6803352355957032,8.463100891113282
1748975162294,-2.902613983154297,-0.4890330505371094,7.601791992187501
1748975162364,-2.948119354248047,0.10328521728515626,7.96149398803711
1748975162427,-1.2879217529296876,1.513502655029297,9.862540740966798
1748975162494,-2.8157945251464844,1.645228729248047,7.118746490478516
1748975162564,-3.3787738037109376,1.7152830505371095,8.206085357666016
1748975162627,-3.50630859375,0.46478347778320317,10.452014923095703
1748975162694,-4.0249800109863285,-0.4243675231933594,13.321248321533204
1748975162764,1.0419831848144532,2.994522857666016,12.144694976806642
1748975162827,-3.7354820251464846,0.008232879638671876,10.061027984619141
1748975162894,-2.067949676513672,1.102906494140625,8.858578491210938
1748975162961,-2.3974145507812503,-0.6677613830566407,7.392676849365235
1748975163027,-1.6878900146484377,-0.3138972473144531,6.949149169921875
1748975163094,-0.42152343750000004,0.4836442565917969,7.305707702636719
1748975163164,-0.6713539123535157,0.8297245788574219,11.167826385498048
1748975163227,-4.0478823852539065,2.173480224609375,10.720855865478516
1748975163294,-6.283034362792969,1.7919236755371095,10.308463439941407
1748975163364,-3.6616854858398438,5.405110015869141,9.907597045898438
1748975163427,-3.5991156005859377,1.1738589477539063,6.551126861572266
1748975163494,-3.913012847900391,0.13576766967773438,8.044720916748048
1748975163564,-4.436174926757813,2.126627655029297,8.006699981689454
1748975163627,-3.703298950195313,0.06915618896484375,10.645562438964845
1748975163694,-4.1921823120117185,0.5427713012695313,9.431287536621094
1748975163764,-3.911815338134766,-1.1487112426757813,10.900931396484376
1748975163827,-3.519630889892578,-1.0325527954101563,10.336604919433594
1748975163894,-3.6494110107421878,-0.9919871520996094,9.990674285888673
1748975163961,-3.7122802734375,-1.2015513610839845,11.956685943603516
1748975164027,-2.791245574951172,2.6764343261718753,6.608906707763672
1748975164094,-2.3318508911132816,0.6120771789550782,11.591146087646486
1748975164163,-2.691852264404297,-1.1216175842285157,7.7671980285644535
1748975164227,-3.160827026367188,-1.3395643615722657,6.8602340698242195
1748975164294,-3.7482055664062504,-4.799918518066407,7.716154174804688
1748975164363,-2.3309527587890626,-4.336182861328125,5.00843490600586
1748975164427,-1.1070977783203126,-0.118553466796875,8.04337371826172
1748975164494,-1.609303436279297,-0.12528945922851564,11.489507446289062
1748975164563,-3.80568603515625,-0.6068380737304688,11.754157104492188
1748975164627,-2.908302154541016,0.2721340942382813,11.851305084228516
1748975164694,-3.9639070129394534,5.074297943115234,9.369166717529298
1748975164763,-3.895499267578125,2.8883935546875,6.037395172119141
1748975164827,-3.084336090087891,1.187779998779297,9.43682601928711
1748975164894,-1.5238311767578125,2.036065979003906,10.126891021728516
1748975164960,-1.6040643310546876,0.6089337158203125,9.075776824951172
1748975165027,-1.6146922302246094,0.0101788330078125,9.39371566772461
1748975165094,-2.3716680908203127,0.4263134765625,7.306007080078126
1748975165161,-2.7466383361816407,-0.9854008483886719,9.736502838134767
1748975165227,-2.751578063964844,-1.2889695739746094,9.686806182861329
1748975165294,-3.0014085388183593,-1.0150392150878906,11.98752182006836
1748975165360,-3.753744049072266,0.6999444580078126,9.993518371582033
1748975165427,-2.5734484863281253,1.7925224304199219,7.254813537597657
1748975165494,-2.9298573303222657,-1.6218772888183595,12.412039031982422
1748975165560,-3.164718933105469,-1.2852273559570313,7.301815795898438
1748975165627,-2.246228942871094,-1.2265493774414062,6.533912658691406
1748975165694,-1.809437255859375,-2.126178588867188,7.8763211059570315
1748975165765,-1.4048286437988282,-1.5247293090820313,8.106692047119141
1748975165827,-2.0016375732421876,-1.2418176269531251,9.78560073852539
1748975165894,-2.3511607360839846,-2.76145751953125,12.621603240966797
1748975165960,-3.6766543579101563,-1.2840298461914064,12.205169219970704
1748975166027,-3.1662158203125004,1.5628999328613282,12.002490692138673
1748975166094,-3.2733929443359377,1.7094451904296877,7.902965698242188
1748975166164,-2.704725494384766,-1.6742683410644532,9.323212280273438
1748975166227,-2.348166961669922,1.2458592224121094,7.931107177734376
1748975166294,-2.2782623291015627,-0.926722869873047,8.410560150146484
1748975166365,-2.6806256103515627,-0.6351292419433594,8.052654418945313
1748975166427,-2.8071125793457035,-1.166224822998047,9.234895935058594
1748975166494,-3.5681300354003906,-3.210373992919922,8.986562347412109
1748975166564,-2.497705993652344,-0.827479248046875,9.63995361328125
1748975166627,-4.462969207763672,-3.696413269042969,12.970677337646485
1748975166694,-3.6407290649414064,2.6722430419921874,10.07105712890625
1748975166765,-2.3800506591796875,-1.4468911743164063,9.274862823486329
1748975166827,-1.7115408325195314,-1.8540444946289063,6.359375610351563
1748975166894,-2.3305036926269533,-1.0587483215332032,6.874454498291016
1748975166972,0.062420196533203125,-2.5009991455078127,8.95587615966797
1748975167027,-0.8342152404785157,-1.9931053161621095,9.48427734375
1748975167094,-0.4058061218261719,-1.4211447143554687,9.472901000976563
1748975167160,-1.3355227661132814,-1.1767030334472657,10.656190338134767
1748975167227,-2.2412892150878907,0.4194277954101563,11.67377426147461
1748975167294,-1.8327886962890625,1.3991404724121095,12.011921081542969
1748975167364,-2.8361521911621095,-1.4593153381347657,8.260871429443359
1748975167427,-2.355501708984375,-0.10014175415039063,8.627309417724609
1748975167494,-1.8230589294433595,0.24878265380859377,8.086633758544922
1748975167564,-1.5700849914550783,0.0868194580078125,8.786428527832031
1748975167627,-1.7559983825683594,-0.8391549682617188,9.65432373046875
1748975167694,-1.0900332641601562,0.6845265197753907,9.304950256347658
1748975167764,-1.509910125732422,0.15013778686523438,11.022179260253907
1748975167827,-1.7043557739257813,-0.023950195312500002,10.018516387939453
1748975167894,-1.9651135253906251,-0.6441105651855469,13.418396301269532
1748975167962,-1.6530125427246094,1.8709593200683594,8.374036102294923
1748975168027,-1.3928535461425782,-3.692671051025391,12.075838165283203
1748975168094,-0.5128335571289063,-3.561244354248047,9.100325775146485
1748975168164,0.0724493408203125,-2.4028033447265624,3.856131134033203
1748975168227,3.089425506591797,-4.585564270019532,7.2054162597656255
1748975168294,1.178349609375,-2.5168661499023437,7.588619384765625
1748975168364,2.1019290161132815,-2.0996836853027343,9.66584976196289
1748975168427,2.575843505859375,-1.4347663879394532,11.608210601806642
1748975168494,1.811532897949219,-2.8297155761718753,11.252400512695313
1748975168564,1.349443817138672,-0.8725355529785157,10.888507232666017
1748975168627,0.8005352783203126,-0.2606080627441406,9.822124786376953
1748975168694,-1.120869140625,-1.2587324523925782,8.965755615234375
1748975168764,-0.8541238403320313,-0.6179150390625,9.176068267822266
1748975168827,-0.7514373779296876,-1.20948486328125,8.608748016357422
1748975168894,-1.9273919677734377,-1.6795074462890627,7.5059912109375
1748975168961,-1.8854791259765626,-2.019151153564453,8.672515411376953
1748975169027,-0.6592291259765626,-2.0688478088378908,9.372459869384766
1748975169094,-1.3671070861816408,-3.7613781738281253,9.80416213989258
1748975169163,-2.0675006103515625,-3.480711822509766,9.815538482666016
1748975169227,-2.271825714111328,-5.6187158203125005,14.16654052734375
1748975169294,-3.3320709228515626,-0.13546829223632814,8.382119293212892
1748975169363,-1.5085629272460939,-1.8241067504882813,9.367220764160157
1748975169427,-1.8221607971191407,-2.857857055664063,9.258397064208985
1748975169494,-2.125879211425781,-2.0677999877929687,6.8425708007812505
1748975169563,-2.035916290283203,-3.2795301818847657,9.212292938232423
1748975169627,-1.6170872497558595,-1.6263679504394533,6.964417419433594
1748975169694,-0.5921685791015625,-2.4471112060546876,7.854466552734375
1748975169763,-0.9770182800292969,-2.724035339355469,9.534722442626954
1748975169827,-2.5137226867675784,-3.133583679199219,12.40665023803711
1748975169894,-3.4751733398437503,-2.375859375,13.178894348144532
1748975169961,-2.791395263671875,1.6349002075195314,7.9679306030273445
1748975170027,-3.074756011962891,-3.1790890502929687,9.63037353515625
1748975170094,-2.801274719238281,-1.0913804626464845,8.082292785644531
1748975170163,-2.680924987792969,-1.764979705810547,7.887098693847657
1748975170227,-2.8855494689941406,-0.7680528259277344,7.847580871582031
1748975170294,-2.9328511047363284,-1.838177490234375,8.873846740722657
1748975170364,-2.951861572265625,-2.2082080078125,9.41527084350586
1748975170427,-3.483106842041016,-2.3273602294921876,9.865983581542968
1748975170494,-3.8731956481933594,-3.545676727294922,11.023077392578125
1748975170564,-4.2104443359375,-3.8730459594726563,11.82750457763672
1748975170627,-2.938090209960938,1.1937675476074219,6.300098876953125
1748975170694,-2.7526258850097656,-3.188669128417969,10.22478744506836
1748975170764,-3.447181549072266,-3.502566375732422,7.8606037902832036
1748975170827,-3.246598663330078,-2.9394374084472656,7.487429809570313
1748975170894,-1.996248779296875,-2.2050645446777346,7.560178527832032
1748975170962,-1.4233900451660157,-2.2209315490722656,7.5859249877929695
1748975171027,-1.7995578002929689,-2.5095314025878905,9.162446594238281
1748975171094,-3.197051696777344,-2.5956024169921874,11.439661102294922
1748975171164,-3.576961669921875,-1.1332933044433595,12.717853088378908
1748975171227,-3.5907330322265625,2.3207739257812503,9.80131805419922
1748975171294,-3.877087554931641,-1.1407777404785158,8.796906738281251
1748975171365,-3.7140765380859375,-1.7158818054199219,9.14134048461914
1748975171427,-3.8040394592285156,-0.3588038635253906,7.397167510986328
1748975171494,-3.407064971923828,-1.2903167724609375,7.5293426513671875
1748975171564,-4.834496612548828,-2.7762767028808595,8.2628173828125
1748975171627,-2.9750633239746094,-1.7071998596191407,8.215964813232421
1748975171694,-3.915707244873047,-2.422562255859375,10.176737365722657
1748975171765,-3.810326385498047,-3.3883538818359376,10.087822265625
1748975171827,-3.1391221618652345,-4.033811645507813,11.302845611572266
1748975171894,-2.456092529296875,1.2784913635253907,8.361611938476562
1748975171969,-1.5667918395996094,-0.5022056579589844,9.111702117919922
1748975172028,-1.184337158203125,-1.5393988037109376,10.59511734008789
1748975172094,-3.48954345703125,-2.4219635009765628,8.128247222900391
1748975172160,-2.422113189697266,-2.6039849853515626,7.8481796264648445
1748975172227,-0.7201524353027344,-1.7723144531250001,8.401878204345703
1748975172294,-0.7682025146484376,-1.6784596252441406,7.4197705078125
1748975172364,-2.6539810180664065,-0.03981719970703125,10.607541503906251
1748975172427,-3.096610565185547,0.09340576171875001,12.71081771850586
1748975172494,-4.4914100646972654,-0.43828857421875,12.275672607421876
1748975172564,-3.721710662841797,2.0245399475097656,8.69481903076172
1748975172627,-4.715045013427734,-0.09684860229492188,10.239007873535156
1748975172694,-3.5049613952636722,0.46074188232421875,8.845106506347657
1748975172764,-2.576891326904297,-0.4710704040527344,7.682324523925781
1748975172827,-2.282303924560547,-1.9511924743652345,7.531438293457032
1748975172894,-1.7071998596191407,-1.419049072265625,7.572902069091797
1748975172962,-1.3081297302246095,-2.32556396484375,9.306896209716797
1748975173027,-2.2073098754882814,-1.9937040710449219,10.38570281982422
1748975173094,-2.991529083251953,-1.8820362854003907,12.58103759765625
1748975173165,-4.2152343750000005,1.36755615234375,12.50574417114258
1748975173227,-2.652035064697266,1.590143280029297,9.685159606933594
1748975173294,-3.3459919738769535,-1.2626243591308595,11.746522979736328
1748975173365,-3.317850494384766,0.3350033569335938,8.254734191894531
1748975173427,-3.7188665771484377,-0.5180726623535157,8.012837219238282
1748975173494,-3.0205686950683597,-0.28889923095703124,7.570357360839844
1748975173564,-2.1317170715332034,-0.06376739501953126,8.603508911132813
1748975173627,-3.049907684326172,-0.7689509582519531,8.06642578125
1748975173694,-5.57800048828125,-0.2279759216308594,8.398585052490235
1748975173764,-4.716541900634766,0.8449928283691407,8.921597442626954
1748975173827,-4.206402740478516,0.51013916015625,7.865842895507813
1748975173894,-6.1276574707031255,-0.9178912353515626,7.0099227905273445
1748975173961,-2.282303924560547,2.0793260192871097,10.966045989990235
1748975174027,-0.20642074584960937,1.205742645263672,10.37896682739258
1748975174094,0.737666015625,-0.09475296020507813,9.329798583984376
1748975174160,0.47601013183593754,-0.7246430969238281,7.208559722900391
1748975174227,0.3126997375488281,0.05837860107421875,7.266040191650391
1748975174294,0.5658233642578125,-0.6038442993164063,9.153465270996094
1748975174360,0.29847930908203124,-2.144739990234375,12.470118255615235
1748975174427,1.5606546020507814,-3.942052459716797,10.941047973632813
1748975174494,2.312091979980469,-4.685855712890625,10.351573791503906
1748975174560,3.0892758178710937,-4.513713684082031,8.71068603515625
1748975174627,2.3971151733398437,-3.963457946777344,9.085207214355469
1748975174694,1.3838722229003908,-3.3549732971191406,7.271578674316407
1748975174760,1.4675482177734376,-1.773212585449219,7.090605010986328
1748975174827,0.5212161254882812,-2.1177960205078126,9.226663055419923
1748975174894,0.5975573730468751,-2.2867945861816406,9.686955871582033
1748975174960,-0.16989669799804688,-2.998564453125,10.500065002441406
1748975175027,-0.31225067138671875,-3.237018585205078,10.254725189208985
1748975175094,-0.8102650451660157,-4.011508026123047,11.038046264648438
1748975175161,0.5769003295898438,-2.8086094665527344,10.080038452148438
1748975175227,-1.01309326171875,-3.6887791442871096,9.201665039062501
1748975175294,-0.7129673767089844,-5.084776153564453,9.024583282470704
1748975175364,-0.8452922058105469,-2.791544952392578,6.731801147460938
1748975175427,-0.7345225524902345,-2.999612274169922,7.776778106689454
1748975175494,-0.20447479248046876,-1.6928297424316407,7.153623962402344
1748975175564,0.044307861328125,-2.1311183166503906,8.655899963378907
1748975175627,0.5610333251953126,-3.7055442810058596,12.168645172119142
1748975175694,1.6199313354492189,-2.8095075988769533,11.18758529663086
1748975175764,3.4826577758789066,-4.344266052246094,13.715378723144532
1748975175827,2.343227233886719,-2.5300387573242187,12.046199798583984
1748975175894,0.8710386657714844,-7.005581817626953,10.40156982421875
1748975175961,-0.4866380310058594,-6.187083892822266,7.684270477294922
1748975176027,-0.817749481201172,-3.9210960388183596,4.994813232421875
1748975176094,-1.5175442504882812,-2.7440936279296877,4.418960723876953
1748975176165,-1.8923648071289063,-0.7372169494628906,6.0167381286621096
1748975176227,-1.6482225036621094,0.37272491455078127,7.8508740234375
1748975176294,-1.3093272399902345,-2.441423034667969,10.07240432739258
1748975176365,-1.5729290771484377,-4.482428741455078,13.581407318115236
1748975176427,-0.2041754150390625,-3.399430847167969,14.9018115234375
1748975176494,-0.8774752807617188,-1.3883628845214844,10.816057891845704
1748975176564,-1.8772462463378907,-2.1173469543457033,8.732091522216797
1748975176627,-0.651295623779297,-3.118165740966797,7.086713104248047
1748975176694,0.09669891357421875,-1.9308348083496094,8.25892547607422
1748975176765,-0.9141490173339845,-1.7824932861328127,9.501341857910157
1748975176827,-1.0000703430175781,-0.8756790161132812,9.565558319091798
1748975176894,-1.7366885375976564,-0.33485366821289064,9.510472869873047
1748975176982,-3.466341705322266,1.2391232299804689,11.548933868408204
1748975177028,-3.806733856201172,-1.2898677062988282,11.288774871826172
1748975177094,-5.588478698730469,1.1332933044433595,10.507699127197267
1748975177160,-3.968247985839844,-0.5019062805175781,8.345595245361329
1748975177228,-5.858816528320313,-0.38739440917968754,7.699089660644532
1748975177294,-5.5431230163574226,1.363963623046875,5.732928314208984
1748975177365,-5.409001922607422,0.5812413024902344,5.76526107788086
1748975177427,-5.575006713867188,1.8098863220214845,6.9868707275390625
1748975177494,-4.982239379882813,1.4850617980957033,6.570287017822266
1748975177564,-6.1240649414062505,1.7920733642578126,7.601941680908204
1748975177627,-6.917564849853516,0.29114456176757814,8.395142211914063
1748975177694,-5.665718078613281,1.6564553833007813,7.753875732421875
1748975177765,-4.865332489013672,-0.6051914978027344,8.597072296142578
1748975177827,-6.8066455078125,0.5881269836425782,8.134384460449219
1748975177894,-5.242847442626953,1.5775694274902345,8.224646759033204
1748975177961,-5.065316619873047,0.1586700439453125,7.743397521972657
1748975178027,-5.620512084960938,1.389111328125,7.595505065917969
1748975178094,-5.089566192626953,1.1970606994628907,8.20623504638672
1748975178165,-4.848567352294922,0.07738906860351563,9.346863098144532
1748975178227,-4.781656494140625,0.25357269287109374,8.855734405517579
1748975178294,-5.260361022949219,0.7171586608886719,12.06371337890625
1748975178364,-3.858077087402344,0.6360273742675782,8.70589599609375
1748975178427,-3.846101989746094,-0.144898681640625,11.069480895996094
1748975178494,-4.105961608886719,0.9003776550292969,7.919581146240235
1748975178564,-2.7363098144531253,0.9270222473144532,6.860533447265626
1748975178627,-2.981200561523438,2.1372555541992186,6.435118103027344
1748975178694,-3.3717384338378906,3.829486541748047,7.497458953857422
1748975178764,-3.8574783325195314,2.561772766113281,8.928782501220704
1748975178827,-4.620890808105469,3.7796401977539062,9.13550262451172
1748975178894,-4.043541412353516,2.838247833251953,8.05879165649414
1748975178962,-4.476890258789063,1.7396823120117189,8.776698760986328
1748975179027,-5.176834716796876,0.8488847351074219,8.93432098388672
1748975179094,-3.2792308044433596,1.1825408935546875,8.829987945556642
1748975179164,-2.278861083984375,0.8252339172363282,8.862919464111329
1748975179227,-3.307222595214844,0.9421408081054689,8.442144470214844
1748975179294,-3.582799530029297,2.293231201171875,8.036488037109375
1748975179364,-2.8515701293945312,1.9959494018554689,8.943751373291017
1748975179427,-3.9847137451171877,2.1058209228515627,9.235794067382812
1748975179494,-4.415966949462891,1.532662811279297,10.104138336181641
1748975179563,-4.064946899414062,-0.29309051513671874,11.63635208129883
1748975179627,-4.147874450683594,2.033521270751953,8.944350128173829
1748975179694,-3.0048513793945313,-1.2590318298339844,11.132799224853516
1748975179763,-2.9199778747558596,1.1295510864257814,8.482410736083985
1748975179827,-2.049088897705078,0.37616775512695316,7.536078643798828
1748975179894,-2.0148101806640626,1.7335450744628906,7.632627868652344
1748975179960,-1.7101936340332031,2.6866131591796876,7.798932037353516
1748975180027,-2.161355438232422,2.7069708251953126,9.092092895507813
1748975180094,-2.6577232360839846,3.1052925109863283,9.949060821533203
1748975180164,-3.757486267089844,2.7327172851562502,10.372380523681642
1748975180227,-3.8959483337402347,1.9119740295410157,10.1979931640625
1748975180294,-3.9447468566894535,1.1678713989257814,8.310268707275391
1748975180364,-4.1112007141113285,-0.028291168212890627,8.849597167968751
1748975180427,-3.6757562255859377,1.45856689453125,8.605604553222657
1748975180495,-2.588117980957031,1.5361056518554688,8.508905639648438
1748975180563,-2.8867469787597657,1.0398875427246095,7.909252624511719
1748975180627,-3.6347415161132814,3.2325279235839846,8.332871704101564
1748975180694,-3.3760794067382816,2.1145028686523437,8.806786193847657
1748975180765,-3.556753692626953,1.7946180725097658,9.209897918701172
1748975180827,-3.600462799072266,1.1521540832519532,10.293344879150391
1748975180894,-3.6119888305664065,-0.7135661315917969,11.745325469970703
1748975180962,-3.5947746276855472,2.91473876953125,8.82564697265625
1748975181027,-2.8277696228027347,0.3975732421875,9.729766845703125
1748975181094,-3.909270629882813,1.0928773498535156,8.944649505615235
1748975181165,-2.714754638671875,1.244212646484375,8.488098907470704
1748975181227,-1.7799485778808595,1.6983682250976564,7.704628143310547
1748975181294,-2.308499450683594,2.5701553344726564,7.618407440185547
1748975181365,-2.209106140136719,2.911146240234375,8.222401428222657
1748975181427,-3.7483552551269534,3.8845719909667973,8.231382751464844
1748975181494,-4.603676605224609,4.18409912109375,7.6880126953125005
1748975181565,-6.416856079101563,3.01532958984375,9.927355957031251
1748975181628,-5.918242950439454,3.0910720825195312,9.350904693603516
1748975181694,-5.145849151611328,0.9883946228027344,10.709180145263673
1748975181765,-3.737128601074219,1.7353413391113282,8.520731048583984
1748975181827,-2.4831861877441406,1.6958235168457032,6.398144989013672
1748975181894,-2.695145416259766,2.648292846679688,6.55801254272461
1748975181972,-3.1087353515625002,3.80568603515625,6.5837590026855475
1748975182028,-3.4660423278808596,3.9375617980957034,6.563551025390625
1748975182094,-4.7946794128417976,4.349505157470704,8.4352587890625
1748975182160,-4.918921051025391,4.321962432861328,9.644444274902344
1748975182228,-4.845274200439453,2.4095393371582032,11.328741760253907
1748975182294,-3.456911315917969,2.3920257568359378,10.070757751464845
1748975182362,-3.4287698364257815,0.559237060546875,9.295968933105469
1748975182427,-3.496279449462891,1.8923648071289063,6.726711730957032
1748975182494,-3.510649566650391,2.4905209350585937,6.331234130859375
1748975182564,-3.2120205688476564,3.317850494384766,6.894662475585938
1748975182627,-3.509901123046875,4.117337951660156,7.600444793701172
1748975182694,-3.960015106201172,3.9363642883300782,8.324040069580079
1748975182764,-4.194727020263672,4.245770874023438,8.77774658203125
1748975182827,-4.09308837890625,3.0129345703125003,9.780361633300782
1748975182894,-5.521418151855469,2.1909938049316406,9.933942260742189
1748975182962,-5.2546728515625,-1.1521540832519532,7.724087677001953
1748975183028,-3.5182836914062503,-1.3358221435546875,8.522078247070313
1748975183094,-3.3248858642578125,-1.542093200683594,7.038663024902344
1748975183163,-3.0241612243652347,-1.6533119201660158,5.121449890136719
1748975183227,-3.572021942138672,-0.40924896240234376,8.704698486328125
1748975183294,-4.547543334960937,-0.3296145629882813,9.633816375732422
1748975183365,-4.317022705078125,-1.9752923583984376,9.45793212890625
1748975183427,-3.5127452087402347,-2.6146128845214847,8.001610565185548
1748975183494,-4.772525482177735,-4.457580413818359,11.739786987304688
1748975183564,-3.4084121704101564,-1.4135105895996094,10.885513458251953
1748975183627,-4.112697601318359,-4.942122802734375,11.151061248779298
1748975183695,-1.5230827331542969,-3.9405555725097656,9.383836212158204
1748975183764,-0.7702981567382813,-3.2322285461425784,7.23580307006836
1748975183827,-0.11750564575195313,0.20133132934570314,6.733148345947266
1748975183895,-1.578168182373047,0.11660751342773439,9.505682830810548
1748975183961,-0.7920030212402344,-1.1282038879394531,9.423803100585937
1748975184027,-0.95561279296875,-0.5821394348144532,10.041568450927734
1748975184095,-1.9684066772460938,-3.5591487121582035,14.917678527832033
1748975184164,-3.0416748046875,-1.3698014831542968,11.829600219726563
1748975184227,-2.7402017211914065,-3.317251739501953,8.791068878173828
1748975184295,-1.2765454101562501,-1.289568328857422,8.623118133544923
1748975184364,-0.5146298217773437,-3.0517039489746094,3.806284790039063
1748975184427,-0.2989283752441406,-3.545826416015625,7.728278961181641
1748975184494,-1.5537689208984375,-0.7472460937500001,8.969198455810547
1748975184560,-2.036964111328125,-5.730233917236329,11.950848083496094
1748975184627,-1.9588265991210938,-0.8096662902832031,10.52985305786133
1748975184694,-1.1660751342773439,-2.8693830871582033,13.734389190673829
1748975184764,-3.0162277221679688,0.09280700683593751,10.27702880859375
1748975184827,-1.2687615966796875,-2.9075537109375,12.929512939453126
1748975184894,-0.9710307312011719,-3.9749839782714846,9.866432647705079
1748975184961,-0.9219328308105469,-2.2605990600585937,6.603368225097657
1748975185028,0.4209246826171875,-3.6658767700195316,6.821165313720703
1748975185094,0.7072792053222656,-1.8905685424804688,4.890330505371094
1748975185164,2.2852976989746097,-3.3630564880371097,9.215586090087891
1748975185227,0.8577163696289063,-3.2024404907226565,8.43091781616211
1748975185294,0.054187316894531254,-3.254532165527344,8.842262420654297
1748975185364,-0.12499008178710938,-3.9116656494140627,10.628497924804687
1748975185427,-1.6058605957031251,-6.075715484619141,13.240266723632812
1748975185494,-0.5242098999023438,-3.0063482666015626,7.7619589233398445
1748975185565,-0.8680448913574219,-4.7181884765625,9.220525817871094
1748975185627,-1.7214202880859375,-2.46447509765625,7.36468505859375
1748975185694,-1.5142510986328126,-2.6937982177734376,8.344547424316406
1748975185765,-2.116149444580078,-3.0636790466308597,8.498876495361328
1748975185827,-1.49209716796875,-1.9413130187988281,8.751551055908203
1748975185894,-1.721719665527344,-2.8692333984375002,9.522447967529297
1748975185961,-1.61663818359375,-4.958438873291016,12.74524612426758
1748975186027,-2.2802082824707033,-1.584155731201172,11.624975738525391
1748975186095,-0.5396278381347657,-0.0437091064453125,6.41191635131836
1748975186164,-0.06122268676757813,-4.659959564208985,10.407407684326172
1748975186227,-1.6181350708007813,-2.6506878662109377,7.005282440185547
1748975186295,-1.4814692687988282,-2.7954368591308594,7.1754785156250005
1748975186365,-0.9253756713867188,-3.274889831542969,9.225016479492188
1748975186427,-0.4405339050292969,-1.0892848205566408,8.303832092285157
1748975186495,-0.31793884277343754,-2.319576416015625,9.9010107421875
1748975186565,-1.1885284423828126,-2.8120523071289063,11.74607391357422
1748975186627,-0.9358538818359375,-1.9740948486328127,11.436966705322266
1748975186694,-1.9113752746582031,-1.5869998168945314,10.614876251220704
1748975186765,-1.6857943725585938,-1.3442047119140625,9.638756103515625
1748975186827,-1.7287550354003907,-3.174448699951172,8.959917755126954
1748975186894,-1.6334033203125,-0.8903485107421876,8.594677276611328
1748975186971,-0.5161267089843751,-1.0036628723144532,8.683592376708985
1748975187028,-1.186582489013672,-2.0483404541015626,8.302185516357422
1748975187094,-0.8656498718261719,-1.5045213317871096,8.878636779785158
1748975187160,-1.1681707763671876,-2.1847068786621096,10.035880279541017
1748975187228,-1.9441571044921877,-2.7749295043945312,10.51024383544922
1748975187294,-1.9892134094238283,-4.801116027832031,13.790372772216797
1748975187365,-2.469115447998047,1.7648300170898439,7.654781799316407
1748975187427,-0.9116043090820313,-0.11047027587890626,7.966733093261719
1748975187495,-1.6612454223632813,-3.787573699951172,10.56443115234375
1748975187565,-2.3233186340332033,-2.0275337219238283,8.019573211669922
1748975187627,-1.222657470703125,-2.1597088623046874,8.71787109375
1748975187695,-0.7397616577148438,-1.5402969360351564,8.213869171142578
1748975187764,0.026345214843750003,-1.849853210449219,8.666228485107423
1748975187827,-0.7750881958007813,-0.21001327514648438,10.733579406738281
1748975187895,-2.1378543090820314,-0.4623884582519531,11.46346160888672
1748975187962,-1.9383192443847657,-0.38290374755859374,11.722423095703126
1748975188028,-3.349135437011719,-0.8916957092285157,8.395591278076171
1748975188095,-1.6717236328125,-0.5944139099121094,8.129444732666016
1748975188165,-0.9265731811523438,-0.6707551574707031,8.285570068359375
1748975188228,-0.6206094360351563,-1.244362335205078,8.097860412597656
1748975188295,-0.850082244873047,-1.4193484497070312,8.723259887695313
1748975188365,0.017214202880859376,-1.9811302185058595,8.68763397216797
1748975188427,-0.7694000244140625,-1.9498452758789064,10.742411041259766
1748975188495,-1.5006294250488281,-1.5485298156738283,10.483449554443359
1748975188565,-0.7914042663574219,-4.003873901367188,14.222973175048828
1748975188627,-0.8162525939941406,0.5959107971191406,9.168284454345704
1748975188695,-0.47990203857421876,-1.2735516357421877,7.757318572998047
1748975188764,-0.001047821044921875,-1.5944842529296877,10.510393524169922
1748975188828,-0.828527069091797,-2.5738975524902346,8.70155502319336
1748975188895,-0.4896318054199219,-2.179318084716797,8.15459243774414
1748975188961,0.1580712890625,-1.1846365356445314,7.614665222167969
1748975189027,0.7485932922363282,-1.2716056823730468,9.069190521240234
1748975189095,-0.2315684509277344,-0.7506889343261719,10.27029281616211
1748975189160,-1.4858102416992187,-1.7763560485839844,12.288396148681642
1748975189228,-1.3744418334960937,-1.1990066528320313,10.938652954101563
1748975189295,-0.9377998352050781,0.33635055541992187,10.147398376464844
1748975189360,-2.203268280029297,-2.351609802246094,7.968978424072266
1748975189428,-1.640438690185547,-0.6170169067382812,9.189989318847656
1748975189494,-2.3822959899902343,-0.6496490478515625,8.311017150878907
1748975189560,-2.202819213867188,-1.1220666503906251,8.873397674560547
1748975189628,-1.5515235900878908,-2.2149440002441407,9.929152221679688
1748975189695,-2.220033416748047,-1.0481204223632814,8.573870544433595
1748975189760,-2.6743386840820316,-1.623673553466797,10.362052001953126
1748975189828,-3.459605712890625,-1.0150392150878906,10.31340316772461
1748975189895,-3.083587646484375,-1.939816131591797,11.765084381103517
1748975189960,-3.437601470947266,-0.9382489013671875,9.836345214843751
1748975190028,-2.2568568420410156,0.010627899169921875,8.371192016601563
1748975190095,-2.4131318664550783,-2.770738220214844,9.971214752197266
1748975190160,-2.3270608520507814,-2.4936643981933595,7.46527587890625
1748975190228,-2.102976837158203,-2.1031265258789062,7.78665756225586
1748975190295,-1.0880873107910156,-2.359243927001953,8.292904815673829
1748975190360,-0.7599696350097657,-1.8351837158203126,8.041577453613282
1748975190427,-0.5661227416992187,-2.8491751098632814,9.331145782470704
1748975190495,-1.4292279052734376,-3.320544891357422,11.150312805175782
1748975190565,-2.3734643554687502,-3.0734088134765627,12.274026031494142
1748975190628,-2.724484405517578,-1.3394146728515626,10.322234802246093
1748975190695,-2.367327117919922,-1.5904426574707031,8.747359771728515
1748975190765,-2.321971435546875,-3.2986903381347656,8.60051513671875
1748975190828,-1.161285095214844,-1.4983840942382813,8.212222595214843
1748975190895,-1.8893710327148439,-3.1028974914550784,8.641529846191407
1748975190962,-1.9116746520996095,-2.5715025329589847,8.425379333496094
1748975191028,-1.4795233154296876,-3.7616775512695315,8.956025848388672
1748975191095,-2.368374938964844,-4.5725413513183595,8.835376739501953
1748975191165,-2.3105950927734376,-4.797673187255859,9.008267211914063
1748975191228,-1.3837225341796875,-6.084547119140625,10.934162292480469
1748975191294,-1.865570526123047,-2.3475682067871095,8.088280334472657
1748975191362,-1.0774594116210938,-4.024530944824219,8.52237762451172
1748975191427,-1.6353492736816406,-5.658083953857422,8.929231567382812
1748975191495,-1.6259188842773438,-2.61775634765625,7.224576416015625
1748975191565,-1.2364288330078126,-3.574267272949219,7.863148498535157
1748975191628,-0.3135978698730469,-2.6096731567382814,7.173981628417969
1748975191695,-0.5900729370117188,-3.9577697753906254,10.10982650756836
1748975191765,-1.1569441223144532,-3.4816099548339845,10.064321136474609
1748975191827,-2.083367614746094,-3.121758270263672,10.069410552978516
1748975191895,-2.1198916625976563,-2.035916290283203,9.706565093994142
1748975191971,-3.6907250976562502,-2.934946746826172,10.253827056884766
1748975192028,-4.024530944824219,-5.278024291992188,8.935518493652344
1748975192095,-2.185305633544922,-1.8568885803222657,8.680149536132813
1748975192160,-2.8587551879882813,-2.984044647216797,7.4712634277343755
1748975192228,-2.386636962890625,-3.4994229125976566,7.649842071533204
1748975192295,-2.1104612731933594,-3.8922061157226566,7.812254333496094
1748975192364,-2.099533996582031,-3.2160621643066407,7.387288055419922
1748975192427,-1.7456698608398438,-3.9643560791015626,8.519683227539064
1748975192495,-2.2351519775390627,-4.031117248535156,8.93297378540039
1748975192565,-2.004481658935547,-3.111280059814453,10.675350494384766
1748975192628,-2.74229736328125,-3.5259178161621096,11.16273696899414
1748975192695,-3.579506378173828,-3.5438804626464844,9.452842712402344
1748975192765,-1.3663586425781251,-1.3313314819335937,8.734037475585938
1748975192828,-1.2687615966796875,-5.1256411743164065,10.139614562988282
1748975192895,-1.2551399230957032,-4.20325927734375,6.797364807128907
1748975192962,0.2692900085449219,-4.289629669189454,7.9661343383789065
1748975193028,0.16675323486328125,-4.301305389404297,6.804250488281251
1748975193095,1.0189311218261718,-4.302652587890625,8.046367492675781
1748975193165,0.27198440551757813,-4.462520141601563,9.885443115234375
1748975193227,-0.6914122009277344,-5.002896423339844,9.862840118408204
1748975193295,-0.8156538391113282,-5.598956909179687,10.875334625244141
1748975193365,-1.2377760314941406,-3.377576293945313,8.913813629150392
1748975193427,-0.28770172119140625,-3.557502136230469,7.355703735351563
1748975193495,-1.507365417480469,-6.134543151855469,9.538614349365234
1748975193565,-1.9556831359863283,-3.786376190185547,7.689958648681641
1748975193628,-0.9087602233886719,-4.337829437255859,8.113428039550781
1748975193695,-1.1716136169433595,-3.5884877014160157,7.291187896728516
1748975193762,-1.0461744689941406,-3.562741241455078,8.509354705810548
1748975193828,-1.7450711059570314,-3.636388092041016,9.019344177246094
1748975193895,-1.6512162780761719,-3.672762451171875,9.64758773803711
1748975193961,-1.7223184204101563,-3.7944593811035157,9.089697875976563
1748975194027,-1.9552340698242188,-5.810916137695313,10.270592193603516
1748975194095,-2.3897804260253905,-6.221362609863282,9.437574462890625
1748975194164,-2.088606719970703,-4.35698959350586,7.3621403503417975
1748975194228,-1.0120454406738282,-3.4187406921386723,6.527026977539063
1748975194295,-1.453627166748047,-6.629114685058594,8.492140502929688
1748975194364,-2.458487548828125,-5.558091888427735,6.914122009277344
1748975194427,-1.5428416442871093,-4.607718200683594,6.843468933105469
1748975194495,-1.673968963623047,-5.346731414794922,8.161328430175782
1748975194564,-0.5460644531250001,-3.7604800415039064,7.611970825195313
1748975194628,-0.9509724426269531,-4.655169525146484,8.81651596069336
1748975194695,-0.7933502197265625,-3.8944514465332034,8.14022232055664
1748975194764,-0.7378157043457032,-4.352798309326172,9.148375854492189
1748975194828,-2.0252883911132815,-4.748275909423828,8.634644165039063
1748975194895,-2.1073178100585936,-5.1732421875000005,10.265203399658203
1748975194962,-2.690654754638672,-4.8789541625976565,9.226213989257813
1748975195028,-2.6131159973144533,-4.801116027832031,9.34102523803711
1748975195095,-2.384990386962891,-3.110980682373047,8.767268371582032
1748975195160,-2.2998175048828124,-3.406765594482422,7.557933197021485
1748975195228,-2.9271629333496096,-5.732778625488281,7.657476196289063
1748975195295,-2.2532643127441405,-4.742887115478516,6.977290649414063
1748975195364,-1.9020945739746096,-5.685327301025391,7.481292572021485
1748975195427,-0.71611083984375,-6.279890899658203,8.539591827392579
1748975195495,-0.6753955078125,-8.243657226562501,10.54422317504883
1748975195565,-1.9345770263671875,-2.8238777160644535,7.866142272949219
1748975195628,0.09175918579101563,-3.387605438232422,8.824150085449219
1748975195695,-1.1979588317871095,-2.5629702758789064,7.820786590576172
1748975195763,-1.1991563415527344,-2.564916229248047,9.125623168945314
1748975195828,-1.7287550354003907,-2.4141796875000003,8.506809997558594
1748975195895,-1.0303074645996095,-1.6992663574218752,8.696914672851562
1748975195962,-0.8855584716796876,-3.1449600219726563,8.321195983886719
1748975196028,-1.5585589599609375,-3.915707244873047,9.384584655761719
1748975196095,-2.495760040283203,-4.2980122375488286,10.976224822998047
1748975196165,-2.0348684692382815,-3.5116973876953126,10.388995971679687
1748975196227,-2.076631622314453,-2.135309600830078,8.377478942871095
1748975196295,-2.3513104248046877,-4.013004913330079,8.486302642822267
1748975196361,-1.5367044067382813,-1.9513421630859376,7.555089111328125
1748975196427,-1.4564712524414063,-4.375850372314454,8.542735290527345
1748975196495,-1.7979112243652344,-3.639082489013672,7.463629302978516
1748975196565,-1.707499237060547,-3.2850686645507814,7.826325073242188
1748975196628,-1.4138099670410158,-3.989354095458985,9.385183410644531
1748975196695,-2.258353729248047,-4.470154266357422,9.588909759521485
1748975196765,-2.269131317138672,-4.9864306640625005,10.780132598876953
1748975196828,-2.617906036376953,-4.377347259521485,9.522447967529297
1748975196895,-1.5197895812988282,-3.811523895263672,7.860005035400391
1748975196975,-1.377285919189453,-5.026247863769531,9.696086883544922
1748975197028,-1.4183006286621094,-4.124972076416016,6.45936767578125
1748975197095,-1.3260923767089845,-4.565206604003906,7.768545227050781
1748975197161,-0.7946974182128906,-3.982318725585938,7.294181671142579
1748975197228,-0.3531156921386719,-2.9063562011718753,7.848029937744141
1748975197295,-0.6536906433105469,-3.636837158203125,8.84196304321289
1748975197365,-1.7369879150390626,-3.9734870910644533,9.576036529541016
1748975197427,-2.5631199645996094,-3.6916232299804688,10.32058822631836
1748975197495,-3.0130842590332034,-4.737648010253906,11.35284164428711
1748975197565,-2.7140061950683596,-2.5369244384765626,9.110354919433595
1748975197628,-3.349135437011719,-5.564827880859375,8.85004623413086
1748975197695,-2.4947122192382816,-2.5370741271972657,7.360493774414063
1748975197765,-1.996248779296875,-3.866309967041016,7.869734802246094
1748975197828,-2.4348367309570316,-2.8039691162109377,8.101452941894532
1748975197895,-2.606829071044922,-3.0955627441406253,8.702602844238282
1748975197962,-2.4578887939453127,-2.302960968017578,9.181756439208986
1748975198028,-2.708467712402344,-2.0914508056640626,9.46077621459961
1748975198095,-3.340004425048828,-3.479813690185547,9.75296859741211
1748975198165,-3.663332061767578,-4.867278442382813,10.89449478149414
1748975198228,-3.476071472167969,-2.3736140441894533,9.53457275390625
1748975198295,-2.588117980957031,-2.765948181152344,9.29551986694336
1748975198364,-3.036884765625,-4.9097900390625,9.237590332031251
1748975198428,-2.4737557983398437,-4.452041931152344,8.317154388427735
1748975198495,-1.8815872192382814,-3.9450462341308596,7.778125305175782
1748975198565,-3.067421264648438,-3.344644775390625,7.140451354980469
1748975198628,-2.3605911254882814,-1.5881973266601563,7.177274780273438
1748975198695,-1.6756155395507812,-1.1475137329101563,7.359445953369141
1748975198764,-2.3966661071777344,-3.242706756591797,8.549171905517579
1748975198828,-3.1401699829101566,-2.968027954101563,7.739355926513673
1748975198895,-2.765948181152344,-3.453169097900391,7.53039047241211
1748975198961,-2.339035949707031,-3.531156921386719,8.233927459716798
1748975199028,-3.1491513061523437,-3.6648289489746095,8.897347869873048
1748975199095,-4.204307098388672,-3.899091796875,10.417436828613281
1748975199164,-4.511767730712891,-2.2267694091796875,11.635154571533203
1748975199228,-3.650758209228516,-2.382595367431641,9.959239654541015
1748975199295,-3.806434478759766,-3.7247044372558595,10.410251770019531
1748975199364,-3.193908233642578,-2.2529649353027343,9.330696716308594
1748975199427,-2.780767364501953,-3.459755401611328,8.655450897216797
1748975199495,-2.9105474853515627,-5.32891845703125,6.732549591064453
1748975199564,-0.9277706909179688,-3.3289274597167973,5.133724365234375
1748975199628,-0.7964936828613282,-3.8079313659667973,6.80948959350586
1748975199695,-1.314716033935547,-6.233786773681641,9.084458770751954
1748975199764,-3.1466065979003908,-4.8015650939941406,12.565320281982423
1748975199828,-3.267405395507813,-3.4817596435546876,12.156221008300783
1748975199894,-2.3867866516113283,-2.3665786743164063,8.126151580810546
1748975199962,-1.9351757812500001,-4.0159986877441405,10.242750091552734
1748975200028,-2.130220184326172,-2.2960752868652343,6.927893371582032
1748975200095,-2.621049499511719,-3.588787078857422,7.4256083679199225
1748975200164,-1.550475769042969,-2.448757781982422,8.047864379882814
1748975200228,-0.7861651611328125,-3.130889282226563,8.336464233398438
1748975200295,-1.0491682434082032,-3.314257965087891,9.05167694091797
1748975200364,-1.9378701782226564,-1.3069322204589844,10.186317443847656
1748975200428,-1.6908837890625001,-1.270557861328125,10.99837875366211
1748975200495,-3.0970596313476566,-3.1858250427246095,12.741503906250001
1748975200565,-3.5221755981445315,-0.2900967407226563,9.719138946533203
1748975200628,-4.208348693847657,-3.905827789306641,8.48839828491211
1748975200695,-3.3588652038574223,-3.826941833496094,8.585845642089843
1748975200763,-2.4626788330078124,-4.04518798828125,5.513933715820313
1748975200828,-1.2323872375488283,-3.497626647949219,5.727389831542969
1748975200895,-1.5473323059082031,-4.666096801757813,7.676636352539063
1748975200962,-2.5761428833007813,-4.879852294921875,8.183781738281251
1748975201028,-1.522034912109375,-3.656147003173828,7.671097869873047
1748975201095,-2.0514839172363284,-5.402415618896485,9.348060607910156
1748975201165,-4.389771423339844,-5.023254089355469,10.840457153320314
1748975201228,-6.413712615966797,-4.596192169189453,10.902278594970703
1748975201295,-3.908372497558594,1.203347625732422,7.491920471191406
1748975201365,-4.320615234375,-3.266956329345703,10.216404876708985
1748975201427,-5.090314636230469,-2.400857391357422,7.1132080078125
1748975201495,-4.249662780761719,-2.476150817871094,9.222621459960939
1748975201565,-3.948938140869141,-3.334765319824219,7.716902618408204
1748975201628,-3.155288543701172,-3.7618272399902346,7.578141174316406
1748975201695,-2.764600982666016,-4.681963806152344,8.021968231201173
1748975201765,-2.6252407836914062,-4.039350128173829,8.507109375
1748975201828,-3.1491513061523437,-4.240980834960938,9.305249633789064
1748975201895,-4.571942596435547,-4.682113494873047,11.370504913330079
1748975201972,-4.772375793457032,-2.098935241699219,7.050787811279298
1748975202028,-4.393064575195313,-5.272934875488281,7.6526861572265625
1748975202095,-1.973196716308594,-2.279010772705078,7.189399566650391
1748975202161,-3.209176483154297,-3.221151580810547,7.1896989440917976
1748975202228,-3.416495361328125,-2.7068211364746095,8.124654693603516
1748975202295,-2.3641836547851565,-3.213816833496094,8.399483184814454
1748975202365,-3.1457084655761722,-3.5345997619628906,8.330626373291016
1748975202427,-3.526516571044922,-4.028123474121094,9.76539276123047
1748975202495,-3.8612205505371096,-4.0954833984375005,10.343340911865235
1748975202563,-3.6619848632812504,-4.174818420410157,10.598859558105469
1748975202628,-3.047512664794922,-2.0288809204101566,7.446714477539063
1748975202695,-3.1485525512695314,-5.67185531616211,9.132359161376954
1748975202765,-3.5711238098144533,-3.8154158020019535,7.980055389404297
1748975202828,-2.790048065185547,-3.765868835449219,5.399122467041016
1748975202895,-2.957400054931641,-4.457580413818359,7.902965698242188
1748975202962,-2.5105792236328126,-3.4519715881347657,6.995402984619141
1748975203028,-3.0255084228515625,-3.267854461669922,8.980125732421875
1748975203095,-2.711162109375,-3.277135162353516,9.078022155761719
1748975203165,-4.502786407470703,-3.843856658935547,10.13048355102539
1748975203228,-4.252806243896485,-3.3849110412597656,10.42162811279297
1748975203295,-3.370690612792969,-1.5417938232421875,7.887996826171875
1748975203365,-3.7497024536132812,-4.136797485351563,8.168363800048828
1748975203427,-3.526666259765625,-3.130589904785156,7.269632720947266
1748975203495,-2.738106079101563,-2.2372476196289064,8.01178939819336
1748975203565,-3.2681538391113283,-3.6149826049804688,7.718399505615235
1748975203628,-2.9687763977050783,-3.0273046875,7.970026245117188
1748975203695,-2.5626708984375,-3.138373718261719,8.581205291748047
1748975203765,-2.8133995056152346,-3.1063403320312504,8.932375030517578
1748975203828,-2.5035438537597656,-4.293521575927735,8.87489456176758
1748975203895,-3.007545776367188,-5.067561950683594,10.34843032836914
1748975203962,-4.505780181884766,-5.221292266845704,10.885363769531251
1748975204028,-2.035616912841797,-0.25806335449218754,6.4128144836425784
1748975204095,-2.595901794433594,-6.186934204101563,8.304879913330078
1748975204164,-3.176694030761719,-5.157824249267579,7.158264312744141
1748975204228,-2.8657905578613283,-4.317621459960938,7.358098754882813
1748975204295,-2.2218296813964846,-4.457730102539062,7.894732818603516
1748975204364,-1.9399658203125,-3.779490509033203,6.98148193359375
1748975204427,-2.061812438964844,-4.544699249267579,8.224048004150392
1748975204495,-2.578537902832031,-4.374203796386719,9.310189361572267
1748975204564,-3.2657588195800784,-3.8655615234375,9.802515563964844
1748975204628,-3.4730776977539066,-4.420906677246094,10.047106933593751
1748975204695,-3.340603179931641,-1.823657684326172,9.835447082519531
1748975204764,-3.665577392578125,-4.33543441772461,9.500144348144532
1748975204828,-3.993096313476563,-3.726201324462891,8.314010925292969
1748975204895,-2.8946804809570312,-2.9202772521972657,7.982151031494141
1748975204962,-4.159999237060547,-3.8300852966308594,6.955436096191407
1748975205028,-4.094585266113281,-5.102589111328125,7.610024871826172
1748975205095,-3.4588572692871096,-3.376827850341797,7.020700378417969
1748975205164,-3.380420379638672,-4.993466033935547,7.914042663574219
1748975205228,-5.005291442871094,-4.16972900390625,7.529492340087891
1748975205295,-4.6394522094726565,-4.109554138183594,8.93911102294922
1748975205363,-5.124443664550782,-4.338577880859376,10.209668884277344
1748975205428,-5.581443328857422,-2.4254063415527347,7.725135498046876
1748975205495,-4.407434692382813,-2.3294558715820313,8.60380828857422
1748975205565,-4.103716278076172,-2.860850830078125,8.359815673828125
1748975205628,-3.938459930419922,-3.276536407470703,6.487209777832032
1748975205695,-2.468816070556641,-3.3221914672851565,7.881260833740234
1748975205765,-1.747017059326172,-3.340453491210938,7.995623016357422
1748975205828,-2.322270812988281,-3.3940420532226563,7.998766479492188
1748975205895,-3.2443533325195313,-3.635340270996094,8.57222396850586
1748975205962,-3.779191131591797,-2.8729756164550784,8.852590942382813
1748975206028,-5.10378662109375,-3.4048196411132814,8.864116973876953
1748975206095,-6.255341949462891,-3.37458251953125,10.72340057373047
1748975206165,-6.459217987060547,-2.0911514282226564,8.680598602294923
1748975206228,-6.052214355468751,-3.2576756286621094,8.859626312255859
1748975206295,-4.55338119506836,-2.1631517028808593,6.7650320434570315
1748975206365,-4.739294586181641,-4.588258666992187,6.920858001708985
1748975206427,-3.9609132385253907,-4.145479431152344,6.440656585693359
1748975206495,-4.024530944824219,-3.523822174072266,6.09337875366211
1748975206565,-3.646117858886719,-1.960173797607422,7.8692857360839845
1748975206628,-4.789889373779297,-1.624871063232422,9.223220214843751
1748975206695,-5.569617919921876,-4.42884017944336,12.072994079589844
1748975206765,-4.291276245117188,-0.8726852416992188,9.200916595458985
1748975206828,-3.3858091735839846,-2.888243865966797,7.689808959960938
1748975206895,-2.808310089111328,-4.751419372558594,8.029901733398438
1748975206985,-3.1985485839843752,-4.873116302490234,7.023095397949219
1748975207028,-2.8560607910156253,-3.9977366638183596,7.176676025390625
1748975207095,-2.173031158447266,-3.061733093261719,7.128775634765625
1748975207161,-1.8911672973632814,-2.702480163574219,8.446186065673828
1748975207228,-3.183879089355469,-3.4828074645996097,11.430679779052735
1748975207295,-4.292773132324219,-4.339775390625,9.852810974121095
1748975207365,-3.7726048278808597,-4.5021876525878906,10.292895812988283
1748975207428,-3.364852752685547,-1.077908477783203,7.430997161865235
1748975207495,-3.9005886840820314,-3.8887632751464847,7.242688751220704
1748975207565,-5.201383666992188,-4.56251220703125,7.630831604003907
1748975207628,-4.855902099609375,-2.784210205078125,7.2440359497070315
1748975207695,-3.845054168701172,-3.2883618164062502,7.145241394042969
1748975207765,-3.377725982666016,-3.406915283203125,7.2389465332031255
1748975207828,-3.223247222900391,-3.186723175048828,7.868686981201172
1748975207895,-3.8842726135253907,-3.697760467529297,8.676407318115235
1748975207962,-3.921844482421875,-3.087778930664063,9.365723876953126
1748975208028,-4.427043914794922,-4.2870849609375,10.363848266601563
1748975208095,-5.42950927734375,-4.647236022949219,11.936627655029298
1748975208165,-2.3602917480468752,0.8276289367675782,5.610333251953126
1748975208228,-2.5762925720214844,-6.703959045410157,8.907826080322266
1748975208295,-3.8071829223632814,-4.247118072509766,8.227490844726564
1748975208365,-2.404749298095703,-4.292024688720703,6.391858062744141
1748975208427,-1.5530204772949219,-4.885690155029297,8.078101501464845
1748975208495,-1.6790583801269532,-3.9438487243652345,7.781119079589844
1748975208565,-2.6604176330566407,-3.7224591064453127,8.579259338378908
1748975208628,-3.4099090576171878,-3.994593200683594,9.088500366210939
1748975208695,-4.4069856262207034,-4.115691375732422,9.859996032714845
1748975208765,-4.976102142333985,-3.8142182922363284,9.898316345214845
1748975208828,-4.796475677490235,-1.0590476989746094,8.964258728027344
1748975208895,-4.323609008789063,-3.2820748901367187,7.501799926757813
1748975208962,-4.08111328125,-3.5220259094238284,8.532706146240235
1748975209028,-4.63481185913086,-2.5604255676269534,8.478069763183594
1748975209095,-4.776567077636719,-3.160527648925781,7.632328491210938
1748975209164,-4.080364837646485,-4.158652038574219,7.727680206298828
1748975209228,-3.124452667236328,-3.7021014404296877,7.36513412475586
1748975209295,-2.5632696533203125,-3.963158569335938,6.992858276367188
1748975209364,-2.664309539794922,-3.8374200439453126,7.601791992187501
1748975209427,-3.675905914306641,-4.387526092529297,9.499395904541016
1748975209495,-4.672234039306641,-4.694537658691407,11.244616699218751
1748975209564,-4.9671208190917975,-2.923869781494141,8.994346160888671
1748975209628,-2.784210205078125,-0.384400634765625,6.111042022705078
1748975209695,-3.8378691101074223,-6.278843078613281,10.629246368408204
1748975209761,-4.114493865966797,-3.03448974609375,6.804100799560548
1748975209828,-3.4248779296875003,-4.1623942565917975,6.306834869384766
1748975209895,-2.6366171264648437,-4.267775115966797,7.473359069824219
1748975209962,-2.618654479980469,-4.090393981933594,7.695946197509766
1748975210028,-2.7604096984863284,-4.228856048583984,7.8321629333496094
1748975210095,-3.2013926696777344,-4.62762680053711,9.208101654052735
1748975210164,-4.092190246582032,-4.5479924011230475,9.530082092285157
1748975210228,-4.620292053222657,-5.4143907165527345,10.036179656982423
1748975210295,-3.220702514648438,-2.2598506164550782,8.086633758544922
1748975210363,-3.39374267578125,-5.368885345458985,7.1983808898925785
1748975210428,-4.4634182739257815,-5.3721784973144535,7.949967956542969
1748975210495,-4.085154876708985,-3.655997314453125,6.5449896240234375
1748975210565,-3.766766967773438,-4.532724151611328,7.080875244140626
1748975210628,-3.615132293701172,-4.0918908691406255,7.470664672851563
1748975210695,-3.0532008361816407,-4.0424935913085935,7.667954406738281
1748975210765,-2.831661529541016,-4.645888824462891,7.3992631530761726
1748975210828,-3.398233337402344,-4.640350341796875,8.314160614013673
1748975210895,-3.458258514404297,-4.777764587402344,9.491163024902344
1748975210962,-3.8413119506835938,-9.293424224853515,12.099788360595705
1748975211028,-3.886667633056641,-3.8416113281250004,6.398294677734375
1748975211095,-1.9610719299316408,-3.9366636657714844,5.718558197021484
1748975211165,-3.034340057373047,-7.083270263671875,6.473438415527344
1748975211228,-3.6503091430664063,-6.325396270751954,6.4059288024902346
1748975211295,-1.8306930541992188,-5.603597259521485,6.7457221984863285
1748975211365,-1.3991404724121095,-5.804629211425781,7.648345184326172
1748975211427,-1.590143280029297,-5.208119659423828,6.941515045166016
1748975211495,-1.720671844482422,-5.168601837158203,8.204139404296875
1748975211565,-2.468367004394531,-5.044809265136719,8.379125518798828
1748975211628,-2.531835021972656,-4.596641235351563,8.458759918212891
1748975211695,-2.5978477478027346,-4.789589996337891,12.174632720947267
1748975211765,-2.9511131286621097,-3.5173855590820313,8.711883544921875
1748975211828,-2.8587551879882813,-4.471202087402344,10.354717254638672
1748975211895,-2.575843505859375,-3.347937927246094,7.850275268554688
1748975211975,-1.3299842834472657,-3.3209939575195313,8.866811370849609
1748975212028,-1.6554075622558595,-3.2489936828613284,8.408763885498047
1748975212095,-1.4973362731933595,-3.048710174560547,6.900200958251953
1748975212161,-0.9105564880371094,-3.1235545349121097,7.45614486694336
1748975212228,-1.8405725097656251,-3.2492930603027346,8.689280548095704
1748975212295,-2.198927307128906,-3.3413516235351564,11.26227996826172
1748975212365,-2.690804443359375,-1.9163150024414064,13.734389190673829
1748975212428,-1.4364129638671876,-0.31629226684570316,10.590476989746094
1748975212495,-1.4102174377441408,-4.74737777709961,10.274933166503907
1748975212565,-1.7625846862792969,-3.231929168701172,6.234535217285156
1748975212628,-0.8830137634277344,-2.4542962646484376,6.4357168579101565
1748975212695,0.11690689086914063,-2.3308030700683595,7.226073303222656
1748975212765,0.11466156005859375,-4.6165498352050784,7.743247833251954
1748975212828,-0.022752685546875002,-3.9580691528320315,7.84653305053711
1748975212895,-0.4068539428710938,-3.8538858032226564,11.540700988769531
1748975212962,-1.9999909973144532,-6.054609375,11.849209442138672
1748975213028,-2.368824005126953,-4.854105834960937,11.66658920288086
1748975213095,-1.8357824707031252,-2.1451890563964846,6.630761260986328
1748975213165,-1.6733702087402345,-7.2917866516113286,9.299262084960938
1748975213228,-2.6360183715820313,-3.7781433105468754,6.494245147705079
1748975213295,-1.1084449768066407,-4.2535546875,5.826633453369141
1748975213361,-1.8241067504882813,-3.1630723571777346,5.9885966491699225
1748975213428,-2.4941134643554688,-4.586312713623047,7.728728027343751
1748975213495,-3.147953796386719,-5.795049133300782,9.330696716308594
1748975213565,-2.29203369140625,-3.6193235778808597,7.864346008300782
1748975213628,-1.5753240966796875,-3.7027001953125,9.717192993164064
1748975213694,-3.321592712402344,-6.341562652587891,12.871583404541017
1748975213765,-4.364474029541016,-0.29728179931640625,9.236093444824219
1748975213828,-2.518363037109375,-4.392615509033203,9.48472640991211
1748975213895,-3.2883618164062502,-6.168971557617188,8.142916717529298
1748975213963,-2.029928741455078,-5.3721784973144535,5.473667449951172
1748975214028,-1.4126124572753906,-3.8323306274414066,5.881569213867188
1748975214095,-1.1428733825683595,-4.12661865234375,7.133715362548829
1748975214164,-1.5467335510253908,-3.932173004150391,7.845784606933594
1748975214228,-2.2565574645996094,-3.683090972900391,8.997639312744141
1748975214295,-2.458637237548828,-3.7145256042480472,9.148974609375001
1748975214364,-2.9606932067871097,-5.279670867919922,10.704988861083985
1748975214428,-3.8809794616699222,-2.8156448364257813,9.748028869628907
1748975214495,-2.714455261230469,-3.800746307373047,9.009913787841798
1748975214564,-3.82005615234375,-3.7444633483886722,9.060957641601563
1748975214628,-3.6073484802246094,-3.0123358154296875,7.854765930175781
1748975214695,-2.908302154541016,-3.933669891357422,7.039561157226563
1748975214761,-2.3144869995117188,-4.1076081848144534,7.4571926879882815
1748975214828,-2.1005818176269533,-4.018244018554688,7.6088273620605476
1748975214895,-2.639161834716797,-5.022206268310547,8.161927185058595
1748975214961,-3.369493103027344,-4.693489837646484,8.65799560546875
1748975215028,-3.1226564025878907,-6.194867706298829,10.767708435058594
1748975215095,-2.362537078857422,-4.532574462890625,9.551637268066406
1748975215161,-1.2853770446777344,-4.918322296142579,8.715476074218751
1748975215228,-1.4834152221679688,-6.386020202636719,6.084996185302734
1748975215294,-0.3435356140136719,-5.301525421142578,4.965474243164063
1748975215363,0.6146218872070313,-5.375321960449219,7.217391357421875
1748975215427,1.0255174255371093,-5.1799781799316404,8.35712127685547
1748975215494,0.542471923828125,-5.751340026855469,8.527766418457032
1748975215565,-0.11301498413085938,-5.581892395019532,7.456593933105469
1748975215627,0.36703674316406254,-5.857918395996094,8.402476959228515
1748975215694,0.17199234008789063,-6.350394287109375,8.775351562500001
1748975215765,-1.1861334228515625,-5.072351989746094,10.463990020751954
1748975215828,0.5989045715332032,-6.919510803222656,7.924969940185547
1748975215894,-1.3588742065429689,-5.931714935302734,6.084846496582031
1748975215962,-1.6378939819335938,-4.484225006103516,6.100264434814453
1748975216028,-0.9840536499023438,-7.84413803100586,10.216554565429687
1748975216094,-3.4051190185546876,-3.6036062622070313,6.795718231201172
1748975216165,-1.4961387634277346,-4.628375244140625,7.0169581604003906
1748975216228,-3.4482293701171876,-3.462749176025391,6.913223876953126
1748975216294,-2.6447003173828127,-4.31387924194336,9.27965286254883
1748975216363,-3.4109568786621094,-3.938609619140625,10.269694061279298
1748975216427,-5.421575775146485,-5.554199981689454,12.090208282470703
1748975216494,-4.503385162353516,-2.2770648193359375,7.817493438720703
1748975216565,-3.3286280822753906,-3.199446716308594,8.256829833984375
1748975216628,-3.7806880187988283,-5.218597869873047,8.836424560546876
1748975216694,-3.443439331054688,-4.223018188476563,5.947731628417969
1748975216766,-2.7304719543457034,-4.330794067382813,6.7422793579101565
1748975216828,-2.395618286132813,-3.2578253173828124,6.846612396240235
1748975216894,-2.3465203857421875,-3.1470556640625,7.407046966552735
1748975216961,-2.9785061645507813,-3.66677490234375,8.917406158447266
1748975217028,-3.753145294189453,-4.105213165283203,9.629625091552734
1748975217095,-4.322261810302734,-3.99249755859375,10.400971069335938
1748975217161,-4.5812232971191404,-4.241280212402344,10.294542388916016
1748975217228,-4.273912353515625,-2.327809295654297,8.979676666259767
1748975217295,-4.004023590087891,-3.334765319824219,8.043523406982422
1748975217365,-4.463268585205078,-4.326902160644531,8.29485076904297
1748975217427,-4.146976318359375,-3.1162197875976565,7.604785766601563
1748975217495,-3.7577856445312503,-4.358336791992188,7.721243591308594
1748975217567,-3.2956965637207034,-4.049079895019531,6.879394226074219
1748975217628,-2.295177154541016,-3.672463073730469,6.281387786865235
1748975217695,-2.292632446289063,-3.436553649902344,7.477550354003907
1748975217767,-2.6888584899902344,-1.9399658203125,9.368418273925782
1748975217828,-4.6746290588378905,-3.7065921020507813,10.913954315185547
1748975217895,-4.877008209228516,-2.70397705078125,11.080408172607422
1748975217966,-4.396357727050781,-1.5281721496582032,9.710606689453126
1748975218028,-2.891836395263672,0.47571075439453125,7.344776458740235
1748975218095,-2.8240274047851566,-4.938081207275391,11.406130828857423
1748975218166,-3.5031651306152347,-3.044818267822266,5.680537261962891
1748975218228,-3.2587234497070314,-4.3084904479980475,7.165599060058594
1748975218295,-2.0143611145019533,-2.8000772094726565,7.543712768554688
1748975218365,-1.7823435974121096,-3.4182916259765626,7.8429405212402346
1748975218428,-2.1381536865234376,-2.6033862304687503,8.723858642578126
1748975218495,-3.100352783203125,-2.523003387451172,9.807155914306641
1748975218568,-3.722758483886719,-2.5006997680664065,11.278446350097656
1748975218628,-3.905827789306641,-0.8613088989257813,9.759255523681642
1748975218695,-4.217479705810547,-1.3232482910156251,11.777508544921876
1748975218767,-4.262386322021484,-0.7601193237304688,8.28287567138672
1748975218828,-4.001029815673828,-4.1782612609863286,9.968370666503906
1748975218895,-4.198768615722656,-4.154760131835937,8.866212615966797
1748975218966,-3.4718801879882815,-3.623365173339844,7.555837554931641
1748975219028,-3.7041970825195314,-3.9725889587402348,6.30653549194336
1748975219095,-3.7673657226562502,-4.886887664794922,5.703589324951172
1748975219161,-2.323019256591797,-3.2540830993652343,7.845185852050782
1748975219228,-1.7970130920410157,-3.7161721801757817,8.513695678710938
1748975219295,-3.964954833984375,-3.3518298339843753,8.662935333251953
1748975219366,-5.268593902587891,-5.148693237304688,11.150761871337892
1748975219427,-5.593867492675781,-3.819607086181641,12.50484603881836
1748975219495,-5.361400909423828,-1.6042140197753907,8.377928009033203
1748975219566,-3.263962554931641,-3.5377432250976564,9.549990692138673
1748975219628,-4.133953399658203,-5.85582275390625,9.528435516357423
1748975219695,-3.9989341735839847,-4.225263519287109,5.438640289306641
1748975219766,-3.728746032714844,-5.209317169189453,5.440286865234375
1748975219828,-0.1275347900390625,-3.6539016723632813,7.9152401733398445
1748975219895,-0.8726852416992188,-5.257367248535156,8.168214111328126
1748975219965,-2.6131159973144533,-5.30062728881836,7.880811767578125
1748975220028,-4.06958724975586,-5.8898020935058595,10.021959228515625
1748975220095,-5.173391876220704,-4.50787582397461,11.285032653808594
1748975220162,-4.8207252502441404,-2.1538710021972656,11.524235229492188
1748975220228,-3.8851707458496096,-0.8104147338867188,8.159532165527343
1748975220294,-4.8683262634277344,-5.163961486816406,8.823551330566406
1748975220365,-4.124073944091797,-3.326532440185547,7.454647979736328
1748975220428,-4.261937255859375,-4.109105072021484,7.269033966064454
1748975220495,-4.042044525146484,-4.937332763671876,7.5443115234375
1748975220565,-3.293002166748047,-4.879702606201172,7.0997360229492195
1748975220628,-2.55548583984375,-5.0111293029785156,6.739435272216797
1748975220695,-1.8794915771484375,-4.84078353881836,6.2138781738281255
1748975220764,-1.627415771484375,-5.117408294677735,8.046068115234375
1748975220828,-3.2946487426757813,-5.394182739257813,11.325598297119141
1748975220895,-6.300098876953125,-5.260211334228516,11.051967315673828
1748975220962,-4.7363008117675784,-0.03981719970703125,6.661447448730469
1748975221028,-3.63324462890625,-5.943540344238282,10.240055694580079
1748975221095,-4.89781494140625,-3.975433044433594,6.3881158447265625
1748975221169,-3.397035827636719,-4.673730926513672,5.871240692138672
1748975221228,-2.455493774414063,-4.800816650390625,6.71847885131836
1748975221295,-1.580413513183594,-3.257975006103516,7.035818939208985
1748975221369,-1.6283139038085939,-4.358785858154297,8.32553695678711
1748975221428,-2.0612136840820314,-4.214635620117187,9.476044464111329
1748975221495,-3.160377960205078,-3.832630004882813,10.134824523925781
1748975221562,-3.6911741638183595,-3.7943096923828126,9.820478210449219
1748975221628,-4.517156524658203,-2.5402175903320314,9.560768280029297
1748975221695,-4.580175476074219,-1.6901353454589845,8.512947235107422
1748975221765,-4.801864471435547,-5.517376556396485,9.357490997314454
1748975221828,-3.9609132385253907,-3.915707244873047,7.948770446777345
1748975221895,-3.549119567871094,-4.991370391845703,7.265591125488282
1748975221964,-2.9822483825683594,-4.816833343505859,6.791077880859375
1748975222028,-2.2347029113769534,-4.422702941894531,6.599176940917969
1748975222095,-1.8437159729003907,-3.501368865966797,6.281986541748047
1748975222161,-2.096240844726563,-4.628674621582031,7.835156707763672
1748975222229,-3.357368316650391,-4.4300376892089846,9.083560638427734
1748975222295,-4.598138122558594,-4.442910919189453,11.643686828613282
1748975222367,-5.719007263183594,-5.6416181945800785,11.50327880859375
1748975222428,-3.360362091064453,0.09415420532226564,5.652994537353516
1748975222495,-2.4800427246093752,-4.176165618896484,10.840906219482422
1748975222567,-3.7907171630859375,-4.273014221191406,7.570956115722657
1748975222628,-3.167113952636719,-3.1094837951660157,6.409820709228516
1748975222695,-1.4759307861328126,-4.033961334228516,8.761131134033203
1748975222766,-1.6989669799804688,-2.5667124938964845,8.749605102539062
1748975222828,-1.7800982666015626,-3.9055284118652347,7.821235656738281
1748975222895,-3.019969940185547,-2.8264224243164064,8.5310595703125
1748975222961,-2.9497659301757815,-2.562521209716797,11.049272918701172
1748975223028,-3.180735626220703,-1.3732443237304688,10.131681060791015
1748975223095,-4.387975158691407,-1.7887802124023438,10.986553344726563
1748975223167,-4.573140106201172,-0.6776408386230469,9.455537109375001
1748975223228,-5.081782379150391,-2.878514099121094,10.360106048583985
1748975223295,-5.901627502441406,-4.3999502563476565,9.840985565185548
1748975223367,-4.765041046142579,-2.5069866943359376,6.656807098388672
1748975223428,-3.3377590942382813,-2.5608746337890627,5.794151000976563
1748975223495,-2.645149383544922,-2.4902215576171876,6.170767822265625
1748975223566,-3.463048553466797,-4.317621459960938,7.190597076416016
1748975223628,-2.5129742431640625,-4.623136138916016,8.346942443847656
1748975223695,-2.5201593017578126,-4.14383285522461,9.914782104492188
1748975223767,-3.096610565185547,-5.263654174804688,12.09290267944336
1748975223828,-4.140839080810547,-2.8472291564941408,8.917406158447266
1748975223895,-1.7277072143554688,-0.22722747802734375,7.926915893554688
1748975223961,-3.902834014892578,-4.5373645019531255,9.778565368652345
1748975224028,-4.74258773803711,-4.149221649169922,7.219187622070313
1748975224095,-3.695365447998047,-2.2659878540039062,6.929989013671875
1748975224161,-2.8243267822265627,-2.135908355712891,8.112230529785156
1748975224228,-2.93150390625,-2.7351123046875,8.005801849365234
1748975224295,-3.17819091796875,-3.156336364746094,8.73074432373047
1748975224368,-3.653452606201172,-2.477647705078125,9.457782440185547
1748975224428,-3.937262420654297,-2.308798828125,10.688822479248048
1748975224495,-4.51940185546875,-2.6626629638671875,11.116782531738282
1748975224566,-4.327500915527344,-1.2754975891113283,8.52866455078125
1748975224628,-4.265080718994141,-4.078269195556641,9.422605590820313
1748975224695,-4.090543670654297,-1.4191987609863281,8.372239837646484
1748975224761,-4.075724487304687,-2.7045758056640627,7.821235656738281
1748975224828,-3.473826141357422,-4.051774291992188,8.323890380859375
1748975224895,-3.2454011535644534,-3.523822174072266,6.935677185058594
1748975224961,-2.4541465759277346,-3.5320550537109376,7.3718701171875
1748975225028,-2.708467712402344,-3.795806579589844,7.797884216308594
1748975225095,-3.4025743103027346,-6.214476928710938,11.695030059814453
1748975225167,-4.512516174316406,-1.4891033935546876,9.24717041015625
1748975225228,-2.4493565368652344,1.6000227355957033,7.752229156494141
1748975225295,-3.023412780761719,-4.155508575439454,10.698851623535157
1748975225367,-3.011287994384766,-2.192191314697266,7.862400054931641
1748975225428,-2.0588186645507816,-2.611469421386719,9.078770599365235
1748975225495,-2.309547271728516,-2.641556854248047,8.076155548095704
1748975225567,-1.4612612915039063,-3.3590148925781254,8.947044525146485
1748975225628,-1.6431330871582033,-2.505938873291016,7.677684173583985
1748975225695,-2.2147943115234376,-2.491568756103516,9.04164779663086
1748975225765,-3.104843444824219,-2.6138644409179688,9.57004898071289
1748975225828,-4.54335205078125,-3.902534637451172,11.303294677734376
1748975225895,-5.731581115722657,-0.5523513793945313,9.808652801513672
1748975225961,-5.199737091064454,-1.8326390075683594,8.369695129394533
1748975226028,-4.492906951904297,-2.7463389587402345,9.116941223144531
1748975226095,-3.7477565002441406,-1.9419117736816407,7.927215270996094
1748975226166,-3.8178108215332034,-3.5747163391113284,7.758665771484376
1748975226228,-3.594624938964844,-3.653153228759766,7.544910278320313
1748975226295,-3.021017761230469,-3.212918701171875,7.516619110107422
1748975226367,-3.0526020812988284,-3.902834014892578,7.960745544433594
1748975226428,-2.7898983764648437,-3.1891181945800784,8.348888397216797
1748975226495,-2.9283604431152344,-3.7476068115234376,10.790610809326173
1748975226561,-4.274810485839844,-3.873345336914063,10.623707885742188
1748975226628,-3.1795381164550784,0.6104306030273438,7.402256927490234
1748975226695,-3.0479617309570313,-2.8707302856445316,11.275901641845703
1748975226767,-3.856131134033203,-2.215692443847656,7.821535034179688
1748975226829,-3.1391221618652345,-2.931054840087891,7.707771606445313
1748975226895,-2.010469207763672,-2.535128173828125,7.8305163574218755
1748975226968,-1.9784358215332032,-2.719245300292969,7.533084869384766
1748975227029,-1.9260447692871094,-3.250939636230469,8.272696838378907
1748975227095,-2.014061737060547,-2.884501647949219,9.460626525878906
1748975227161,-3.0970596313476566,-3.3591645812988284,10.206226043701172
1748975227229,-3.494183807373047,-3.1154713439941406,9.5848681640625
1748975227295,-4.2680744934082036,-3.878883819580078,10.726693725585939
1748975227366,-4.078568572998047,0.19354751586914062,8.208779754638673
1748975227429,-4.494852905273437,-3.3653018188476564,9.122479705810548
1748975227495,-4.1499700927734375,-3.1702574157714847,9.023535461425782
1748975227566,-3.6851866149902346,-2.252216491699219,7.7320211791992195
1748975227628,-3.544329528808594,-2.9798533630371096,7.979756011962891
1748975227695,-3.239114227294922,-3.430416412353516,7.796537017822266
1748975227767,-3.356470184326172,-3.496578826904297,7.661368103027344
1748975227829,-3.0277537536621097,-2.980901184082031,7.44177474975586
1748975227895,-2.898871765136719,-3.453169097900391,8.61204116821289
1748975227961,-4.405937805175782,-2.5102798461914064,11.000923461914063
1748975228029,-5.933211822509766,-4.763095092773438,12.594659271240236
1748975228095,-4.056115264892578,1.0458750915527344,7.849676513671875
1748975228168,-2.757715301513672,-2.4264541625976563,8.598718872070313
1748975228229,-3.6751574707031254,-3.558849334716797,7.810458068847657
1748975228295,-4.111949157714844,-3.559747467041016,6.809339904785157
1748975228368,-4.175866241455078,-4.782554626464844,7.926915893554688
1748975228428,-3.1509475708007812,-3.0861323547363284,7.043303375244141
1748975228495,-1.5852035522460939,-3.3353640747070314,8.184530181884766
1748975228566,-1.14242431640625,-4.069437561035157,8.661288757324218
1748975228629,-2.3932232666015625,-4.375550994873047,8.835376739501953
1748975228695,-3.639980621337891,-4.869823150634766,9.705367584228517
1748975228765,-4.828059997558594,-4.575834503173828,11.322005767822267
1748975228829,-4.010460205078125,-0.0580792236328125,8.045918426513673
1748975228895,-3.6148329162597657,-4.116290130615234,8.654552764892578
1748975228973,-3.4124537658691407,-2.655627593994141,7.021748199462891
1748975229029,-3.0698162841796877,-3.3422497558593753,7.80342269897461
1748975229095,-3.343147888183594,-2.5478517150878908,8.710087280273438
1748975229161,-3.4096096801757816,-2.3930735778808594,8.553662567138673
1748975229228,-3.0109886169433597,-2.968327331542969,8.548573150634766
1748975229295,-3.097957763671875,-3.4563125610351566,8.537645874023438
1748975229366,-3.42966796875,-3.802991638183594,9.290879516601564
1748975229428,-4.088148651123047,-4.8912286376953125,11.420351257324219
1748975229495,-3.9187010192871097,-1.7289047241210938,8.831784210205079
1748975229561,-2.4496559143066405,-1.214424591064453,6.501430206298829
1748975229629,-3.0261071777343753,-5.78397216796875,10.828931121826173
1748975229695,-3.4750236511230472,-3.38416259765625,7.904163208007813
1748975229761,-2.389031982421875,-3.533402252197266,7.71914794921875
1748975229829,-1.3145663452148437,-3.6712655639648437,7.573650512695313
1748975229895,-2.210453338623047,-3.9303767395019533,7.648494873046875
1748975229967,-2.1896466064453124,-3.291804656982422,8.28766571044922
1748975230029,-2.4037014770507814,-3.896098022460938,9.656569061279297
1748975230095,-3.159928894042969,-3.8405635070800783,10.203980712890626
1748975230162,-3.9188507080078128,-4.458478546142579,10.787018280029297
1748975230228,-2.7795698547363283,-1.7480648803710939,9.75686050415039
1748975230295,-2.402054901123047,-3.070115661621094,8.221503295898438
1748975230366,-3.9380108642578127,-5.6645205688476565,8.913663940429688
1748975230428,-3.0529014587402346,-2.847378845214844,7.131619720458985
1748975230495,-2.3104454040527345,-4.630171508789063,7.660769348144532
1748975230561,-2.809058532714844,-4.0865020751953125,7.220235443115235
1748975230629,-2.1330642700195312,-4.5039839172363285,8.496032409667968
1748975230695,-3.1615754699707033,-4.082161102294922,7.8850030517578125
1748975230767,-2.972069549560547,-4.1357496643066405,8.493637390136719
1748975230829,-2.455793151855469,-5.492977294921875,10.679691467285156
1748975230895,-3.9749839782714846,-4.8044091796875,10.299482116699219
1748975230966,-3.609444122314453,-1.1066487121582032,7.188351745605469
1748975231029,-1.850002899169922,-2.9018655395507813,8.189918975830079
1748975231095,-3.0558952331542972,-3.4696348571777347,9.895621948242187
1748975231167,-3.5353482055664065,-4.712350616455079,7.448660430908204
1748975231229,-2.974314880371094,-3.587439880371094,8.100105743408204
1748975231295,-1.029708709716797,-3.6814443969726565,7.236252136230469
1748975231366,-2.0516336059570315,-4.244273986816406,7.909102935791016
1748975231428,-2.408940582275391,-2.822380828857422,9.38892562866211
1748975231495,-3.1989976501464845,-4.837041320800782,9.794282684326172
1748975231566,-2.8445347595214847,-3.795806579589844,9.797575836181641
1748975231629,-2.9729676818847657,-3.553610229492188,10.812165985107422
1748975231695,-3.5214271545410156,-0.9234297180175782,8.65844467163086
1748975231767,-1.1582913208007812,-3.1870225524902347,9.429940338134767
1748975231829,-3.344046020507813,-3.6037559509277344,10.225535888671876
1748975231895,-2.6366171264648437,-2.6490412902832032,7.50404525756836
1748975231963,-2.728975067138672,-2.9933253479003907,8.038883056640625
1748975232029,-2.508333892822266,-3.779490509033203,8.71637420654297
1748975232095,-2.0254380798339846,-3.9736367797851564,8.521180114746095
1748975232161,-2.010618896484375,-3.6158807373046877,8.532406768798829
1748975232229,-2.0121157836914065,-2.767594757080078,8.583450622558594
1748975232295,-1.575623474121094,-3.8862185668945313,10.963800659179688
1748975232367,-2.266436920166016,-3.3220417785644534,10.579100646972657
1748975232428,-2.671644287109375,-3.8312828063964846,10.090516662597656
1748975232495,-1.8687139892578126,-0.06361770629882812,6.445296936035157
1748975232561,-1.6811540222167969,-3.577859802246094,10.441387023925781
1748975232628,-3.7977525329589845,-2.515668640136719,9.803713073730469
1748975232695,-2.9919781494140625,-2.640359344482422,8.212072906494141
1748975232761,-2.0836669921875,-2.8901898193359377,7.736811218261719
1748975232829,-1.4130615234375001,-2.7167005920410157,7.55434066772461
1748975232895,-1.606908416748047,-3.0157786560058595,8.762777709960938
1748975232966,-1.488504638671875,-2.687062225341797,9.555229797363282
1748975233029,-2.5545877075195316,-3.3980836486816406,9.539063415527345
1748975233095,-2.5653652954101562,-3.4278717041015625,9.477092285156251
1748975233167,-2.985092468261719,-3.5760635375976566,10.593321075439453
1748975233228,-3.5173855590820313,-1.43701171875,9.66195785522461
1748975233295,-3.1831306457519535,-2.9436286926269535,9.296268310546875
1748975233361,-3.5223252868652346,-3.3003369140625,9.303004302978517
1748975233428,-3.2356713867187503,-2.3870860290527345,7.791746978759766
1748975233495,-2.787802734375,-3.347937927246094,8.374784545898438
1748975233566,-3.2160621643066407,-3.316802673339844,7.720046081542969
1748975233629,-2.664159851074219,-3.6863841247558597,7.6261912536621095
1748975233695,-2.4816893005371097,-3.7477565002441406,7.411238250732422
1748975233761,-3.0946646118164063,-4.124822387695312,8.789122924804689
1748975233829,-2.697839813232422,-3.6253111267089846,10.342442779541017
1748975233895,-3.7594322204589847,-3.613934783935547,10.292446746826172
1748975233961,-4.740492095947266,-4.146527252197266,10.066416778564454
1748975234029,-3.2124696350097657,-1.8567388916015626,8.21626419067383
1748975234095,-1.8914666748046876,-4.581822052001954,8.753047943115234
1748975234166,-2.861449584960938,-5.165308685302735,6.6575555419921875
1748975234229,-3.0687684631347656,-5.797144775390625,7.359146575927735
1748975234295,0.09490264892578125,-4.883893890380859,6.466852111816406
1748975234367,0.7098239135742188,-4.553979949951172,7.117998046875
1748975234429,-0.5978567504882812,-4.3665696716308595,9.01575164794922
1748975234495,-1.5620018005371095,-4.158951416015626,12.45934066772461
1748975234567,-2.2317091369628907,-2.2851480102539066,11.253598022460938
1748975234629,-2.625989227294922,-5.321583709716797,12.489727478027344
1748975234695,-2.2017713928222657,-2.980302429199219,6.759343872070313
1748975234767,-1.122964782714844,-4.525988159179688,7.212152252197266
1748975234829,-1.2115805053710937,-4.571044464111329,7.451803894042969
1748975234895,-2.1778211975097657,-4.466112670898438,7.351362762451172
1748975234961,-2.0386106872558596,-2.874771881103516,8.654552764892578
1748975235029,-2.6460475158691406,-1.9678079223632814,10.157427520751954
1748975235095,-1.9678079223632814,-2.2014720153808596,9.214388580322266
1748975235166,-2.204465789794922,-2.668800201416016,7.947273559570313
1748975235229,-1.809437255859375,-3.776796112060547,8.37343734741211
1748975235295,-1.7444723510742188,-4.363575897216797,9.088350677490235
1748975235366,-3.198398895263672,-5.026247863769531,10.538684692382812
1748975235429,-3.6345918273925784,-2.7957362365722656,8.002359008789062
1748975235495,-2.642604675292969,-2.1630020141601562,6.784192199707031
1748975235561,-2.151625671386719,-5.822591857910156,10.590027923583985
1748975235629,-3.594624938964844,-3.7646713256835938,7.299271087646485
1748975235695,-2.614014129638672,-4.548740844726563,8.300239562988281
1748975235761,-1.4590159606933595,-3.040327606201172,7.501949615478516
1748975235829,-1.0190808105468752,-3.1738499450683597,7.535928955078125
1748975235895,-1.9969972229003907,-4.376748504638672,9.461075592041016
1748975235961,-3.0963111877441407,-4.3876757812500005,10.108628997802734
1748975236029,-3.5422338867187504,-3.7308416748046875,10.068662109375001
1748975236095,-3.5884877014160157,-3.5507661437988283,9.87556365966797
1748975236162,-3.253484344482422,-1.402134246826172,7.929610290527344
1748975236229,-3.38416259765625,-3.8347256469726565,9.067843322753907
1748975236295,-3.9460940551757813,-3.755390625,8.155191192626953
1748975236367,-3.4382002258300783,-2.5664131164550783,7.129374389648438
1748975236428,-3.6950660705566407,-3.4655932617187504,7.500901794433594
1748975236495,-3.913162536621094,-4.164340209960938,7.91359359741211
1748975236568,-3.822451171875,-3.9381605529785157,7.971373443603516
1748975236629,-4.084406433105469,-5.698799285888672,9.756561126708984
1748975236695,-3.9258860778808597,-5.889203338623047,9.92211685180664
1748975236766,-0.9377998352050781,-4.172423400878906,6.869963836669922
1748975236829,-0.33365615844726565,-3.7842805480957034,8.54587875366211
1748975236895,-0.16181350708007813,-2.5369244384765626,6.896608428955078
1748975236964,0.14669494628906252,-4.63002182006836,8.460556182861328
1748975237029,-1.1635304260253907,-4.543202362060547,8.01328628540039
1748975237095,-0.8984317016601563,-3.404071197509766,8.06358169555664
1748975237161,-1.6522640991210937,-3.962559814453125,9.754315795898439
1748975237229,-2.951861572265625,-3.659290466308594,9.024732971191407
1748975237295,-3.075055389404297,-4.859794006347657,10.990445251464845
1748975237361,-2.5126748657226563,-4.687352600097657,9.169781341552735
1748975237428,-2.0517832946777346,-4.604275360107422,7.404202880859375
1748975237495,-3.381617889404297,-4.400998077392578,9.144933013916017
1748975237562,-2.7295738220214845,-2.735261993408203,6.976691894531251
1748975237629,-2.7797195434570314,-4.030518493652344,8.09082504272461
1748975237695,-2.80456787109375,-4.3189686584472655,7.737110595703125
1748975237766,-2.8577073669433597,-4.2872346496582034,7.912096710205079
1748975237829,-3.1805859375,-4.398902435302735,8.41654769897461
1748975237895,-2.9832962036132815,-4.69184326171875,8.448730773925782
1748975237961,-3.2781829833984375,-6.2438159179687505,11.420051879882813
1748975238029,-3.247347106933594,-0.9695338439941407,7.964637451171876
1748975238096,-1.6901353454589845,-2.885699157714844,8.766968994140626
1748975238161,-2.9997619628906254,-4.509522399902344,8.40936264038086
1748975238229,-3.304827575683594,-4.3593846130371094,7.41258544921875
1748975238295,-2.265838165283203,-4.486620025634766,7.84174301147461
1748975238361,-0.488583984375,-4.1164398193359375,7.142996063232422
1748975238429,-0.8443940734863282,-4.735103302001954,7.785609741210938
1748975238495,-2.0010388183593752,-4.891677703857422,9.508377227783203
1748975238566,-2.5093817138671874,-2.9731173706054688,10.437644805908203
1748975238629,-2.788700866699219,-3.369642791748047,11.793225860595705
1748975238695,-4.086951141357422,-0.01047821044921875,8.628506927490236
1748975238767,-2.6611660766601566,-1.886077880859375,10.912008361816406
1748975238829,-2.998115386962891,-0.3183879089355469,9.510023803710938
1748975238895,-2.3113435363769534,-0.771046600341797,7.406148834228516
1748975238961,-2.0014878845214845,-2.5795857238769533,7.938741302490235
1748975239029,-2.3010150146484376,-2.3240670776367187,8.466693420410156
1748975239096,-2.192790069580078,-2.326462097167969,8.505013732910157
1748975239161,-2.830613708496094,-2.4995022583007813,8.956774291992188
1748975239229,-2.685715026855469,-2.499202880859375,10.104288024902344
1748975239295,-2.734812927246094,-2.504741363525391,11.280541992187501
1748975239367,-2.8325596618652344,-1.5334112548828125,9.6519287109375
1748975239429,-2.3153851318359377,-0.3448828125,7.563172302246094
1748975239495,-1.419049072265625,-2.2411395263671876,10.774594116210938
1748975239561,-2.3188279724121097,-2.232307891845703,7.4149804687500005
1748975239629,-1.9169137573242188,-2.625689849853516,8.166268157958985
1748975239695,-0.75443115234375,-3.6169285583496094,9.160201263427735
1748975239761,-0.31374755859375003,-3.8505926513671875,8.291407928466798
1748975239829,-1.9255957031250002,-3.6540513610839844,8.481512603759766
1748975239895,-1.5750247192382814,-3.3525782775878907,11.76044403076172
1748975239961,-3.1656170654296876,-4.779560852050781,13.718671875
1748975240029,-3.1067893981933596,-1.0689271545410157,6.468498687744141
1748975240096,-2.2052142333984377,-4.5972399902343755,8.099057922363281
1748975240161,-2.7488836669921874,-3.362457733154297,7.666607208251953
1748975240229,-3.5582505798339845,-3.276237030029297,7.602690124511719
1748975240296,-4.919070739746094,-4.05521713256836,7.3691757202148445
1748975240361,-3.7738023376464844,-4.297563171386719,7.3110964965820315
1748975240428,-3.5006204223632813,-3.938310241699219,7.4818913269042975
1748975240495,-3.572920074462891,-5.297034759521485,7.805518341064453
1748975240566,-4.175117797851563,-5.293292541503907,7.759414215087891
1748975240629,-3.8420603942871097,-8.26042236328125,12.043056335449219
1748975240695,-3.479664001464844,-3.6244129943847656,7.155120849609375
1748975240762,-1.1541000366210938,-3.2814761352539064,6.419550476074219
1748975240829,-2.3833438110351564,-5.728287963867188,7.378905487060547
1748975240896,-2.545606384277344,-5.454058227539063,6.079757080078125
1748975240961,-1.8359321594238283,-6.8954109191894535,7.188501434326172
1748975241029,0.22243743896484375,-5.94009750366211,5.652395782470704
1748975241096,-0.17109420776367187,-5.639223175048828,8.77774658203125
1748975241161,-1.8907182312011719,-4.4863206481933595,9.833052062988282
1748975241229,-2.194885711669922,-4.512965240478516,9.557026062011719
1748975241296,-2.5188121032714843,-4.233646087646485,8.171058197021484
1748975241362,-2.688110046386719,-4.97969467163086,10.664572906494142
1748975241429,-2.9066555786132815,-2.9353958129882813,8.733738098144531
1748975241496,-2.1375549316406253,-5.868396606445312,10.319839782714844
1748975241562,-4.437671813964844,-5.372627563476563,9.08146499633789
1748975241629,-3.7152740478515627,-2.6005421447753907,6.349047088623047
1748975241695,-2.7759773254394533,-4.835095367431641,8.099656677246093
1748975241766,-2.198777618408203,-6.768923950195313,8.470435638427734
1748975241829,-2.1210891723632814,-4.334087219238281,6.509363708496094
1748975241896,-1.4227912902832032,-5.469326477050782,7.683222656250001
1748975241963,-2.6303302001953126,-6.550677795410157,7.85611312866211
1748975242029,-3.7486546325683596,-7.998167724609376,12.255913696289063
1748975242096,-3.531007232666016,-1.9249969482421876,7.168592834472657
1748975242161,-1.5281721496582032,-1.7932708740234375,7.387737121582032
1748975242229,-3.5832485961914062,-5.92288330078125,9.733059997558595
1748975242295,-3.6021093750000004,-3.1269973754882816,6.534212036132812
1748975242368,-2.113005981445313,-3.247496795654297,7.5892181396484375
1748975242429,-2.211650848388672,-3.929927673339844,8.541388092041016
1748975242495,-2.0507354736328125,-2.1710852050781253,8.727301483154298
1748975242562,-1.857187957763672,-2.5635690307617187,9.867779846191407
1748975242629,-2.595901794433594,-3.8537361145019533,10.734178161621095
1748975242696,-2.9903315734863285,-4.82596435546875,9.80281494140625
1748975242762,-3.490591278076172,-4.762646026611328,10.1692529296875
1748975242829,-2.594853973388672,-1.4199472045898438,8.008795623779298
1748975242896,-3.664230194091797,-6.427633666992188,9.914033660888672
1748975242961,-4.22765853881836,-4.696333923339844,6.775210876464844
1748975243029,-2.168839874267578,-3.442840576171875,6.655010833740235
1748975243096,-2.852168884277344,-5.0302894592285154,6.8549949645996096
1748975243161,-2.8201354980468754,-4.256698150634766,6.972650299072266
1748975243229,-2.545606384277344,-4.680466918945313,7.928712158203125
1748975243296,-2.6039849853515626,-4.771028594970703,8.613088989257813
1748975243361,-2.737357635498047,-4.809947662353516,10.188263397216797
1748975243429,-3.5616934204101565,-5.8862095642089844,10.92892318725586
1748975243496,-3.605701904296875,-3.2109727478027343,8.255183258056642
1748975243568,-2.647694091796875,-3.144361267089844,7.809709625244141
1748975243629,-3.1148725891113282,-5.5271063232421875,9.302106170654298
1748975243695,-2.8764184570312503,-3.419638824462891,7.31199462890625
1748975243767,-2.1143531799316406,-5.281616821289063,7.784112854003907
1748975243829,-1.1163784790039064,-4.532424774169922,7.746091918945313
1748975243896,-1.599723358154297,-4.796475677490235,7.384144592285157
1748975243961,-1.4343173217773437,-5.903423767089844,8.450676727294923
1748975244029,-1.5581098937988282,-4.0478823852539065,6.962621154785157
1748975244096,-2.3273602294921876,-5.349425811767579,8.768914947509765
1748975244162,-3.231031036376953,-5.936654663085938,10.547067260742189
1748975244229,-3.636537780761719,-3.194806365966797,9.20929916381836
1748975244296,-3.3425491333007815,-4.771028594970703,8.627608795166015
1748975244361,-3.438948669433594,-5.97841781616211,8.409212951660157
1748975244429,-2.5593777465820313,-3.1657667541503907,6.573580169677735
1748975244495,-2.2538630676269533,-4.740492095947266,7.380552062988282
1748975244567,-2.5797354125976564,-5.33176254272461,7.3338491821289065
1748975244629,-2.6997857666015626,-4.403692474365235,6.891369323730469
1748975244696,-2.2995181274414063,-5.087021484375001,7.754773864746094
1748975244761,-2.551444244384766,-4.710105285644532,8.335117034912109
1748975244829,-3.150797882080078,-5.120851135253907,9.423653411865235
1748975244896,-4.092639312744141,-7.223528594970704,11.072175292968751
1748975244961,-3.457210693359375,-4.573289794921875,7.397766265869141
1748975245029,-1.2986993408203125,-3.158881072998047,6.609355773925782
1748975245096,-2.937192077636719,-6.99630111694336,7.947572937011719
1748975245161,-3.228037261962891,-5.375321960449219,6.20594467163086
1748975245229,-1.7724641418457032,-5.799539794921875,7.158264312744141
1748975245296,-1.3714480590820313,-4.393363952636719,7.304510192871094
1748975245362,-1.758992156982422,-5.922733612060547,8.190068664550783
1748975245429,-1.751657409667969,-4.271217956542969,7.587272186279297
1748975245496,-2.0243902587890625,-5.865552520751954,8.662037200927735
1748975245566,-2.7821145629882813,-7.0461474609375,9.878108367919923
1748975245629,-2.7641519165039066,-4.4116259765625,8.788075103759766
1748975245696,-1.7335450744628906,-4.062102813720704,6.839427337646485
1748975245762,-3.004402313232422,-7.051835632324219,9.369615783691406
1748975245828,-2.5999433898925783,-2.805166625976563,6.712790679931641
1748975245895,-2.604733428955078,-4.444258117675782,7.147037658691406
1748975245962,-2.581681365966797,-4.9900231933593755,7.499554595947266
1748975246029,-2.3547532653808596,-3.6061509704589847,7.372319183349609
1748975246096,-2.102677459716797,-4.943769378662109,8.449778594970704
1748975246161,-2.240241394042969,-4.649331665039063,8.855584716796875
1748975246229,-2.4604335021972656,-4.966222686767578,10.016121368408204
1748975246296,-3.5718722534179688,-6.208040313720703,10.670859832763673
1748975246361,-3.0000613403320315,-2.5035438537597656,7.969876556396485
1748975246429,-2.3558010864257812,-5.078489227294922,9.856702880859375
1748975246496,-2.698288879394531,-5.507946166992188,7.179969177246094
1748975246563,-2.5545877075195316,-5.563480682373047,7.225025482177735
1748975246629,-1.384021911621094,-4.158202972412109,7.5559872436523445
1748975246696,-1.4639556884765625,-4.015399932861328,7.141199798583985
1748975246762,-1.6398399353027344,-3.6107913208007814,7.588769073486328
1748975246829,-1.5355068969726564,-3.945345611572266,8.353977813720704
1748975246896,-2.5213568115234377,-4.561314697265625,9.07278305053711
1748975246967,-2.5177642822265627,-3.9583685302734377,9.237889709472658
1748975247029,-2.9359945678710937,-5.78876220703125,11.692784729003908
1748975247096,-3.3950898742675784,-2.1540206909179687,7.370373229980469
1748975247162,-2.173330535888672,-4.595892791748047,7.655081176757813
1748975247229,-2.6792784118652344,-5.71975570678711,9.77976287841797
1748975247296,-2.7487339782714844,-4.405339050292969,7.373367004394532
1748975247361,-1.8432669067382814,-4.277953948974609,7.045698394775391
1748975247429,-2.2073098754882814,-5.071453857421875,7.159012756347656
1748975247496,-2.8225305175781252,-4.2391845703125,7.399412841796876
1748975247561,-3.1783406066894533,-4.368815002441407,7.908504180908204
1748975247629,-2.871778106689453,-3.6283049011230473,8.330476684570312
1748975247696,-2.8231292724609376,-3.660188598632813,9.12158157348633
1748975247762,-3.3861085510253908,-5.29344223022461,10.99882781982422
1748975247829,-4.111949157714844,-4.703369293212891,8.940009155273438
1748975247896,-0.6018983459472657,-2.3559507751464843,6.117179260253907
1748975247962,-1.2469070434570313,-7.426207122802735,10.516081695556641
1748975248029,-2.883603515625,-5.944288787841797,6.254892883300782
1748975248096,-0.5046006774902344,-5.66901123046875,7.016060028076172
1748975248162,-0.8617579650878907,-5.111720123291016,7.2968760681152345
1748975248229,-1.7317488098144531,-4.939578094482422,7.8728782653808596
1748975248296,-1.8456619262695313,-4.434528350830078,8.553213500976563
1748975248362,-2.525099029541016,-4.016298065185547,8.689879302978516
1748975248429,-2.6301805114746095,-4.003873901367188,8.606352996826173
1748975248496,-2.0904029846191405,-3.022364959716797,8.836274871826172
1748975248561,-1.3939013671875,-5.747597808837891,8.577762451171875
1748975248629,-3.997137908935547,-5.832171936035157,11.862082672119142
1748975248696,-3.9101687622070314,-1.089584197998047,7.070696411132813
1748975248762,-3.286864929199219,-3.56618408203125,8.911717987060547
1748975248829,-2.7475364685058596,-4.802762603759766,9.885742492675782
1748975248896,-2.870580596923828,-4.786895599365234,8.731043701171876
1748975248962,-3.446283416748047,-5.701194305419922,8.270601196289062
1748975249029,-2.382745056152344,-5.439688110351563,7.981402587890625
1748975249096,-1.8541941833496094,-5.2241363525390625,7.22577392578125
1748975249161,-0.7596702575683594,-4.888234863281251,6.389163665771485
1748975249229,-1.0403366088867188,-4.671485595703126,6.49529296875
1748975249296,-1.7083973693847656,-5.743556213378906,9.043743438720703
1748975249361,-4.183051300048828,-6.17241439819336,12.188853149414063
1748975249429,-4.204905853271485,-0.2689906311035156,8.855435028076172
1748975249496,-3.9532791137695313,-4.339625701904297,11.11333969116211
1748975249561,-3.6839891052246094,-3.070115661621094,7.357050933837891
1748975249629,-2.576891326904297,-2.939736785888672,7.821085968017578
1748975249695,-2.1655467224121097,-2.4492068481445313,8.273145904541016
1748975249761,-2.5535398864746095,-3.65719482421875,8.969198455810547
1748975249829,-2.411634979248047,-3.228037261962891,8.20009780883789
1748975249896,-1.8609301757812502,-2.970572662353516,8.12630126953125
1748975249961,-2.8163932800292972,-4.142335968017578,9.099277954101563
1748975250029,-3.938759307861328,-4.559668121337891,9.212442626953125
1748975250096,-4.527634735107422,-4.947361907958984,11.453133087158204
1748975250161,-3.3711396789550783,-0.42870849609375,6.890022125244141
1748975250229,-3.0588890075683595,-5.997877349853516,9.097631378173828
1748975250296,-3.8395156860351562,-4.9404762268066404,7.697443084716797
1748975250361,-2.821033630371094,-3.7652700805664066,7.325466613769532
1748975250429,-2.5716522216796878,-4.2926234436035156,6.907835083007813
1748975250496,-3.3177008056640624,-3.554208984375,6.977290649414063
1748975250566,-4.226161651611329,-1.924248504638672,8.310867462158203
1748975250629,-4.130809936523438,-2.0414547729492187,8.781937866210939
1748975250696,-4.190685424804688,-2.2216799926757815,9.174421691894532
1748975250765,-4.811145172119141,-3.393592987060547,10.76935501098633
1748975250829,-5.688321075439453,-3.8814285278320315,10.349927215576173
1748975250896,-4.0601568603515625,-1.983076171875,8.295299835205078
1748975250961,-3.037932586669922,-6.287525024414063,8.714877319335939
1748975251029,-2.7274781799316408,-4.377946014404297,5.478756866455078
1748975251096,-2.55548583984375,-2.825973358154297,6.396498413085938
1748975251162,-2.4327410888671874,-3.2407608032226562,7.557184753417969
1748975251229,-3.273692321777344,-3.773053894042969,7.799680480957032
1748975251296,-3.5248699951171876,-3.1784902954101564,8.287066955566406
1748975251362,-3.542982330322266,-3.9380108642578127,9.959239654541015
1748975251429,-4.902006225585938,-4.890480194091797,10.380763092041017
1748975251496,-5.397326202392579,-2.9563522338867188,8.877289581298829
1748975251561,-4.265380096435547,-1.5516732788085938,6.487958221435547
1748975251629,-4.554129638671875,-4.115391998291016,7.575446777343751
1748975251696,-5.227130126953125,-5.589376831054688,8.804091796875001
1748975251762,-4.246669006347656,-3.620820465087891,6.5731311035156255
1748975251829,-3.476370849609375,-4.080664215087891,6.8391279602050785
1748975251896,-3.8470001220703125,-4.4370730590820315,7.202123107910157
1748975251964,-4.503534851074219,-4.12227767944336,7.694449310302735
1748975252029,-4.65397201538086,-3.5657350158691408,7.931705932617188
1748975252096,-4.86233871459961,-3.4284704589843753,8.669970703125001
1748975252162,-6.427633666992188,-7.549999694824219,10.809471588134766
1748975252229,-4.660109252929688,-1.6295114135742188,7.148833923339844
1748975252296,-2.1008811950683595,-1.264420623779297,6.177803192138672
1748975252362,-3.0364356994628907,-6.863078155517578,8.875643005371094
1748975252429,-4.09593246459961,-5.593119049072266,7.459737396240235
1748975252496,-2.7078689575195316,-3.963158569335938,7.195985870361328
1748975252562,-1.2395722961425781,-4.281247100830078,7.782017211914063
1748975252629,-1.945803680419922,-5.60195068359375,8.023016052246094
1748975252696,-2.509681091308594,-4.276606750488281,7.786807250976563
1748975252761,-3.284769287109375,-4.693340148925781,8.955726470947265
1748975252829,-4.232298889160156,-4.62762680053711,9.340875549316406
1748975252896,-5.446274414062501,-5.665119323730469,10.520272979736328
1748975252961,-4.624483337402344,-1.5429913330078127,5.934109954833985
1748975253029,-4.0707847595214846,-4.717440032958985,7.018455047607422
1748975253096,-5.357359313964844,-4.367018737792969,8.614286499023438
1748975253162,-5.429658966064453,-3.289409637451172,7.2473291015625
1748975253229,-4.2572969055175784,-3.5777101135253906,7.160210266113282
1748975253296,-4.024680633544922,-4.395908660888672,7.725285186767579
1748975253361,-3.5973193359375,-4.4634182739257815,7.380701751708985
1748975253428,-3.403921508789063,-3.716621246337891,7.641459503173828
1748975253496,-3.789669342041016,-3.015030212402344,8.467142486572266
1748975253563,-4.203858032226563,-3.29794189453125,9.053622894287109
1748975253629,-4.551734619140626,-2.9359945678710937,8.838819580078125
1748975253696,-5.7999888610839845,-5.031786346435547,10.620714111328125
1748975253761,-5.1184561157226565,-1.2590318298339844,7.020850067138673
1748975253829,-4.108206939697266,-0.4938230895996094,8.319699096679688
1748975253896,-5.551355895996094,-4.7756689453125,11.261082458496094
1748975253962,-5.235662384033203,-3.1295420837402346,5.934409332275391
1748975254029,-4.129911804199219,-4.217330017089844,7.3533087158203125
1748975254096,-2.7629544067382814,-3.3497341918945316,7.120542755126953
1748975254161,-2.5548870849609377,-3.403921508789063,7.361840972900391
1748975254229,-2.544708251953125,-3.701203308105469,8.521778869628907
1748975254296,-3.5302587890625,-2.884351959228516,8.546477508544923
1748975254361,-4.994663543701172,-2.2773641967773437,9.872569885253906
1748975254429,-6.062991943359376,-2.4206163024902345,9.988878021240234
1748975254496,-5.616470489501953,0.31404693603515627,8.252039794921876
1748975254561,-6.6189358520507815,-2.2915846252441407,8.19470901489258
1748975254629,-6.0185343933105475,-3.2602203369140628,6.004912719726563
1748975254696,-5.097799072265626,-4.4177632141113286,7.425159301757813
1748975254761,-5.1732421875000005,-2.6423052978515624,7.01980224609375
1748975254829,-5.007686462402344,-3.3641043090820313,6.764582977294922
1748975254896,-4.598736877441406,-3.4486784362792973,6.762637023925782
1748975254961,-3.878883819580078,-2.9668304443359377,7.308402099609375
1748975255029,-4.199517059326172,-3.3762290954589846,7.671846313476563
1748975255096,-4.788542175292969,-3.2364198303222658,8.40741668701172
1748975255162,-4.9758027648925784,-3.0289512634277345,9.454788665771485
1748975255229,-6.7949697875976565,-4.872667236328125,11.919413452148438
1748975255296,-4.850213928222656,-0.8187973022460938,6.550228729248047
1748975255362,-4.114344177246094,-1.2064910888671876,7.072642364501953
1748975255429,-4.327500915527344,-5.224884796142578,9.890682220458984
1748975255496,-3.881877593994141,-2.628084869384766,7.190597076416016
1748975255562,-3.3726365661621096,-2.5882676696777347,7.383994903564454
1748975255629,-2.3568489074707033,-3.1262489318847657,7.851921844482423
1748975255696,-2.6634114074707034,-3.227139129638672,7.762258300781251
1748975255762,-3.1783406066894533,-3.1955548095703126,8.092920684814453
1748975255829,-3.9248382568359377,-2.9330007934570315,8.999285888671876
1748975255896,-4.735702056884766,-2.699037322998047,9.472751312255859
1748975255962,-5.760021972656251,-3.5329531860351566,10.429561614990234
1748975256029,-6.1258612060546875,-1.366208953857422,9.663005676269531
1748975256095,-5.381159820556641,-2.030677185058594,6.558760986328125
1748975256162,-4.847070465087891,-3.0154792785644533,8.322094116210938
1748975256229,-5.179229736328125,-2.508483581542969,7.408094787597657
1748975256295,-5.241350555419922,-3.1546897888183594,6.712940368652344
1748975256362,-4.851112060546876,-2.7991790771484375,7.2000274658203125
1748975256428,-4.512965240478516,-2.9069549560546877,7.630382537841797
1748975256495,-4.204307098388672,-3.088078308105469,7.604486389160157
1748975256562,-3.9276823425292973,-2.9102481079101565,7.438331909179688
1748975256628,-4.118535461425782,-3.1063403320312504,8.924591217041016
1748975256695,-5.139262847900391,-2.3809487915039065,10.560239868164063
1748975256766,-6.244564361572266,-2.916984100341797,10.204130401611328
1748975256829,-4.37375473022461,1.3739927673339845,7.645351409912109
1748975256895,-4.703668670654297,-2.662213897705078,11.25988494873047
1748975256967,-3.809727630615235,-2.3477178955078126,8.32748291015625
1748975257029,-2.175875244140625,-2.109862518310547,8.196954345703125
1748975257095,-2.4065455627441406,-0.49367340087890627,8.027357025146484
1748975257162,-0.7800279235839844,-0.5559439086914063,8.05445068359375
1748975257229,-1.5132032775878907,-1.281185760498047,7.718998260498047
1748975257295,-3.339854736328125,-5.566923522949219,9.638307037353517
1748975257368,-3.2944990539550782,-5.4865406799316405,11.765234069824219
1748975257428,-4.316423950195313,-4.884642333984376,9.728868713378906
1748975257495,-6.341412963867188,-6.2086390686035156,9.230105895996095
1748975257567,-5.325625305175781,-2.0471429443359375,5.893993377685547
1748975257628,-4.501139831542969,-6.328689422607423,7.498207397460938
1748975257696,-5.4266651916503905,-4.3894720458984375,7.382198638916016
1748975257762,-5.437891845703125,-3.161126403808594,5.958509216308594
1748975257829,-5.589676208496094,-4.033063201904297,6.511609039306641
1748975257896,-5.845943298339844,-4.505331115722656,7.085515594482422
1748975257961,-5.569318542480469,-3.853436737060547,6.409820709228516
1748975258029,-5.474715270996094,-4.740492095947266,6.2316911315917976
1748975258096,-5.0409173583984375,-4.7786627197265625,7.018005981445313
1748975258161,-4.931943969726563,-4.632865905761719,9.195677490234376
1748975258229,-6.210585021972657,-4.40923095703125,9.767189025878906
1748975258296,-5.097499694824219,0.1586700439453125,7.074139251708985
1748975258361,-5.557343444824219,-2.4676185607910157,9.029373321533203
1748975258429,-5.700146484375001,-2.981350250244141,7.152276763916016
1748975258496,-4.844076690673829,-2.4334895324707033,6.433321838378906
1748975258562,-4.4105781555175785,-3.576512603759766,6.456673278808594
1748975258629,-3.757635955810547,-3.352877655029297,7.36752914428711
1748975258696,-3.972289581298828,-2.992277526855469,7.1667965698242195
1748975258762,-3.4687367248535157,-2.1209394836425783,9.029523010253907
1748975258829,-5.056035919189453,-2.1918919372558596,10.90931396484375
1748975258896,-6.743626556396484,-4.263284454345703,11.587703247070314
1748975258961,-5.451962585449219,-1.5989749145507812,9.443861389160157
1748975259029,-4.739593963623047,-0.7674540710449219,5.81795150756836
1748975259096,-5.332211608886719,-4.853207702636719,7.533833312988282
1748975259162,-6.147416381835938,-5.796995086669922,7.036866760253907
1748975259229,-5.913452911376954,-3.344345397949219,5.031636657714844
1748975259296,-4.0179446411132815,-4.006119232177735,5.995781707763673
1748975259361,-2.7954368591308594,-3.5356475830078127,7.0714448547363284
1748975259429,-4.111649780273438,-3.655847625732422,8.618477783203126
1748975259496,-6.1435244750976565,-3.4179922485351564,8.609346771240235
1748975259562,-6.095025329589844,-3.3593142700195315,9.361831970214844
1748975259629,-5.186714172363281,-3.034040679931641,9.988428955078126
1748975259695,-5.408702545166016,-4.677772521972656,10.512040100097657
1748975259762,-3.7021014404296877,0.04460723876953125,6.6259712219238285
1748975259829,-3.7809873962402345,-6.57238265991211,10.984158325195313
1748975259896,-3.6922219848632816,-3.6317477416992188,7.389832763671875
1748975259961,-3.095113677978516,-4.548441467285157,6.579717407226563
1748975260029,-2.1152513122558596,-4.857997741699219,7.105274505615235
1748975260095,-1.8594332885742189,-4.155508575439454,7.303612060546875
1748975260162,-1.6865428161621094,-4.9385302734375,8.246950378417969
1748975260229,-2.405946807861328,-3.7820352172851566,8.208480377197265
1748975260296,-3.2683035278320314,-4.642445983886719,8.72311019897461
1748975260361,-5.2642529296875,-5.5200709533691406,9.890083465576172
1748975260429,-5.739364929199219,-3.419938201904297,9.682465209960938
1748975260496,-4.9440687561035155,-2.3902294921875002,8.165220336914063
1748975260562,-5.745053100585938,-4.479434967041016,8.718619537353517
1748975260629,-4.498744812011719,-2.5941055297851565,5.959706726074219
1748975260695,-4.41447006225586,-4.1483235168457036,7.29283447265625
1748975260762,-4.730612640380859,-3.565884704589844,7.718399505615235
1748975260829,-4.604724426269532,-3.6453694152832035,7.193441162109376
1748975260896,-4.123325500488281,-4.292773132324219,7.07054672241211
1748975260962,-3.648512878417969,-4.468807067871094,7.141499176025391
1748975261029,-4.188290405273437,-4.349954223632813,8.64886459350586
1748975261096,-5.000501403808594,-4.562362518310547,9.66914291381836
1748975261163,-5.318290557861328,-5.647755432128907,9.715696105957031
1748975261229,-4.158202972412109,-0.5237608337402344,6.330335998535157
1748975261296,-3.5687287902832034,-3.513194274902344,8.043224029541015
1748975261362,-4.687951354980469,-5.801036682128906,8.024213562011719
1748975261428,-4.597689056396485,-4.357139282226563,6.868766326904297
1748975261495,-3.503763885498047,-4.5479924011230475,7.2494247436523445
1748975261562,-2.807861022949219,-4.036655731201172,6.709946594238281
1748975261628,-2.6993367004394533,-4.614454193115234,7.641309814453125
1748975261695,-3.108585662841797,-3.5305581665039063,7.642058258056641
1748975261762,-3.3350646972656253,-4.156107330322266,8.679999847412109
1748975261828,-4.094734954833984,-4.579427032470703,9.650880889892578
1748975261895,-5.758824462890625,-5.001100158691407,11.109298095703126
1748975261965,-5.418282623291016,-1.3650114440917969,7.711513824462891
1748975262028,-4.228406982421875,-3.284320220947266,7.753576354980469
1748975262095,-4.119283905029297,-4.906646575927734,8.69481903076172
1748975262162,-4.247417449951172,-3.326981506347656,7.007228393554688
1748975262228,-3.7317398071289065,-3.453169097900391,7.339537353515626
1748975262295,-3.466641082763672,-3.4262251281738285,7.391778717041016
1748975262368,-3.507506103515625,-4.031117248535156,7.5540412902832035
1748975262428,-3.892804870605469,-3.8889129638671878,7.925419006347656
1748975262495,-3.802991638183594,-3.9127134704589848,8.642427978515625
1748975262562,-3.916904754638672,-2.525398406982422,7.9062588500976565
1748975262629,-4.553979949951172,-3.2732432556152347,8.894503784179689
1748975262696,-5.498366088867188,-5.1220486450195315,10.219398651123047
1748975262762,-4.845723266601563,-3.8803807067871094,7.275470581054688
1748975262829,-1.8964064025878906,-2.6563760375976564,5.631289672851563
1748975262896,-2.391277313232422,-4.6765750122070315,9.924362182617188
1748975262962,-3.7652700805664066,-5.320535888671875,7.589816894531251
1748975263029,-1.8558407592773438,-5.176385650634766,7.597900085449219
1748975263096,-1.635498962402344,-4.249064025878907,8.258775787353516
1748975263162,-2.724334716796875,-4.1481738281250005,8.433163146972657
1748975263229,-3.1566357421875,-4.0300694274902344,8.133186950683594
1748975263296,-3.2421080017089845,-2.824925537109375,7.251520385742188
1748975263362,-3.818858642578125,-3.5284625244140626,8.563991088867187
1748975263429,-4.817881164550782,-3.7344342041015626,9.345515899658203
1748975263496,-5.3772679138183594,-5.164560241699219,11.147768096923828
1748975263562,-4.24831558227539,-1.945803680419922,8.147257690429688
1748975263629,-3.071462860107422,-2.6201513671875003,6.605763244628907
1748975263696,-3.462898864746094,-5.509443054199219,9.503736877441407
1748975263762,-4.497996368408203,-3.8040394592285156,7.890092468261719
1748975263829,-4.27555892944336,-4.654271392822266,7.224127349853516
1748975263896,-3.271446990966797,-5.1941986083984375,7.789801025390625
1748975263962,-3.191213836669922,-4.512965240478516,7.192992095947266
1748975264029,-2.8086094665527344,-4.891977081298829,7.1067713928222656
1748975264096,-2.701731719970703,-4.503385162353516,7.509134674072266
1748975264162,-3.187172241210938,-4.07871826171875,7.890990600585938
1748975264229,-3.227139129638672,-3.2257919311523438,9.153465270996094
1748975264296,-4.413272552490235,-4.743785247802735,10.332713012695313
1748975264362,-5.6151232910156255,-5.165458374023438,8.221203918457032
1748975264429,-3.9715411376953127,-2.3299049377441405,7.047494659423829
1748975264496,-3.8121226501464847,-4.432732086181641,9.196425933837892
1748975264562,-3.8712496948242188,-3.999532928466797,7.075486450195313
1748975264629,-3.2724948120117188,-4.5213478088378904,7.524253234863282
1748975264696,-2.2502705383300783,-4.068389739990234,7.695347442626954
1748975264762,-1.3115725708007813,-4.834646301269531,8.557554473876953
1748975264829,-2.7635531616210938,-4.8560517883300784,8.070617065429689
1748975264896,-3.4253269958496095,-4.538711700439453,7.7722874450683594
1748975264962,-3.464246063232422,-4.071682891845703,7.839797058105469
1748975265029,-3.5119967651367188,-4.753814392089844,8.497080230712891
1748975265096,-4.760999450683594,-6.477030944824219,10.317594451904297
1748975265162,-4.000431060791016,-3.1260992431640626,6.888824615478516
1748975265229,-3.0817913818359375,-4.690046997070313,6.639592895507813
1748975265296,-2.8707302856445316,-6.801107025146485,9.264983367919923
1748975265362,-2.695145416259766,-5.698050842285157,6.035598907470703
1748975265428,-2.4063958740234375,-5.199138336181641,6.239025878906251
1748975265496,-2.9723689270019533,-6.588549041748047,7.270979919433594
1748975265562,-3.078348541259766,-4.646936645507813,6.727909240722656
1748975265629,-3.5952236938476565,-4.929698638916016,7.550299072265625
1748975265696,-3.2988400268554687,-4.828059997558594,7.646997985839844
1748975265763,-3.7452117919921877,-5.528004455566407,8.05924072265625
1748975265829,-4.070335693359375,-6.324647827148437,9.208401031494141
1748975265896,-4.338577880859376,-4.7294151306152346,7.1658984375
1748975265962,-2.461780700683594,-3.8851707458496096,6.207291870117188
1748975266029,-2.2531146240234374,-6.7686245727539065,8.379873962402344
1748975266096,-2.162403259277344,-6.436315612792969,6.824159088134766
1748975266162,-1.6155903625488282,-5.423821105957032,7.705975341796876
1748975266229,-1.785337371826172,-5.06546630859375,7.860005035400391
1748975266296,-2.445464630126953,-4.472549285888672,8.099656677246093
1748975266362,-3.002007293701172,-4.333488464355469,8.058641967773438
1748975266428,-3.409160614013672,-4.066144409179688,7.745642852783203
1748975266496,-3.6074981689453125,-4.071832580566406,8.662935333251953
1748975266562,-3.9556741333007817,-4.540208587646484,8.724457397460938
1748975266629,-4.553830261230469,-5.462440795898438,11.26422592163086
1748975266696,-4.440216522216797,-1.521885223388672,6.21312973022461
1748975266762,-3.13029052734375,-4.386478271484375,7.213649139404297
1748975266829,-4.599185943603516,-5.609584808349609,9.687404937744141
1748975266896,-5.1554292297363284,-3.90627685546875,6.276597747802735
1748975266964,-4.487518157958984,-5.475613403320313,7.3109468078613284
1748975267029,-3.143612823486328,-4.998256072998047,6.690187683105469
1748975267096,-2.7735823059082034,-3.982618103027344,6.543043670654297
1748975267162,-3.4060171508789066,-5.327271881103516,7.4784484863281255
1748975267229,-3.603157196044922,-4.130809936523438,7.90401351928711
1748975267296,-3.7416192626953126,-3.4317636108398437,8.763526153564454
1748975267362,-4.747976531982422,-4.351600799560547,10.317444763183595
1748975267429,-5.645360412597657,-3.310964813232422,9.023685150146484
1748975267496,-4.036206665039063,-0.5463638305664062,7.844886474609376
1748975267562,-3.6420762634277346,-3.75299560546875,9.304800567626954
1748975267629,-2.9436286926269535,-4.8791038513183596,7.748486938476563
1748975267696,-2.135159912109375,-4.201463012695313,8.46684310913086
1748975267762,-1.9369720458984376,-3.9080731201171877,7.020251312255859
1748975267829,-2.771636352539063,-4.041894836425781,6.302942962646485
1748975267896,-3.190465393066406,-4.141886901855469,7.378306732177735
1748975267962,-3.337160339355469,-3.349434814453125,9.042096862792969
1748975268029,-4.205205230712891,-3.1494506835937504,9.960586853027344
1748975268096,-5.207371215820313,-5.02235595703125,11.43232635498047
1748975268162,-4.9530500793457035,-1.687141571044922,9.853858795166015
1748975268229,-3.9505847167968753,-2.821183319091797,7.196135559082031
1748975268296,-4.379143524169922,-5.976322174072266,9.588760070800781
1748975268362,-3.7314404296875003,-3.883224792480469,7.267537078857422
1748975268429,-3.394491119384766,-4.957840118408203,6.782096557617188
1748975268496,-2.888094177246094,-4.001628570556641,6.21507568359375
1748975268562,-3.1889685058593753,-3.550616455078125,7.2335577392578125
1748975268629,-3.7113821411132815,-4.001927947998047,7.941286010742188
1748975268696,-3.6616854858398438,-4.255201263427734,8.276289367675782
1748975268762,-4.365970916748047,-4.262835388183594,8.726852416992188
1748975268829,-5.231920166015625,-4.486919403076172,8.5981201171875
1748975268896,-4.51940185546875,-0.9328601074218751,7.251969451904297
1748975268962,-3.7172200012207033,-3.258124694824219,8.99284927368164
1748975269029,-3.7113821411132815,-3.157384185791016,7.518714752197266
1748975269096,-4.034560089111328,-5.854176177978516,9.703571319580078
1748975269162,-3.350183258056641,-2.7226881408691406,8.421786804199218
1748975269229,-0.9873468017578125,-1.550475769042969,7.258106689453125
1748975269296,-2.728226623535156,-3.3687446594238284,6.8743048095703125
1748975269362,-4.2767564392089845,-3.905977478027344,10.700797576904298
1748975269429,-5.691614227294922,-4.218527526855469,12.038415985107422
1748975269496,-5.370980987548829,-4.339326324462891,9.400751037597656
1748975269562,-3.440146179199219,-2.219284973144531,5.846392364501954
1748975269629,-3.676504669189453,-5.007087707519531,7.852370910644532
1748975269696,-4.816234588623047,-4.677024078369141,6.7229695129394536
1748975269762,-4.252656555175782,-3.1498997497558596,5.342091064453125
1748975269829,-3.891607360839844,-3.477568359375,6.808142395019532
1748975269896,-4.448599090576172,-3.8913079833984376,7.6474470520019535
1748975269962,-4.690346374511719,-3.550167388916016,8.01897445678711
1748975270029,-4.450694732666016,-3.1527438354492188,8.594826965332032
1748975270096,-4.31627426147461,-4.014651489257813,8.453670501708984
1748975270162,-3.82005615234375,-4.405488739013672,10.015672302246093
1748975270229,-4.4786865234375,-3.485651550292969,7.840246124267579
1748975270296,-3.501069488525391,-3.913162536621094,8.561296691894531
1748975270363,-3.002007293701172,-5.464237060546875,7.49686019897461
1748975270429,-2.5225543212890624,-4.486470336914063,5.680387573242188
1748975270496,-2.2635928344726564,-4.502936096191407,7.717800750732422
1748975270562,-3.153941345214844,-4.654720458984375,7.29807357788086
1748975270629,-3.0946646118164063,-3.8884638977050785,8.127798156738281
1748975270696,-3.7990997314453128,-3.7417689514160157,8.916657714843751
1748975270762,-4.4776387023925786,-4.2396336364746094,9.531578979492188
1748975270829,-4.274062042236328,-3.3861085510253908,8.511150970458985
1748975270896,-4.918471984863282,-4.014651489257813,9.768536224365235
1748975270962,-4.487967224121094,-1.5738272094726564,7.735763397216798
1748975271029,-5.227279815673828,-4.914280700683594,7.919730834960938
1748975271096,-4.893324279785157,-4.371509399414062,7.5029974365234375
1748975271162,-4.489464111328125,-3.7517980957031254,6.959477691650391
1748975271229,-4.171525268554688,-4.242328033447266,6.887178039550782
1748975271296,-3.8023928833007816,-4.143234100341797,6.5345114135742195
1748975271362,-3.5494189453125,-3.739523620605469,6.889423370361328
1748975271429,-3.630699920654297,-3.67635498046875,7.522606658935548
1748975271496,-4.778363342285156,-6.553072814941406,10.197095031738282
1748975271562,-5.525609436035157,-4.4511437988281255,10.975626068115234
1748975271629,-0.4872367858886719,1.1097921752929687,7.2664892578125
1748975271696,-3.5717225646972657,-5.110522613525391,11.407627716064454
1748975271762,-5.892496490478516,-1.4028826904296876,8.36430633544922
1748975271829,-6.469995574951172,-1.287472686767578,14.349310455322266
1748975271896,-7.179669799804688,-6.18438949584961,21.33872589111328
1748975271964,-3.3904495239257812,-4.551135864257812,13.902489624023438
1748975272029,-1.3555810546875,-1.9628681945800783,9.480235748291015
1748975272096,0.580792236328125,-3.140918426513672,3.7386254882812504
1748975272162,0.8710386657714844,1.2675640869140625,2.983894958496094
1748975272230,-0.6442602539062501,4.758155364990235,4.478387145996094
1748975272296,-2.9955706787109375,5.3052676391601565,5.909411315917969
1748975272362,-3.0058992004394534,4.805756378173828,8.086783447265626
1748975272429,2.626138916015625,8.564290466308595,8.433761901855469
1748975272496,1.766177215576172,6.93642562866211,6.5767236328125005
1748975272562,0.2029779052734375,4.7364505004882815,6.633305969238282
1748975272629,0.7881111145019531,5.959706726074219,6.606062622070313
1748975272696,0.34682876586914063,6.388864288330079,6.736142120361328
1748975272762,0.017513580322265625,7.227121124267579,6.192322998046875
1748975272829,-1.490600280761719,4.691394195556641,4.1923320007324225
1748975272896,-0.8876541137695313,7.936645660400391,6.360573120117188
1748975272962,-0.07409591674804687,7.959248657226563,3.048710174560547
1748975273029,-0.32362701416015627,6.757098541259766,9.732012176513672
1748975273096,0.4448748779296875,6.735393676757813,8.335117034912109
1748975273162,1.7500108337402345,6.879543914794922,3.9619610595703127
1748975273229,0.12289443969726563,6.195466461181641,4.771028594970703
1748975273296,-0.9505233764648438,7.495213623046875,6.61070297241211
1748975273362,-0.8590635681152344,6.972650299072266,5.480702819824219
1748975273429,-1.310973815917969,7.973918151855469,5.2594628906250005
1748975273496,-1.4590159606933595,7.514373779296875,5.5868321228027344
1748975273562,-0.7789801025390626,7.461982727050781,5.3949311828613284
1748975273629,-0.7204518127441406,8.24739944458008,5.966293029785157
1748975273696,-1.5810122680664063,8.29589859008789,7.821684722900391
1748975273763,-2.72792724609375,7.040459289550782,7.795638885498048
1748975273829,-1.7277072143554688,5.6345828247070315,6.480623474121094
1748975273896,-2.4333398437500002,6.519093475341797,7.546556854248047
1748975273962,-1.4711407470703126,5.780379638671875,7.104226684570313
1748975274029,-1.2994477844238281,5.752836914062501,6.410419464111328
1748975274096,-1.4385086059570313,6.139482879638672,7.151827697753907
1748975274162,-1.1870315551757813,6.561305694580079,6.362519073486329
1748975274229,-1.3968951416015625,7.037914581298828,6.703659667968751
1748975274296,-1.462159423828125,6.9922595214843755,6.159690856933594
1748975274362,-1.8907182312011719,6.9500473022460945,5.599705352783204
1748975274429,-1.5739768981933595,6.848857727050782,5.011278991699219
1748975274496,-2.734962615966797,6.212231597900391,10.390193481445314
1748975274562,-1.0482701110839845,3.956123199462891,5.912854156494141
1748975274629,0.9214837646484375,6.142626342773438,6.353687438964844
1748975274696,0.0718505859375,5.693709869384766,8.746761016845703
1748975274762,-1.2482542419433595,5.2558703613281255,10.319839782714844
1748975274829,-0.5007087707519532,4.255350952148437,9.345216522216797
1748975274896,-0.9960287475585938,5.02235595703125,8.438252563476563
1748975274962,-1.2748988342285157,5.223836975097656,8.402776336669922
1748975275030,-0.8779243469238281,4.853357391357422,7.9468244934082035
1748975275095,-1.4257850646972656,4.803960113525391,8.297545166015626
1748975275162,-0.8041278076171875,4.358935546875,7.42500961303711
1748975275230,0.02963836669921875,-0.46493316650390626,7.284002838134766
1748975275296,-5.113217010498047,2.252216491699219,8.460406494140626
1748975275362,-5.903274078369141,3.3849110412597656,10.201136627197267
1748975275429,-4.114044799804688,2.375410308837891,7.876021728515625
1748975275496,-4.271068267822266,1.6533119201660158,9.272767181396485
1748975275562,-4.293222198486328,0.07469467163085938,9.867330780029297
1748975275629,-5.123844909667969,2.0565733337402343,6.90529037475586
1748975275696,-6.3637165832519536,2.5795857238769533,8.807085571289063
1748975275762,-5.976621551513672,2.2950274658203127,7.7971357727050785
1748975275829,-6.841373291015626,0.8467890930175782,8.728948059082033
1748975275896,-7.870932312011719,2.129920806884766,8.309370574951172
1748975275962,-11.048075408935548,3.5152899169921876,9.192683715820314
1748975276029,-3.7914656066894534,0.18591339111328126,7.029082946777344
1748975276096,-6.690037994384766,0.75443115234375,5.291496276855469
1748975276162,-6.9407666015625,2.2079086303710938,5.371130676269532
1748975276229,-5.5711148071289065,0.43125320434570313,3.8182598876953127
1748975276296,-7.573949890136719,2.4445664978027346,4.318818969726562
1748975276362,-7.335645446777344,2.6680517578125,3.8276902770996095
1748975276429,-6.556665344238281,2.8806097412109377,4.217180328369141
1748975276496,-9.437873840332031,2.718047790527344,3.869603118896485
1748975276562,-7.557783508300782,1.8699114990234376,5.606591033935548
1748975276629,-9.81284408569336,3.0778994750976563,6.487509155273438
1748975276696,-6.8285000610351565,1.4545252990722657,5.222639465332032
1748975276762,-5.664819946289063,0.4243675231933594,5.616470489501953
1748975276830,-5.752986602783204,0.75922119140625,8.400531005859376
1748975276896,-5.634732513427735,0.9334588623046876,10.012229461669923
1748975276966,-4.6500801086425785,-0.3894900512695313,8.594078521728516
1748975277030,-4.6571154785156255,0.09235794067382813,8.55545883178711
1748975277096,-3.587290191650391,0.5836363220214844,8.863967285156251
1748975277162,-3.4151481628417972,-1.2373269653320313,9.11589340209961
1748975277230,-2.782713317871094,-2.1436921691894533,7.796686706542969
1748975277296,-3.2778836059570313,-3.3498838806152347,11.456875305175782
1748975277362,-4.791236572265626,-4.354893951416016,13.748609619140625
1748975277429,-4.868775329589844,1.3334271240234377,8.431965637207032
1748975277496,-2.708617401123047,-3.5985168457031254,11.79981216430664
1748975277562,-3.297642517089844,-1.8642233276367188,7.896529083251954
1748975277629,-2.95784912109375,-2.8898904418945315,7.264393615722657
1748975277696,-1.387764129638672,-3.7389248657226566,7.725434875488282
1748975277762,-1.717079315185547,-1.8660195922851563,7.698939971923829
1748975277829,-1.895508270263672,-3.161126403808594,8.853638763427735
1748975277896,-2.3704705810546876,-3.9853125,8.565188598632814
1748975277962,-3.309767303466797,-3.2956965637207034,13.198204193115235
1748975278029,-3.495381317138672,-1.2769944763183594,9.700577545166016
1748975278096,-2.809058532714844,-2.2010229492187503,10.19604721069336
1748975278162,-2.9678782653808593,-0.9538165283203125,6.980284423828126
1748975278229,-3.8119729614257816,-4.037404174804688,8.264913024902345
1748975278296,-3.847149810791016,-1.2973521423339844,10.70858139038086
1748975278362,-3.405568084716797,-2.889441375732422,7.000492401123047
1748975278429,-3.047662353515625,-3.077300720214844,8.072712707519532
1748975278496,-2.725232849121094,-1.3849200439453127,7.632178802490235
1748975278562,-3.000809783935547,-2.039059753417969,9.047036590576173
1748975278629,-2.0733384704589843,-2.3269111633300783,9.62169158935547
1748975278696,-1.7121395874023437,-2.3044578552246096,9.105714569091797
1748975278762,-1.380728759765625,-3.7697607421875,11.42798538208008
1748975278829,-3.3644036865234375,-3.4024246215820315,10.008487243652345
1748975278896,-2.7309210205078127,0.4712200927734375,7.543263702392578
1748975278962,-1.3980926513671876,-4.186793518066406,12.075838165283203
1748975279029,-2.6071284484863284,-2.222278747558594,7.908354492187501
1748975279096,-2.4301963806152345,-3.449576568603516,8.562793579101562
1748975279162,-2.266885986328125,-2.9322523498535156,8.37433547973633
1748975279229,-1.632056121826172,-3.1951057434082033,8.437504119873047
1748975279296,-0.968785400390625,-3.2778836059570313,8.647068328857422
1748975279362,-1.6527131652832032,-4.170028381347657,9.11978530883789
1748975279429,-2.520608367919922,-3.5128948974609377,8.981472930908204
1748975279496,-3.5350488281250003,-4.168082427978516,9.557175750732423
1748975279562,-4.499792633056641,-4.3828857421875,11.280392303466797
1748975279629,-3.8351747131347658,0.3403921508789063,7.110513610839844
1748975279696,-3.090922393798828,-3.4419424438476565,8.623267822265625
1748975279762,-4.914280700683594,-3.7417689514160157,9.185947723388672
1748975279829,-3.994593200683594,-2.045196990966797,7.673642578125
1748975279896,-3.4878968811035156,-3.001558227539063,8.30727493286133
1748975279962,-3.5585499572753907,-3.65719482421875,7.952961730957032
1748975280029,-3.2813264465332033,-3.7541931152343753,8.056097259521485
1748975280096,-2.7427464294433594,-3.6958145141601566,8.177345123291015
1748975280163,-2.4780967712402346,-3.877386932373047,8.054300994873048
1748975280229,-2.5548870849609377,-3.3187486267089845,8.531808013916017
1748975280296,-3.349434814453125,-4.365821228027344,10.35172348022461
1748975280362,-4.787943420410157,-4.855902099609375,10.071356506347657
1748975280429,-3.6277061462402345,-1.0330018615722656,7.994724884033204
1748975280496,-3.107687530517578,-3.3618589782714845,10.178533630371094
1748975280562,-3.926335144042969,-3.151696014404297,7.501051483154297
1748975280629,-3.700005798339844,-4.054319000244141,7.004833374023438
1748975280696,-2.993475036621094,-3.3317715454101564,7.58068588256836
1748975280763,-2.6027874755859375,-2.9295579528808595,8.250393218994141
1748975280829,-1.8516494750976564,-2.8839028930664066,8.676856384277345
1748975280896,-2.214045867919922,-2.9282107543945313,8.463549957275392
1748975280962,-2.731519775390625,-2.711012420654297,9.87945556640625
1748975281030,-3.3905992126464843,-3.1952554321289064,9.148525543212891
1748975281096,-4.212240600585938,-3.595972137451172,11.655362548828126
1748975281162,-3.8651124572753908,-0.2700384521484375,7.775730285644531
1748975281229,-4.795727233886719,-4.389921112060547,8.556806030273439
1748975281296,-3.5271153259277344,-3.228186950683594,7.887996826171875
1748975281362,-2.985391845703125,-2.3465203857421875,7.37905517578125
1748975281429,-3.8113742065429688,-3.3416510009765625,7.771988067626953
1748975281496,-3.786076812744141,-3.006797332763672,7.191046142578125
1748975281562,-3.556454315185547,-4.150419158935547,8.507259063720703
1748975281629,-2.960393829345703,-3.6372862243652344,8.676107940673829
1748975281696,-2.9928762817382815,-3.4133518981933597,9.049281921386719
1748975281763,-4.202510833740234,-5.861510925292969,12.724589080810548
1748975281829,-4.482578430175781,-2.6852659606933593,8.90707763671875
1748975281896,-1.9854711914062502,-1.4970368957519533,9.43353286743164
1748975281967,-4.624932403564453,-1.6110997009277344,10.591674499511718
1748975282030,-3.237467651367188,-3.3006362915039062,5.360353088378907
1748975282096,-1.1117381286621095,-5.685027923583984,7.118596801757813
1748975282162,0.09086105346679688,-3.886817321777344,7.837102661132813
1748975282230,-1.327738952636719,-5.498066711425782,9.332492980957031
1748975282296,-1.063089294433594,-5.042713623046875,8.690328369140625
1748975282362,-0.9738748168945313,-3.766168212890625,8.55830291748047
1748975282429,-2.242037658691406,-3.810326385498047,11.152707824707031
1748975282496,-4.845274200439453,-3.5173855590820313,9.787846069335938
1748975282562,-3.989354095458985,-1.2473561096191408,6.9536398315429695
1748975282629,-4.395908660888672,-3.8263430786132813,9.812544708251954
1748975282696,-5.61916488647461,-0.7613168334960938,6.7440756225585945
1748975282762,-4.915178833007813,-0.9336085510253906,7.6860667419433595
1748975282829,-4.289330291748047,-1.3838722229003908,7.991282043457032
1748975282896,-4.804259490966797,-2.485132141113281,8.152197418212891
1748975282962,-4.328997802734375,-2.2112017822265626,8.345595245361329
1748975283030,-4.300107879638672,-2.1225860595703128,8.974886627197266
1748975283096,-4.115391998291016,-2.1011805725097656,9.050479431152343
1748975283162,-3.96854736328125,-2.992427215576172,10.676248626708984
1748975283229,-4.755011901855469,-2.6337730407714846,9.458979949951173
1748975283296,-3.0135333251953127,0.21046234130859376,5.8721388244628905
1748975283363,-2.4936643981933595,-5.983357543945313,12.19633758544922
1748975283430,-4.082759857177734,-1.8552420043945312,6.525230712890625
1748975283496,-3.340453491210938,-3.303630065917969,6.830745391845704
1748975283562,-1.6564553833007813,-3.5375935363769533,6.726262664794922
1748975283629,-1.9149678039550782,-3.1030471801757815,7.979157257080079
1748975283696,-2.772235107421875,-2.704725494384766,9.582622833251953
1748975283762,-4.232298889160156,-3.097957763671875,11.525732116699219
1748975283830,-4.271217956542969,-2.402054901123047,10.764265594482422
1748975283896,-3.843856658935547,-0.6959028625488282,11.377091217041016
1748975283962,-3.6842884826660156,-0.7734416198730469,8.042625274658203
1748975284029,-3.6357893371582035,-3.3606614685058593,10.239606628417969
1748975284096,-2.8075616455078127,-1.2910652160644531,7.781568145751954
1748975284162,-3.798201599121094,-2.6963429260253906,8.817114715576173
1748975284230,-3.1151719665527344,-3.743116149902344,8.457562408447266
1748975284296,-2.981200561523438,-3.7555403137207035,7.456593933105469
1748975284362,-1.5467335510253908,-3.9742355346679688,7.720195770263672
1748975284429,-1.275347900390625,-4.015250244140625,8.326734466552734
1748975284496,-1.8124310302734377,-6.0008711242675785,10.757230224609376
1748975284562,-2.591261444091797,-4.468358001708984,10.111173706054688
1748975284630,-2.079924774169922,-1.5432907104492188,8.647517395019532
1748975284696,-1.888472900390625,-3.719615020751953,9.790690155029298
1748975284762,-3.113525390625,-3.855831756591797,8.597072296142578
1748975284829,-2.5114773559570316,-3.5224749755859377,7.276817779541016
1748975284896,-1.5729290771484377,-3.217109985351563,7.912246398925782
1748975284963,-1.5732284545898438,-3.088227996826172,7.425458679199219
1748975285030,-1.6299604797363283,-3.3762290954589846,7.542215881347657
1748975285096,-2.660567321777344,-4.134851531982422,8.940308532714845
1748975285163,-3.006647644042969,-3.735781402587891,9.249715118408204
1748975285229,-3.333418121337891,-3.5293606567382816,9.757608947753907
1748975285296,-4.049229583740234,-5.275928649902344,11.764485626220704
1748975285362,-3.643573150634766,-1.6208294677734376,8.869056701660156
1748975285430,-2.9318032836914063,-2.1031265258789062,7.077582092285157
1748975285496,-3.8682559204101565,-5.445376281738281,8.548573150634766
1748975285562,-4.137396240234375,-3.473826141357422,7.5206607055664065
1748975285629,-3.7532949829101563,-3.0946646118164063,8.043224029541015
1748975285696,-3.517086181640625,-3.1922616577148437,7.753276977539063
1748975285762,-3.6381843566894534,-4.063899078369141,7.4413256835937505
1748975285830,-3.466641082763672,-4.2379870605468755,7.79384262084961
1748975285896,-3.4787658691406254,-3.951632537841797,8.543334045410157
1748975285962,-3.6744090270996095,-4.4228526306152345,9.01335662841797
1748975286030,-4.1817041015625005,-5.871390380859375,9.543703765869141
1748975286096,-4.214635620117187,-4.537214813232422,9.18055892944336
1748975286162,-2.261946258544922,-3.166964263916016,6.30608642578125
1748975286229,-2.4948619079589847,-7.105274505615235,9.06604705810547
1748975286296,-3.556454315185547,-4.41402099609375,5.838758239746094
1748975286363,-2.3881338500976566,-5.375321960449219,7.859555969238282
1748975286429,-2.3114932250976565,-3.4853521728515626,7.641459503173828
1748975286496,-2.3174807739257814,-3.690276031494141,7.533683624267579
1748975286562,-2.3466700744628906,-4.11703857421875,8.473728790283204
1748975286629,-2.6015899658203128,-4.087100830078125,9.021290130615235
1748975286696,-2.784210205078125,-3.933220825195313,8.589138793945313
1748975286762,-3.3521292114257815,-4.588108978271484,9.936786346435547
1748975286830,-3.6407290649414064,-2.9105474853515627,9.66195785522461
1748975286896,-2.751578063964844,-2.31119384765625,6.754703521728516
1748975286965,-4.346361694335938,-5.458099822998047,10.120903472900391
1748975287030,-4.632716217041016,-2.6167085266113284,6.790628814697266
1748975287096,-4.3014550781250005,-3.1689102172851564,8.322243804931642
1748975287162,-3.8118232727050785,-3.374133453369141,7.957901458740235
1748975287230,-3.892954559326172,-3.7880227661132815,7.521259460449219
1748975287296,-4.009262695312501,-4.031716003417969,7.532186737060547
1748975287362,-3.763324127197266,-3.6745587158203126,8.10280014038086
1748975287429,-3.8404138183593752,-4.0725810241699225,8.441845092773438
1748975287496,-4.453089752197266,-6.078559570312501,12.739258575439454
1748975287562,-3.0624815368652345,0.19130218505859375,6.9816316223144534
1748975287629,-1.7645306396484375,-2.0908520507812502,8.434510345458985
1748975287696,-3.105142822265625,-4.9407756042480475,8.679401092529297
1748975287763,-3.2180081176757813,-4.416266326904297,6.7933232116699225
1748975287830,-1.641636199951172,-5.908962249755859,6.93358154296875
1748975287896,-0.8292755126953125,-6.2191172790527345,6.097270660400391
1748975287962,-1.7173786926269532,-5.880671081542969,7.983647918701172
1748975288030,-2.5979974365234377,-5.289550323486329,8.582402801513672
1748975288096,-3.6074981689453125,-4.738546142578126,10.51263885498047
1748975288162,-4.452191619873047,-4.582720184326172,10.348580017089844
1748975288230,-4.198020172119141,-3.7571868896484375,10.776240692138673
1748975288296,-1.8265017700195314,-2.0844154357910156,6.357579345703125
1748975288362,-3.9881565856933596,-5.337899780273438,9.737251281738281
1748975288430,-4.228107604980469,-2.1082159423828126,7.2142478942871096
1748975288496,-3.8167630004882813,-3.8146673583984376,8.541238403320312
1748975288562,-4.054169311523438,-4.051474914550782,7.542515258789063
1748975288630,-3.2729438781738285,-3.8694534301757812,6.785389709472657
1748975288696,-2.690954132080078,-3.986060943603516,7.464527435302735
1748975288762,-3.1835797119140627,-4.079167327880859,7.922874298095704
1748975288829,-3.4917887878417972,-4.603826293945313,9.597891082763672
1748975288896,-4.103566589355469,-4.521048431396484,10.510842590332032
1748975288962,-3.883524169921875,-3.107687530517578,9.809251556396484
1748975289030,-3.3328193664550785,-0.5210664367675781,7.145690460205079
1748975289096,-3.4254766845703126,-4.916825408935547,9.272617492675781
1748975289162,-4.235741729736328,-4.781207427978516,6.9112779235839845
1748975289230,-3.6579432678222656,-3.7543428039550784,6.903943176269531
1748975289296,-2.7678941345214847,-2.9365933227539065,7.17787353515625
1748975289362,-3.0717622375488283,-3.1497500610351565,7.111860809326172
1748975289430,-2.821482696533203,-4.000580749511719,8.792266387939453
1748975289496,-3.507057037353516,-3.6413278198242187,9.041348419189454
1748975289562,-3.703298950195313,-3.9853125,9.957293701171876
1748975289630,-4.480931854248047,-4.036955108642578,10.071506195068359
1748975289696,-4.487218780517578,-2.3858885192871093,9.124425659179687
1748975289762,-4.41686508178711,-2.878364410400391,8.187823333740235
1748975289830,-5.299130401611328,-4.440964965820313,7.985294494628906
1748975289896,-4.524042205810547,-3.1536419677734377,7.440277862548829
1748975289962,-3.899690551757813,-3.3019834899902345,6.7587451171875
1748975290030,-3.6747084045410157,-4.332740020751953,7.33160385131836
1748975290096,-3.407514038085938,-3.8730459594726563,7.485633544921876
1748975290162,-3.574267272949219,-4.052822113037109,7.811954956054688
1748975290230,-3.5440301513671875,-3.9293289184570312,8.131390686035157
1748975290296,-4.075425109863281,-4.428540802001954,9.398954772949219
1748975290362,-4.97924560546875,-4.471800842285156,10.092612304687501
1748975290430,-5.027744750976563,-3.3751812744140626,8.58809097290039
1748975290496,-2.969674530029297,-1.9149678039550782,7.609575805664063
1748975290562,-4.090543670654297,-5.244793395996094,9.31468002319336
1748975290630,-3.9915994262695316,-4.482129364013672,6.16043930053711
1748975290697,-3.4361045837402346,-4.814138946533204,7.531737670898438
1748975290762,-2.5258474731445313,-3.6133360290527348,7.5205110168457034
1748975290830,-3.064128112792969,-3.890409851074219,8.439899139404297
1748975290896,-3.29794189453125,-3.7053945922851566,8.194259948730469
1748975290962,-3.670068054199219,-3.801794128417969,8.637637939453125
1748975291030,-4.114344177246094,-4.262086944580078,8.829089813232422
1748975291096,-4.096381530761719,-3.853287048339844,9.070088653564454
1748975291162,-4.877606964111329,-3.7866755676269532,9.409732360839845
1748975291230,-4.098626861572265,-1.4444961547851562,6.657106475830078
1748975291296,-3.709436187744141,-5.3772679138183594,9.743538208007813
1748975291362,-3.389850769042969,-3.253184967041016,8.389603729248048
1748975291429,-4.455634460449219,-3.528761901855469,6.843917999267578
1748975291496,-3.3666490173339847,-3.0895751953125004,7.717351684570313
1748975291562,-3.799249420166016,-3.184178466796875,7.144492950439454
1748975291630,-3.5606455993652344,-3.367247772216797,8.66757568359375
1748975291697,-3.74341552734375,-2.8762687683105472,8.906778259277344
1748975291763,-4.018393707275391,-2.850971374511719,8.497080230712891
1748975291830,-3.6384837341308596,-3.037483520507813,9.216184844970703
1748975291896,-3.7378770446777345,-2.963986358642578,10.157876586914062
1748975291970,-3.231031036376953,-0.9496252441406251,8.134085083007813
1748975292030,-3.6874319458007814,0.4932243347167969,10.84270248413086
1748975292096,-4.186643829345703,-8.061935119628906,11.595786437988282
1748975292162,-3.397335205078125,-4.547243957519531,6.585255889892578
1748975292230,-2.1070184326171875,-3.114573211669922,6.378835144042969
1748975292296,-2.281256103515625,-2.794838104248047,7.440427551269532
1748975292362,-2.754122772216797,-2.094294891357422,9.54699691772461
1748975292430,-3.503314819335938,-1.12326416015625,10.124945068359375
1748975292496,-3.7366795349121094,-0.13427078247070312,10.440638580322267
1748975292562,-4.267625427246094,0.4601431274414063,11.016191711425781
1748975292630,-4.568649444580078,-0.6251000976562501,12.000245361328126
1748975292696,-5.171445922851563,-0.08397537231445312,9.013955383300782
1748975292763,-4.45518539428711,-2.262694702148438,8.374036102294923
1748975292830,-5.655988311767579,-5.009482727050782,8.959618377685548
1748975292896,-5.427263946533204,-5.189857635498047,6.0221269226074226
1748975292962,-4.1588017272949225,-5.047653350830078,5.630541229248047
1748975293030,-3.1222073364257814,-2.53153564453125,6.889573059082031
1748975293097,-2.237996063232422,-0.5763015747070312,9.127569122314453
1748975293162,-3.5057098388671877,-1.8100360107421876,8.480015716552735
1748975293230,-4.818629608154297,-3.467389526367188,9.105714569091797
1748975293297,-3.9978863525390627,-3.330424346923828,8.945996704101564
1748975293362,-4.853357391357422,-3.845802612304688,11.413764953613281
1748975293430,-5.770799560546875,-2.851420440673828,8.399034118652343
1748975293496,-4.418361968994141,-0.5869294738769532,7.227121124267579
1748975293562,-4.898114318847656,-3.8706509399414064,9.539063415527345
1748975293630,-4.8542555236816405,-3.3455429077148438,6.347250823974609
1748975293697,-4.347559204101563,-3.4027239990234377,6.616840209960938
1748975293763,-3.3423994445800784,-2.8125013732910156,6.7776058959960945
1748975293830,-3.586541748046875,-3.233126678466797,7.239694976806641
1748975293897,-3.6283049011230473,-3.590283966064453,8.260572052001953
1748975293962,-4.4176135253906255,-2.9630882263183596,9.391021270751954
1748975294030,-4.501289520263672,-1.6149916076660158,9.201515350341797
1748975294097,-4.116739196777344,-2.6553282165527343,10.62475570678711
1748975294162,-4.765939178466797,-3.082090759277344,10.821895751953125
1748975294230,-3.9067259216308594,-0.9340576171875,7.780520324707032
1748975294297,-5.723198547363282,-4.908293151855469,8.707243194580078
1748975294362,-4.892276458740235,-2.427202606201172,6.739435272216797
1748975294430,-3.8481976318359377,-3.0364356994628907,7.57829086303711
1748975294496,-4.051774291992188,-3.603456573486328,7.729326782226563
1748975294562,-4.019740905761719,-3.127745819091797,7.237599334716797
1748975294630,-4.0549177551269535,-3.642974395751953,7.8700341796875
1748975294697,-4.489314422607422,-3.729644165039063,8.002059631347656
1748975294762,-4.535867614746094,-3.634142761230469,8.840615844726562
1748975294830,-4.893324279785157,-2.9964688110351565,9.219178619384767
1748975294897,-5.827980651855469,-4.604275360107422,10.498867492675782
1748975294962,-4.802313537597657,-2.2135968017578125,5.177283782958985
1748975295030,-3.6946170043945314,-5.505700836181641,9.106912078857423
1748975295097,-3.2251931762695314,-3.766018524169922,6.802753601074219
1748975295162,-4.416116638183594,-4.4491978454589844,6.660399627685547
1748975295230,-4.147126007080078,-4.134851531982422,7.1102142333984375
1748975295296,-3.4986744689941407,-3.939358062744141,7.614665222167969
1748975295362,-3.29315185546875,-3.353775787353516,7.708669738769531
1748975295430,-3.4920881652832034,-3.147205352783203,7.704328765869141
1748975295497,-3.535946960449219,-2.6406587219238284,7.958200836181641
1748975295562,-4.712051239013672,-4.48781753540039,9.226812744140625
1748975295630,-5.594615936279297,-4.492757263183594,8.627459106445313
1748975295697,-5.126838684082031,-4.253404998779297,8.980125732421875
1748975295763,-4.710254974365235,-2.511926422119141,7.820936279296875
1748975295830,-4.786596221923828,-3.6742593383789064,7.682174835205078
1748975295897,-4.831951904296875,-3.6747084045410157,7.704927520751953
1748975295962,-6.104904785156251,-3.170706481933594,7.868387603759766
1748975296030,-5.574258270263672,-3.2434552001953127,6.726861419677735
1748975296097,-4.784350891113282,-3.873794403076172,6.452931060791016
1748975296163,-4.074976043701172,-3.273692321777344,6.385421447753907
1748975296230,-4.061204681396484,-3.2584240722656252,7.18311264038086
1748975296297,-4.703968048095703,-3.756139068603516,7.644153900146485
1748975296363,-5.902825012207032,-4.259691925048829,9.087751922607422
1748975296430,-6.059698791503907,-3.2057336425781253,9.87990463256836
1748975296496,-6.891369323730469,-4.154760131835937,8.264613647460937
1748975296562,-5.37681884765625,-0.7848179626464844,6.14322509765625
1748975296630,-3.249891815185547,-3.5322047424316407,9.082961883544922
1748975296697,-4.051624603271485,-4.664899291992188,6.915469207763672
1748975296762,-4.464017028808594,-4.328698425292969,6.6821044921875
1748975296830,-3.0033544921875,-3.8937030029296875,6.261778564453126
1748975296897,-2.8586054992675782,-3.5383419799804687,7.246281280517579
1748975296965,-3.7350329589843754,-2.857857055664063,8.506211242675782
1748975297030,-4.238885192871094,-3.6158807373046877,9.218579864501953
1748975297097,-4.481380920410157,-3.858226776123047,9.404493255615234
1748975297163,-3.041375427246094,-3.1054421997070314,10.021061096191406
1748975297230,-3.3220417785644534,-2.3932232666015625,11.282637634277345
1748975297297,-4.340374145507813,-0.9851014709472656,8.06642578125
1748975297362,-4.094435577392578,-2.332599334716797,8.385711822509766
1748975297429,-4.771028594970703,-3.6375856018066406,7.996820526123047
1748975297496,-4.785398712158203,-4.828509063720704,8.614735565185548
1748975297562,-3.862717437744141,-3.356320495605469,6.714586944580079
1748975297630,-4.288432159423828,-3.021466827392578,6.012397155761719
1748975297697,-4.700525207519531,-3.410208435058594,5.882617034912109
1748975297762,-5.284311218261719,-4.489314422607422,7.124883728027344
1748975297830,-4.906496887207031,-5.06546630859375,7.593559112548829
1748975297897,-5.424120483398438,-3.3926948547363285,9.688153381347657
1748975297962,-6.6172892761230475,-4.118834838867188,11.626921691894532
1748975298030,-7.637866973876953,-4.703668670654297,10.833721160888672
1748975298097,-5.915997619628906,-0.7580236816406251,5.85148178100586
1748975298162,-4.370760955810547,-2.4375311279296876,8.013136596679688
1748975298230,-5.076692962646485,-4.08874740600586,8.573571166992188
1748975298297,-4.565955047607422,-6.999743957519532,7.006629638671876
1748975298362,-3.6709661865234375,-7.885601806640626,8.07316177368164
1748975298430,-1.5188914489746095,-7.472311248779297,5.898334350585937
1748975298497,-1.6087046813964845,-5.560187530517578,6.211483154296875
1748975298562,-3.488046569824219,-3.6432737731933598,9.324709167480469
1748975298629,-4.175117797851563,-3.4105078125,8.950936431884767
1748975298697,-5.635630645751953,-3.672463073730469,9.769883422851564
1748975298762,-6.280339965820313,-3.793112182617188,10.307714996337891
1748975298830,-5.837261352539063,-2.645149383544922,11.032956848144531
1748975298897,-4.011957092285156,-0.5968089294433594,8.198301544189453
1748975298962,-2.468067626953125,-4.291575622558594,9.773326263427736
1748975299030,-4.534819793701172,-3.5549574279785157,7.089108123779297
1748975299097,-4.033811645507813,-5.184019775390626,7.197333068847657
1748975299162,-4.131857757568359,-6.169720001220703,7.524253234863282
1748975299230,-3.4049693298339845,-5.560037841796875,6.801705780029297
1748975299297,-2.502196655273438,-5.852379913330078,7.123835906982422
1748975299362,-2.957400054931641,-4.564607849121094,6.263724517822266
1748975299430,-2.728076934814453,-4.07392822265625,6.940616912841797
1748975299497,-3.469934234619141,-4.151466979980469,8.600215759277344
1748975299562,-4.4547363281250005,-3.9880068969726565,11.29296615600586
1748975299630,-5.718857574462891,-4.364324340820312,10.825338592529297
1748975299697,-4.233197021484375,0.32587234497070316,6.217171325683594
1748975299762,-3.873495025634766,-4.855303344726563,9.397158508300782
1748975299830,-4.642296295166016,-4.6147535705566405,6.92445053100586
1748975299897,-3.710034942626953,-4.029021606445313,6.363267517089844
1748975299962,-2.8410919189453128,-5.0165180969238286,7.657476196289063
1748975300030,-3.5354978942871096,-4.35654052734375,6.387217712402344
1748975300097,-2.520758056640625,-3.9715411376953127,7.528145141601563
1748975300163,-2.2471270751953125,-3.256927185058594,8.620274047851563
1748975300230,-5.918242950439454,-3.224444732666016,8.728798370361329
1748975300297,-5.375471649169922,-1.1171269226074219,11.594588928222656
1748975300363,-6.162085876464844,-5.316045227050782,8.290509796142578
1748975300430,-4.919968872070313,-2.550546112060547,9.640103302001954
1748975300497,-4.772974548339844,-3.0373338317871097,6.67776351928711
1748975300562,-6.033203887939454,-6.17675537109375,7.9396394348144534
1748975300630,-5.047503662109375,-2.9355455017089844,5.596861267089844
1748975300697,-4.046385498046876,-3.7679644775390626,6.788832550048829
1748975300762,-3.6348912048339845,-3.9700442504882814,7.373666381835938
1748975300830,-3.4741255187988282,-3.70988525390625,7.651788024902344
1748975300897,-3.437002716064453,-2.852168884277344,8.339008941650391
1748975300963,-4.25400375366211,-3.1102322387695316,9.00811752319336
1748975301030,-5.0358279418945315,-2.7446923828125,10.105186157226562
1748975301097,-6.700516204833985,-4.379891967773438,11.959080963134767
1748975301162,-5.149591369628906,-2.494263153076172,10.291099548339844
1748975301230,-4.920417938232422,0.721948699951172,5.387746124267578
1748975301297,-2.3966661071777344,-6.15325424194336,6.881040802001953
1748975301363,-0.9457333374023438,-7.201075286865235,8.01178939819336
1748975301429,-1.0437794494628907,-7.253765716552735,7.02504135131836
1748975301497,-0.5764512634277345,-5.946983184814453,6.853947143554688
1748975301563,-1.9963984680175781,-5.101990356445313,8.163424072265625
1748975301629,-2.4278013610839846,-4.2502615356445315,7.919581146240235
1748975301697,-3.6880307006835937,-4.173620910644532,8.855285339355468
1748975301763,-3.7568875122070313,-2.7030789184570314,9.804311828613281
1748975301830,-4.961432647705078,-3.520529022216797,9.665101318359376
1748975301897,-4.873415679931641,-3.5985168457031254,10.629246368408204
1748975301965,-3.0171258544921877,-0.9726773071289063,7.832761688232423
1748975302030,-5.701942749023438,-4.721930694580078,8.79346389770508
1748975302097,-4.7328579711914065,-2.184108123779297,7.84653305053711
1748975302163,-4.604874114990235,-3.260968780517578,7.401508483886719
1748975302230,-4.702770538330078,-4.923262023925782,7.179220733642579
1748975302297,-4.286336517333985,-4.037703552246094,5.934708709716797
1748975302363,-4.725972290039063,-3.6553985595703127,6.625821533203125
1748975302430,-6.161636810302735,-2.1502784729003905,8.672216033935547
1748975302497,-7.040309600830079,0.08652008056640625,9.071735229492187
1748975302563,-7.4238121032714846,-0.6991960144042969,10.964698791503906
1748975302630,-6.466253356933594,-2.7767257690429688,8.987310791015625
1748975302697,-1.5191908264160157,-3.424428863525391,5.388344879150391
1748975302763,-1.7317488098144531,-7.480244750976563,6.2544438171386725
1748975302830,-2.6553282165527343,-5.837411041259766,6.65575927734375
1748975302897,-2.9825477600097656,-4.892875213623047,7.301366729736328
1748975302962,-2.452649688720703,-4.5355682373046875,7.568860473632813
1748975303030,-3.0216165161132813,-3.7351826477050785,7.589667205810548
1748975303097,-4.346062316894532,-3.9368133544921875,8.482859802246095
1748975303162,-5.223836975097656,-3.8601727294921875,8.93626693725586
1748975303230,-4.9159272766113284,-2.944526824951172,9.510323181152344
1748975303297,-5.073699188232422,-3.3964370727539066,9.12592254638672
1748975303362,-4.680766296386719,-3.737278289794922,11.602971496582033
1748975303430,-4.517156524658203,0.8455915832519532,9.272916870117188
1748975303497,-3.423680419921875,-1.394051055908203,8.133486328125
1748975303562,-4.322860565185547,-4.339775390625,9.099876708984375
1748975303630,-3.8899607849121094,-2.445464630126953,7.8763211059570315
1748975303697,-4.343218231201172,-4.490212554931641,8.496331787109375
1748975303762,-3.7350329589843754,-3.373235321044922,7.4712634277343755
1748975303830,-2.5333319091796875,-3.766766967773438,7.354356536865235
1748975303897,-2.6268873596191407,-4.1023690795898435,7.108268280029297
1748975303963,-3.057990875244141,-4.043541412353516,7.927664337158204
1748975304030,-3.6443215942382814,-5.037324829101562,9.760453033447266
1748975304096,-5.301226043701172,-5.8371116638183596,12.100387115478517
1748975304163,-4.357438659667969,0.2794688415527344,8.333769836425782
1748975304230,-3.8085301208496096,-2.724634094238281,8.847052459716798
1748975304297,-4.48153060913086,-4.13140869140625,8.400980072021484
1748975304362,-3.8694534301757812,-3.404370574951172,6.547534332275391
1748975304430,-3.2286360168457033,-4.397405548095703,6.823410644531251
1748975304497,-2.7378067016601566,-4.189487915039063,6.899452514648438
1748975304562,-2.919379119873047,-4.2345442199707035,7.799680480957032
1748975304630,-3.1665151977539066,-4.474944305419922,9.199569396972656
1748975304697,-3.963308258056641,-3.82963623046875,8.546627197265625
1748975304762,-4.277953948974609,-4.196074218750001,8.992998962402345
1748975304830,-5.183720397949219,-4.765490112304688,9.519005126953125
1748975304897,-5.099894714355469,-1.7199234008789064,8.367000732421875
1748975304962,-4.403692474365235,-1.9269429016113282,7.811655578613282
1748975305030,-5.197940826416016,-4.8033613586425785,8.60335922241211
1748975305097,-5.012177124023438,-2.990181884765625,6.801256713867188
1748975305162,-4.709656219482422,-3.6835400390625,7.299570465087891
1748975305230,-4.573738861083984,-4.224964141845703,7.219337310791016
1748975305297,-4.561165008544922,-4.392166442871094,6.954687652587891
1748975305362,-4.164340209960938,-3.2383657836914064,7.056625671386719
1748975305430,-3.6732115173339848,-3.514242095947266,7.754175109863282
1748975305497,-4.6095144653320315,-3.8651124572753908,8.387957153320313
1748975305562,-4.961582336425781,-4.0107595825195315,9.377698974609375
1748975305630,-5.292544097900391,-5.351371765136719,10.261760559082031
1748975305697,-3.9110668945312503,-1.3389656066894533,6.500532073974609
1748975305762,-4.02887191772461,-5.274581451416016,9.45793212890625
1748975305830,-3.9257363891601567,-4.761897583007813,5.788911895751953
1748975305897,-3.9101687622070314,-3.7751495361328127,5.929020538330079
1748975305962,-3.469185791015625,-3.9145097351074223,7.228019256591797
1748975306030,-3.5919305419921876,-3.522924041748047,7.282655639648437
1748975306097,-3.8889129638671878,-3.7053945922851566,9.193731536865235
1748975306163,-4.40728500366211,-3.079845428466797,8.72311019897461
1748975306230,-4.25400375366211,-3.5081048583984376,9.167236633300782
1748975306297,-4.3207649230957035,-4.287983093261719,8.8663623046875
1748975306363,-5.024152221679688,-4.505331115722656,8.63209945678711
1748975306430,-3.8516404724121096,-3.4488281250000004,6.572083282470704
1748975306497,-4.815486145019531,-5.982459411621094,9.125772857666016
1748975306562,-4.969366149902344,-3.370840301513672,7.154971160888672
1748975306630,-4.736749877929688,-3.4730776977539066,6.568790130615235
1748975306697,-3.823349304199219,-4.918471984863282,6.908134460449219
1748975306763,-3.739673309326172,-3.8853204345703127,6.739135894775391
1748975306830,-3.852239227294922,-3.1237042236328127,7.567363586425782
1748975306897,-4.044738922119141,-2.621199188232422,7.63816635131836
1748975306967,-4.613705749511719,-4.121379547119141,8.750952301025391
1748975307030,-4.94855941772461,-4.035158843994141,9.416618041992187
1748975307097,-5.351820831298828,-4.011807403564453,10.121951293945314
1748975307163,-5.497917022705078,-3.8380187988281254,8.316405944824218
1748975307230,-2.664459228515625,-1.141077117919922,6.166127471923828
1748975307297,-3.9381605529785157,-6.599925384521485,9.498048706054687
1748975307363,-4.914729766845704,-5.184768218994141,5.56647445678711
1748975307430,-4.092639312744141,-4.629123687744141,6.594686279296876
1748975307497,-2.4527993774414063,-4.16299301147461,7.023544464111328
1748975307563,-3.0960118103027345,-4.101171569824219,7.282805328369141
1748975307630,-3.817212066650391,-4.6183460998535155,8.5885400390625
1748975307697,-4.236340484619141,-4.033063201904297,7.694748687744141
1748975307763,-4.17736312866211,-4.258494415283203,8.434061279296875
1748975307830,-4.945415954589844,-4.410727844238282,9.122030639648438
1748975307897,-5.523962860107422,-3.8706509399414064,8.95303207397461
1748975307962,-5.233417053222657,-1.5173945617675781,8.153993682861328
1748975308030,-4.890180816650391,-3.0888267517089845,9.15660873413086
1748975308097,-6.123017120361329,-3.2454011535644534,8.972641296386719
1748975308162,-5.275479583740235,-2.1463865661621093,7.847431182861328
1748975308230,-6.092181243896484,-5.19000732421875,7.397167510986328
1748975308297,-5.124892730712891,-5.619015197753907,6.928192749023438
1748975308362,-5.020559692382813,-4.231700134277344,5.811365203857422
1748975308430,-4.589755554199219,-4.8506629943847654,6.3707519531250005
1748975308497,-4.344415740966797,-5.184618530273438,6.515201568603516
1748975308563,-3.7497024536132812,-3.7082386779785157,7.727680206298828
1748975308630,-5.029391326904297,-5.489833831787109,10.067464599609375
1748975308697,-8.075706481933594,-5.364544372558594,11.054062957763673
1748975308762,-6.532116394042969,-1.3260923767089845,8.037236480712892
1748975308830,-5.533542938232422,-3.079845428466797,7.312294006347656
1748975308897,-3.4051190185546876,-5.621410217285156,7.280559997558594
1748975308962,0.05792953491210938,-4.720882873535157,7.427554321289063
1748975309030,-2.218985595703125,-3.1292427062988284,7.2863978576660156
1748975309097,-1.9475999450683594,-3.5356475830078127,6.534960479736329
1748975309163,-0.6767427062988282,-4.596192169189453,7.8007283020019536
1748975309230,0.33560211181640626,-4.565805358886719,9.144334259033204
1748975309297,-0.29069549560546876,-4.752916259765625,10.442434844970704
1748975309363,-1.1858340454101564,-4.040098571777344,12.16520233154297
1748975309430,-2.5487498474121093,-1.6741186523437501,8.623567199707031
1748975309497,-1.9871177673339844,-2.362686767578125,7.913892974853516
1748975309563,-2.2279669189453126,-3.9781274414062504,8.985963592529297
1748975309630,-2.5933570861816406,-3.4697845458984378,8.582402801513672
1748975309697,-2.6289830017089844,-2.6429040527343752,7.184908905029297
1748975309762,-2.1414468383789065,-1.4332695007324219,7.785010986328126
1748975309830,-2.8131001281738284,-4.384083251953125,8.841813354492189
1748975309897,-2.406695251464844,-2.818039855957031,8.306526489257813
1748975309963,-2.495760040283203,-3.1657667541503907,10.184371490478517
1748975310030,-3.380121002197266,-3.400478668212891,10.536439361572267
1748975310097,-3.9380108642578127,-3.916605377197266,11.102412414550782
1748975310163,-4.3878254699707036,-2.889441375732422,10.199190673828125
1748975310230,-2.517015838623047,-0.3381468200683594,7.389982452392578
1748975310297,-2.3320005798339847,-4.592599639892579,9.74533447265625
1748975310363,-2.978057098388672,-4.811444549560547,7.415579223632813
1748975310430,-2.5402175903320314,-4.157903594970703,7.715854797363281
1748975310497,-2.1201910400390624,-3.852538604736328,8.312813415527344
1748975310563,-1.7994081115722658,-3.3151560974121095,7.3866893005371095
1748975310630,-1.9977456665039064,-3.120261383056641,8.14067138671875
1748975310697,-2.834655303955078,-3.1030471801757815,8.894354095458985
1748975310763,-4.147724761962891,-3.1488519287109376,10.179581451416016
1748975310830,-5.023254089355469,-3.0621821594238283,10.54137908935547
1748975310897,-5.277575225830079,-2.4701632690429687,10.498418426513672
1748975310962,-4.743934936523438,0.6487509155273438,6.347250823974609
1748975311030,-4.337530059814453,-3.399730224609375,8.673114166259767
1748975311097,-5.101092224121094,-2.309696960449219,8.30158676147461
1748975311163,-5.260361022949219,-1.9508930969238283,8.410709838867188
1748975311230,-5.801485748291016,-2.0146604919433595,7.92317367553711
1748975311297,-5.49177978515625,-3.4792149353027346,7.567363586425782
1748975311363,-4.073030090332032,-3.023412780761719,6.914122009277344
1748975311430,-4.680915985107422,-3.1808853149414062,6.42389144897461
1748975311497,-4.726720733642578,-2.8925848388671875,7.407496032714844
1748975311563,-5.446873168945313,-2.1842578125000003,9.828711090087891
1748975311630,-6.834637298583985,-1.987716522216797,10.650951232910156
1748975311697,-5.908363494873047,-0.4005670166015625,8.874595184326171
1748975311763,-5.453609161376954,-0.2389031982421875,6.5134053039550786
1748975311830,-6.405180358886719,-2.46447509765625,9.335636444091797
1748975311897,-5.562732238769532,-1.6063096618652344,7.279212799072266
1748975311969,-5.466781768798828,-2.264490966796875,7.256759490966798
1748975312030,-5.2575169372558594,-3.137026519775391,6.8005082702636726
1748975312097,-4.3189686584472655,-2.416425018310547,8.090675354003906
1748975312163,-4.067790985107422,-0.8939410400390625,6.431375885009766
1748975312230,-4.1433837890625,-1.6790583801269532,8.130642242431641
1748975312297,-5.83666259765625,-3.1260992431640626,9.405391387939453
1748975312363,-7.650291137695313,-3.9404058837890625,9.792486419677735
1748975312430,-6.041137390136719,-0.9618997192382813,7.125781860351563
1748975312497,-4.9811915588378906,-0.8830137634277344,5.833219757080078
1748975312563,-6.541696472167969,-2.9237200927734377,7.042255554199219
1748975312630,-6.2932131958007815,-3.9811212158203126,6.557713165283204
1748975312697,-6.241570587158203,-2.2601499938964844,4.8084507751464844
1748975312763,-6.15041015625,-2.741249542236328,5.787864074707032
1748975312830,-6.535559234619141,-1.7848883056640625,6.4761328125
1748975312897,-6.5327151489257815,-1.5578105163574218,7.553292846679688
1748975312963,-6.8919680786132815,-1.0497669982910156,7.990383911132813
1748975313030,-7.3657328796386725,-2.0803738403320313,7.60224105834961
1748975313097,-7.0557275390625005,-3.5006204223632813,9.42769500732422
1748975313162,-6.8478099060058595,-2.777773590087891,8.156837768554688
1748975313230,-4.372557220458985,1.4316229248046877,5.120701446533204
1748975313297,-6.725963287353516,-4.319417724609375,8.800050201416017
1748975313362,-6.328090667724609,-2.980901184082031,7.513026580810547
1748975313430,-5.095254364013672,-2.2848486328125,7.350614318847657
1748975313497,-4.345014495849609,-2.119442596435547,7.255561981201172
1748975313563,-3.7717066955566407,-1.9320323181152346,6.851252746582031
1748975313630,-4.16778305053711,-2.736010437011719,7.3567515563964845
1748975313697,-5.640869750976563,-3.1762449645996096,8.174950103759766
1748975313762,-6.942562866210938,-1.1852352905273438,8.79256576538086
1748975313830,-8.263416137695312,-2.4737557983398437,8.97563507080078
1748975313897,-6.980733489990235,-1.549427947998047,8.608448638916016
1748975313962,-5.355563049316406,-0.45999343872070314,6.255491638183594
1748975314030,-5.563929748535156,-4.86712875366211,6.674470367431641
1748975314097,-5.266797637939454,-1.760039978027344,7.072792053222656
1748975314162,-5.653144226074219,-1.5154486083984375,6.173013153076172
1748975314230,-5.6203623962402345,-0.9846524047851563,7.831115112304688
1748975314296,-5.478607177734375,-2.6217979431152343,7.3462733459472656
1748975314363,-5.322481842041016,-3.2656091308593753,8.087082824707032
1748975314430,-5.154980163574219,-2.651585998535156,7.976163482666016
1748975314497,-4.661755828857422,-2.8506719970703127,7.60418701171875
1748975314563,-5.50180892944336,-5.3334091186523445,9.36108352661133
1748975314630,-6.3283900451660156,-5.020859069824219,10.693911895751954
1748975314697,-4.610262908935547,0.5695655822753907,5.565276947021484
1748975314762,-3.7681141662597657,-2.3471191406250003,7.464677124023438
1748975314830,-4.5267366027832034,-5.057981872558594,8.5406396484375
1748975314897,-5.019811248779297,-3.4521212768554688,6.57911865234375
1748975314963,-3.819457397460938,-3.569327545166016,7.588020629882813
1748975315030,-3.9184016418457035,-3.12310546875,7.042405242919922
1748975315097,-2.8262727355957034,-3.027154998779297,7.264094238281251
1748975315163,-3.737128601074219,-3.376678161621094,8.688981170654298
1748975315230,-5.13252685546875,-2.827470245361328,9.454040222167968
1748975315297,-6.09816879272461,-3.2554302978515626,9.85355941772461
1748975315363,-6.246360626220704,-2.479893035888672,9.278006286621094
1748975315430,-4.745282135009766,-0.97716796875,7.061266021728516
1748975315497,-5.430557098388672,-3.774251403808594,7.7302249145507815
1748975315563,-6.186036071777344,-3.3415013122558594,7.0064799499511725
1748975315630,-5.612728271484375,-2.115550689697266,6.5873515319824225
1748975315697,-6.001469879150391,-2.339485015869141,6.608607330322266
1748975315763,-5.8670494079589846,-3.6881803894042973,7.3287597656250005
1748975315830,-5.570965118408203,-3.257076873779297,6.842121734619141
1748975315897,-5.459896087646484,-4.249812469482422,7.323071594238281
1748975315963,-4.5602668762207035,-4.411925354003906,8.091573486328125
1748975316030,-5.044659576416016,-5.6628739929199226,10.105335845947266
1748975316097,-5.220094757080078,-4.191882934570312,9.529333648681641
1748975316163,-1.8672171020507813,-2.7150540161132812,7.597900085449219
1748975316230,-3.000510406494141,-5.423970794677735,6.2983026123046875
1748975316297,-3.8109251403808595,-4.914280700683594,6.056555328369141
1748975316363,-2.6638604736328126,-4.753215637207031,6.299051055908204
1748975316429,-1.8589842224121094,-6.674769744873047,7.659571838378906
1748975316497,-1.4699432373046877,-3.976780242919922,6.805148620605469
1748975316563,-1.7774038696289063,-6.392456817626954,9.135802001953126
1748975316630,-4.229754180908204,-4.273912353515625,6.510261840820313
1748975316697,-4.096680908203125,-5.565726013183594,9.119036865234376
1748975316763,-4.34980453491211,-6.040987701416016,9.411678314208984
1748975316830,-3.350482635498047,-3.0409263610839847,6.564598846435548
1748975316897,-3.603157196044922,-6.491999816894531,9.77736785888672
1748975316971,-3.9311251831054688,-3.7646713256835938,6.934928741455079
1748975317030,-3.7700601196289063,-4.071084136962891,6.082301788330079
1748975317097,-3.7735029602050782,-4.863685913085938,7.034920806884766
1748975317163,-3.4013768005371094,-3.7690122985839847,7.483837280273438
1748975317230,-3.736829223632813,-3.482208709716797,8.000712432861329
1748975317297,-4.094285888671875,-3.603007507324219,7.979007568359376
1748975317363,-4.165238342285156,-4.2098455810546875,8.725954284667969
1748975317430,-4.561165008544922,-5.072052612304688,10.542726287841797
1748975317497,-4.6693899536132815,-4.56296127319336,9.929002532958984
1748975317563,-3.027903442382813,-1.4075230407714845,5.327571258544922
1748975317630,-2.7089167785644532,-4.401147766113281,8.942853240966798
1748975317697,-3.939208374023438,-4.670587463378906,7.188950500488281
1748975317763,-4.086202697753906,-4.909340972900391,6.699767761230469
1748975317830,-3.2817755126953125,-3.964655456542969,7.372618560791016
1748975317897,-3.2120205688476564,-3.660637664794922,7.7901004028320315
1748975317963,-3.100502471923828,-4.0601568603515625,8.965156860351563
1748975318030,-3.669319610595703,-3.586392059326172,7.821385345458984
1748975318097,-4.316124572753907,-5.010680236816406,9.566007385253906
1748975318163,-5.049748992919922,-3.988605651855469,8.925189971923828
1748975318230,-3.337010650634766,-0.9159452819824219,5.43474838256836
1748975318297,-4.571792907714844,-5.863606567382813,9.38084243774414
1748975318363,-5.423521728515626,-2.6217979431152343,8.05968978881836
1748975318430,-5.26709701538086,-3.0133836364746096,7.598049774169922
1748975318497,-4.6394522094726565,-3.353177032470703,8.068671112060548
1748975318563,-4.347708892822266,-3.507057037353516,7.716154174804688
1748975318630,-4.085753631591797,-3.4254766845703126,6.926396484375
1748975318697,-4.2504112243652346,-4.823419647216797,7.700736236572266
1748975318763,-4.5620631408691406,-4.957391052246094,9.147777099609376
1748975318830,-5.408253479003907,-4.305646362304688,9.675429840087892
1748975318897,-3.4789155578613284,-1.594933319091797,6.380182342529297
1748975318963,-4.121080169677734,-5.241500244140625,9.065897369384766
1748975319030,-4.648583221435547,-4.103716278076172,6.086493072509766
1748975319097,-4.182302856445313,-3.8037400817871094,7.156318359375001
1748975319163,-3.815864868164063,-3.618575134277344,7.066205749511719
1748975319230,-3.380570068359375,-3.0600865173339846,6.671925659179688
1748975319297,-3.686833190917969,-3.8193077087402347,7.9995149230957034
1748975319363,-4.111799468994141,-3.019820251464844,9.100475463867188
1748975319429,-5.4443284606933595,-3.039130096435547,10.171049194335938
1748975319497,-5.292544097900391,-2.3343955993652346,9.416019287109375
1748975319563,-5.301375732421875,-1.7420773315429687,8.464597778320313
1748975319630,-4.9566426086425786,-1.6199313354492189,7.853119354248047
1748975319697,-6.466852111816406,-4.427043914794922,7.889194335937501
1748975319763,-4.9600854492187505,-2.6074278259277346,7.4724609375
1748975319830,-4.720433807373047,-3.3257839965820315,6.895859985351563
1748975319897,-4.2451721191406255,-3.949536895751953,6.4411056518554695
1748975319963,-4.506678314208985,-2.8830047607421876,6.349346466064453
1748975320030,-4.588857421875001,-2.7904971313476565,8.316106567382812
1748975320097,-5.362897796630859,-1.737436981201172,9.284592590332032
1748975320163,-6.070177001953125,-1.1286529541015626,9.695338439941407
1748975320230,-5.412893829345704,-1.0726693725585938,8.134534149169923
1748975320297,-5.867947540283203,-4.407883758544922,8.643475799560548
1748975320363,-4.995711364746094,-1.072819061279297,7.205116882324219
1748975320430,-2.633024597167969,-3.4052687072753907,7.0151618957519535
1748975320497,-1.3169613647460938,-8.563991088867187,10.616522827148438
1748975320563,-3.789819030761719,-1.402134246826172,4.842430114746094
1748975320630,-2.0612136840820314,-4.212090911865235,8.062533874511718
1748975320697,0.043858795166015624,-5.485941925048828,8.807085571289063
1748975320763,-0.2932402038574219,-4.360731811523438,7.455246734619141
1748975320830,-1.0867401123046876,-4.498295745849609,8.841513977050782
1748975320897,-3.243604888916016,-2.825075225830078,8.08034683227539
1748975320963,-3.5078054809570314,-5.0674122619628905,11.224857788085938
1748975321030,-3.9667510986328125,-3.5789076232910157,11.466754760742187
1748975321097,-4.6958848571777345,-2.387684783935547,7.756869506835938
1748975321163,-3.3929942321777347,-2.5703050231933595,6.649622039794922
1748975321230,-4.535119171142578,-4.0495289611816405,9.511520690917969
1748975321297,-4.720733184814454,-1.3013937377929687,7.485184478759766
1748975321363,-5.4214260864257815,-3.771856384277344,7.615114288330078
1748975321429,-4.999752960205078,-2.671644287109375,6.196514282226563
1748975321497,-4.847669219970704,-3.7172200012207033,7.453450469970703
1748975321563,-4.420307922363281,-4.999902648925781,9.055269470214844
1748975321630,-5.6116804504394535,-4.295766906738281,9.163943481445314
1748975321697,-4.915478210449219,-6.043382720947266,10.712323608398439
1748975321763,-2.521656188964844,-0.8020321655273438,5.754633178710938
1748975321830,-1.4662010192871096,-3.7103343200683594,7.629334716796875
1748975321897,-1.3115725708007813,-5.799090728759766,9.580676879882812
1748975321968,-3.400927734375,-4.792284393310547,7.397017822265625
1748975322030,-2.2405407714843752,-4.88628890991211,7.257657623291016
1748975322097,-1.3681549072265626,-3.9487884521484378,6.4991848754882815
1748975322163,-0.6550378417968751,-4.272864532470703,8.681796112060548
1748975322230,-1.2341835021972656,-4.038901062011719,9.781409454345704
1748975322297,-2.1378543090820314,-3.497476959228516,11.210936737060548
1748975322363,-3.1928604125976565,-2.973267059326172,9.216035156250001
1748975322430,-2.368973693847656,-2.9428802490234376,10.874735870361329
1748975322497,-1.8015037536621095,-2.309098205566406,9.591454467773438
1748975322563,-3.237916717529297,-2.8395950317382814,7.258106689453125
1748975322630,-3.736380157470703,-6.388864288330079,10.693013763427736
1748975322697,-4.722529449462891,-2.9722192382812502,7.523355102539063
1748975322763,-3.7250038146972657,-4.7029202270507815,8.11627212524414
1748975322830,-3.4359548950195316,-3.230581970214844,5.313051452636719
1748975322897,-2.539618835449219,-2.9190797424316406,6.543941802978516
1748975322963,-1.9871177673339844,-3.1461575317382815,8.536148986816407
1748975323030,-4.765190734863282,-4.301754455566407,9.561666412353516
1748975323097,-5.474715270996094,-6.590045928955078,12.615765380859376
1748975323163,-4.055815887451172,-4.19412826538086,10.373428344726562
1748975323230,-0.7942483520507813,1.088386688232422,4.029919738769531
1748975323297,-3.1558872985839845,-5.362149353027344,10.948831787109375
1748975323363,-5.8335191345214845,-2.7734326171875003,11.287577362060548
1748975323430,-6.695875854492188,-1.857187957763672,9.782307586669923
1748975323497,-3.6637811279296875,-1.969604187011719,8.291258239746094
1748975323563,-2.70397705078125,-1.861828308105469,7.35794906616211
1748975323630,-2.5867707824707034,0.34757720947265625,6.834936676025391
1748975323697,-2.1046234130859376,-0.3499722290039063,8.84331024169922
1748975323763,0.08786727905273438,0.24923171997070315,11.04343505859375
1748975323830,-4.6798681640625,-1.512155456542969,10.449021148681641
1748975323897,-5.644761657714844,-1.9561322021484375,11.113489379882813
1748975323963,-3.370391235351563,1.8724562072753907,10.053393859863283
1748975324030,-0.0718505859375,-0.32168106079101566,6.955436096191407
1748975324097,-0.8252339172363282,-0.8930429077148438,6.580016784667969
1748975324163,-1.8827847290039064,-0.28380981445312503,6.891369323730469
1748975324230,-2.659519500732422,-0.3879931640625,7.70283187866211
1748975324297,-3.7814364624023438,-3.3043785095214844,8.201295318603517
1748975324363,-4.25115966796875,-3.520229644775391,8.609945526123047
1748975324437,-4.141886901855469,-2.6206004333496096,9.750872955322267
1748975324497,-5.092410278320313,-3.955374755859375,9.861941986083984
1748975324563,-6.630461883544922,-6.401438140869141,9.140442352294922
1748975324630,-2.963836669921875,-2.5259971618652344,12.253219299316408
1748975324697,-2.7131080627441406,-2.7602600097656254,6.552623748779297
1748975324763,-5.219645690917969,-4.521048431396484,7.361391906738282
1748975324830,-4.0424935913085935,-3.037034454345703,9.167835388183594
1748975324897,-4.007915496826172,-4.13859375,8.058192901611328
1748975324963,-4.006717987060547,-3.9841149902343753,7.29567855834961
1748975325030,-4.785548400878906,-3.5182836914062503,7.2423893737792975
1748975325097,-4.712051239013672,-2.9199778747558596,7.4890763854980476
1748975325163,-5.341492309570313,-3.0840367126464847,7.960296478271485
1748975325230,-5.570066986083985,-2.80456787109375,8.326135711669922
1748975325297,-6.833739166259766,-3.2781829833984375,10.170899505615235
1748975325363,-6.887627105712891,-3.6444712829589845,8.367000732421875
1748975325436,-2.7572662353515627,-1.0969189453125001,6.988068237304688
1748975325497,-3.6015106201171876,-1.3754896545410158,5.47740966796875
1748975325563,-4.448898468017578,-3.533252563476563,8.236172790527345
1748975325630,-4.42360107421875,-3.577859802246094,8.593928833007812
1748975325697,-4.0565643310546875,-3.562292175292969,7.350314941406251
1748975325763,-4.020639038085938,-2.9659323120117187,6.421197052001953
1748975325830,-4.027674407958985,-2.6626629638671875,5.949527893066406
1748975325897,-4.9581394958496094,-2.3079006958007815,8.0807958984375
1748975325971,-4.850064239501953,-1.816472625732422,8.71592514038086
1748975326030,-5.677842864990235,-2.634521484375,10.278376007080078
1748975326097,-4.8614405822753906,-2.3213726806640627,8.434959411621094
1748975326163,-5.184768218994141,-2.694247283935547,7.703131256103516
1748975326230,-5.711522827148438,-2.861748962402344,9.549990692138673
1748975326297,-4.557123413085938,-2.40220458984375,9.591005401611328
1748975326370,-3.6708164978027344,-3.998335418701172,6.899452514648438
1748975326429,-4.439617767333985,-4.2890309143066405,8.285869445800781
1748975326497,-3.812422027587891,-3.4618510437011722,8.031548309326173
1748975326563,-4.080813903808594,-4.02123779296875,7.561974792480469
1748975326630,-3.8959483337402347,-3.434158630371094,7.028933258056641
1748975326697,-4.195475463867187,-2.8794122314453126,7.322323150634766
1748975326763,-4.34261947631836,-2.765199737548828,8.218359832763673
1748975326830,-4.446503448486328,-1.859582977294922,8.095914459228515
1748975326897,-5.499862976074219,-1.5696359252929688,9.38413558959961
1748975326969,-5.502707061767579,-2.7237359619140626,8.171507263183594
1748975327030,-5.768254852294922,-3.4012271118164064,9.57094711303711
1748975327097,-4.765939178466797,-3.4290692138671877,9.323212280273438
1748975327163,-3.2133677673339847,-1.3148657226562501,8.199648742675782
1748975327232,-4.357588348388672,-1.823507995605469,8.629854125976562
1748975327297,-5.567821655273438,-3.9974372863769534,11.427686004638673
1748975327369,-4.276157684326172,-3.1561866760253907,4.120481414794922
1748975327438,-5.016069030761719,-2.758763122558594,6.126160583496094
1748975327497,-4.183799743652344,-2.3285577392578127,5.670807495117188
1748975327570,-4.749623107910156,-2.8874954223632816,5.982908477783203
1748975327630,-4.931644592285156,-2.415077819824219,6.817572784423828
1748975327697,-5.692362670898437,-4.207300872802735,9.529633026123047
1748975327763,-6.8374813842773445,-6.533463592529297,11.598630523681642
1748975327830,-3.413800964355469,-3.04406982421875,14.37056625366211
1748975327897,-1.7559983825683594,-2.027234344482422,7.162754974365234
1748975327963,-4.554728393554687,-6.246360626220704,8.781788177490235
1748975328030,-3.6583923339843754,-5.30781234741211,6.497089233398438
1748975328097,-2.732417907714844,-4.417014770507813,11.959530029296875
1748975328169,-1.3001962280273438,-3.9029837036132813,12.221485290527344
1748975328230,-3.531156921386719,-5.242997131347656,12.884306945800782
1748975328297,-3.0765522766113285,-2.2400917053222655,11.233988800048829
1748975328363,-2.5176145935058596,-1.9719992065429688,11.182196502685548
1748975328430,-2.974314880371094,-2.1368064880371094,11.923305358886719
1748975328497,-1.2969030761718752,0.8349636840820313,7.2247261047363285
1748975328563,-1.6230747985839844,-0.29294082641601565,9.188492431640626
1748975328630,-1.9974462890625,0.5834866333007813,8.462352447509765
1748975328697,-0.4831951904296875,2.9654832458496094,3.150797882080078
1748975328763,-3.2817755126953125,6.450086975097657,7.542515258789063
1748975328830,-0.4302053833007813,4.8632368469238285,7.263046417236328
1748975328897,-1.1852352905273438,4.929548950195313,6.941515045166016
1748975328971,-0.5287005615234375,5.1301318359375,7.125033416748047
1748975329030,-0.1095721435546875,6.049969024658203,6.9407666015625
1748975329097,-0.5777984619140625,6.282435607910156,8.20339096069336
1748975329163,-0.3692820739746094,6.978039093017578,8.055797882080078
1748975329230,-0.10403366088867189,5.602100372314453,7.514074401855469
1748975329297,0.6855743408203125,5.45151351928711,8.510252838134766
1748975329363,1.4897021484375002,6.560557250976562,5.597759399414063
1748975329436,1.1334429931640626,5.1413584899902345,4.224215698242188
1748975329497,0.197589111328125,4.6659471130371095,3.530109100341797
1748975329563,-1.3079800415039062,4.126768341064453,6.595285034179688
1748975329630,-2.1800665283203124,5.031486968994141,8.020171966552734
1748975329697,-7.459288330078126,7.25017318725586,7.37905517578125
1748975329763,-6.774761810302735,7.7020834350585945,12.232562255859376
1748975329830,-6.178401947021484,6.523733825683594,6.750661926269531
1748975329897,-6.376440124511719,6.305188293457031,7.749235382080078
1748975329963,-4.374353485107422,7.986192626953126,6.773264923095703
1748975330030,-6.264472961425781,2.9788055419921875,7.977959747314453
1748975330097,-4.356839904785156,3.945495300292969,4.7380970764160155
1748975330163,-3.770658874511719,3.653302917480469,6.992558898925782
1748975330230,-4.23678955078125,3.0350885009765625,7.02983139038086
1748975330297,-4.796475677490235,4.046535186767579,5.216801605224609
1748975330363,-5.0534912109375005,3.3952395629882814,7.674391021728516
1748975330438,-4.6410987854003904,2.5930577087402344,8.220006408691408
1748975330497,-5.142705688476563,3.2826736450195315,8.340056762695314
1748975330563,-5.59716064453125,2.624791717529297,8.966803436279298
1748975330630,-5.157674560546876,1.4934443664550783,10.168055419921876
1748975330697,-4.291126556396485,-1.3956976318359375,11.200308837890626
1748975330763,-4.903652801513672,-1.0916798400878907,9.1585546875
1748975330830,-3.4479299926757814,-1.3403128051757813,9.837393035888672
1748975330897,-3.5938764953613282,-3.2301329040527347,10.169402618408204
1748975330963,-4.270020446777344,-2.5535398864746095,8.882977752685548
1748975331030,-3.2193553161621096,-1.235680389404297,8.708291015625
1748975331097,-2.8556117248535156,-1.594933319091797,7.362589416503907
1748975331163,-2.9094996643066406,-1.9722985839843752,7.998317413330079
1748975331230,-3.5446289062500003,-2.719095611572266,8.314909057617188
1748975331297,-3.9645057678222657,-2.7568171691894534,9.006620635986328
1748975331363,-3.413052520751953,-2.306254119873047,8.675658874511718
1748975331430,-3.0427226257324222,-2.032024383544922,9.589059448242187
1748975331497,-3.9664517211914063,-3.532504119873047,11.417656860351563
1748975331563,-4.770579528808594,-0.4427792358398438,9.055119781494142
1748975331630,-4.134701843261719,-2.059866485595703,7.506140899658203
1748975331697,-4.347559204101563,-3.047213287353516,8.91755584716797
1748975331763,-4.822521514892578,-2.6132656860351564,8.430019683837891
1748975331830,-4.85515365600586,-3.074007568359375,7.817942504882813
1748975331897,-4.390220489501953,-2.8491751098632814,7.965535583496094
1748975331966,-3.9374121093750003,-2.6863137817382814,7.639812927246094
1748975332030,-2.930156707763672,-2.0341200256347656,8.368497619628906
1748975332097,-3.4697845458984378,-2.195783843994141,9.046288146972657
1748975332163,-3.8001475524902344,-1.5443385314941407,9.550439758300781
1748975332230,-5.388494567871094,-5.256918182373047,12.644804992675782
1748975332297,-4.83554443359375,0.4429289245605469,7.09689193725586
1748975332363,-2.801723785400391,-2.4013064575195315,7.971074066162109
1748975332436,-2.1486318969726566,-4.109554138183594,8.901239776611328
1748975332497,-3.2980915832519533,-2.840193786621094,7.880961456298828
1748975332563,-2.4577391052246096,-3.5717225646972657,7.708070983886719
1748975332630,-1.7786013793945314,-4.393214263916016,6.4617626953125
1748975332697,-2.6695486450195314,-2.1579125976562503,9.820178833007812
1748975332770,-3.453468475341797,-2.4399261474609375,8.637338562011719
1748975332830,-3.5122961425781254,-2.5161177062988282,9.077273712158204
1748975332897,-3.852239227294922,-2.8374993896484377,9.702972564697266
1748975332963,-4.112697601318359,-4.4316842651367185,12.006232910156251
1748975333030,-5.029840393066406,-0.6186634826660157,10.593321075439453
1748975333097,-3.0398785400390627,-0.2022294616699219,6.154302062988282
1748975333163,-3.3256343078613284,-3.967200164794922,9.467811584472656
1748975333230,-3.5058595275878908,-2.7319688415527343,10.308313751220703
1748975333297,-4.087400207519531,-2.218985595703125,7.297923889160157
1748975333369,-3.9282810974121096,-2.843936004638672,7.039561157226563
1748975333438,-3.0937664794921877,-3.391048278808594,8.171956329345704
1748975333497,-3.7214112854003907,-2.6598188781738283,8.189619598388672
1748975333571,-4.291875,-2.9713211059570312,8.15504150390625
1748975333630,-4.223167877197266,-3.739523620605469,9.651030578613282
1748975333697,-4.748126220703125,-5.469476165771485,11.709100799560547
1748975333768,-3.610192565917969,-0.14340179443359377,7.649542694091798
1748975333831,-1.4471905517578125,-0.9042695617675782,6.678961029052735
1748975333897,-2.608475646972656,-5.133574676513672,9.398655395507813
1748975333969,-2.6009912109375,-3.430266723632813,8.566685485839844
1748975334030,-1.7012123107910158,-3.38416259765625,7.671846313476563
1748975334097,-1.161434783935547,-3.501368865966797,7.899373168945313
1748975334171,-0.7182064819335938,-3.6983592224121096,7.302115173339844
1748975334230,-1.389111328125,-3.339705047607422,8.890462188720704
1748975334297,-1.518292694091797,-3.6384837341308596,8.750503234863281
1748975334371,-1.7868342590332031,-3.69551513671875,9.480535125732422
1748975334436,-2.4771986389160157,-4.577780456542969,10.495274963378908
1748975334497,-3.651057586669922,-3.5711238098144533,12.679532775878906
1748975334570,-2.840193786621094,-1.0710227966308594,6.095474395751953
1748975334630,-3.5543586730957033,-4.407734069824219,7.980803833007813
1748975334697,-3.8675074768066406,-2.9594956970214845,8.872499542236328
1748975334769,-4.438270568847656,-1.966161346435547,8.247249755859375
1748975334830,-4.891528015136719,-3.5211277770996094,7.496411132812501
1748975334897,-4.740641784667969,-3.943249969482422,7.183412017822266
1748975334968,-4.221820678710937,-4.1128472900390625,7.071893920898438
1748975335030,-4.1129969787597656,-4.283941497802735,7.734715576171875
1748975335097,-4.498744812011719,-4.673730926513672,9.046288146972657
1748975335169,-4.605173492431641,-5.167554016113281,8.882079620361328
1748975335230,-5.2259326171875005,-5.021757202148438,10.578801269531251
1748975335297,-4.111949157714844,-1.131347351074219,6.194718017578126
1748975335369,-2.771935729980469,-3.6256105041503908,7.399861907958985
1748975335436,-3.549568634033203,-3.767216033935547,8.67236572265625
1748975335497,-3.4151481628417972,-2.7689419555664063,6.331533508300781
1748975335570,-3.2001951599121097,-3.3197964477539066,8.130342864990235
1748975335630,-2.7496321105957033,-2.8660899353027345,8.130642242431641
1748975335697,-2.5824298095703124,-2.458786926269531,7.936945037841797
1748975335770,-2.665357360839844,-2.5310865783691407,8.943601684570313
1748975335830,-3.410058746337891,-2.77822265625,9.502090301513672
1748975335897,-3.706442413330078,-2.9404852294921877,10.872939605712892
1748975335969,-4.140689392089844,-3.4254766845703126,11.094329223632814
1748975336030,-3.8368212890625,-1.6323554992675782,7.94233383178711
1748975336097,-4.3153761291503905,-2.6923013305664063,6.838379516601563
1748975336169,-4.985682220458985,-4.731810150146485,7.900121612548829
1748975336230,-5.042114868164063,-3.455713806152344,7.119944000244141
1748975336297,-4.324507141113282,-3.004701690673828,7.9751156616210945
1748975336368,-4.625980224609375,-2.374512176513672,7.0380642700195315
1748975336430,-5.103038177490235,-2.6933491516113284,7.327412567138672
1748975336497,-5.457201690673829,-2.9527597045898437,8.352031860351563
1748975336569,-5.51138900756836,-3.011437683105469,7.827821960449219
1748975336630,-5.501509552001953,-3.0135333251953127,7.5276960754394535
1748975336697,-6.028114471435547,-4.085304565429688,10.08587631225586
1748975336769,-6.680008850097656,-2.7689419555664063,8.441545715332031
1748975336830,-4.50024169921875,2.0508851623535156,4.721631317138672
1748975336897,-4.852010192871094,-2.9594956970214845,9.350455627441407
1748975336969,-5.496120758056641,-1.8791921997070313,7.235054626464844
1748975337030,-5.2383567810058596,-2.864443359375,7.805668029785156
1748975337096,-4.600383453369141,-2.439327392578125,7.8254269409179695
1748975337165,-3.7688626098632816,-2.5035438537597656,7.303312683105469
1748975337230,-3.7353323364257816,-3.054847412109375,7.329657897949219
1748975337297,-4.052073669433594,-2.908601531982422,8.28152847290039
1748975337370,-4.434678039550781,-2.994822235107422,10.209668884277344
1748975337434,-4.0899449157714844,-3.1103819274902347,13.25733123779297
1748975337496,-4.348457336425781,0.7176077270507812,7.694598999023438
1748975337569,-4.384682006835938,-2.4758514404296874,8.28916259765625
1748975337630,-4.185446319580079,-2.4209156799316407,8.95063705444336
1748975337697,-3.0002110290527346,-0.7075785827636719,7.9098513793945315
1748975337769,-3.3355137634277345,-2.1415965270996096,8.73269027709961
1748975337830,-3.6872822570800783,-1.9684066772460938,8.23168212890625
1748975337897,-3.5548077392578126,-2.452050933837891,8.709638214111328
1748975337970,-4.08395736694336,-3.131338348388672,8.486152954101563
1748975338030,-3.2515383911132814,-2.994672546386719,8.78059066772461
1748975338096,-3.1343321228027343,-2.393672332763672,10.083780670166016
1748975338169,-5.078638916015625,-3.904779968261719,12.449161834716797
1748975338230,-4.5232937622070315,-0.6966513061523438,11.010503540039062
1748975338296,-3.198249206542969,-0.11990066528320313,7.653284912109376
1748975338370,-2.499202880859375,-2.898123321533203,6.783743133544922
1748975338435,-2.707270202636719,-2.467917938232422,5.996230773925782
1748975338497,-2.1137544250488283,-5.533692626953125,9.36976547241211
1748975338568,-3.0033544921875,-6.125262451171875,9.036408691406251
1748975338630,-1.6997154235839844,-2.800975341796875,6.766828308105469
1748975338696,-1.4736854553222658,-3.2093261718750004,8.657097473144532
1748975338768,-3.363355865478516,-3.4757720947265627,9.443711700439454
1748975338830,-5.60479476928711,-4.517605590820312,10.573562164306642
1748975338896,-5.900130615234375,-3.7645216369628907,12.182566223144532
1748975338970,-3.869603118896485,0.9024732971191407,6.935078430175782
1748975339030,-4.233945465087891,-3.297642517089844,7.652386779785156
1748975339097,-4.29906005859375,-4.328848114013672,8.749305725097656
1748975339167,-3.751648406982422,-1.3989907836914064,7.121440887451172
1748975339230,-4.309388580322266,-2.6279351806640627,8.493936767578125
1748975339296,-3.8782850646972657,-2.7268794250488284,8.105943603515625
1748975339368,-3.5820510864257815,-3.556304626464844,8.584049377441406
1748975339430,-3.574416961669922,-3.964954833984375,8.912167053222657
1748975339496,-3.7486546325683596,-4.159101104736329,8.74945541381836
1748975339570,-3.9276823425292973,-5.664071502685547,9.886940002441406
1748975339630,-4.383634185791016,-4.42599609375,8.768316192626953
1748975339696,-3.058290252685547,-1.0330018615722656,6.648424530029297
1748975339771,-2.8827053833007814,-4.860841827392578,9.525292053222657
1748975339830,-4.12661865234375,-3.594624938964844,6.80948959350586
1748975339896,-3.4617013549804687,-3.5254687500000004,7.302115173339844
1748975339968,-2.755020904541016,-4.207450561523438,8.17704574584961
1748975340030,-2.884801025390625,-3.2313304138183594,7.120542755126953
1748975340096,-2.901416473388672,-3.948040008544922,7.735164642333984
1748975340169,-3.348087615966797,-3.8938526916503906,8.84331024169922
1748975340230,-5.146597595214844,-4.4969485473632815,9.876461791992188
1748975340296,-5.987997894287109,-4.785398712158203,10.200537872314454
1748975340368,-4.6958848571777345,0.10253677368164063,8.192763061523438
1748975340437,-3.860322418212891,-1.725461883544922,7.33639389038086
1748975340496,-4.89586898803711,-4.800217895507813,8.626560974121094
1748975340568,-4.558620300292969,-2.409239959716797,7.662864990234375
1748975340631,-4.211342468261719,-2.595153350830078,7.6103242492675784
1748975340697,-4.540657653808594,-3.1729518127441407,7.991132354736329
1748975340768,-4.189188537597657,-3.303630065917969,7.598947906494141
1748975340831,-4.056714019775391,-3.723207550048828,7.6016423034667975
1748975340897,-3.697461090087891,-3.7244050598144534,8.080945587158203
1748975340969,-3.705843658447266,-4.163741455078125,9.557924194335937
1748975341031,-4.471052398681641,-4.9247589111328125,10.843301239013673
1748975341097,-3.95896728515625,-1.3575270080566406,8.154891815185547
1748975341170,-3.193608856201172,-1.904938659667969,7.5118290710449225
1748975341231,-4.096830596923828,-4.112697601318359,10.26460464477539
1748975341297,-4.307891693115234,-2.561623077392578,6.936725006103516
1748975341370,-3.1189141845703126,-2.3007156372070314,7.938591613769532
1748975341430,-2.5665628051757814,-2.483485565185547,8.175548858642578
1748975341497,-2.8120523071289063,-2.2827529907226562,8.149503021240236
1748975341569,-2.844834136962891,-2.7363098144531253,9.10152328491211
1748975341631,-3.1103819274902347,-1.6413368225097658,9.210047607421876
1748975341697,-4.084705810546875,-3.2587234497070314,10.758577423095703
1748975341769,-4.372856597900391,-3.0038035583496097,10.31579818725586
1748975341831,-4.116589508056641,-0.004939727783203125,7.9132942199707035
1748975341897,-3.386258239746094,-1.8480569458007814,7.687563629150391
1748975341969,-4.590953063964844,-3.995491333007813,9.007518768310547
1748975342031,-4.133504333496094,-1.5919395446777345,7.498656463623047
1748975342097,-4.051025848388672,-1.8699114990234376,8.111631774902344
1748975342165,-3.9902522277832033,-2.5393194580078124,8.441994781494142
1748975342231,-3.3992811584472657,-2.2239253234863283,8.52387451171875
1748975342297,-2.9100984191894534,-2.2011726379394534,9.466763763427736
1748975342369,-3.0093420410156253,-2.5054898071289062,9.436077575683594
1748975342436,-4.031416625976563,-4.353696441650391,10.405012664794922
1748975342497,-3.7818855285644535,-2.752925262451172,9.39132064819336
1748975342568,-1.5010784912109376,0.6860234069824219,5.522316284179688
1748975342636,-2.8048672485351562,-4.723427581787109,9.308093719482422
1748975342697,-3.3218920898437503,-2.376907196044922,10.196645965576172
1748975342768,-2.2043161010742187,-1.929038543701172,8.482261047363282
1748975342831,-2.0374131774902344,-2.5162673950195313,8.010292510986329
1748975342897,-2.35669921875,-2.3906785583496095,8.051905975341798
1748975342967,-2.2909858703613284,-1.891915740966797,9.405690765380859
1748975343031,-2.6771827697753907,-1.5742762756347657,9.737700347900391
1748975343097,-3.1621742248535156,-1.5109579467773437,9.708660736083985
1748975343168,-4.101920013427734,-2.8527676391601564,10.73821975708008
1748975343231,-4.30385009765625,-2.078727264404297,10.684331817626953
1748975343297,-3.652255096435547,0.2528242492675781,7.211254119873047
1748975343367,-4.020788726806641,-3.8648130798339846,8.870254211425781
1748975343437,-4.007466430664063,-2.0874092102050783,8.133636016845703
1748975343497,-3.844904479980469,-1.7624349975585938,7.644453277587891
1748975343568,-4.101620635986328,-2.611918487548828,7.932903442382813
1748975343631,-3.7285963439941407,-2.448757781982422,7.901917877197266
1748975343697,-3.4450859069824222,-2.2484742736816408,8.166866912841797
1748975343768,-3.7544924926757814,-2.23934326171875,8.831933898925781
1748975343831,-4.4298880004882815,-2.4438180541992187,9.899663543701172
1748975343897,-4.954097900390625,-3.0789472961425783,11.590247955322265
1748975343968,-4.1692799377441405,0.1824705505371094,6.903943176269531
1748975344031,-3.9390586853027347,-1.8586848449707032,8.868308258056642
1748975344097,-3.8501435852050783,-2.3737637329101564,9.28638885498047
1748975344167,-3.3644036865234375,-2.502196655273438,7.928712158203125
1748975344231,-2.732268218994141,-2.2646406555175784,7.602839813232422
1748975344297,-2.312091979980469,-1.7570462036132812,7.679929504394532
1748975344368,-2.5439598083496096,-2.175725555419922,8.847800903320312
1748975344436,-3.9856118774414067,-1.7932708740234375,9.914632415771484
1748975344497,-4.841531982421875,-2.3414309692382815,10.6865771484375
1748975344568,-3.958817596435547,-1.5596067810058594,10.7296875
1748975344631,-3.8023928833007816,-0.3224295043945313,6.214327239990235
1748975344698,-4.432881774902344,-3.6748580932617188,8.320447540283203
1748975344768,-3.3621583557128907,-1.3489947509765625,7.987090759277344
1748975344836,-4.123325500488281,-2.4538471984863284,7.525001678466797
1748975344897,-4.133654022216797,-2.282303924560547,8.00610122680664
1748975344968,-4.093836822509766,-1.6160394287109376,8.182733917236328
1748975345036,-3.9351667785644535,-2.053429870605469,9.334438934326172
1748975345097,-4.4721002197265625,-1.3873150634765625,8.799451446533203
1748975345170,-4.485572204589844,-1.7751585388183595,8.98461639404297
1748975345235,-5.282514953613282,-2.997516632080078,11.00032470703125
1748975345297,-4.901407470703125,-0.9559121704101563,8.527616729736328
1748975345369,-3.1018496704101564,-1.2975018310546875,7.25735824584961
1748975345435,-3.3289274597167973,-4.571942596435547,10.90886489868164
1748975345498,-3.8853204345703127,-3.4890943908691407,7.515870666503907
1748975345568,-3.1662158203125004,-3.8119729614257816,7.895930328369141
1748975345635,-2.5643174743652346,-2.8765681457519534,7.845185852050782
1748975345698,-2.8065138244628907,-2.9428802490234376,7.542814636230469
1748975345770,-3.2563284301757816,-2.526595916748047,8.593180389404298
1748975345835,-3.6739599609375,-1.8377284240722658,9.166787567138673
1748975345898,-4.480333099365234,-2.195035400390625,9.912087707519532
1748975345971,-5.259163513183594,-3.6350408935546876,11.135493621826173
1748975346035,-4.8473698425292975,0.07424560546875,8.017477569580079
1748975346097,-4.320166168212891,-1.636995849609375,6.999294891357422
1748975346171,-4.968468017578125,-3.519481201171875,9.215885467529297
1748975346234,-4.513863372802734,-1.89685546875,7.451055450439454
1748975346297,-4.599635009765625,-2.6030868530273437,7.717351684570313
1748975346370,-4.116290130615234,-2.654579772949219,7.742798767089844
1748975346435,-4.083657989501953,-2.9761111450195314,8.318052520751953
1748975346498,-4.015250244140625,-3.0225146484375003,8.516390075683594
1748975346568,-3.869752807617188,-3.3534764099121097,8.494685211181642
1748975346636,-4.097279663085938,-3.766916656494141,8.547675018310548
1748975346698,-4.103716278076172,-3.33626220703125,9.18010986328125
1748975346771,-4.638853454589844,-3.569926300048828,8.89315658569336
1748975346837,-3.946842498779297,-1.5151492309570314,6.182293853759766
1748975346897,-3.024310913085938,-2.708318023681641,8.62251937866211
1748975346968,-3.504811706542969,-3.2742910766601563,9.23848846435547
1748975347031,-2.7366091918945314,-3.357218627929688,7.83695297241211
1748975347098,-2.083217926025391,-4.2203237915039065,8.566386108398438
1748975347164,-1.6073574829101562,-4.284839630126953,7.516768798828125
1748975347232,-0.67779052734375,-4.634961547851563,8.042176208496095
1748975347297,-3.576512603759766,-3.9892044067382812,8.655301208496095
1748975347369,-4.235891418457031,-5.435347137451172,11.124117279052735
1748975347435,-3.720064086914063,-4.377496948242188,9.112001495361328
1748975347497,-1.6066090393066408,-3.5254687500000004,6.188880157470703
1748975347567,-1.1515553283691407,-5.6503001403808595,6.901997222900391
1748975347637,-3.288062438964844,-7.714507598876954,8.16177749633789
1748975347698,-2.3677761840820315,-5.6995477294921875,6.575825500488282
1748975347769,-1.5630496215820313,-5.125341796875,7.960745544433594
1748975347836,-1.8905685424804688,-4.263284454345703,7.437134399414063
1748975347898,-1.999691619873047,-4.2908271789550785,7.5540412902832035
1748975347968,-2.3968157958984375,-5.140759735107422,8.18423080444336
1748975348037,-1.4136602783203125,-5.799539794921875,8.937763824462891
1748975348097,-2.241438903808594,-5.133125610351563,7.4362362670898445
1748975348167,-2.5212071228027346,-5.133424987792969,8.724906463623046
1748975348237,-2.5891658020019532,-3.9570213317871095,10.62236068725586
1748975348298,-1.2259506225585939,-2.748434600830078,5.708978118896485
1748975348368,-1.1132350158691406,-6.838828582763672,8.854237518310548
1748975348436,-2.3233186340332033,-7.042854309082031,9.24133255004883
1748975348498,-3.6323464965820316,-3.8718484497070316,6.536607055664063
1748975348567,-1.334175567626953,-3.749403076171875,8.46205307006836
1748975348635,-3.1916629028320314,-2.9659323120117187,9.282197570800781
1748975348698,-4.20325927734375,-1.6811540222167969,7.971373443603516
1748975348770,-2.6661058044433594,-2.209106140136719,9.556726684570313
1748975348835,-2.6131159973144533,-2.3261627197265624,8.967701568603516
1748975348898,-2.2782623291015627,-3.3953892517089845,9.955497436523437
1748975348970,-2.1546194458007815,-4.4827281188964845,11.186088409423828
1748975349035,-2.5771907043457034,-1.6148419189453125,8.315058746337892
1748975349097,-2.4474105834960938,-3.02490966796875,7.429949340820313
1748975349170,-4.158951416015626,-3.190315704345703,9.53307586669922
1748975349234,-4.063000946044922,-1.6226257324218751,7.795788574218751
1748975349298,-3.4961297607421877,-1.7488133239746095,8.222251739501953
1748975349370,-3.250191192626953,-2.1282742309570315,8.457861785888673
1748975349435,-3.194656677246094,-1.8853294372558596,8.321495361328125
1748975349497,-3.1789393615722656,-2.6217979431152343,9.593250732421875
1748975349570,-4.104614410400391,-3.0261071777343753,10.519973602294922
1748975349635,-4.832850036621094,-4.306843872070313,11.69622756958008
1748975349698,-3.467389526367188,1.7175283813476563,5.636528778076173
1748975349768,-2.216590576171875,-1.9990928649902344,8.523575134277344
1748975349835,-3.3043785095214844,-4.41686508178711,10.12225067138672
1748975349898,-3.3386572265625003,-2.3475682067871095,7.339836730957032
1748975349969,-2.261796569824219,-3.6449203491210938,8.43959976196289
1748975350036,-1.861977996826172,-3.048560485839844,7.634723510742188
1748975350098,-1.908680877685547,-3.4732273864746097,7.780670013427735
1748975350170,-2.657124481201172,-3.161126403808594,9.328301696777345
1748975350236,-2.9954209899902344,-2.3501129150390625,9.600735168457032
1748975350297,-3.642525329589844,-2.621947631835938,9.926308135986329
1748975350368,-3.5259178161621096,-2.8699818420410157,10.287956085205078
1748975350435,-3.89669677734375,-1.488504638671875,8.776848449707032
1748975350497,-4.801864471435547,-3.872896270751953,8.22255111694336
1748975350569,-4.50069076538086,-3.033142547607422,8.386609954833984
1748975350636,-3.65958984375,-2.5068370056152345,7.36513412475586
1748975350698,-3.6356396484375,-3.274141387939453,7.829468536376954
1748975350767,-3.5378929138183595,-3.1762449645996096,7.910150756835938
1748975350835,-3.466491394042969,-2.5162673950195313,8.193212127685547
1748975350898,-3.5425332641601566,-2.555186462402344,8.21731201171875
1748975350968,-3.8155654907226566,-2.734962615966797,8.716972961425782
1748975351035,-4.584965515136719,-3.2651600646972656,10.552755432128906
1748975351098,-5.6026991271972655,-2.9451255798339844,10.54527099609375
1748975351170,-4.611310729980469,-1.265618133544922,8.126900024414063
1748975351233,-3.150199127197266,-0.6002517700195312,6.767277374267579
1748975351298,-3.9439984130859376,-4.3999502563476565,9.93648696899414
1748975351368,-4.5285328674316405,-4.067042541503906,7.697443084716797
1748975351437,-3.506607971191406,-4.752916259765625,8.99284927368164
1748975351498,-2.587818603515625,-2.4843836975097657,6.526577911376953
1748975351569,-2.227218475341797,-3.5985168457031254,6.962172088623047
1748975351636,-2.3770568847656253,-3.1220576477050783,8.135282592773438
1748975351698,-3.6922219848632816,-2.216141510009766,9.533973999023438
1748975351769,-4.174219665527344,-2.113005981445313,10.491383056640625
1748975351835,-4.998106384277344,-2.801274719238281,10.823692016601562
1748975351898,-4.895120544433594,-2.827320556640625,10.23870849609375
1748975351967,-3.1332843017578127,-0.8518785095214845,7.6175093078613285
1748975352031,-4.829257507324219,-3.4353561401367188,7.40105941772461
1748975352098,-5.0286428833007815,-4.357438659667969,8.971593475341797
1748975352164,-4.041146392822266,-2.2335054016113283,7.388036499023438
1748975352231,-4.18409912109375,-3.133433990478516,7.432494049072266
1748975352298,-4.176165618896484,-3.8977445983886723,7.49970428466797
1748975352368,-3.560944976806641,-3.243904266357422,6.864275665283204
1748975352436,-3.362457733154297,-3.5058595275878908,8.223898315429688
1748975352498,-3.8374200439453126,-3.6447706604003907,8.661288757324218
1748975352568,-5.482499084472656,-2.818039855957031,9.583820343017578
1748975352637,-6.056405639648438,-1.7486636352539064,9.279802551269531
1748975352698,-5.901178436279297,-3.4286201477050784,10.478509826660156
1748975352768,-4.940176849365234,-2.4192691040039063,8.52671859741211
1748975352837,-4.638853454589844,-5.0151708984375,9.199120330810548
1748975352898,-3.5613940429687503,-3.9269338989257814,7.252568206787109
1748975352967,-2.983745269775391,-4.639901275634766,5.757177886962891
1748975353035,-2.8530670166015626,-3.5952236938476565,6.698719940185547
1748975353098,-1.866917724609375,-3.758833465576172,6.562353515625
1748975353168,-1.24301513671875,-3.779191131591797,8.443641357421875
1748975353235,-2.787952423095703,-3.8116735839843754,10.681936798095704
1748975353298,-3.8475988769531253,-3.2093261718750004,8.392896881103516
1748975353368,-4.152215423583985,-4.152365112304688,10.019564208984375
1748975353434,-5.337301025390626,-4.031117248535156,12.241543579101563
1748975353498,-4.145479431152344,-0.6361770629882812,5.975424041748047
1748975353568,-3.767216033935547,-4.046834564208985,7.4678205871582035
1748975353636,-4.581372985839844,-5.658083953857422,8.470735015869142
1748975353698,-4.837041320800782,-3.7854780578613285,6.609206085205078
1748975353767,-3.3458422851562504,-2.8217820739746093,7.255112915039063
1748975353835,-3.567082214355469,-3.3922457885742188,7.9466748046875
1748975353898,-4.554129638671875,-4.044589233398438,7.782316589355469
1748975353967,-4.493954772949219,-3.1653176879882814,8.123307495117189
1748975354035,-4.307742004394531,-3.1808853149414062,8.708440704345703
1748975354098,-5.427713012695313,-3.1428643798828126,10.533445587158203
1748975354169,-5.4655842590332036,-5.619015197753907,11.751462707519531
1748975354233,-4.141737213134766,-0.4608915710449219,5.1109716796875
1748975354298,-2.891686706542969,-1.7431251525878908,6.392905883789063
1748975354370,-4.916376342773438,-4.2200244140625,8.708440704345703
1748975354434,-5.63832504272461,-3.204386444091797,6.629713439941407
1748975354498,-4.501738586425781,-3.7208125305175783,7.287745056152344
1748975354569,-2.9123437500000002,-2.808908843994141,7.48249008178711
1748975354635,-2.692900085449219,-2.6934988403320315,8.1478564453125
1748975354698,-3.2454011535644534,-3.138224029541016,8.60530517578125
1748975354768,-3.9811212158203126,-3.1021490478515625,9.980196075439453
1748975354836,-4.691244506835938,-2.6863137817382814,8.893006896972656
1748975354898,-5.590125274658203,-4.048630828857422,9.989327087402344
1748975354968,-5.586682434082031,-0.8144563293457031,8.275241546630859
1748975355035,-5.579048309326172,-3.1555879211425784,7.429949340820313
1748975355097,-6.230343933105469,-2.954855346679688,9.264833679199219
1748975355168,-5.285059661865235,-1.4659016418457032,6.434968414306641
1748975355235,-5.600902862548828,-3.700155487060547,7.546556854248047
1748975355298,-4.961432647705078,-4.18844009399414,7.46093490600586
1748975355368,-3.506907348632813,-2.8566595458984376,6.170917510986328
1748975355435,-4.075724487304687,-3.707340545654297,8.275391235351563
1748975355498,-3.775748291015625,-1.4447955322265627,9.515262908935547
1748975355568,-4.422104187011719,-0.2424957275390625,11.739637298583984
1748975355634,-6.896758117675781,-1.753004608154297,9.693242797851562
1748975355698,-5.256918182373047,0.45999343872070314,6.640790405273438
1748975355770,-4.816234588623047,-2.6029371643066406,8.887618103027345
1748975355834,-4.170327758789063,-2.2237756347656252,8.150101776123048
1748975355898,-4.368665313720704,-2.6472450256347657,6.546336822509766
1748975355969,-3.6672239685058594,-2.495460662841797,6.604565734863281
1748975356036,-2.255958709716797,-1.7859361267089844,7.889793090820313
1748975356098,-1.6263679504394533,-1.6384927368164064,9.531279602050782
1748975356169,-2.9702732849121096,-0.6137237548828125,9.910141754150391
1748975356233,-3.4908906555175783,-1.6485218811035156,10.574160919189454
1748975356298,-4.247866516113281,-3.3391062927246096,11.122770080566406
1748975356369,-3.8377194213867187,-0.12543914794921876,7.814649353027344
1748975356434,-4.204157409667969,-2.8788134765625,7.433841247558594
1748975356498,-4.473297729492188,-3.176843719482422,8.70155502319336
1748975356568,-3.6907250976562502,-1.569785614013672,7.014114074707032
1748975356634,-4.216132507324219,-2.4911196899414065,7.360493774414063
1748975356698,-3.9425015258789062,-2.3629861450195313,7.631729736328126
1748975356769,-3.280877380371094,-2.009720764160156,8.559500427246094
1748975356835,-3.4027239990234377,-2.2972727966308595,10.066566467285156
1748975356898,-2.925516357421875,-1.8865269470214845,9.598489837646484
1748975356974,-3.4829571533203127,-3.040776672363281,11.620934143066407
1748975357031,-4.543501739501953,-3.112028503417969,11.953692169189454
1748975357098,-2.9820986938476564,1.4471905517578125,5.931565246582031
1748975357164,-1.663490753173828,-3.994593200683594,9.379495239257812
1748975357231,-1.9714004516601564,-5.1871632385253905,8.609197082519533
1748975357298,-2.4866290283203125,-4.2872346496582034,7.167095947265626
1748975357369,-1.7359400939941407,-4.629872131347656,7.1401519775390625
1748975357435,-2.29682373046875,-3.2723451232910157,7.59745101928711
1748975357498,-2.315834197998047,-2.973267059326172,8.122708740234376
1748975357568,-2.0811222839355468,-3.087778930664063,10.209668884277344
1748975357636,-2.3306533813476564,-2.5117767333984378,11.683803405761719
1748975357698,-3.4646951293945314,-3.997137908935547,10.975027313232422
1748975357769,-2.9726683044433595,-1.8983523559570314,9.456584930419922
1748975357835,-3.3332684326171877,-1.918260955810547,7.4362362670898445
1748975357898,-4.046684875488282,-4.336931304931641,8.242609405517578
1748975357968,-3.8360728454589847,-3.18298095703125,8.388106842041015
1748975358035,-4.108805694580078,-2.3083497619628908,7.592511291503906
1748975358098,-4.1427850341796875,-3.1490016174316406,7.69998779296875
1748975358169,-3.6407290649414064,-3.473377075195313,7.386539611816406
1748975358236,-3.494034118652344,-3.5814523315429687,7.51123031616211
1748975358298,-3.31470703125,-3.559747467041016,8.571924591064453
1748975358367,-3.986210632324219,-3.6167788696289063,9.415719909667969
1748975358433,-3.6780015563964845,-3.4792149353027346,9.948312377929687
1748975358498,-4.468807067871094,-5.141059112548828,10.882669372558594
1748975358572,-3.7435652160644532,-0.046253814697265624,5.889053649902344
1748975358637,-3.699706420898438,-4.769681396484375,9.57004898071289
1748975358698,-4.361480255126954,-3.787424011230469,8.842262420654297
1748975358769,-2.8373497009277346,-2.0983364868164065,7.301815795898438
1748975358834,-1.1409274291992189,-3.6314483642578126,9.04688690185547
1748975358898,-2.822231140136719,-3.6060012817382816,7.077881469726563
1748975358967,-2.702330474853516,-3.557651824951172,7.449408874511719
1748975359035,-2.528691558837891,-4.462969207763672,9.231902160644532
1748975359098,-3.150199127197266,-3.241509246826172,10.555898895263672
1748975359169,-1.5792160034179688,-4.304897918701172,11.03625
1748975359233,-4.00447265625,-3.829187164306641,9.12592254638672
1748975359298,-2.9545559692382812,-1.9284397888183595,7.344327392578125
1748975359369,-4.828958129882813,-4.827161865234375,7.814499664306641
1748975359434,-4.411925354003906,-3.310964813232422,7.919281768798829
1748975359498,-3.8643640136718753,-1.9874171447753908,6.953190765380859
1748975359567,-4.335135040283204,-3.5512152099609375,7.720345458984375
1748975359634,-4.285288696289062,-2.7740313720703127,7.332352294921876
1748975359698,-4.119732971191406,-3.310066680908203,8.044720916748048
1748975359768,-3.8739440917968753,-3.377127227783203,9.29986083984375
1748975359833,-3.5944752502441406,-3.1025981140136722,9.526489562988282
1748975359898,-4.026925964355469,-3.2814761352539064,10.513986053466798
1748975359970,-4.365970916748047,-2.5114773559570316,9.943821716308594
1748975360034,-2.8252249145507813,-0.42706192016601563,6.894512786865235
1748975360098,-3.1825318908691407,-4.584217071533203,10.089169464111329
1748975360171,-4.025429077148438,-2.9692254638671876,6.6946783447265625
1748975360234,-4.227957916259766,-3.5615437316894534,7.185956726074219
1748975360298,-3.001857604980469,-1.7539027404785157,8.000712432861329
1748975360368,-1.9353254699707032,-2.528841247558594,8.758885803222658
1748975360433,-3.9041812133789064,-4.194727020263672,7.756270751953125
1748975360498,-3.735781402587891,-2.908152465820313,7.92511962890625
1748975360569,-4.223467254638672,-3.981420593261719,10.763517150878906
1748975360634,-3.1713052368164063,-1.9907102966308594,11.37245086669922
1748975360698,-2.952909393310547,-0.528101806640625,10.197095031738282
1748975360769,-3.1129266357421876,-2.587519226074219,8.406069488525391
1748975360833,-3.4455349731445315,-3.5786082458496096,9.150022430419922
1748975360898,-2.6770330810546876,-1.435814208984375,7.754025421142578
1748975360969,-3.2695010375976565,-4.002826080322266,8.765771484375
1748975361034,-3.413651275634766,-4.044439544677735,7.169490966796875
1748975361098,-3.2278875732421874,-3.5128948974609377,7.091952209472657
1748975361169,-3.610192565917969,-4.9388296508789065,8.223149871826172
1748975361233,-3.653003540039063,-3.728746032714844,8.56698486328125
1748975361298,-3.1054421997070314,-4.387077026367188,10.037227478027344
1748975361371,-3.3690440368652346,-4.733456726074219,11.727662200927735
1748975361437,-3.8113742065429688,-0.7086264038085938,7.753576354980469
1748975361498,-2.607876892089844,-2.764900360107422,9.405690765380859
1748975361570,-2.704725494384766,-3.7871246337890625,8.157137145996094
1748975361636,-2.9018655395507813,-3.669020233154297,6.127208404541016
1748975361698,-2.4879762268066408,-4.037703552246094,7.504494323730469
1748975361772,-2.2695803833007813,-3.6720140075683596,7.839198303222656
1748975361835,-2.3198757934570313,-3.4883459472656253,7.947423248291016
1748975361898,-2.4971072387695314,-4.117936706542969,9.28070068359375
1748975361973,-3.2027398681640626,-3.6413278198242187,11.795022125244142
1748975362031,-4.436623992919922,-4.193080444335938,11.756701812744142
1748975362098,-4.299808502197266,-1.8875747680664063,9.200467529296876
1748975362164,-3.210074615478516,-1.8432669067382814,7.075935516357422
1748975362231,-4.135450286865234,-5.247487792968751,8.470435638427734
1748975362298,-4.173920288085938,-3.2003448486328128,7.281757507324219
1748975362367,-3.9438487243652345,-3.0181736755371094,7.301366729736328
1748975362435,-4.272565155029297,-3.7842805480957034,7.694000244140625
1748975362498,-3.6585420227050784,-3.146756286621094,7.40345443725586
1748975362568,-3.2654594421386722,-3.948938140869141,8.048463134765626
1748975362635,-3.7776942443847656,-3.7348832702636723,8.237070922851563
1748975362698,-4.317771148681641,-4.269421691894531,8.978778533935547
1748975362767,-4.404889984130859,-3.799548797607422,10.328970794677735
1748975362836,-4.853357391357422,-4.332740020751953,10.267748107910156
1748975362898,-4.159250793457032,-0.9822573852539063,6.129154357910156
1748975362968,-3.869004364013672,-2.9969178771972658,8.506360931396484
1748975363036,-4.163591766357422,-3.726201324462891,8.855285339355468
1748975363098,-3.4914894104003906,-3.8371206665039064,7.339687042236329
1748975363170,-2.3499632263183594,-4.161945190429687,7.669451293945313
1748975363234,-2.51237548828125,-3.4609529113769533,7.2863978576660156
1748975363298,-2.964884490966797,-3.8898110961914063,7.479795684814453
1748975363370,-2.6708958435058596,-3.9818696594238285,8.47163314819336
1748975363434,-3.0144314575195312,-3.4995726013183597,8.22689208984375
1748975363498,-3.1765443420410158,-3.7211119079589845,8.619525604248047
1748975363567,-3.6154316711425785,-3.5509158325195314,9.796827392578125
1748975363634,-5.046156463623047,-4.255949707031251,10.91739715576172
1748975363698,-3.666176147460938,-1.1178753662109375,8.107739868164064
1748975363769,-4.19412826538086,-3.692970428466797,6.9781887817382815
1748975363836,-4.369563446044922,-5.000052337646484,8.460855560302734
1748975363898,-4.466412048339844,-2.695444793701172,7.321275329589844
1748975363966,-4.071982269287109,-2.908751220703125,8.05534881591797
1748975364034,-4.104764099121094,-3.563190307617188,7.986791381835938
1748975364098,-3.8826260375976562,-3.5965708923339847,7.4607852172851565
1748975364169,-3.510050811767578,-4.450694732666016,7.894882507324219
1748975364234,-3.167413330078125,-2.9151878356933594,8.220754852294922
1748975364298,-3.9402561950683594,-1.5396981811523438,8.51429443359375
1748975364369,-4.33259033203125,-0.3255729675292969,9.026529235839844
1748975364434,-6.326444091796875,-4.309538269042969,10.955717468261719
1748975364498,-1.1575428771972658,2.9261151123046876,9.438472595214844
1748975364569,-3.4861006164550785,-3.210673370361328,8.576714630126954
1748975364634,-4.127666473388672,-4.546046447753906,8.957672424316407
1748975364698,-3.153791656494141,-3.7944593811035157,8.22300018310547
1748975364769,-2.5173152160644534,-2.9485684204101563,7.276817779541016
1748975364834,-2.1489312744140627,-3.0895751953125004,7.532486114501953
1748975364898,-2.151775360107422,-2.9689260864257814,8.335715789794921
1748975364968,-2.405348052978516,-2.8409422302246097,8.809929656982423
1748975365034,-2.582878875732422,-2.5596771240234375,9.733059997558595
1748975365098,-3.905678100585938,-2.443967742919922,9.70312225341797
1748975365169,-5.634882202148438,-4.924309844970703,11.832743682861329
1748975365234,-4.616998901367188,0.6044430541992187,8.57506805419922
1748975365297,-4.05955810546875,-2.063309326171875,8.762927398681642
1748975365370,-4.095333709716797,-2.544408874511719,9.092242584228517
1748975365434,-3.6375856018066406,-1.654808807373047,7.70283187866211
1748975365498,-4.2819955444335935,-3.466341705322266,7.662715301513672
1748975365570,-3.593427429199219,-3.1060409545898438,7.648195495605469
1748975365633,-3.750301208496094,-3.9206469726562503,7.738158416748047
1748975365698,-3.1060409545898438,-3.3485366821289064,7.271129608154297
1748975365770,-2.7256819152832032,-4.106859741210938,8.78777572631836
1748975365834,-3.8673577880859376,-4.351451110839844,11.155701599121095
1748975365898,-5.890999603271485,-3.0226643371582034,11.033705291748047
1748975365970,-3.5206787109375,0.5842350769042969,7.870333557128907
1748975366034,-4.977000274658203,-3.7091368103027347,9.185049591064454
1748975366098,-4.803810424804688,-3.946393432617188,7.4062985229492195
1748975366169,-3.416495361328125,-3.3620086669921876,7.569758605957031
1748975366233,-2.7406507873535157,-3.2160621643066407,7.622299346923828
1748975366297,-2.2339544677734375,-2.800825653076172,7.8676391601562505
1748975366370,-2.5803341674804687,-3.5613940429687503,8.197553100585939
1748975366434,-3.1989976501464845,-2.870131530761719,8.678652648925782
1748975366498,-4.6288243103027344,-3.5711238098144533,10.003697204589844
1748975366570,-6.434519348144532,-4.054019622802735,11.112441558837892
1748975366635,-4.9512538146972656,0.37437149047851564,9.377549285888673
1748975366698,-3.1189141845703126,-2.348017272949219,8.888965301513672
1748975366770,-5.1109716796875,-3.4530194091796877,8.392896881103516
1748975366835,-4.417463836669922,-2.339784393310547,6.860084381103516
1748975366897,-4.286635894775391,-4.13140869140625,8.376431121826172
1748975366966,-4.554129638671875,-3.1596295166015627,7.515122222900391
1748975367031,-4.154311065673828,-3.2817755126953125,7.627688140869141
1748975367097,-3.892804870605469,-4.0671922302246095,7.786956939697266
1748975367164,-3.2986903381347656,-3.3247361755371094,7.539820861816406
1748975367231,-2.581381988525391,-3.350482635498047,8.51998260498047
1748975367297,-3.732338562011719,-5.428910522460938,11.11333969116211
1748975367369,-4.39965087890625,-2.818039855957031,8.412805480957031
1748975367435,-2.0230430603027343,-1.3451028442382813,8.317453765869141
1748975367498,-4.608915710449219,-5.554199981689454,9.868228912353516
1748975367568,-4.210294647216797,-2.8991711425781252,7.072342987060547
1748975367633,-2.3237677001953125,-4.1799078369140625,7.990084533691407
1748975367697,-0.8271798706054688,-4.462969207763672,6.820416870117188
1748975367772,-1.3073812866210939,-4.498894500732422,6.0748173522949225
1748975367835,-1.7067507934570314,-6.520740051269532,8.452772369384766
1748975367898,-2.1296214294433593,-4.877906341552735,7.6860667419433595
1748975367968,-3.130589904785156,-5.599256286621094,8.330626373291016
1748975368035,-3.583697662353516,-5.795049133300782,9.033714294433594
1748975368097,-4.300556945800781,-5.918392639160157,9.289083251953125
1748975368168,-4.008364562988281,-3.0650262451171875,7.167545013427735
1748975368234,-3.9010377502441407,-4.834496612548828,7.84174301147461
1748975368297,-4.372557220458985,-5.138215026855469,7.951315155029297
1748975368367,-4.2980122375488286,-4.659061431884766,7.3040611267089846
1748975368433,-3.86316650390625,-3.714375915527344,6.68973861694336
1748975368497,-3.7688626098632816,-4.177512817382813,6.8443670654296875
1748975368570,-3.689228210449219,-4.985532531738282,7.083270263671875
1748975368634,-3.6714152526855472,-4.17451904296875,7.924820251464844
1748975368697,-3.6113900756835937,-3.8248461914062504,8.128396911621094
1748975368767,-4.333488464355469,-5.460345153808594,8.853938140869142
1748975368834,-5.499563598632813,-6.446793823242188,9.567204895019533
1748975368897,-4.987478485107422,-1.2614268493652345,6.893914031982423
1748975368968,-4.547842712402344,-3.6274067687988283,9.697733459472657
1748975369035,-4.8967671203613286,-3.6607873535156252,6.894213409423829
1748975369097,-4.153712310791016,-3.3644036865234375,6.0677819824218755
1748975369169,-3.154390411376953,-3.878584442138672,7.61945526123047
1748975369235,-3.5759138488769535,-3.7339851379394533,7.160509643554688
1748975369297,-3.2825239562988284,-4.211342468261719,7.8007283020019536
1748975369369,-2.9726683044433595,-3.573069763183594,8.14740737915039
1748975369434,-3.980073394775391,-3.3720378112792972,8.411009216308594
1748975369497,-5.147196350097657,-4.9289501953125,9.201665039062501
1748975369568,-6.059100036621094,-4.232448577880859,10.266849975585938
1748975369634,-4.098327484130859,-0.8125103759765625,7.501500549316407
1748975369697,-4.9582891845703125,-4.316723327636719,6.129902801513672
1748975369768,-6.077062683105469,-5.734724578857422,7.509733428955078
1748975369834,-5.276527404785156,-2.9154872131347656,6.406826934814453
1748975369897,-4.004322967529297,-3.3319212341308595,7.152725830078126
1748975369969,-4.092190246582032,-3.6914735412597657,7.318730621337891
1748975370034,-3.907174987792969,-3.5775604248046875,7.654033355712891
1748975370097,-5.560337219238281,-3.0226643371582034,8.137527923583985
1748975370170,-5.443580017089844,-2.1140538024902344,7.980803833007813
1748975370234,-5.584586791992188,-3.633993072509766,7.5839790344238285
1748975370297,-5.121150512695313,-3.951482849121094,8.405770111083985
1748975370371,-6.24426498413086,-7.079078979492188,10.420131225585939
1748975370434,-4.303999786376953,-0.23231689453125,5.3932846069335945
1748975370497,-3.4890943908691407,-4.6413981628417975,8.98027542114258
1748975370571,-4.2361907958984375,-5.242398376464844,6.865024108886719
1748975370634,-3.4959800720214846,-4.027824096679688,6.0044636535644536
1748975370697,-2.1701870727539063,-4.815336456298828,8.005801849365234
1748975370771,-2.5500970458984376,-3.3977842712402344,7.290140075683594
1748975370834,-2.754122772216797,-3.3693434143066407,8.66368377685547
1748975370897,-3.2552806091308595,-3.7142262268066406,8.651858367919923
1748975370970,-4.422253875732422,-3.5317556762695315,8.969497833251953
1748975371034,-5.234464874267578,-4.593497772216797,9.706565093994142
1748975371097,-5.174739074707031,-4.121080169677734,10.249935150146484
1748975371169,-3.4111065673828125,-1.4262341308593751,7.690557403564454
1748975371233,-5.067711639404297,-5.438939666748047,8.009544067382812
1748975371297,-5.995931396484376,-5.405409393310547,8.170908508300782
1748975371370,-5.56363037109375,-4.580175476074219,7.3143896484375
1748975371433,-4.5180546569824225,-4.235142974853516,4.897964630126953
1748975371497,-3.3121623229980472,-4.661306762695313,4.182602233886719
1748975371571,-3.314557342529297,-3.29315185546875,5.667514343261719
1748975371635,-5.672603759765625,-5.457950134277344,7.534881134033204
1748975371697,-7.042554931640625,-5.482499084472656,6.5256797790527346
1748975371770,-6.3882655334472656,-5.3157458496093755,7.444020080566407
1748975371834,-6.6821044921875,-6.965315551757813,9.941277008056641
1748975371897,-3.5533108520507812,-1.0710227966308594,5.0479527282714844
1748975371973,-3.6744090270996095,-3.9734870910644533,6.2560903930664065
1748975372031,-6.546336822509766,-8.452323303222657,8.224796447753906
1748975372097,-5.303171997070312,-3.467389526367188,5.024301910400391
1748975372164,-4.470902709960938,-4.387975158691407,6.328988800048829
1748975372231,-4.005520477294922,-4.752766571044922,6.297254791259766
1748975372297,-4.033362579345703,-4.619393920898438,6.175408172607423
1748975372369,-4.239933013916016,-4.495301971435547,7.593110046386719
1748975372434,-4.797673187255859,-4.501139831542969,7.753875732421875
1748975372497,-5.679788818359375,-4.363276519775391,8.591084747314454
1748975372570,-6.323600006103516,-4.715045013427734,9.235794067382812
1748975372634,-6.0378442382812505,-1.9149678039550782,7.96628402709961
1748975372697,-5.500461730957031,-3.419638824462891,6.930887145996094
1748975372770,-6.090085601806641,-3.9273829650878906,7.935897216796875
1748975372836,-4.834496612548828,-2.284998321533203,6.09053466796875
1748975372897,-5.368136901855469,-4.166286163330079,6.74482406616211
1748975372969,-5.238805847167969,-3.9425015258789062,6.24426498413086
1748975373034,-4.769980773925782,-3.945944366455078,6.548282775878906
1748975373097,-4.187392272949219,-4.0706350708007815,7.051985321044922
1748975373170,-4.486620025634766,-3.9106178283691406,8.047565002441406
1748975373233,-6.007756805419922,-4.324058074951172,8.441695404052735
1748975373297,-7.611222381591797,-6.558461608886719,10.077942810058595
1748975373369,-4.883594512939453,-0.40505767822265626,5.43235336303711
1748975373433,-5.324427795410156,-4.209546203613281,8.722661132812501
1748975373497,-5.663921813964844,-3.9531294250488282,6.727759552001953
1748975373570,-4.509372711181641,-4.414619750976563,6.087989959716797
1748975373634,-3.4578094482421875,-3.8118232727050785,6.876849517822266
1748975373697,-3.856580200195313,-3.932771759033203,7.085964660644532
1748975373769,-3.8957986450195317,-3.9577697753906254,7.431446228027344
1748975373836,-5.432652740478516,-4.417164459228516,8.52192855834961
1748975373897,-6.129004669189453,-4.371210021972656,8.79885269165039
1748975373967,-6.758296051025391,-5.181624755859375,9.156459045410157
1748975374036,-5.008285217285157,-0.6167175292968751,7.132966918945312
1748975374097,-4.431384887695312,-3.210373992919922,7.7951898193359375
1748975374170,-4.955445098876953,-4.62478271484375,8.09756103515625
1748975374234,-3.8839732360839845,-2.289189605712891,6.729256439208985
1748975374297,-4.090543670654297,-3.23806640625,7.330106964111328
1748975374369,-4.170627136230469,-3.8562808227539063,7.5735008239746096
1748975374434,-3.739523620605469,-3.459306335449219,7.071744232177735
1748975374497,-3.5546580505371095,-3.6013609313964845,8.283175048828125
1748975374569,-3.642525329589844,-3.668870544433594,8.824000396728517
1748975374634,-4.468507690429687,-3.7604800415039064,8.8472021484375
1748975374697,-5.7455021667480475,-4.367467803955078,10.428064727783203
1748975374770,-4.388573913574219,-1.7080979919433594,7.904163208007813
1748975374834,-4.944517822265626,-1.8820362854003907,9.897567901611328
1748975374897,-5.036127319335938,-4.710704040527344,8.402327270507813
1748975374969,-3.562741241455078,-4.0549177551269535,7.5839790344238285
1748975375034,-2.621348876953125,-3.755390625,7.081623687744141
1748975375097,-2.752775573730469,-3.975283355712891,6.246809692382813
1748975375167,-3.4326617431640627,-3.6315980529785157,8.171656951904298
1748975375234,-2.9054580688476563,-4.7116021728515625,8.665030975341796
1748975375297,-2.684966583251953,0.2712359619140625,9.372310180664064
1748975375369,-4.66115707397461,-0.22438339233398438,11.051218872070313
1748975375434,-6.837930450439454,-5.693560180664063,11.925401000976564
1748975375497,-5.801785125732422,-1.5033238220214844,7.574398956298828
1748975375570,-3.612437896728516,-3.501219177246094,7.7531272888183596
1748975375632,-5.143005065917969,-6.398444366455078,9.26109146118164
1748975375697,-5.147196350097657,-4.737498321533203,6.483168182373047
1748975375769,-3.5690281677246096,-4.406686248779297,4.962630157470703
1748975375834,-2.3499632263183594,-4.517904968261719,5.829627227783203
1748975375897,-2.12917236328125,-3.660188598632813,6.14606918334961
1748975375969,-5.187462615966797,-3.0958621215820314,8.430319061279297
1748975376033,-8.129893798828125,-3.023562469482422,10.860365753173829
1748975376097,-7.917036437988282,-1.9029927062988283,11.446995849609376
1748975376169,-6.598428497314454,-1.73159912109375,9.812694396972656
1748975376233,-5.699996795654297,-5.050048370361329,10.34693344116211
1748975376297,-4.632267150878906,-2.253414001464844,8.218210144042969
1748975376372,-4.04518798828125,-5.230273590087891,9.545200653076172
1748975376435,-4.238735504150391,-5.818550262451172,7.533384246826173
1748975376497,-3.203188934326172,-5.061275024414063,5.520669708251954
1748975376571,-2.366279296875,-4.326453094482422,6.189329223632813
1748975376636,-2.2210812377929687,-2.971171417236328,6.739135894775391
1748975376697,-1.9715501403808595,-4.003125457763672,8.053702239990235
1748975376769,-4.783303070068359,-4.068539428710937,8.343050537109375
1748975376835,-5.9374031066894535,-3.4908906555175783,10.238858184814454
1748975376897,-7.054380340576172,-3.8576280212402345,10.880873107910157
1748975376969,-6.524781646728516,-1.0156379699707032,9.193282470703126
1748975377030,-4.846621398925781,-0.6599775695800781,5.86061279296875
1748975377097,-5.307363281250001,-4.043990478515625,8.325387268066407
1748975377164,-5.366640014648437,-2.355202331542969,7.493417358398438
1748975377230,-5.426515502929687,-3.1316377258300783,7.447911987304688
1748975377297,-4.9793952941894535,-3.364553375244141,6.872807922363282
1748975377369,-4.4018962097167975,-3.0858329772949222,6.428232421875
1748975377434,-3.949237518310547,-3.6148329162597657,7.300917663574219
1748975377497,-4.572691040039063,-3.5009197998046875,7.501949615478516
1748975377569,-4.463268585205078,-3.0130842590332034,8.20728286743164
1748975377634,-5.87498291015625,-4.679568786621094,10.884465637207033
1748975377698,-6.822362823486328,-3.291654968261719,9.489815826416017
1748975377771,-4.532275085449219,0.41119491577148437,6.457272033691407
1748975377834,-5.043013000488282,-3.090473327636719,8.798104248046876
1748975377898,-5.501210174560547,-4.006418609619141,7.453899536132813
1748975377970,-4.343517608642578,-2.946921844482422,6.613547058105469
1748975378034,-3.494034118652344,-3.2061827087402346,7.190896453857422
1748975378098,-3.407963104248047,-3.313359832763672,6.980434112548829
1748975378170,-3.5548077392578126,-3.364852752685547,7.1136570739746094
1748975378234,-4.513713684082031,-3.5884877014160157,8.122259674072266
1748975378298,-5.601800994873047,-2.8994705200195314,9.029523010253907
1748975378370,-6.847510528564453,-3.605402526855469,9.580078125
1748975378432,-6.875801696777344,-3.207978973388672,9.916728057861329
1748975378498,-4.5548780822753905,0.23231689453125,6.814878387451172
1748975378571,-5.0630712890625,-3.706292724609375,7.24493408203125
1748975378634,-5.553601226806641,-3.4519715881347657,8.472680969238281
1748975378698,-6.020031280517578,-2.149230651855469,6.977889404296875
1748975378770,-5.94009750366211,-2.8647427368164062,6.936725006103516
1748975378835,-5.014123077392578,-3.3418006896972656,6.860533447265626
1748975378898,-4.475243682861328,-3.014281768798828,7.0653076171875
1748975378970,-4.7258226013183595,-3.0955627441406253,7.551197204589844
1748975379033,-4.923262023925782,-3.23088134765625,8.17899169921875
1748975379098,-5.128934326171875,-3.060385894775391,8.570876770019531
1748975379166,-6.781647491455079,-5.160368957519531,10.633138275146486
1748975379233,-5.426066436767578,0.20522323608398438,6.422394561767579
1748975379298,-5.324278106689453,-1.8411712646484375,8.550219726562501
1748975379370,-5.731880493164063,-3.416794738769531,7.660919036865235
1748975379434,-4.434678039550781,-2.4025039672851562,6.348298645019532
1748975379498,-3.283422088623047,-3.3474888610839844,8.084089050292969
1748975379569,-4.638853454589844,-3.5308575439453125,7.5012011718750005
1748975379634,-3.7148249816894534,-2.195933532714844,7.150630187988281
1748975379698,-3.7745507812500003,-2.6664051818847656,7.752528533935547
1748975379767,-4.847669219970704,-2.8797116088867187,8.443791046142579
1748975379833,-6.135590972900391,-2.6994863891601564,8.500672760009767
1748975379898,-7.039112091064453,-3.443439331054688,9.11110336303711
1748975379969,-6.8021548461914065,-1.0288105773925782,8.328081665039063
1748975380034,-5.091661834716797,-0.17154327392578125,5.576802978515626
1748975380098,-5.892346801757813,-4.229005737304687,8.817563781738281
1748975380171,-6.056255950927735,-2.0646565246582034,6.854695587158203
1748975380233,-5.786367187500001,-2.019749908447266,6.545738067626954
1748975380298,-5.665418701171875,-3.051404571533203,7.268584899902344
1748975380369,-5.501060485839844,-2.5598268127441406,6.904392242431641
1748975380434,-5.404660949707032,-3.131038970947266,7.239694976806641
1748975380498,-4.961432647705078,-3.065475311279297,7.266638946533203
1748975380567,-4.794978790283204,-2.434387664794922,7.525450744628906
1748975380633,-5.546266479492187,-2.7210415649414066,9.03296585083008
1748975380698,-7.707023162841797,-4.568649444580078,10.416538696289063
1748975380769,-5.403463439941406,0.4939727783203125,5.974825286865235
1748975380833,-4.767885131835937,-1.200952606201172,7.667056274414063
1748975380898,-6.511159973144531,-4.132007446289062,9.446705474853516
1748975380969,-5.0410670471191406,-1.9486477661132813,6.372099151611328
1748975381035,-4.1050634765625,-3.329825592041016,7.970475311279297
1748975381098,-3.9674995422363284,-2.8253746032714844,6.788383483886719
1748975381168,-3.636388092041016,-2.923869781494141,6.917564849853516
1748975381233,-4.348157958984375,-2.8461813354492187,7.869435424804688
1748975381298,-5.549709320068359,-2.4764501953125,8.404273223876954
1748975381370,-7.797884216308594,-4.577481079101562,9.844877471923828
1748975381436,-6.577322387695313,-1.9083815002441407,8.33990707397461
1748975381498,-4.791985015869141,-0.13457015991210938,5.767356719970703
1748975381571,-4.998555450439453,-4.390370178222656,7.974067840576172
1748975381634,-6.042484588623047,-3.847299499511719,8.328979797363282
1748975381698,-4.600982208251954,-1.7021104431152345,7.245682525634766
1748975381768,-3.596870269775391,-3.8684056091308596,8.831035766601563
1748975381834,-5.150788879394532,-3.4828074645996097,6.533014526367188
1748975381898,-4.758305053710938,-2.863096160888672,7.795339508056641
1748975381970,-5.767057342529297,-2.4135809326171875,7.602989501953125
1748975382031,-5.6345828247070315,-2.0652552795410157,7.7707905578613286
1748975382098,-5.754932556152344,-2.005529479980469,7.726931762695313
1748975382164,-6.417754211425781,-2.017654266357422,8.12345718383789
1748975382232,-6.316564636230469,-4.531676330566406,9.296867065429687
1748975382298,-5.140759735107422,-1.8544935607910158,7.133715362548829
1748975382372,-3.5747163391113284,-2.7355613708496094,7.6580749511718755
1748975382434,-5.871240692138672,-5.841602325439453,8.357869720458984
1748975382498,-5.5711148071289065,-3.191363525390625,7.279811553955079
1748975382569,-4.464615783691406,-3.229683837890625,7.160359954833985
1748975382634,-4.281696166992187,-2.4625291442871093,6.591393127441407
1748975382698,-4.244423675537109,-2.847528533935547,7.457342376708985
1748975382768,-4.775369567871094,-2.361638946533203,7.854167175292969
1748975382836,-5.550757141113282,-1.675166473388672,7.568112030029297
1748975382898,-5.397326202392579,-2.0513342285156253,8.52821548461914
1748975382968,-6.286477203369141,-2.4770489501953126,9.53352493286133
1748975383034,-6.989864501953125,-3.113675079345703,10.137069854736328
1748975383098,-5.613626403808594,-0.42047561645507814,6.601871337890626
1748975383170,-5.179379425048828,-1.9251466369628907,6.365662536621094
1748975383233,-6.3882655334472656,-4.325105895996094,8.990304565429687
1748975383298,-6.21791976928711,-2.2589524841308597,7.558082885742188
1748975383367,-5.66706527709961,-2.2935305786132814,6.450685729980469
1748975383436,-5.4127441406250005,-3.2169602966308597,6.395899658203125
1748975383498,-5.002746734619141,-3.8679565429687504,7.042854309082031
1748975383570,-4.977149963378906,-2.752775573730469,6.992558898925782
1748975383632,-5.143903198242188,-2.9499156188964846,7.562124481201172
1748975383698,-4.82596435546875,-2.1776715087890626,7.820936279296875
1748975383769,-5.052443389892578,-1.7609381103515627,9.081165618896485
1748975383835,-6.801406402587891,-3.0558952331542972,10.456804962158204
1748975383898,-7.335495758056641,-2.1109103393554687,9.790690155029298
1748975383969,-5.074896697998047,0.31689102172851563,6.173761596679688
1748975384033,-5.60479476928711,-3.043770446777344,9.074130249023439
1748975384098,-5.328619079589844,-2.3751109313964847,7.298971710205079
1748975384170,-5.059927825927734,-2.9425808715820314,7.262747039794922
1748975384233,-3.8932539367675782,-2.1582119750976565,7.266788635253906
1748975384298,-3.4855018615722657,-2.270179138183594,7.2795121765136726
1748975384371,-4.445605316162109,-3.0672715759277347,7.840994567871094
1748975384433,-4.722529449462891,-2.0513342285156253,7.368427276611328
1748975384498,-5.866300964355469,-2.8168423461914065,7.823780364990235
1748975384569,-8.385262756347657,-5.425916748046875,10.681637420654297
1748975384634,-6.277196502685547,0.3465293884277344,6.438560943603516
1748975384698,-4.352798309326172,-0.48529083251953126,6.025120697021484
1748975384769,-5.153183898925781,-3.3762290954589846,8.135581970214844
1748975384835,-6.6559089660644535,-2.4263044738769532,7.926766204833985
1748975384898,-7.000791778564453,-1.203347625732422,6.68928955078125
1748975384968,-6.364614715576172,-1.8685643005371095,6.17675537109375
1748975385033,-6.165678405761719,-2.1776715087890626,7.232060852050782
1748975385098,-5.954766998291016,-1.355730743408203,7.29567855834961
1748975385171,-5.593268737792969,-1.5233821105957033,7.237299957275391
1748975385233,-5.325176239013672,-1.8802400207519532,7.645650787353516
1748975385298,-5.5218672180175785,-1.8342855834960938,7.902217254638672
1748975385370,-5.589676208496094,-1.9324813842773438,8.22973617553711
1748975385433,-8.020321655273438,-4.023782501220703,10.88626190185547
1748975385498,-6.4779290771484375,-1.683399353027344,7.432194671630859
1748975385568,-3.6182757568359376,0.6165678405761719,6.708300018310547
1748975385633,-6.686744842529297,-4.2098455810546875,8.669970703125001
1748975385698,-6.672225036621094,-2.9582981872558594,4.96771957397461
1748975385772,-5.469925231933594,-2.2712269592285157,6.239924011230469
1748975385833,-4.266577606201172,-1.9475999450683594,7.602690124511719
1748975385898,-4.612358551025391,-1.4705419921875,7.674989776611328
1748975385971,-5.005441131591797,-1.5669415283203125,7.512128448486329
1748975386033,-5.592071228027344,-1.7609381103515627,8.28961166381836
1748975386098,-6.0784098815917975,-1.2123289489746094,8.486152954101563
1748975386171,-8.262667694091798,-3.1509475708007812,10.716963958740235
1748975386232,-6.43107650756836,-0.9380992126464844,8.877289581298829
1748975386298,-5.493725738525391,-0.5622308349609375,6.22031478881836
1748975386371,-5.179529113769531,-2.6993367004394533,5.894442443847656
1748975386434,-6.469995574951172,-3.789519653320313,7.25017318725586
1748975386498,-6.764133911132813,-2.188898162841797,6.361321563720703
1748975386570,-6.138435058593751,-1.1322454833984374,5.9689874267578125
1748975386634,-6.450835418701172,-2.518363037109375,7.5752970886230475
1748975386698,-5.885461120605469,-1.4055770874023439,6.917864227294922
1748975386772,-6.0887384033203125,-1.6328045654296877,7.203320617675781
1748975386833,-5.472919006347657,-1.3076806640625,7.468868408203125
1748975386898,-5.703739013671875,-1.4540762329101564,7.919431457519532
1748975386972,-6.654561767578126,-1.8291961669921877,8.973389739990235
1748975387032,-8.309220886230468,-3.2332763671875,10.6769970703125
1748975387098,-7.6401123046875,-2.2400917053222655,7.795638885498048
1748975387164,-4.42360107421875,0.9788145446777344,5.397326202392579
1748975387232,-6.376889190673828,-3.8157151794433597,8.42418182373047
1748975387298,-7.314689025878907,-4.1604483032226565,7.340585174560547
1748975387370,-5.463189239501953,-2.5274940490722657,6.396348724365235
1748975387434,-4.348008270263672,-2.5078848266601566,5.9303677368164065
1748975387498,-4.290228424072266,-2.424957275390625,6.594686279296876
1748975387570,-4.667893066406251,-1.5763719177246094,8.237220611572265
1748975387635,-5.19285140991211,-1.6443305969238282,8.461454315185547
1748975387698,-5.922733612060547,-3.2717463684082033,6.313421173095703
1748975387769,-6.3548849487304695,-3.9472915649414064,7.564968566894532
1748975387834,-6.434519348144532,-3.400478668212891,8.666378173828125
1748975387898,-6.314468994140626,-0.33245864868164066,6.68689453125
1748975387970,-6.362668762207032,-2.6208998107910157,7.845784606933594
1748975388034,-6.403982849121094,-4.0300694274902344,7.470814361572266
1748975388098,-5.550457763671876,-3.5477723693847656,6.302344207763672
1748975388169,-4.889731750488282,-3.3920960998535157,7.263645172119141
1748975388233,-4.880451049804687,-2.5417144775390628,7.717651062011719
1748975388298,-5.10857666015625,-1.8338365173339846,7.4429722595214844
1748975388368,-5.566624145507813,-2.4959097290039063,7.566914520263672
1748975388433,-5.694009246826172,-2.6803262329101565,8.221203918457032
1748975388498,-6.18633544921875,-2.211800537109375,9.278605041503907
1748975388567,-7.1983808898925785,-3.274740142822266,9.634864196777345
1748975388633,-7.634124755859375,-3.5545083618164064,8.623417510986329
1748975388698,-4.7943800354003905,0.7348219299316406,5.004692687988282
1748975388770,-5.323529663085938,-4.099824371337891,9.382788391113282
1748975388835,-5.748346252441406,-1.8473085021972657,9.58621536254883
1748975388898,-6.522536315917969,-4.236939239501953,8.5406396484375
1748975388969,-3.9613623046875004,-2.9141400146484377,5.36244873046875
1748975389033,-1.68848876953125,-2.4649241638183597,5.229824523925782
1748975389098,-2.292183380126953,-2.814447326660156,6.914571075439453
1748975389167,-4.812492370605469,-2.4135809326171875,8.946595458984376
1748975389233,-6.224057006835938,-2.152972869873047,11.477981414794922
1748975389298,-5.046605529785157,-1.4699432373046877,10.446925506591798
1748975389371,-5.62111083984375,-2.2351519775390627,11.499237213134766
1748975389433,-5.476810913085938,0.18681152343750002,9.552385711669922
1748975389498,-4.05521713256836,-0.9244775390625001,8.436306610107422
1748975389570,-3.4549653625488284,-4.94616439819336,8.976383514404297
1748975389632,-5.280119934082031,-3.999532928466797,8.629405059814454
1748975389698,-6.437213745117188,-4.411476287841797,5.989494781494141
1748975389769,-4.525239715576172,-3.8684056091308596,7.051985321044922
1748975389834,-3.7181181335449223,-4.467310180664063,7.574099578857422
1748975389898,-4.1782612609863286,-3.8470001220703125,6.9745962524414065
1748975389968,-3.9927969360351563,-4.008514251708984,6.822961578369141
1748975390034,-3.7869749450683594,-3.599864044189453,7.556585998535157
1748975390098,-3.9821690368652347,-3.473377075195313,8.417296142578126
1748975390170,-5.087171173095704,-6.1453207397460945,13.965508575439454
1748975390233,-3.6441719055175783,-0.7423063659667969,10.731633453369142
1748975390298,-1.8869760131835938,1.8778450012207033,5.110223236083985
1748975390368,-4.141737213134766,-5.07744140625,9.478589172363282
1748975390433,-2.8240274047851566,-4.3542951965332035,9.657467193603516
1748975390498,-2.4569906616210937,-3.3391062927246096,8.011490020751953
1748975390569,-2.6255401611328124,-4.722080383300781,7.589517517089845
1748975390633,-2.0175045776367186,-4.178710327148438,7.028484191894532
1748975390698,-1.8229092407226564,-4.5973896789550786,7.840545501708985
1748975390769,-2.1400996398925782,-3.799548797607422,7.950716400146485
1748975390834,-2.787952423095703,-3.752696228027344,8.662785644531251
1748975390898,-3.084635467529297,-4.913232879638672,10.214309234619142
1748975390970,-5.196593627929688,-5.2355126953125,12.200528869628906
1748975391033,-4.896018676757813,-2.1975801086425784,7.079677734375
1748975391098,-3.1286439514160156,-2.263143768310547,6.3864692687988285
1748975391171,-3.707041168212891,-7.003186798095704,9.519603881835938
1748975391232,-4.229754180908204,-4.769531707763672,8.074508972167969
1748975391298,-3.8971458435058595,-3.394491119384766,7.119045867919922
1748975391371,-3.3979339599609375,-3.949536895751953,8.274193725585938
1748975391434,-4.132755889892579,-3.1460078430175784,7.919581146240235
1748975391498,-4.068539428710937,-3.0464648437500004,8.001460876464844
1748975391571,-4.020938415527344,-3.961212615966797,8.393196258544922
1748975391635,-4.525688781738282,-4.825215911865235,9.810598754882813
1748975391698,-5.932463378906251,-5.061873779296875,11.40747802734375
1748975391771,-3.6913238525390626,-0.5757028198242188,5.426066436767578
1748975391835,-2.561323699951172,-3.2515383911132814,5.008135528564454
1748975391898,-3.6446209716796876,-6.084247741699219,7.3393876647949226
1748975391971,-3.7043467712402345,-6.091881866455078,7.9625418090820315
1748975392032,-2.6396109008789064,-5.12100082397461,7.323071594238281
1748975392098,-1.2981005859375,-5.368286590576172,7.302115173339844
1748975392164,-2.249971160888672,-3.9219941711425785,8.4544189453125
1748975392232,-3.822301483154297,-3.220702514648438,9.018296356201173
1748975392301,-6.190526733398438,-3.76257568359375,10.283016357421875
1748975392369,-6.7862878417968755,-4.445904693603516,11.81987045288086
1748975392434,-4.324507141113282,1.2867242431640626,5.748795318603516
1748975392498,-3.8504429626464844,-1.8857785034179688,6.882388000488282
1748975392572,-5.535488891601563,-2.790048065185547,9.862391052246094
1748975392634,-4.638404388427735,-1.4977853393554688,7.775580596923828
1748975392698,-4.745880889892578,-3.1618748474121094,7.87721923828125
1748975392771,-4.133654022216797,-3.0885273742675783,6.819219360351563
1748975392834,-4.08395736694336,-4.268972625732422,8.221503295898438
1748975392898,-4.807402954101563,-2.968027954101563,7.913892974853516
1748975392971,-4.9829878234863285,-3.642974395751953,8.380622406005859
1748975393034,-4.8562014770507815,-4.531526641845703,9.906549224853515
1748975393098,-5.376519470214844,-4.328099670410157,9.059610443115234
1748975393169,-3.878584442138672,-0.17992584228515626,5.769003295898438
1748975393234,-4.2785527038574225,-6.059399414062501,10.457254028320312
1748975393298,-4.575385437011719,-2.777923278808594,7.319479064941406
1748975393371,-3.809128875732422,-3.2986903381347656,7.026089172363282
1748975393434,-3.118165740966797,-3.1957044982910157,7.184759216308594
1748975393498,-3.0895751953125004,-3.787573699951172,7.880512390136719
1748975393570,-3.1897169494628907,-3.898792419433594,8.430169372558595
1748975393634,-3.766018524169922,-3.968247985839844,9.448202362060547
1748975393698,-3.83966537475586,-3.090772705078125,9.237740020751954
1748975393771,-4.6044250488281255,-3.1847772216796875,9.532776489257813
1748975393834,-4.552483062744141,-1.8830841064453125,9.231004028320314
1748975393898,-4.652325439453125,-2.9955706787109375,7.461234283447266
1748975393969,-4.897665252685547,-3.4073643493652344,7.356152801513672
1748975394034,-4.796475677490235,-3.304827575683594,8.796158294677735
1748975394098,-5.547613677978516,-2.2888902282714847,7.67409164428711
1748975394171,-5.605543212890625,-3.151546325683594,7.025340728759766
1748975394234,-5.07025634765625,-4.132755889892579,7.294181671142579
1748975394298,-4.252357177734376,-3.6956648254394535,6.620432739257812
1748975394371,-3.8549336242675785,-3.353177032470703,6.814728698730469
1748975394432,-4.065395965576172,-4.0127055358886725,7.803572387695313
1748975394498,-5.590873718261719,-3.872896270751953,8.9334228515625
1748975394569,-7.157665557861328,-5.850883026123047,10.38525375366211
1748975394635,-5.436095581054688,-2.525548095703125,5.567971343994141
1748975394698,-4.181404724121094,-2.354154510498047,5.771847381591797
1748975394768,-3.9701939392089844,-6.047873382568359,8.436905364990235
1748975394834,-4.009861450195313,-3.3462913513183596,6.973698120117188
1748975394898,-3.479514312744141,-4.353995819091797,7.358847198486329
1748975394970,-3.125350799560547,-4.097429351806641,6.944957885742188
1748975395035,-2.713407440185547,-3.980372772216797,7.1735325622558594
1748975395098,-3.522774353027344,-4.822371826171875,8.646170196533204
1748975395168,-4.789739685058594,-3.6494110107421878,9.022637329101563
1748975395234,-5.2700907897949225,-4.259841613769532,9.855655059814454
1748975395298,-6.002068634033203,-4.4792852783203125,10.228080596923828
1748975395369,-5.337750091552735,-1.8088385009765626,6.966063995361329
1748975395433,-5.891448669433594,-5.014422454833984,7.103029174804687
1748975395498,-5.062023468017578,-3.9044805908203126,6.79032943725586
1748975395569,-4.4527903747558595,-4.046385498046876,7.107819213867188
1748975395634,-4.394711151123047,-4.050277404785157,6.697372741699219
1748975395698,-4.099225616455079,-3.8543348693847657,6.4957420349121096
1748975395771,-4.092190246582032,-4.524491271972656,7.699089660644532
1748975395834,-4.183949432373047,-4.726121978759766,8.779542846679687
1748975395898,-4.538861389160156,-3.8146673583984376,9.883347473144532
1748975395970,-4.8912286376953125,-4.092789001464844,10.183922424316407
1748975396035,-4.258045349121094,0.9732760620117188,6.099965057373047
1748975396098,-3.713328094482422,-3.8312828063964846,10.31190628051758
1748975396168,-4.083358612060547,-2.6105712890625,8.50845657348633
1748975396232,-3.301235046386719,-2.4553440856933597,6.648274841308594
1748975396298,-2.705324249267578,-3.5248699951171876,8.240364074707031
1748975396369,-1.8938616943359377,-2.4397764587402344,7.772886199951173
1748975396435,-2.872526550292969,-3.7112324523925784,9.502539367675782
1748975396498,-1.7486636352539064,-1.4232403564453127,8.750203857421875
1748975396570,-4.950056304931641,-7.437733154296875,14.438075866699219
1748975396634,-5.0955537414550784,-0.16136444091796875,8.40023162841797
1748975396698,-3.520379333496094,-3.3917967224121095,6.706354064941406
1748975396769,-3.9821690368652347,-4.108656005859375,8.998687133789064
1748975396832,-2.9440777587890627,-1.6432827758789064,5.97362777709961
1748975396898,-2.7765760803222657,-3.0919702148437502,6.769672393798828
1748975396970,-3.2133677673339847,-3.0479617309570313,7.331454162597657
1748975397032,-4.120481414794922,-5.2840118408203125,10.344688110351562
1748975397098,-4.0935374450683595,-4.2870849609375,8.471932525634767
1748975397165,-3.8977445983886723,-2.798430633544922,8.335715789794921
1748975397232,-3.1826815795898438,-3.9366636657714844,9.829459533691407
1748975397298,-3.40332275390625,-4.656217346191407,9.816586303710938
1748975397370,-3.8576280212402345,-3.549119567871094,8.412506103515625
1748975397433,-4.544848937988282,-4.356091461181641,10.052046661376954
1748975397498,-3.0552964782714844,-1.3184582519531252,6.55516845703125
1748975397572,-3.654500427246094,-3.3415013122558594,7.33115478515625
1748975397633,-3.283272399902344,-3.489244079589844,7.480544128417969
1748975397698,-2.534828796386719,-2.857108612060547,7.850724334716797
1748975397771,-2.5572821044921876,-3.6947666931152345,8.70874008178711
1748975397834,-3.027903442382813,-3.8589752197265628,9.36692138671875
1748975397898,-3.976780242919922,-4.835694122314453,11.571237487792969
1748975397970,-2.8963270568847657,1.5932867431640625,9.324709167480469
1748975398033,-3.739523620605469,-3.469036102294922,9.135802001953126
1748975398098,-3.523223419189453,-3.460653533935547,7.993826751708985
1748975398170,-1.645228729248047,-0.719553680419922,7.673193511962891
1748975398234,-2.770887908935547,-2.159259796142578,8.502918090820312
1748975398298,-2.758463745117188,-1.4187496948242189,7.829468536376954
1748975398371,-3.9416033935546877,1.5575111389160157,7.437733154296875
1748975398433,-1.935026092529297,-0.8893006896972657,12.881762237548829
1748975398498,-4.167932739257813,0.2547702026367188,8.789721679687501
1748975398569,-3.835324401855469,-2.152972869873047,11.67572021484375
1748975398634,-4.060306549072266,-1.7595909118652344,8.903784484863282
1748975398699,-2.6131159973144533,-0.3065625,8.199349365234376
1748975398768,-3.0311965942382812,-4.770579528808594,10.682385864257814
1748975398833,-2.314636688232422,-2.616409149169922,6.791077880859375
1748975398898,-1.773212585449219,-3.434308319091797,6.719975738525391
1748975398971,-1.3693524169921876,-2.9957203674316406,7.171436920166016
1748975399033,-1.5030244445800782,-2.728226623535156,7.959248657226563
1748975399098,-2.9258157348632814,-3.4916390991210937,9.042096862792969
1748975399168,-4.435576171875001,-3.580105133056641,11.31212631225586
1748975399233,-5.406606903076172,-3.6503091430664063,13.039534149169922
1748975399298,-4.247417449951172,0.08113128662109376,9.513616333007812
1748975399369,-3.3943414306640625,-2.0383113098144534,8.408763885498047
1748975399435,-4.505480804443359,-3.8848713684082035,9.163644104003907
1748975399498,-3.569477233886719,-1.787732391357422,7.843838653564453
1748975399569,-4.4282414245605475,-2.910846862792969,8.628057861328125
1748975399632,-4.631668395996094,-3.1042446899414062,7.691605224609376
1748975399699,-4.274660797119141,-3.131038970947266,7.954907684326172
1748975399769,-3.989354095458985,-1.355730743408203,7.602091369628907
1748975399833,-4.290976867675782,-2.4207659912109376,7.91314453125
1748975399899,-3.493285675048828,-1.392404479980469,9.912686462402345
1748975399969,-4.472848663330078,-1.8898200988769531,10.045610046386718
1748975400032,-5.0356782531738284,-1.3308824157714845,9.65043182373047
1748975400099,-3.0540989685058597,0.6697073364257813,6.520290985107422
1748975400169,-3.060685272216797,-3.407514038085938,12.194541320800782
1748975400233,-3.323838043212891,-1.0356962585449219,6.885232086181641
1748975400298,-2.626138916015625,-2.8327093505859375,7.749235382080078
1748975400371,-1.678759002685547,-2.5738975524902346,7.593110046386719
1748975400434,-1.4078224182128907,-2.6159600830078125,7.974217529296875
1748975400498,-2.1845571899414065,-2.8707302856445316,8.4687890625
1748975400568,-3.3126113891601565,-3.024310913085938,9.557026062011719
1748975400633,-4.147874450683594,-2.9285101318359374,10.087822265625
1748975400699,-5.098697204589844,-5.291645965576172,12.553345184326172
1748975400771,-4.1058119201660155,0.09984237670898438,8.757987670898437
1748975400834,-4.437821502685547,-5.397475891113282,9.607770538330078
1748975400898,-4.416416015625,-4.301155700683594,8.375233612060548
1748975400970,-2.2376966857910157,-2.3379881286621096,5.204227752685547
1748975401033,-2.629581756591797,-3.3557217407226565,5.916596374511719
1748975401098,-3.653302917480469,-2.743345184326172,6.898404693603516
1748975401172,-5.083728332519532,-4.297563171386719,9.49191146850586
1748975401232,-4.250560913085938,-3.1728021240234376,8.044720916748048
1748975401298,-2.5872198486328126,-3.2518377685546875,8.786727905273438
1748975401371,-4.0758741760253905,-5.143753509521485,11.23788070678711
1748975401433,-5.202581176757813,-5.181026000976563,8.963959350585938
1748975401499,-2.780467987060547,-1.3813275146484376,5.879473571777344
1748975401571,-0.9825567626953126,-7.192992095947266,9.231153717041016
1748975401633,-4.072880401611329,-4.190984802246094,6.586154022216797
1748975401699,-3.3341665649414063,-3.9511834716796876,7.922275543212891
1748975401770,-2.1056712341308597,-3.9410046386718753,8.259374542236328
1748975401833,-2.6038352966308596,-3.4262251281738285,7.798482971191406
1748975401899,-3.1897169494628907,-3.3051269531250003,8.808283081054688
1748975401970,-3.154091033935547,-2.9485684204101563,8.292755126953125
1748975402032,-4.386927337646485,-6.070476379394532,12.475357360839844
1748975402099,-4.322112121582031,-2.1974304199218753,7.476801910400391
1748975402165,-2.9449758911132813,-2.9969178771972658,7.007378082275391
1748975402232,-4.270918579101563,-3.972289581298828,9.586065673828125
1748975402302,-4.1763153076171875,-1.1307485961914063,6.4463447570800785
1748975402370,-5.904621276855469,-6.0730210876464845,9.013656005859376
1748975402434,-5.588927764892579,-4.360881500244141,7.212601318359376
1748975402498,-2.738106079101563,-3.207529907226563,7.056026916503907
1748975402570,-1.8622773742675782,-3.9918988037109377,8.043673095703125
1748975402633,-3.894002380371094,-2.787653045654297,9.068142700195313
1748975402699,-5.519322509765625,-0.7973918151855469,10.266101531982422
1748975402771,-6.695726165771485,-3.316802673339844,11.112291870117188
1748975402833,-2.2421873474121097,-1.3994398498535157,6.46894775390625
1748975402898,-2.335443420410156,-4.314627685546875,8.049810333251953
1748975402970,-2.5072860717773438,-4.314178619384766,6.586902465820313
1748975403033,-2.2950274658203127,-5.0886680603027346,7.546107788085938
1748975403099,-2.66086669921875,-4.716541900634766,7.234455871582032
1748975403168,-2.1049227905273438,-2.9629385375976565,7.135511627197266
1748975403235,-2.838846588134766,-3.4781671142578126,8.859925689697267
1748975403298,-4.3137295532226565,-3.1693592834472657,9.83290237426758
1748975403369,-6.827152862548829,-6.549330596923828,13.148058471679688
1748975403435,-4.217779083251953,-0.06301895141601563,6.440506896972656
1748975403498,-2.5770410156250003,-2.0986358642578127,6.57911865234375
1748975403567,-3.6515066528320315,-4.243974609375,8.913813629150392
1748975403633,-3.989653472900391,-2.036964111328125,7.758216705322266
1748975403699,-4.707111511230469,-3.7206628417968752,8.562344512939454
1748975403767,-4.359234924316406,-3.7009039306640625,7.769593048095704
1748975403833,-3.7508999633789064,-3.9450462341308596,7.349865875244141
1748975403899,-3.7315901184082034,-4.810097351074219,7.674241333007813
1748975403969,-4.4477009582519536,-5.332660675048828,8.443940734863281
1748975404035,-4.899611206054688,-6.068530426025391,10.572664031982422
1748975404098,-2.3932232666015625,-0.7696994018554688,6.144123229980469
1748975404169,-1.5476316833496095,-3.8342765808105472,8.964707794189454
1748975404233,-4.262835388183594,-6.762936401367188,8.965156860351563
1748975404299,-2.8298652648925784,-4.0758741760253905,6.749763793945313
1748975404367,-1.5618521118164064,-3.3418006896972656,7.97781005859375
1748975404433,-2.662213897705078,-2.827021179199219,7.4027059936523445
1748975404499,-1.5274237060546876,-3.363655242919922,8.247549133300781
1748975404569,-1.9820283508300782,-2.9527597045898437,9.266180877685548
1748975404634,-3.387605438232422,-3.469036102294922,10.317893829345703
1748975404699,-5.16126708984375,-5.891298980712891,13.108241271972657
1748975404769,-3.400478668212891,0.9111552429199219,5.997877349853516
1748975404834,-3.221001892089844,-3.171005859375,7.092251586914063
1748975404898,-3.5182836914062503,-4.095034332275391,8.355175323486328
1748975404971,-3.247646484375,-2.492915954589844,8.291707305908204
1748975405033,-4.749174041748047,-2.326462097167969,8.488248596191406
1748975405099,-3.660487976074219,-2.883453826904297,8.582103424072265
1748975405171,-3.8883142089843754,-3.0204190063476566,8.454718322753907
1748975405234,-3.337010650634766,-2.9499156188964846,8.732390899658203
1748975405299,-3.5952236938476565,-3.4088612365722657,8.806337127685547
1748975405370,-3.4359548950195316,-2.728526000976563,9.573192443847656
1748975405433,-4.77611801147461,-4.6289739990234375,10.752589874267578
1748975405499,-4.166585540771485,0.2808160400390625,7.336842956542969
1748975405569,-3.427123260498047,-3.655997314453125,10.067015533447266
1748975405632,-4.611759796142579,-3.4193394470214846,7.984695739746094
1748975405699,-3.619622955322266,-3.3120126342773437,6.609355773925782
1748975405766,-2.821033630371094,-3.4917887878417972,7.2616992187500005
1748975405836,-2.768043823242188,-2.162852325439453,7.691605224609376
1748975405899,-2.382445678710938,-2.7196943664550783,8.50127151489258
1748975405970,-2.4195684814453124,-3.0097911071777346,9.311237182617187
1748975406032,-3.050955505371094,-1.922901306152344,9.394314422607422
1748975406099,-4.2995091247558594,-2.7186465454101563,9.414372711181642
1748975406170,-4.969066772460938,-2.904559936523438,11.068283386230469
1748975406232,-3.643423461914063,0.3704795837402344,7.239844665527344
1748975406299,-4.001029815673828,-4.85515365600586,9.301657104492188
1748975406370,-4.688400421142578,-1.769769744873047,8.074508972167969
1748975406433,-4.272265777587891,-1.982776794433594,6.733747100830079
1748975406499,-4.336931304931641,-3.06322998046875,7.898475036621094
1748975406569,-3.9808218383789065,-2.9795539855957034,8.108638000488282
1748975406632,-4.011058959960938,-3.118016052246094,8.10908706665039
1748975406699,-3.8109251403808595,-3.097957763671875,7.969427490234375
1748975406771,-4.1481738281250005,-3.1853759765625003,8.969348144531251
1748975406835,-4.643194427490235,-3.976780242919922,9.408235473632812
1748975406899,-5.905968475341798,-6.06179443359375,9.673334197998047
1748975406969,-4.6307702636718755,0.2839595031738281,6.131549377441407
1748975407032,-4.480782165527344,-4.602030029296875,9.842632141113281
1748975407099,-5.171445922851563,-3.038082275390625,7.402256927490234
1748975407165,-4.802163848876954,-3.9284307861328127,5.564678192138672
1748975407232,-4.0812629699707035,-4.397704925537109,7.098837890625
1748975407299,-3.2564781188964846,-2.4372317504882814,7.197632446289063
1748975407370,-3.7441639709472656,-4.539310455322266,8.088579711914063
1748975407433,-3.9746846008300785,-3.599864044189453,8.337661743164062
1748975407499,-4.427343292236328,-3.3182995605468752,8.978179779052734
1748975407569,-4.295168151855469,-2.538421325683594,7.718100128173829
1748975407632,-4.7116021728515625,-4.063749389648438,8.12480438232422
1748975407699,-5.8475898742675785,-3.958518218994141,9.436676330566407
1748975407769,-5.40121810913086,-0.44203079223632813,7.709717559814454
1748975407833,-6.332281951904297,-4.159250793457032,7.506290588378906
1748975407899,-5.984555053710938,-4.614603881835937,7.358398132324219
1748975407969,-4.760400695800781,-3.2654594421386722,6.616241455078125
1748975408032,-4.537813568115235,-3.42727294921875,7.147636413574219
1748975408099,-4.737049255371094,-3.3332684326171877,6.755601654052735
1748975408169,-4.77087890625,-4.799319763183594,7.018305358886719
1748975408233,-4.484225006103516,-3.182831268310547,7.626640319824219
1748975408299,-4.58646240234375,-2.6274861145019535,7.522157592773438
1748975408368,-5.147795104980469,-3.4346076965332033,8.62491439819336
1748975408432,-6.690786437988281,-4.601580963134766,11.625724182128907
1748975408499,-5.5730607604980476,-4.468208312988281,10.264904022216797
1748975408569,-4.132606201171876,1.2072395324707033,4.450395355224609
1748975408633,-4.445605316162109,-3.4682876586914064,9.181756439208986
1748975408699,-4.402345275878907,-4.1005728149414065,9.566755828857422
1748975408769,-3.9770796203613283,-3.1928604125976565,7.251819763183594
1748975408832,-3.253184967041016,-3.497476959228516,7.024741973876954
1748975408899,-2.7837611389160157,-3.403023376464844,7.290439453125001
1748975408969,-2.800825653076172,-2.8349546813964843,8.110733642578126
1748975409033,-3.4440380859375,-3.6194732666015628,7.293133850097656
1748975409099,-4.295916595458984,-3.6482135009765626,8.508157196044923
1748975409170,-5.655539245605469,-2.9129425048828126,9.375154266357422
1748975409232,-7.455097045898438,-4.415368194580078,11.290122070312501
1748975409299,-5.332810363769531,1.1346405029296875,7.527247009277344
1748975409369,-5.304070129394532,-2.205513610839844,6.621031494140626
1748975409433,-5.7437059020996095,-4.787943420410157,8.814869384765625
1748975409499,-5.3334091186523445,-2.0742366027832033,7.3727682495117195
1748975409569,-5.788911895751953,-2.960393829345703,7.2266720581054695
1748975409632,-5.42756332397461,-3.3663496398925785,7.060816955566406
1748975409699,-4.464017028808594,-3.466641082763672,6.864724731445313
1748975409769,-3.6657270812988285,-3.882925415039063,7.624844055175782
1748975409832,-4.008663940429687,-3.2046858215332032,8.063731384277345
1748975409899,-5.286556549072266,-4.174818420410157,9.206006011962891
1748975409969,-6.49095199584961,-4.905748443603516,10.501711578369141
1748975410032,-3.9377114868164065,3.301085357666016,6.758894805908204
1748975410099,-5.555547180175782,-4.881349182128907,11.236683197021485
1748975410169,-5.623356170654297,-3.3588652038574223,7.192842407226562
1748975410234,-3.1918125915527344,-1.8206639099121094,5.367987213134766
1748975410299,-2.8193870544433595,-0.18905685424804688,7.92077865600586
1748975410371,-4.296215972900391,-2.8566595458984376,6.233936462402344
1748975410434,-4.135150909423828,-4.011508026123047,7.807015228271485
1748975410499,-4.13425277709961,-2.655477905273438,8.90752670288086
1748975410569,-6.099815368652344,-4.2775048828125,11.17605926513672
1748975410634,-5.651797027587891,-3.775748291015625,10.271640014648439
1748975410699,-4.707859954833984,0.5894741821289062,6.070775756835938
1748975410768,-5.36244873046875,-3.8073326110839845,7.238497467041016
1748975410832,-3.8564305114746094,-3.2982412719726564,7.713609466552735
1748975410899,-3.476071472167969,-3.7513490295410157,6.377188568115234
1748975410968,-3.2133677673339847,-3.4708323669433594,6.586154022216797
1748975411032,-3.194656677246094,-3.7450621032714846,7.412435760498047
1748975411099,-4.5848158264160155,-4.637356567382812,10.734327850341797
1748975411169,-6.730753326416016,0.7896080017089844,10.536888427734375
1748975411232,-5.7278388977050785,-1.7926721191406252,9.311985626220704
1748975411299,-5.725443878173828,-4.535119171142578,11.921658782958986
1748975411370,-4.225113830566406,-0.30731094360351563,6.758146362304688
1748975411432,-3.3819172668457034,-2.1246817016601565,8.924142150878907
1748975411499,-4.4071353149414065,-5.961802368164062,10.029293975830079
1748975411569,-4.1463775634765625,-3.270099792480469,6.2685145568847656
1748975411633,-3.174149322509766,-4.014052734375,7.174281005859376
1748975411699,-2.1800665283203124,-3.4048196411132814,7.764054565429688
1748975411770,-2.3067031860351563,-3.211571502685547,7.269183654785157
1748975411832,-3.0885273742675783,-3.8169126892089844,8.220006408691408
1748975411899,-4.335584106445313,-4.208797760009766,10.061177673339845
1748975411968,-6.5556175231933596,-4.480333099365234,10.55724609375
1748975412032,-5.899681549072266,-1.2389735412597658,8.414002990722656
1748975412099,-4.852010192871094,-1.347198486328125,6.855294342041016
1748975412165,-5.49462387084961,-5.125042419433594,8.601562957763672
1748975412232,-5.412893829345704,-1.8675164794921877,6.942562866210938
1748975412299,-5.533842315673828,-3.0457164001464845,6.490802307128907
1748975412370,-5.546565856933594,-3.3353640747070314,7.035220184326172
1748975412433,-5.2874546813964844,-3.369642791748047,7.042554931640625
1748975412499,-5.130281524658203,-3.9645057678222657,7.660320281982422
1748975412569,-4.975503387451172,-3.643722839355469,7.604935455322266
1748975412633,-5.063220977783203,-3.6119888305664065,7.8903918457031255
1748975412699,-5.809868316650391,-4.367617492675781,9.078920288085937
1748975412769,-5.989494781494141,-4.035458221435547,7.890840911865235
1748975412833,-4.788691864013672,-0.599802703857422,6.571933593750001
1748975412899,-5.443430328369141,-5.689817962646485,8.965605926513673
1748975412969,-5.526507568359375,-3.6958145141601566,5.952521667480469
1748975413032,-5.023703155517579,-4.166435852050782,6.18873046875
1748975413099,-3.9615119934082035,-4.207749938964844,7.184609527587891
1748975413169,-3.4010774230957033,-3.233126678466797,6.854695587158203
1748975413232,-3.7092864990234378,-3.3428485107421877,6.479425964355469
1748975413299,-4.923561401367188,-4.279450836181641,7.8094102478027345
1748975413369,-5.708678741455079,-2.9273126220703127,7.961194610595704
1748975413432,-5.753136291503907,-3.141966247558594,8.264463958740235
1748975413499,-7.313192138671876,-5.177134094238282,10.4374951171875
1748975413568,-5.485343170166016,1.4160552978515626,6.754104766845703
1748975413632,-5.514233093261719,-4.5937971496582035,8.45681396484375
1748975413699,-6.071524200439454,-3.3314721679687502,7.1718859863281255
1748975413769,-5.397775268554688,-3.429518280029297,6.614145812988282
1748975413834,-5.558540954589844,-3.011437683105469,6.858288116455078
1748975413899,-5.6996974182128906,-3.0623318481445314,7.01980224609375
1748975413967,-5.716462554931641,-3.4780174255371095,6.839876403808594
1748975414034,-5.674849090576172,-4.123774566650391,6.274352416992188
1748975414099,-4.855453033447266,-3.5185830688476565,6.407126312255859
1748975414167,-4.834795989990234,-4.114194488525391,8.208330688476563
1748975414234,-6.004164276123047,-3.6651283264160157,10.203831024169922
1748975414299,-6.9570826721191406,-3.592229919433594,8.503816223144531
1748975414369,-5.276527404785156,-0.4186793518066406,6.158643035888672
1748975414432,-5.533093872070313,-4.1393421936035155,8.885672149658204
1748975414499,-6.403982849121094,-4.086801452636719,7.183412017822266
1748975414568,-5.82753158569336,-3.9148091125488285,6.286327514648438
1748975414632,-4.858596496582032,-3.926035766601563,6.913672943115235
1748975414699,-4.533472595214844,-3.9746846008300785,6.702462158203125
1748975414767,-4.077071685791016,-3.7173696899414064,6.4128144836425784
1748975414832,-4.206552429199219,-4.046385498046876,7.024592285156251
1748975414899,-5.330714721679688,-3.177292785644531,8.126450958251954
1748975414968,-5.531746673583985,-2.77103759765625,7.502398681640625
1748975415034,-6.052214355468751,-2.542013854980469,8.264913024902345
1748975415099,-8.36625228881836,-5.038372650146485,9.33339111328125
1748975415169,-7.036118316650391,0.5795947265625,7.6790313720703125
1748975415233,-6.150110778808594,-1.8684146118164064,7.760611724853516
1748975415299,-6.251150665283204,-3.5414854431152345,6.9060388183593755
1748975415369,-6.172863464355469,-4.5840673828125,7.679630126953126
1748975415432,-5.63353500366211,-2.4768992614746095,7.957751770019532
1748975415498,-5.458099822998047,-2.6948460388183597,7.410040740966798
1748975415568,-5.701942749023438,-4.708608398437501,6.638694763183594
1748975415632,-4.80006820678711,-4.432732086181641,5.601800994873047
1748975415699,-4.6324168395996095,-4.418960723876953,5.647306365966797
1748975415770,-4.853507080078125,-3.2195050048828127,8.77774658203125
1748975415832,-6.676266632080078,-4.934338989257813,11.059900817871094
1748975415899,-5.419480133056641,-0.5011578369140626,9.357490997314454
1748975415968,-2.7523265075683594,0.44038421630859376,6.681655426025391
1748975416032,-4.07871826171875,-2.5735981750488284,8.644673309326173
1748975416099,-5.8369619750976565,-3.4634976196289062,9.322463836669922
1748975416169,-4.779111785888672,-4.145629119873047,7.043153686523437
1748975416232,-3.4504747009277343,-3.726650390625,6.842870178222657
1748975416299,-2.506238250732422,-3.569477233886719,7.776029663085938
1748975416370,-2.7195446777343752,-2.704725494384766,7.741900634765625
1748975416433,-4.304448852539062,-3.9184016418457035,8.766968994140626
1748975416499,-4.760550384521484,-1.7708175659179688,8.201445007324219
1748975416570,-7.820636901855469,-5.3844529724121095,12.044403533935547
1748975416634,-5.782026214599609,0.4034111022949219,6.7915269470214845
1748975416698,-6.84017578125,-3.8264927673339844,7.360194396972656
1748975416769,-6.539600830078125,-2.4553440856933597,7.387886810302735
1748975416834,-4.799020385742188,-0.36479141235351564,6.676715698242188
1748975416898,-5.839806060791016,-3.6212695312500003,7.584577789306641
1748975416970,-5.537135467529297,-3.6001634216308593,6.559359741210938
1748975417032,-4.765789489746094,-3.6681221008300784,6.494394836425782
1748975417098,-4.393214263916016,-3.7414695739746096,7.237599334716797
1748975417165,-4.846172332763672,-4.029320983886719,8.512498168945314
1748975417232,-6.550677795410157,-6.786587219238282,11.707903289794922
1748975417298,-4.659061431884766,1.537303161621094,6.026168518066407
1748975417369,-5.118755493164063,-3.6013609313964845,8.011639709472657
1748975417433,-5.605243835449219,-3.0154792785644533,8.139773254394532
1748975417498,-5.191055145263672,-2.7738816833496096,6.223158874511719
1748975417569,-4.003125457763672,-2.728975067138672,7.591313781738282
1748975417633,-3.6706668090820314,-2.838247833251953,8.102949829101563
1748975417698,-3.7007542419433594,-3.007545776367188,8.540489959716798
1748975417767,-4.99840576171875,-2.4932153320312502,8.782686309814453
1748975417833,-5.0235534667968755,-2.319576416015625,8.781189422607422
1748975417898,-6.13364501953125,-5.615572357177735,10.22044647216797
1748975417969,-4.4599754333496096,0.7340734863281251,5.641767883300782
1748975418032,-5.7877143859863285,-6.250851287841797,7.830965423583985
1748975418098,-5.820196838378907,-2.2183868408203127,7.286996612548829
1748975418168,-4.9689170837402346,-2.6086253356933593,6.621181182861329
1748975418232,-5.5940171813964845,-3.9439984130859376,7.126979370117188
1748975418298,-5.051994323730469,-3.0991552734375003,6.754853210449219
1748975418369,-4.908442840576172,-3.280578002929688,7.498057708740235
1748975418432,-4.9424221801757815,-2.8313621520996097,7.630232849121094
1748975418498,-4.637206878662109,-3.330124969482422,8.339607696533204
1748975418570,-7.117848358154297,-5.9989251708984375,10.531050567626954
1748975418632,-5.727240142822266,-0.8589138793945313,7.113507385253906
1748975418698,-4.793332214355469,-1.603315887451172,6.895560607910157
1748975418769,-6.360872497558594,-4.236041107177734,8.841364288330078
1748975418832,-5.598507843017578,-2.7379563903808597,6.444847869873048
1748975418898,-4.48587158203125,-3.0012588500976562,6.865922241210938
1748975418968,-4.272116088867188,-3.2085777282714845,7.132068786621094
1748975419032,-4.668042755126954,-2.928959197998047,7.895930328369141
1748975419098,-4.928052062988281,-3.604205017089844,7.937394104003906
1748975419169,-4.111799468994141,-3.199446716308594,7.778574371337891
1748975419232,-3.6045043945312503,-3.502416687011719,8.029602355957032
1748975419298,-4.829257507324219,-4.258793792724609,8.478219451904298
1748975419369,-5.113516387939454,-3.459306335449219,9.447004852294922
1748975419432,-5.658383331298828,-3.290607147216797,8.124205627441407
1748975419498,-6.619983673095703,-5.0641191101074226,6.9982470703125
1748975419568,-4.899012451171875,-2.5638684082031253,5.983956298828125
1748975419632,-3.3844619750976563,-5.407804412841797,6.378835144042969
1748975419698,-4.0758741760253905,-3.5057098388671877,6.745273132324219
1748975419768,-4.880151672363281,-2.868185577392578,7.050488433837891
1748975419833,-4.402195587158204,-2.27287353515625,8.326734466552734
1748975419899,-4.824168090820312,-2.4472608947753907,8.69916000366211
1748975419967,-5.635930023193359,-3.0853839111328125,9.215436401367189
1748975420032,-6.616989898681641,-5.652994537353516,10.656489715576173
1748975420099,-4.889132995605469,-1.1552975463867188,5.921087036132813
1748975420169,-3.780238952636719,-0.14624588012695314,7.060517578125
1748975420232,-5.234015808105469,-4.769681396484375,10.25592269897461
1748975420299,-5.669310607910156,-4.051774291992188,7.520061950683594
1748975420369,-4.517904968261719,-3.943249969482422,6.290518798828125
1748975420432,-2.793640594482422,-3.327280883789063,6.420149230957032
1748975420499,-3.005599822998047,-3.6164794921875,7.098987579345703
1748975420568,-4.906796264648437,-4.538711700439453,8.017178192138672
1748975420634,-6.427933044433594,-3.8113742065429688,6.821315002441406
1748975420699,-7.8447367858886725,-5.786666564941407,9.683213653564454
1748975420768,-7.034022674560547,-1.8371296691894532,7.518265686035156
1748975420834,-5.12579086303711,0.001945953369140625,5.291196899414063
1748975420899,-6.724316711425781,-5.232818298339844,7.895032196044922
1748975420967,-6.49095199584961,-1.7738113403320312,6.680457916259766
1748975421032,-5.82034652709961,-2.832110595703125,6.9482510375976565
1748975421099,-5.735473022460938,-3.099005584716797,6.513554992675782
1748975421169,-5.569767608642579,-3.419788513183594,6.610104217529297
1748975421232,-5.835764465332032,-5.0763935852050786,7.833959197998047
1748975421299,-6.164929962158204,-3.9674995422363284,6.149512023925782
1748975421369,-6.026767272949219,-4.998106384277344,7.340285797119141
1748975421432,-7.0416567993164065,-6.234684906005859,8.574768676757813
1748975421499,-5.104684753417969,-0.7741900634765625,6.928043060302735
1748975421569,-5.057383117675782,-3.1753468322753906,8.284522247314454
1748975421632,-4.937482452392579,-3.9773789978027345,6.86173095703125
1748975421699,-4.597090301513672,-3.5982174682617187,5.661975860595703
1748975421767,-4.333189086914063,-2.7138565063476565,6.9148704528808596
1748975421833,-3.793112182617188,-2.901266784667969,7.478747863769532
1748975421899,-4.214635620117187,-3.3332684326171877,7.702682189941407
1748975421968,-5.066813507080078,-3.3284783935546876,8.553812255859375
1748975422032,-6.013594665527344,-3.3847613525390625,9.280401306152344
1748975422099,-7.124734039306641,-5.011428680419922,10.178234252929688
1748975422165,-4.475243682861328,0.00928070068359375,6.2050465393066405
1748975422232,-5.258115692138672,-5.207969970703125,8.63883544921875
1748975422300,-5.259762268066407,-2.3806494140625003,7.798932037353516
1748975422370,-4.678820343017579,-3.198398895263672,6.888225860595703
1748975422433,-4.531376953125,-3.908821563720703,7.0766839599609375
1748975422499,-4.339775390625,-2.7264303588867187,7.083270263671875
1748975422569,-3.9172041320800783,-3.3497341918945316,7.918683013916016
1748975422634,-4.325255584716797,-4.189787292480469,7.438780975341797
1748975422699,-4.481829986572266,-3.909270629882813,8.928782501220704
1748975422768,-4.584965515136719,-3.676205291748047,10.738519134521486
1748975422832,-5.435796203613282,-3.1377749633789063,9.28504165649414
1748975422899,-4.223167877197266,-1.1796968078613281,6.400540008544922
1748975422967,-4.3683659362792975,-4.412524108886719,9.819729766845704
1748975423033,-4.650678863525391,-2.625091094970703,6.560257873535156
1748975423099,-4.390968933105469,-3.866459655761719,6.596482543945313
1748975423169,-3.419788513183594,-3.788621520996094,7.51317626953125
1748975423232,-3.227139129638672,-2.721790008544922,7.710166625976563
1748975423299,-3.544179840087891,-3.3015344238281252,8.25563232421875
1748975423367,-3.979025573730469,-3.0145811462402343,9.057065734863281
1748975423432,-4.898713073730469,-3.0364356994628907,9.901759185791017
1748975423499,-5.364394683837891,-3.0033544921875,9.720635833740236
1748975423569,-5.194348297119141,-1.4287788391113283,8.525670776367187
1748975423634,-5.210364990234376,-1.3781840515136718,6.975943450927735
1748975423699,-6.045777740478516,-5.073848876953125,8.226742401123047
1748975423767,-5.127437438964844,-2.401007080078125,7.407346343994141
1748975423832,-4.347858581542969,-2.411485290527344,6.583010559082031
1748975423899,-4.471800842285156,-3.356769561767578,7.576344909667969
1748975423968,-4.6253814697265625,-3.3988320922851565,6.992558898925782
1748975424032,-4.481829986572266,-4.063000946044922,6.9448081970214846
1748975424099,-3.9841149902343753,-2.891986083984375,7.76989242553711
1748975424169,-4.405039672851562,-3.278632049560547,9.198521575927735
1748975424233,-4.99840576171875,-2.2742207336425784,9.668095092773438
1748975424299,-6.612050170898438,-4.341272277832031,9.712852020263673
1748975424367,-4.308939514160157,0.14564712524414064,6.251300354003907
1748975424432,-4.46716049194336,-3.7979022216796876,9.927056579589845
1748975424499,-5.263504486083985,-3.5471736145019532,8.278385009765625
1748975424567,-4.158202972412109,-3.4479299926757814,7.146887969970703
1748975424632,-3.466790771484375,-3.8959483337402347,7.162455596923828
1748975424699,-2.6161097717285156,-3.381318511962891,6.7933232116699225
1748975424766,-2.913391571044922,-3.344495086669922,7.805218963623047
1748975424832,-3.8847216796875004,-3.430715789794922,7.757318572998047
1748975424899,-4.715494079589844,-3.380719757080078,8.943751373291017
1748975424968,-5.573210449218751,-1.7898280334472658,8.335416412353515
1748975425032,-7.7812687683105475,-3.634142761230469,11.282637634277345
1748975425099,-6.188431091308594,0.7333250427246094,7.683821411132813
1748975425167,-6.379733276367188,-1.6682807922363283,6.963519287109375
1748975425232,-7.223378906250001,-3.9743852233886723,8.352929992675781
1748975425299,-5.678142242431641,-1.1617341613769532,5.930816802978516
1748975425367,-5.577252044677735,-2.4339385986328126,6.110892333984375
1748975425432,-5.558241577148438,-2.692900085449219,6.258784790039063
1748975425499,-5.852529602050781,-2.534679107666016,7.318880310058594
1748975425567,-6.075565795898438,-2.1707858276367187,7.345075836181641
1748975425632,-7.269632720947266,-4.505331115722656,8.940308532714845
1748975425699,-5.6802378845214845,-2.2478755187988284,8.481961669921876
1748975425768,-4.4595263671875,-0.3538641357421875,8.037685546875
1748975425832,-4.876858520507812,-2.968177642822266,7.998467102050782
1748975425899,-5.1109716796875,-3.070115661621094,6.775809631347657
1748975425968,-3.7067417907714844,-2.9422814941406252,7.185807037353516
1748975426032,-3.112178192138672,-3.5745666503906253,7.346722412109376
1748975426099,-2.437980194091797,-3.6848872375488284,7.8077636718750005
1748975426169,-3.6356396484375,-3.90627685546875,9.452393646240235
1748975426232,-5.892646179199219,-4.851112060546876,10.203082580566408
1748975426299,-7.243137817382813,-3.893104248046875,9.174421691894532
1748975426370,-5.110073547363282,-1.23822509765625,4.791835327148438
1748975426432,-5.754483489990235,-4.3173220825195315,6.311924285888672
1748975426499,-6.065536651611328,-2.510878601074219,7.819439392089844
1748975426568,-6.718778228759766,-2.2902374267578125,5.935008087158203
1748975426633,-6.69692367553711,-2.1276754760742187,5.53489013671875
1748975426699,-6.310277709960938,-1.9137702941894532,6.945556640625
1748975426769,-6.222111053466797,-2.3079006958007815,7.886649627685547
1748975426832,-6.505471801757813,-2.605332183837891,8.132438507080078
1748975426899,-7.865094451904297,-3.6447706604003907,8.609047393798829
1748975426965,-6.796466674804688,-2.959944763183594,8.620274047851563
1748975427032,-6.414161682128906,-2.838247833251953,6.151158599853516
1748975427099,-4.855902099609375,-0.836909637451172,5.94009750366211
1748975427165,-6.791377258300781,-5.365891571044922,7.997568969726563
1748975427232,-6.335575103759766,-3.6116894531250003,5.563330993652344
1748975427299,-5.133424987792969,-3.729793853759766,5.886059875488281
1748975427368,-4.432283020019532,-3.3305740356445312,6.461163940429688
1748975427433,-3.9172041320800783,-3.337310028076172,6.86173095703125
1748975427499,-3.862567749023438,-3.0819410705566406,7.121590576171875
1748975427569,-5.12818588256836,-3.381617889404297,9.339827728271485
1748975427633,-6.298601989746094,-2.432292022705078,7.658374328613282
1748975427699,-8.144563293457031,-5.277724914550782,8.540340270996094
1748975427768,-7.638465728759766,-1.6161891174316407,7.387886810302735
1748975427834,-6.2156744384765625,-3.237617340087891,6.120472412109375
1748975427899,-6.220464477539063,-4.225862274169922,7.2211335754394534
1748975427968,-5.198090515136719,-2.6804759216308596,6.496191101074219
1748975428033,-5.588329010009766,-3.4958303833007816,6.055058441162109
1748975428099,-5.699996795654297,-3.2600706481933597,6.501879272460938
1748975428168,-5.504653015136719,-2.650987243652344,6.788233795166016
1748975428232,-5.541925506591797,-3.623365173339844,6.460714874267579
1748975428299,-6.489754486083985,-4.746629333496094,7.236551513671875
1748975428369,-6.754703521728516,-5.024002532958985,8.403375091552736
1748975428432,-7.075486450195313,-4.492008819580079,8.34948715209961
1748975428499,-5.35765869140625,-3.1392718505859376,7.153773651123047
1748975428568,-5.108726348876953,-5.838009796142578,8.821605377197265
1748975428633,-5.067262573242187,-4.918921051025391,7.334298248291016
1748975428699,-3.0955627441406253,-3.696413269042969,5.416037292480469
1748975428769,-2.990930328369141,-3.5989659118652346,5.438191223144532
1748975428832,-2.669099578857422,-6.257587280273438,6.512058105468751
1748975428899,-2.3523582458496093,-4.212390289306641,6.673871612548829
1748975428970,-2.0481907653808595,-6.398893432617188,8.120313720703125
1748975429034,-3.737278289794922,-6.118975524902344,8.411907348632813
1748975429099,-5.774092712402344,-7.743247833251954,9.202862548828126
1748975429169,-3.7676651000976564,-2.5704547119140626,8.294551391601562
1748975429232,-3.233126678466797,-0.5213658142089844,6.37120101928711
1748975429299,-6.614894256591797,-5.386698303222657,7.1561686706542975
1748975429368,-8.256979522705079,-3.346590728759766,6.144123229980469
1748975429432,-6.778803405761719,-2.8964767456054688,4.8967671203613286
1748975429499,-5.681136016845703,-3.4706826782226563,6.722071380615235
1748975429569,-5.168003082275391,-3.9339692687988284,6.871909790039063
1748975429632,-5.439987487792969,-3.433859252929688,6.144871673583984
1748975429699,-5.513484649658204,-4.261937255859375,7.375163269042969
1748975429767,-5.7191569519042975,-3.690575408935547,7.995922393798828
1748975429833,-6.6032185363769536,-3.1561866760253907,8.657396850585938
1748975429899,-9.525441741943359,-5.557193756103516,11.099718017578125
1748975429967,-7.046596527099609,-1.5043716430664062,5.549709320068359
1748975430032,-4.77087890625,-2.683469696044922,5.718857574462891
1748975430099,-4.582869873046875,-4.882247314453125,6.79946044921875
1748975430167,-4.759652252197266,-4.129013671875001,6.618337097167969
1748975430232,-4.292024688720703,-4.691244506835938,7.376510467529298
1748975430299,-4.134851531982422,-3.7387751770019535,6.445296936035157
1748975430369,-3.2513887023925783,-3.1774424743652347,7.109465789794922
1748975430432,-3.471131744384766,-4.048930206298828,7.844587097167969
1748975430499,-4.3842329406738285,-3.1555879211425784,7.5470059204101565
1748975430569,-5.089865570068359,-3.337010650634766,7.724536743164063
1748975430632,-7.492369537353516,-4.783452758789063,10.581795043945313
1748975430699,-7.451055450439454,-2.082319793701172,8.916508026123047
1748975430769,-5.01322494506836,-0.21076171875000002,6.8973568725585945
1748975430832,-7.199279022216797,-5.210514678955079,8.089627532958986
1748975430899,-6.708599395751953,-1.545685729980469,6.3161155700683596
1748975430968,-6.421795806884766,-2.6372158813476565,7.513325958251953
1748975431032,-6.407425689697266,-3.733386383056641,6.944059753417969
1748975431099,-5.5708154296875,-3.8645137023925784,6.50532211303711
1748975431170,-4.432582397460938,-4.166585540771485,6.200256500244141
1748975431232,-4.533322906494141,-3.750151519775391,6.332132263183594
1748975431299,-5.3878958129882815,-4.192930755615235,8.047265625
1748975431367,-6.609804840087891,-3.450923767089844,9.476343841552735
1748975431432,-7.3727682495117195,-4.292174377441406,8.158783721923829
1748975431499,-4.849465484619141,-0.2327659606933594,5.775589599609376
1748975431573,-7.367978210449219,-6.498735809326172,9.765692138671875
1748975431632,-6.315516815185547,-1.4426998901367187,5.706134033203125
1748975431699,-4.965623931884766,-3.2660581970214846,6.1312500000000005
1748975431770,-5.101092224121094,-3.912863159179688,6.530469818115234
1748975431832,-4.494852905273437,-3.8637652587890625,6.4921495056152345
1748975431899,-3.7735029602050782,-3.8752912902832035,7.0733908081054695
1748975431968,-5.003644866943359,-4.882397003173828,8.446186065673828
1748975432032,-6.475833435058594,-5.0569340515136725,7.776029663085938
1748975432099,-7.255262603759766,-5.583239593505859,8.249794464111329
1748975432165,-6.343358917236328,-1.4817686462402344,6.310726776123047
1748975432232,-4.993915100097657,-1.7893789672851563,5.531447296142578
1748975432299,-5.846542053222657,-4.552333374023438,7.135811004638672
1748975432371,-7.3444770812988285,-4.243375854492188,7.338938598632813
1748975432434,-7.07773178100586,-3.1496003723144534,6.349346466064453
1748975432499,-5.951473846435547,-3.7678147888183595,6.427783355712891
1748975432570,-5.452561340332031,-4.152514801025391,6.487509155273438
1748975432633,-5.278173980712891,-4.259991302490235,6.640491027832032
1748975432699,-5.258864135742188,-3.5248699951171876,6.3994921875
1748975432769,-4.721781005859375,-3.017425231933594,7.417225799560547
1748975432832,-5.464087371826172,-3.6588414001464846,7.663763122558594
1748975432899,-7.564519500732422,-3.892655181884766,8.084089050292969
1748975432968,-8.65754653930664,-4.631369018554688,9.463021545410157
1748975433032,-6.540049896240235,-1.4102174377441408,5.5869818115234375
1748975433099,-5.019661560058594,-1.4636563110351564,5.708828430175782
1748975433168,-6.5150518798828125,-5.783373413085938,8.590186614990234
1748975433232,-7.470215606689454,-4.383484497070313,5.639223175048828
1748975433299,-5.940845947265625,-4.752018127441406,5.849835205078126
1748975433367,-4.0583605957031255,-3.719016265869141,5.610932006835938
1748975433432,-3.296744384765625,-3.001109161376953,5.42471923828125
1748975433499,-3.955973510742188,-4.462071075439454,6.717131652832031
1748975433569,-5.545967102050781,-4.750371551513672,8.447533264160157
1748975433632,-6.3671594238281255,-3.4863999938964847,9.140741729736328
1748975433699,-6.854246520996094,-3.0195208740234376,7.395820312500001
1748975433769,-7.498955841064453,-4.294569396972657,9.615105285644532
1748975433832,-6.07616455078125,0.13202545166015625,6.485862579345704
1748975433899,-6.017935638427734,-2.0181033325195314,5.925577697753907
1748975433968,-7.6315800476074225,-4.985532531738282,5.977669372558594
1748975434032,-6.958130493164063,-3.988605651855469,6.115532684326173
1748975434099,-6.403234405517578,-2.651585998535156,6.617588653564454
1748975434169,-6.406976623535156,-3.3582664489746095,6.843319244384766
1748975434233,-6.575975189208985,-3.591032409667969,6.0221269226074226
1748975434299,-5.9162969970703125,-3.999233551025391,5.5395304870605475
1748975434369,-4.753215637207031,-4.196822662353516,6.135590972900391
1748975434433,-4.781357116699219,-3.96615234375,6.827152862548829
1748975434499,-6.4077250671386725,-4.635859680175781,8.030650177001954
1748975434569,-8.942404174804688,-5.131329345703125,10.612930297851562
1748975434632,-7.2705308532714845,-0.6932084655761719,6.197861480712891
1748975434699,-5.163213043212891,-0.7467970275878907,5.514981536865235
1748975434769,-7.524253234863282,-4.676724700927735,8.18423080444336
1748975434832,-7.569758605957031,-3.6911741638183595,6.041736145019532
1748975434899,-6.897656250000001,-3.6863841247558597,5.5729110717773445
1748975434968,-5.554798736572266,-4.351900177001953,5.870791625976563
1748975435032,-4.487218780517578,-3.5051110839843753,5.699098663330078
1748975435099,-4.055067443847657,-3.872596893310547,6.522236938476563
1748975435167,-4.547094268798828,-3.6814443969726565,6.929689636230469
1748975435232,-6.054309997558594,-4.009262695312501,7.9849951171875
1748975435299,-7.400460662841797,-4.221371612548828,7.419920196533203
1748975435368,-8.264913024902345,-4.298910369873047,9.693691864013672
1748975435432,-7.345824279785156,-0.264649658203125,6.213728485107422
1748975435499,-6.91008041381836,-2.4411236572265627,5.985453186035157
1748975435569,-7.3251672363281255,-3.629502410888672,6.18154541015625
1748975435632,-6.968758392333985,-2.5809329223632815,6.421197052001953
1748975435699,-6.9219058227539065,-1.9898121643066407,6.686146087646485
1748975435769,-7.008575592041016,-2.5993446350097655,6.329288177490235
1748975435833,-6.7473687744140625,-3.888164520263672,6.348148956298829
1748975435899,-5.901178436279297,-5.524711303710938,6.9922595214843755
1748975435968,-4.869972839355469,-4.335883483886719,5.70733154296875
1748975436032,-5.069657592773438,-4.431235198974609,6.418502655029298
1748975436099,-7.782466278076172,-7.267686767578125,10.534044342041016
1748975436169,-5.813610534667969,-0.19923568725585938,7.159461822509766
1748975436232,-4.016447753906251,-2.5400679016113283,5.982160034179688
1748975436299,-5.0302894592285154,-5.759722595214844,7.302414550781251
1748975436370,-5.883964233398438,-5.221441955566407,5.942791900634766
1748975436432,-4.6466372680664065,-4.264631652832032,5.61916488647461
1748975436499,-3.8844223022460938,-4.2116418457031255,6.460265808105469
1748975436570,-4.267775115966797,-4.270918579101563,6.879843292236329
1748975436632,-5.778283996582031,-4.180356903076172,7.475903778076172
1748975436699,-7.06815170288086,-4.256847839355469,7.897127838134766
1748975436770,-8.067922668457031,-4.036805419921875,8.689130859375
1748975436832,-8.007448425292969,-4.520150299072266,8.244255981445313
1748975436899,-5.342540130615235,-0.04655319213867188,4.686454467773438
1748975436967,-5.732778625488281,-4.728067932128907,7.387587432861329
1748975437032,-6.9042425537109375,-3.8480479431152346,6.662794647216797
1748975437099,-6.756948852539063,-2.7666966247558595,6.38751708984375
1748975437165,-6.528224487304688,-3.6036062622070313,6.584657135009766
1748975437233,-5.93051742553711,-3.7821849060058597,6.266119537353516
1748975437299,-5.559139709472657,-4.703219604492188,6.733597412109376
1748975437370,-5.17563720703125,-4.657414855957032,6.607559509277344
1748975437432,-5.266049194335938,-4.65397201538086,7.070097656250001
1748975437499,-5.919290771484375,-4.869374084472656,7.985144805908203
1748975437568,-6.408473510742188,-4.822521514892578,7.511978759765626
1748975437633,-5.5375845336914065,-1.8149757385253906,5.3456835937500005
1748975437699,-6.3723985290527345,-4.330943756103516,8.062234497070312
1748975437769,-6.746919708251953,-3.4187406921386723,5.933361511230469
1748975437832,-5.847140808105469,-3.8844223022460938,5.184169464111329
1748975437899,-4.929998016357422,-4.182302856445313,6.230792999267578
1748975437968,-4.223317565917969,-3.829336853027344,6.639892272949219
1748975438032,-2.0698956298828124,-4.590503997802735,8.706195373535156
1748975438099,-7.1825138854980475,-4.659660186767578,5.358556823730469
1748975438168,-6.38751708984375,-4.145030364990235,7.437284088134766
1748975438233,-5.8827667236328125,-4.664150848388672,8.85333938598633
1748975438299,-6.176306304931641,-3.237168273925781,8.309220886230468
1748975438368,-5.221142578125,-2.201921081542969,6.346203002929688
1748975438432,-5.673950958251954,-4.61325668334961,7.13955322265625
1748975438499,-5.789959716796876,-4.107308807373047,7.252867584228516
1748975438569,-5.842949523925782,-3.3358131408691407,6.609655151367188
1748975438633,-5.624703369140625,-4.474495239257813,6.381080474853516
1748975438699,-5.19285140991211,-4.924309844970703,6.009403381347656
1748975438769,-4.867577819824219,-4.567901000976563,5.552852783203125
1748975438833,-5.0216075134277345,-4.701573028564454,6.512207794189454
1748975438899,-5.165308685302735,-5.030439147949219,7.530689849853516
1748975438969,-6.325845336914063,-6.115083618164062,9.524094543457032
1748975439033,-6.315217437744141,-3.989952850341797,8.478069763183594
1748975439099,-4.364773406982422,0.019309844970703125,4.622238006591797
1748975439169,-5.6239549255371095,-6.282285919189453,9.555678863525392
1748975439233,-6.152505798339844,-2.9220735168457033,6.768474884033203
1748975439299,-5.058131561279297,-4.210294647216797,6.170618133544922
1748975439369,-2.7523265075683594,-5.405409393310547,7.545509033203126
1748975439433,-2.850821685791016,-5.276527404785156,6.196813659667969
1748975439499,-3.5685791015625004,-5.1995874023437505,5.7754399108886725
1748975439569,-4.858895874023438,-4.695585479736328,7.067403259277344
1748975439633,-5.25227783203125,-3.0050010681152344,10.020462341308594
1748975439699,-4.649331665039063,-1.199605407714844,9.48667236328125
1748975439769,-6.347101135253906,-3.443888397216797,9.963580627441408
1748975439832,-6.811136169433594,-2.272723846435547,6.549779663085938
1748975439899,-7.1700897216796875,-3.8910086059570315,7.085814971923829
1748975439968,-6.6312103271484375,-3.714375915527344,5.555547180175782
1748975440033,-5.413043518066407,-5.613626403808594,5.398074645996094
1748975440099,-4.352049865722656,-3.8249958801269535,4.8738647460937505
1748975440169,-3.4494268798828127,-4.2751098632812505,5.64985107421875
1748975440232,-4.491110687255859,-4.1481738281250005,6.906487884521485
1748975440299,-5.603297882080079,-3.6675233459472656,7.9520635986328125
1748975440368,-5.045557708740235,-3.805386657714844,8.144413604736329
1748975440433,-6.26776611328125,-4.354893951416016,9.317524108886719
1748975440499,-8.818162536621093,-6.480623474121094,10.27792694091797
1748975440569,-6.348897399902344,-0.5650749206542969,5.216651916503906
1748975440633,-3.7723054504394535,0.09415420532226564,6.304290161132813
1748975440699,-5.75089096069336,-6.428831176757813,9.384734344482423
1748975440769,-5.900579681396485,-4.385580139160156,7.089108123779297
1748975440832,-4.045487365722656,-3.2446527099609375,7.594008178710938
1748975440899,-2.6632617187500003,-3.793561248779297,7.067552947998047
1748975440968,-2.85486328125,-3.5381922912597656,6.206244049072266
1748975441033,-3.3329690551757816,-4.287983093261719,6.763086090087891
1748975441099,-5.112767944335938,-4.0989262390136725,7.20466781616211
1748975441169,-6.790479125976563,-4.629273376464844,8.08363998413086
1748975441233,-8.206384735107422,-5.744753723144531,10.229427795410157
1748975441299,-6.069278869628906,-0.5813909912109375,6.3659619140625
1748975441371,-5.445226593017578,-4.027225341796875,7.107669525146485
1748975441433,-6.119574279785157,-4.594246215820313,7.288942565917969
1748975441499,-5.786217498779298,-2.426005096435547,6.435267791748047
1748975441570,-5.734275512695313,-2.819985809326172,7.094197540283203
1748975441633,-5.764063568115235,-3.369493103027344,6.572682037353516
1748975441699,-5.584137725830079,-4.145180053710938,6.809788970947266
1748975441770,-5.700445861816407,-5.0093330383300785,6.845265197753907
1748975441833,-5.147795104980469,-3.920197906494141,6.470294952392578
1748975441899,-5.386398925781251,-4.052522735595703,7.572902069091797
1748975441965,-6.716832275390625,-5.525609436035157,9.391620025634767
1748975442033,-6.432573394775391,-3.1949560546875,6.451134796142578
1748975442099,-4.69184326171875,-0.8906478881835938,6.674470367431641
1748975442165,-5.8140596008300784,-5.002447357177735,9.219028930664063
1748975442233,-6.010151824951172,-3.4317636108398437,6.018983459472657
1748975442299,-4.61565170288086,-3.886967010498047,6.849306793212891
1748975442370,-3.8889129638671878,-3.8146673583984376,6.817273406982422
1748975442433,-4.461172943115234,-3.8467007446289063,6.554120635986329
1748975442499,-4.416266326904297,-3.4636473083496098,7.225175170898438
1748975442570,-4.098327484130859,-3.0756541442871095,8.351283416748048
1748975442633,-5.559439086914063,-3.116968231201172,8.528814239501953
1748975442699,-6.314468994140626,-2.6063800048828125,8.00610122680664
1748975442769,-7.7213932800292975,-3.4548156738281253,9.696086883544922
1748975442833,-6.597530364990234,0.23650817871093752,7.496710510253907
1748975442899,-6.200406188964844,-2.63212646484375,6.757846984863281
1748975442969,-6.382128295898438,-5.086273040771484,7.866441650390626
1748975443033,-5.609285430908203,-3.2192056274414065,6.755002899169922
1748975443099,-5.302872619628906,-3.376678161621094,6.442153472900391
1748975443168,-5.148244171142578,-3.840114440917969,6.424041137695313
1748975443233,-4.6800178527832035,-2.7099645996093753,6.645879821777344
1748975443299,-4.944817199707032,-2.9370423889160158,7.135661315917969
1748975443370,-5.474715270996094,-2.374512176513672,7.643405456542969
1748975443433,-6.12690902709961,-2.1665945434570313,8.75514358520508
1748975443499,-7.185807037353516,-2.877316589355469,9.278455352783203
1748975443570,-7.896978149414063,-4.846920776367187,9.470655670166016
1748975443633,-5.655539245605469,-1.3034893798828127,6.161337432861329
1748975443699,-3.843557281494141,-0.7373666381835938,6.413413238525391
1748975443770,-6.140381011962891,-4.956792297363282,9.786199493408203
1748975443833,-6.206393737792969,-2.7626550292968752,6.081253967285156
1748975443899,-4.999154205322266,-4.1447309875488285,6.160588989257813
1748975443968,-4.0300694274902344,-3.356769561767578,5.883515167236329
1748975444032,-3.916605377197266,-3.3307237243652343,6.901248779296876
1748975444099,-3.9148091125488285,-3.070115661621094,8.34993621826172
1748975444169,-4.52419189453125,-3.0684690856933594,7.967481536865235
1748975444233,-5.971083068847657,-3.087479553222656,8.181536407470704
1748975444299,-6.788233795166016,-3.0467642211914066,8.982071685791016
1748975444369,-7.528444519042969,-3.0123358154296875,9.82002914428711
1748975444433,-6.188131713867188,0.09295669555664063,7.521708526611328
1748975444499,-6.03829330444336,-2.4289988708496093,7.579937438964844
1748975444569,-6.356082458496094,-3.6878810119628906,6.703360290527344
1748975444632,-6.454278259277344,-4.152215423583985,7.420818328857422
1748975444699,-6.153553619384766,-3.8827757263183598,7.095544738769531
1748975444769,-5.584886169433594,-3.5789076232910157,6.3159658813476565
1748975444833,-5.536836090087891,-3.8179605102539065,5.988147583007813
1748975444899,-5.540877685546875,-2.6696983337402345,6.403384094238281
1748975444968,-6.052962799072266,-1.208137664794922,7.171736297607422
1748975445033,-6.373745727539063,0.9800120544433594,8.010442199707033
1748975445099,-8.722960510253907,4.606371002197266,10.09021728515625
1748975445168,-8.799002380371094,1.5245796203613282,11.820169830322266
1748975445233,-9.055119781494142,-2.6110203552246096,9.289981384277345
1748975445299,-5.612877960205078,-3.1118788146972656,4.928501129150391
1748975445371,-4.3366319274902345,-5.863157501220703,4.483326873779297
1748975445433,-4.428540802001954,-5.5077964782714846,6.769672393798828
1748975445499,0.2016307067871094,-4.841232604980469,9.105564880371094
1748975445569,0.5911207580566407,-3.0566436767578127,7.644453277587891
1748975445633,0.5260061645507813,-2.4472608947753907,8.191565551757813
1748975445699,-0.890947265625,-2.608026580810547,9.059760131835938
1748975445769,-2.9752130126953125,-2.492017822265625,10.186766510009766
1748975445833,-4.695735168457031,-3.503314819335938,10.896440734863281
1748975445899,-4.946763153076172,-1.7925224304199219,10.217452697753906
1748975445969,-5.7420593261718755,-4.699178009033203,12.954960021972656
1748975446033,-4.266427917480469,-1.0427316284179688,8.068072357177735
1748975446099,-2.185605010986328,-0.7926017761230469,6.8073939514160156
1748975446170,-3.782783660888672,-4.890929260253906,10.516081695556641
1748975446233,-4.558021545410156,-2.5147705078125,7.787256317138672
1748975446299,-4.150419158935547,-2.714604949951172,8.003556518554689
1748975446370,-3.847299499511719,-3.6537519836425782,7.940986633300781
1748975446433,-3.382665710449219,-4.402345275878907,8.008196868896485
1748975446499,-3.463946685791016,-4.089046783447266,8.024962005615235
1748975446570,-3.8899607849121094,-3.8377194213867187,7.79384262084961
1748975446633,-3.7949084472656254,-4.026476898193359,9.03835464477539
1748975446699,-4.184548187255859,-3.9743852233886723,11.392509155273437
1748975446769,-4.313130798339844,-0.5734574890136719,7.119944000244141
1748975446833,-3.5784585571289065,-1.7492623901367188,8.804091796875001
1748975446899,-4.968018951416016,-3.557202758789063,10.937754821777345
1748975446967,-4.129013671875001,-1.7667759704589845,6.337371368408204
1748975447033,-3.2662078857421877,-3.177143096923828,8.153245239257814
1748975447099,-2.1932391357421874,-2.239043884277344,7.824079742431641
1748975447165,-2.949316864013672,-3.4492771911621096,7.921377410888672
1748975447233,-2.6541307067871096,-2.5029450988769533,8.233628082275391
1748975447299,-2.5762925720214844,-2.622396697998047,8.992250518798828
1748975447369,-2.247576141357422,-3.028053131103516,10.566975860595704
1748975447433,-2.780467987060547,-1.8410215759277344,8.832233276367187
1748975447499,-5.0464558410644536,-4.482578430175781,11.040740661621093
1748975447570,-3.7223094177246097,0.2185455322265625,8.396040344238282
1748975447633,-2.5054898071289062,-1.4397061157226563,8.006400604248046
1748975447699,-2.840642852783203,-4.470154266357422,9.696386260986328
1748975447770,-3.649560699462891,-3.127596130371094,8.38690933227539
1748975447833,-3.846101989746094,-2.5759931945800782,8.031997375488281
1748975447899,-3.2169602966308597,-3.716770935058594,8.50950439453125
1748975447967,-2.734812927246094,-3.0347891235351563,7.924071807861329
1748975448033,-2.627186737060547,-3.4450859069824222,8.271649017333985
1748975448099,-2.765199737548828,-3.061733093261719,8.276888122558594
1748975448169,-3.2386651611328126,-3.009192352294922,9.447304229736329
1748975448233,-3.6907250976562502,-2.9723689270019533,9.736353149414063
1748975448299,-4.995411987304688,-5.9091119384765625,12.072694702148437
1748975448370,-3.8805303955078125,0.300574951171875,6.956633605957031
1748975448433,-2.311942291259766,-1.9791842651367189,8.792865142822267
1748975448499,-4.398453369140626,-5.389392700195312,9.43488006591797
1748975448569,-3.61408447265625,-3.5398388671875,6.625671844482422
1748975448633,-2.4938140869140626,-3.6348912048339845,7.438182220458985
1748975448699,-1.9561322021484375,-3.0924192810058595,7.294031982421876
1748975448770,-2.2432351684570313,-3.5459761047363285,7.803572387695313
1748975448833,-2.661016387939453,-3.935615844726563,8.546926574707031
1748975448899,-3.5558555603027346,-3.47038330078125,9.38323745727539
1748975448969,-4.4863206481933595,-3.639980621337891,9.93828323364258
1748975449033,-5.136867828369141,-5.055287475585938,11.465257873535156
1748975449099,-3.4657429504394535,0.017513580322265625,7.924371185302735
1748975449169,-3.586541748046875,-2.139650573730469,7.680677947998047
1748975449233,-5.194947052001953,-4.481829986572266,8.113128662109375
1748975449299,-4.9723599243164065,-2.6129663085937502,7.030430145263672
1748975449369,-5.0657656860351565,-2.8527676391601564,7.541617126464844
1748975449433,-5.3034713745117195,-3.373235321044922,8.162825317382813
1748975449499,-4.892426147460938,-2.7358607482910156,7.183711395263672
1748975449569,-4.6319677734375,-3.622167663574219,7.787256317138672
1748975449633,-4.620741119384766,-2.908751220703125,6.95274169921875
1748975449700,-4.5339216613769535,-3.5807038879394533,9.296417999267579
1748975449768,-5.758674774169922,-3.8718484497070316,10.102342071533204
1748975449833,-6.172564086914063,-3.739523620605469,9.393565979003906
1748975449899,-4.510270843505859,-0.8481362915039063,5.485792236328125
1748975449969,-3.4908906555175783,-4.258943481445312,8.339757385253908
1748975450033,-5.126239929199219,-3.7546421813964845,7.589966583251954
1748975450100,-5.274132385253907,-2.8865972900390626,5.907315673828125
1748975450169,-4.67313217163086,-3.284769287109375,7.168892211914063
1748975450233,-3.653003540039063,-3.5151402282714845,8.021519165039063
1748975450299,-2.6587710571289063,-3.160228271484375,8.648714904785157
1748975450370,-5.333858184814454,-2.7786717224121094,7.79623764038086
1748975450433,-4.918471984863282,-2.8324099731445314,9.202413482666016
1748975450499,-4.994364166259766,-3.2662078857421877,8.878487091064454
1748975450569,-6.1206221008300785,-4.5795767211914065,9.716145172119141
1748975450633,-4.847519531250001,-0.939895477294922,6.9623217773437505
1748975450699,-4.904850311279297,-3.632945251464844,7.032974853515626
1748975450770,-6.410718841552734,-4.045786743164062,7.441175994873047
1748975450833,-5.802234191894532,-2.444865875244141,7.0822224426269536
1748975450900,-5.561085662841797,-3.0922695922851564,7.365583190917969
1748975450968,-5.591472473144531,-3.6753071594238285,6.664441223144531
1748975451033,-5.38205795288086,-4.383933563232422,6.636000366210938
1748975451099,-5.262756042480469,-3.9812709045410157,6.172713775634766
1748975451169,-5.5253100585937505,-2.749183044433594,6.804998931884766
1748975451233,-3.737128601074219,-4.307592315673828,9.701924743652345
1748975451300,-6.006409606933594,-4.428091735839844,9.044940948486328
1748975451368,-8.068521423339844,-3.2597712707519535,8.169112243652345
1748975451433,-5.151387634277344,0.377215576171875,6.67297348022461
1748975451500,-5.554199981689454,-3.437002716064453,8.79885269165039
1748975451570,-6.050867156982422,-5.108277282714844,8.282725982666015
1748975451633,-5.325176239013672,-3.3305740356445312,7.235952758789063
1748975451700,-4.295617218017578,-3.40332275390625,6.486760711669922
1748975451770,-3.6350408935546876,-4.584666137695312,5.2498828125
1748975451833,-3.244053955078125,-6.2632754516601565,7.2856494140625
1748975451899,-2.006577301025391,-5.599855041503907,7.269483032226563
1748975451966,-2.3462210083007813,-5.451064453125,8.812923431396484
1748975452033,-4.392765197753906,-5.604345703125,9.176816711425781
1748975452099,-6.023174743652344,-6.7633854675292975,9.362281036376954
1748975452166,-4.7258226013183595,-2.245929565429688,6.838529205322266
1748975452233,-5.229674835205079,-4.947212219238281,7.620652770996094
1748975452299,-5.769302673339844,-4.34261947631836,6.274352416992188
1748975452369,-5.536387023925782,-3.7486546325683596,6.6629443359375005
1748975452433,-5.54731430053711,-3.077450408935547,6.770869903564454
1748975452499,-5.676046600341797,-2.5694068908691405,7.324568481445313
1748975452570,-5.2118618774414065,-3.2311807250976563,8.50276840209961
1748975452633,-5.575755157470703,-2.618654479980469,8.26850555419922
1748975452699,-5.988297271728516,-4.1869432067871095,8.835077362060547
1748975452770,-6.613397369384766,-4.50263671875,8.032895507812501
1748975452833,-6.634952545166016,-5.872887268066407,8.137228546142579
1748975452899,-4.7029202270507815,-2.163600769042969,4.885540466308594
1748975452969,-4.336781616210938,-4.274660797119141,7.8921881103515625
1748975453032,-5.090314636230469,-5.67380126953125,8.6460205078125
1748975453099,-4.638703765869141,-3.9276823425292973,5.8630078125
1748975453168,-3.8193077087402347,-3.758683776855469,6.583010559082031
1748975453233,-3.8052369689941408,-3.5257681274414066,6.815028076171876
1748975453300,-4.507277069091797,-4.330794067382813,8.115972747802735
1748975453370,-5.283263397216797,-3.959566040039063,8.274193725585938
1748975453433,-5.731132049560547,-3.0602362060546877,8.108338623046876
1748975453500,-6.1242146301269536,-3.1883697509765625,8.21581512451172
1748975453569,-6.6595014953613285,-4.423750762939453,8.428822174072266
1748975453633,-6.947203216552735,-3.929179229736328,9.0004833984375
1748975453700,-5.4654345703125005,-2.1631517028808593,6.450835418701172
1748975453770,-5.03912109375,-3.6748580932617188,7.371720428466797
1748975453833,-5.273833007812501,-5.082381134033203,7.741750946044922
1748975453900,-5.31499740600586,-4.560865631103516,6.1963645935058596
1748975453968,-4.733606414794922,-3.868704986572266,6.201004943847656
1748975454033,-5.013973388671875,-3.2458502197265626,6.53166732788086
1748975454099,-5.340594177246094,-3.7173696899414064,7.201524353027344
1748975454170,-5.569767608642579,-2.94347900390625,7.175777893066407
1748975454233,-5.645959167480469,-2.023641815185547,7.847880249023438
1748975454300,-6.233487396240235,-0.8548722839355469,7.557783508300782
1748975454369,-6.924300842285157,-2.409239959716797,7.700885925292969
1748975454433,-7.516619110107422,-2.7702891540527346,8.288264465332032
1748975454500,-7.609276428222657,-2.4438180541992187,8.458460540771485
1748975454568,-5.399571533203125,-0.014819183349609376,6.634353790283203
1748975454633,-5.188660125732422,-0.700393524169922,7.979007568359376
1748975454700,-6.258485412597657,-2.978057098388672,8.760233001708984
1748975454767,-6.059998168945313,-2.2433848571777344,7.135511627197266
1748975454833,-4.540058898925781,-1.8625767517089844,6.486611022949219
1748975454900,-3.9573207092285156,-1.9136206054687501,6.746021575927735
1748975454970,-5.279970245361328,-1.9467018127441407,7.782466278076172
1748975455033,-5.351970520019531,0.4884342956542969,8.758436737060547
1748975455100,-6.086343383789063,-0.22647903442382813,7.804470520019532
1748975455170,-5.793851623535157,-0.9563612365722657,7.758216705322266
1748975455233,-6.566844177246094,-1.5875985717773438,9.21079605102539
1748975455300,-8.142317962646485,-1.9240988159179688,10.028545532226563
1748975455368,-6.294560394287109,0.3180885314941406,7.495213623046875
1748975455433,-5.296735382080079,-0.6623725891113281,6.0766136169433596
1748975455500,-5.345384216308594,-3.064128112792969,8.255482635498048
1748975455569,-6.174659729003906,-1.9868183898925782,7.4342903137207035
1748975455633,-5.724695434570313,-1.0614427185058595,6.976691894531251
1748975455700,-5.7648120117187505,-2.0998333740234374,7.024891662597657
1748975455769,-5.356012115478516,-1.4718891906738283,7.1262309265136725
1748975455833,-5.316344604492188,-1.2521461486816408,7.719746704101563
1748975455899,-5.6452107238769536,-0.9219328308105469,7.718848571777344
1748975455969,-5.8987834167480475,-0.6864724731445313,7.899373168945313
1748975456033,-6.509214019775391,-0.8604107666015626,8.129744110107422
1748975456100,-7.718698883056641,-2.1671932983398436,10.330767059326172
1748975456170,-5.8264837646484375,0.9627978515625001,6.407126312255859
1748975456233,-4.629423065185547,1.4159056091308595,6.046226806640625
1748975456299,-6.557264099121094,-2.1609063720703126,9.952952728271486
1748975456369,-6.59348876953125,-1.4046789550781251,7.65493148803711
1748975456433,-5.232219543457031,-1.6810043334960938,7.580835571289063
1748975456500,-3.5845957946777345,-2.206561431884766,7.566166076660156
1748975456570,-3.7329373168945312,-2.2950274658203127,7.240293731689453
1748975456633,-4.069736938476563,-1.5530204772949219,7.968529357910157
1748975456700,-5.162913665771485,1.5745756530761719,8.757538604736329
1748975456768,-6.506519622802735,2.4011567687988284,8.851393432617188
1748975456833,-7.4537498474121096,2.724035339355469,7.907755737304688
1748975456900,-7.573800201416016,-0.5216651916503906,9.148675231933595
1748975456967,-6.672374725341797,-0.38634658813476563,8.112230529785156
1748975457033,-5.106930084228516,-0.2755769348144531,4.979095916748047
1748975457100,-5.390290832519532,-2.5990452575683594,6.70844970703125
1748975457166,-6.213279418945313,-4.014202423095703,8.234226837158204
1748975457233,-5.952222290039063,-1.4723382568359376,6.9323840332031255
1748975457300,-5.748346252441406,-1.7227674865722657,6.857839050292969
1748975457370,-5.115911407470703,-2.903961181640625,7.468269653320313
1748975457433,-5.179080047607422,-2.3173310852050784,7.59026596069336
1748975457500,-6.6578549194335945,-2.189347229003906,7.857460327148438
1748975457570,-7.4413256835937505,-1.9179615783691408,7.3673794555664065
1748975457633,-6.730603637695313,-1.1873309326171875,7.763755187988282
1748975457700,-6.940018157958985,-1.4886543273925783,8.830736389160156
1748975457768,-8.511749725341797,-3.7178187561035156,9.904453582763672
1748975457833,-5.745801544189454,-0.4167333984375,5.307213592529298
1748975457899,-3.882176971435547,-3.4063165283203127,6.463858337402344
1748975457968,-5.278024291992188,-5.333109741210937,8.704848175048829
1748975458032,-5.656437377929688,-4.2583447265625,7.082671508789063
1748975458099,-5.024152221679688,-3.690575408935547,6.933132476806641
1748975458169,-3.4561628723144535,-3.420087890625,7.875722351074219
1748975458232,-4.039200439453126,-2.774630126953125,6.80185546875
1748975458299,-4.2731639099121095,-3.260370025634766,7.7724371337890625
1748975458368,-4.663402404785156,-2.511926422119141,7.854466552734375
1748975458432,-5.15453109741211,-2.4001089477539064,7.951764221191406
1748975458499,-6.081403656005859,-2.0924986267089847,8.371341705322266
1748975458568,-8.491541748046876,-3.5786082458496096,10.801687774658204
1748975458632,-7.569010162353516,-0.029788055419921876,7.939040679931641
1748975458699,-5.610932006835938,-0.13606704711914064,5.78442123413086
1748975458769,-6.776558074951172,-4.077969818115235,8.340056762695314
1748975458832,-6.743027801513672,-3.1760952758789065,6.994804229736329
1748975458899,-6.257437591552734,-2.580483856201172,6.1664268493652346
1748975458969,-5.744903411865234,-3.111280059814453,6.389463043212891
1748975459032,-5.757926330566407,-2.8815078735351562,6.620432739257812
1748975459099,-5.804030456542969,-2.3812481689453127,6.908433837890625
1748975459168,-6.265371093750001,-3.2037876892089847,6.274053039550782
1748975459233,-6.116131439208985,-2.1812640380859376,7.3832464599609375
1748975459300,-6.734944610595703,-0.7435038757324219,9.029073944091797
1748975459369,-8.265811157226564,-1.4611116027832032,9.412127380371095
1748975459433,-9.740544433593751,-1.8526972961425783,9.317973175048829
1748975459500,-5.832022247314454,1.08015380859375,5.401966552734375
1748975459567,-5.700445861816407,-1.1130853271484376,6.218817901611328
1748975459633,-6.724765777587891,-3.6925213623046877,7.119494934082032
1748975459700,-6.323450317382813,-3.5652859497070315,6.847510528564453
1748975459770,-5.601202239990235,-4.025878143310547,6.928043060302735
1748975459833,-4.965474243164063,-4.086202697753906,6.848258972167969
1748975459900,-3.723656616210938,-3.7389248657226566,6.835236053466797
1748975459967,-2.993624725341797,-3.8014947509765626,7.1121601867675786
1748975460033,-3.979175262451172,-3.595972137451172,7.254065093994141
1748975460100,-4.841382293701172,-3.6009118652343752,8.92578872680664
1748975460171,-7.315587158203125,-3.33626220703125,10.259664916992188
1748975460233,-8.462801513671875,-2.7261309814453125,9.882898406982422
1748975460300,-6.205794982910157,0.6506968688964844,5.588478698730469
1748975460368,-6.485563201904297,-2.8276199340820316,7.788753204345704
1748975460433,-6.98148193359375,-2.1535716247558594,6.621480560302735
1748975460500,-6.592740325927735,-1.4084211730957032,6.148314514160156
1748975460568,-6.604266357421875,-2.2168899536132813,6.518345031738281
1748975460633,-6.449188842773438,-2.950963439941406,6.547534332275391
1748975460700,-5.991141357421875,-2.919379119873047,6.936575317382813
1748975460768,-5.502856750488282,-2.7232868957519534,7.148384857177735
1748975460833,-4.918022918701172,-2.319127349853516,7.1596115112304695
1748975460900,-5.448070678710938,-2.977158966064453,8.84615432739258
1748975460969,-7.23101303100586,-3.4432896423339847,9.38937469482422
1748975461033,-6.42628646850586,-2.0444485473632814,7.6332266235351565
1748975461100,-5.168751525878906,-0.22842498779296877,5.987399139404297
1748975461171,-5.626799011230469,-2.458637237548828,8.772806854248048
1748975461233,-6.704707489013672,-3.152893524169922,8.104147338867188
1748975461300,-5.3473301696777344,-1.76512939453125,6.522835693359375
1748975461370,-4.031716003417969,-2.29921875,7.560328216552735
1748975461433,-4.533322906494141,-2.3584954833984377,7.327562255859375
1748975461500,-4.76653793334961,-2.115999755859375,7.370373229980469
1748975461569,-4.857099609375,-1.6040643310546876,7.626340942382813
1748975461633,-5.63353500366211,-1.588796081542969,8.571026458740235
1748975461700,-6.626719665527344,-1.1741583251953125,8.280181274414064
1748975461769,-7.6525364685058594,-2.049987030029297,9.264234924316407
1748975461833,-7.2441856384277346,-1.2207115173339844,8.538993072509767
1748975461900,-5.648952941894532,-0.183218994140625,6.077511749267578
1748975461966,-5.782774658203126,-2.040107574462891,7.0238438415527344
1748975462033,-5.852379913330078,-2.8657905578613283,7.155420227050781
1748975462100,-6.225404205322266,-2.0935464477539063,6.357878723144531
1748975462166,-6.114335174560547,-1.7359400939941407,6.706803131103516
1748975462233,-6.17001937866211,-1.4367123413085938,6.987918548583985
1748975462300,-6.346951446533203,-1.92320068359375,7.583380279541016
1748975462368,-6.512357482910157,-2.3188279724121097,7.257957000732422
1748975462433,-6.530320129394531,-2.1320164489746096,7.772736511230469
1748975462500,-6.704258422851563,-2.7855574035644532,9.308991851806642
1748975462569,-6.419849853515625,-2.292183380126953,7.641010437011719
1748975462633,-4.916825408935547,0.8047265625000001,5.985902252197266
1748975462700,-6.1417282104492195,-2.831960906982422,8.958121490478517
1748975462769,-6.006409606933594,-2.4792942810058594,7.606132965087891
1748975462833,-5.183121643066406,-3.014880523681641,6.583609313964844
1748975462899,-3.9020855712890627,-3.227438507080078,6.9025959777832036
1748975462968,-3.3365615844726566,-2.472857666015625,6.972201232910157
1748975463032,-4.091292114257813,-2.6168582153320314,7.662565612792969
1748975463100,-5.414091339111328,-3.0759535217285157,8.590036926269532
1748975463169,-6.819219360351563,-2.2026695251464843,9.308393096923828
1748975463233,-8.353977813720704,-3.9041812133789064,10.531799011230468
1748975463300,-6.878346405029297,-1.0636880493164063,8.289312286376953
1748975463367,-4.672533416748047,-0.08786727905273438,5.303022308349609
1748975463433,-4.998256072998047,-2.565964050292969,6.033353576660157
1748975463500,-5.776787109375,-4.08350830078125,7.391928405761719
1748975463569,-8.136180725097656,-3.3673974609375,8.397986297607423
1748975463633,-5.447322235107422,0.27692413330078125,5.745352478027344
1748975463700,-5.397475891113282,-1.3983920288085938,6.724915466308594
1748975463769,-5.964197387695313,-1.531614990234375,7.15392333984375
1748975463833,-6.879992980957032,-1.0553054809570312,6.493796081542969
1748975463900,-7.337591400146485,-1.6588504028320312,7.042255554199219
1748975463968,-7.4290512084960945,-1.9681072998046876,8.628357238769532
1748975464033,-6.848258972167969,-1.8232086181640625,7.988138580322266
1748975464100,-5.203329620361329,-0.12199630737304688,6.717281341552734
1748975464169,-6.037395172119141,-3.0540989685058597,9.264683990478517
1748975464233,-5.390440521240235,-1.4650035095214844,7.18550765991211
1748975464300,-4.788691864013672,-1.813179473876953,7.56586669921875
1748975464369,-4.7186375427246094,-2.435884552001953,7.4555461120605475
1748975464433,-5.2910472106933595,-2.449057159423828,7.1298234558105476
1748975464500,-5.152285766601563,-1.9688557434082032,7.473508758544923
1748975464568,-5.415737915039063,-1.819915466308594,7.898025970458985
1748975464633,-5.944288787841797,-1.0747650146484375,7.280559997558594
1748975464700,-7.036567382812501,-1.5858023071289062,9.445657653808594
1748975464767,-8.224048004150392,-1.3512400817871095,9.839937744140625
1748975464833,-7.041058044433594,0.28336074829101565,6.287225646972656
1748975464900,-7.411986694335938,-2.3739134216308595,8.828191680908203
1748975464968,-5.702092437744141,-1.2714559936523437,7.092401275634766
1748975465033,-6.291117553710937,-2.496508483886719,6.688391418457032
1748975465100,-5.456453247070312,-1.9082318115234376,6.51969223022461
1748975465167,-5.303171997070312,-1.1541000366210938,6.3276416015625
1748975465233,-5.295088806152344,-0.3126997375488281,6.403234405517578
1748975465300,-5.823340301513672,1.2431648254394532,6.380631408691406
1748975465371,-6.881789245605469,1.1264076232910156,8.305029602050782
1748975465433,-6.873406677246094,0.5682183837890625,9.437574462890625
1748975465500,-8.27045150756836,-1.4870077514648439,8.694369964599609
1748975465568,-5.626050567626954,1.5874488830566407,5.788462829589844
1748975465633,-4.4978466796875,-1.6438815307617187,8.37433547973633
1748975465700,-6.350094909667969,-1.4638059997558595,7.72917709350586
1748975465769,-6.448290710449219,-2.286195831298828,6.76637924194336
1748975465833,-4.089196472167969,-1.6205300903320314,6.916966094970704
1748975465900,-3.3091685485839846,-2.095791778564453,7.5434133911132815
1748975465969,-3.663182373046875,-3.1228060913085938,7.698191528320313
1748975466033,-4.559219055175782,-1.88488037109375,7.7652520751953125
1748975466100,-5.771548004150391,-2.0546273803710937,8.693771209716797
1748975466169,-7.01067123413086,-1.7296531677246094,7.982151031494141
1748975466233,-7.661667480468751,-1.783092041015625,8.457562408447266
1748975466300,-7.8833564758300785,-2.3908282470703126,9.754166107177735
1748975466369,-5.863157501220703,1.7524058532714846,5.51378402709961
1748975466433,-6.967261505126953,-2.378853149414063,7.399562530517579
1748975466500,-6.924899597167969,-2.6842181396484377,7.401957550048828
1748975466569,-6.105952606201172,-1.0192304992675782,6.905440063476563
1748975466633,-6.027366027832032,-1.598675537109375,7.206464080810547
1748975466700,-5.924080810546875,-2.326462097167969,6.672225036621094
1748975466769,-5.300776977539063,-2.3742127990722657,6.985074462890625
1748975466833,-4.752616882324219,-1.9417620849609376,7.1664971923828125
1748975466900,-4.993016967773438,-1.5232324218750002,7.611821136474609
1748975466968,-6.242618408203126,-2.0219952392578127,9.224417724609376
1748975467033,-9.180708618164063,-3.0991552734375003,11.912078704833984
1748975467100,-6.329587554931641,1.6941769409179688,5.295537872314453
1748975467166,-4.907694396972657,0.3035687255859375,6.716682586669922
1748975467233,-7.51317626953125,-3.334765319824219,9.335486755371095
1748975467300,-6.643185424804688,-1.9871177673339844,6.025719451904298
1748975467369,-5.520520019531251,-2.6444009399414066,6.863676910400391
1748975467433,-4.361480255126954,-2.142494659423828,6.947652282714844
1748975467500,-3.980073394775391,-2.5701553344726564,7.3693254089355476
1748975467570,-4.024231567382813,-2.1974304199218753,7.252568206787109
1748975467633,-4.712350616455079,-2.2641915893554687,7.961344299316407
1748975467700,-6.308032379150391,-2.1974304199218753,9.442514190673828
1748975467768,-8.235424346923828,-2.731370086669922,10.129286041259766
1748975467833,-7.986791381835938,-0.9415420532226563,9.159452819824219
1748975467900,-5.826633453369141,0.8599617004394532,6.68928955078125
1748975467967,-5.338797912597657,-0.47436355590820317,6.17241439819336
1748975468033,-6.358477478027344,-3.220702514648438,7.925718383789063
1748975468099,-7.062313842773438,-1.9507434082031252,7.029532012939454
1748975468169,-6.7650320434570315,-0.6797364807128906,6.085744628906251
1748975468233,-6.834936676025391,-2.678380279541016,7.225324859619141
1748975468300,-5.947731628417969,-2.4304957580566406,6.824608154296875
1748975468369,-5.138664093017578,-2.5638684082031253,7.149432678222657
1748975468433,-4.6273274230957036,-2.864143981933594,7.233707427978516
1748975468500,-4.803511047363282,-2.5331822204589844,8.024812316894531
1748975468570,-6.12690902709961,-2.1850062561035157,8.852890319824219
1748975468633,-8.709039459228515,-4.377496948242188,10.347681884765626
1748975468700,-6.330934753417969,0.11900253295898439,5.924080810546875
1748975468770,-6.832691345214844,-2.6614654541015628,8.2915576171875
1748975468833,-6.55995849609375,-2.8122019958496094,7.384743347167969
1748975468900,-5.73128173828125,-1.3358221435546875,5.07549545288086
1748975468970,-5.637426910400391,-2.758763122558594,6.488706665039063
1748975469033,-5.254223785400391,-1.9722985839843752,7.3780073547363285
1748975469100,-5.4214260864257815,-2.432890777587891,7.785160675048829
1748975469169,-4.998106384277344,-1.9176622009277344,7.631430358886719
1748975469233,-5.323978729248047,-1.9725979614257814,7.828271026611328
1748975469300,-5.750292205810547,-1.7708175659179688,7.026238861083985
1748975469369,-6.875202941894532,-2.6931994628906253,7.724087677001953
1748975469433,-7.202123107910157,-1.6010705566406251,8.756790161132812
1748975469500,-7.655530242919922,-1.038091278076172,8.722062377929689
1748975469570,-6.7264123535156255,-1.653760986328125,5.943989410400391
1748975469633,-6.048771514892579,-2.744542694091797,6.642586669921875
1748975469700,-5.486690368652344,-2.9651838684082032,6.906188507080079
1748975469770,-6.178102569580078,-1.9287391662597657,6.047274627685547
1748975469833,-6.828350372314453,-2.1616548156738284,6.320306854248047
1748975469900,-6.246510314941407,-1.1668235778808593,6.99630111694336
1748975469968,-6.325845336914063,-1.184486846923828,7.181765441894532
1748975470033,-6.6365991210937505,-1.4172528076171875,6.612798614501953
1748975470100,-6.359525299072266,-1.2374766540527344,7.0269873046875
1748975470168,-6.884034576416016,-0.7694000244140625,8.048612823486328
1748975470233,-7.756719818115235,-0.6863227844238282,8.505762176513672
1748975470300,-9.073082427978516,-3.0957124328613284,7.445816345214844
1748975470370,-5.697003021240235,1.1993060302734375,5.516328735351562
1748975470433,-6.680906982421876,-2.8852500915527344,9.940528564453125
1748975470500,-7.021748199462891,-3.114273834228516,7.131769409179688
1748975470568,-6.0519149780273445,-2.6611660766601566,4.783602447509766
1748975470633,-4.947960662841797,-3.268004150390625,5.828429718017579
1748975470700,-4.276457061767578,-2.1487815856933596,7.1332662963867195
1748975470769,-5.8793238830566406,-1.8607804870605469,7.9203295898437505
1748975470833,-6.7228198242187505,0.632135467529297,7.167994079589844
1748975470900,-7.189100189208984,-0.3285667419433594,7.6261912536621095
1748975470968,-7.534132690429688,0.6511459350585938,8.202043762207031
1748975471033,-9.170679473876953,0.09041198730468751,8.936716003417969
1748975471100,-9.704768829345703,1.2534933471679688,8.882528686523438
1748975471170,-7.900121612548829,0.7875123596191407,5.558990020751954
1748975471233,-8.085436248779297,-3.6914735412597657,6.8407745361328125
1748975471300,-8.181087341308594,-4.8331494140625,6.833140411376953
1748975471371,-7.505392456054688,2.1911434936523437,5.3721784973144535
1748975471433,-6.194418640136719,-2.507435760498047,5.994135131835938
1748975471500,-4.496649169921875,-5.032834167480469,7.097490692138672
1748975471570,-4.218826904296876,-5.096302185058594,7.284152526855469
1748975471633,-3.6613861083984376,-3.4825080871582035,6.5960334777832035
1748975471700,-2.343227233886719,-3.0551467895507813,7.596702575683594
1748975471770,-2.8982730102539063,-2.8970755004882816,9.185648345947266
1748975471833,-7.692203979492188,-5.7523878479003905,13.887520751953126
1748975471900,-9.229956207275391,0.11930191040039063,9.088500366210939
1748975471966,-6.734345855712891,0.47181884765625004,8.130342864990235
1748975472033,-7.132517852783203,-2.926564178466797,9.959089965820313
1748975472100,-4.935985565185547,-0.929117889404297,5.874833221435547
1748975472166,-4.940176849365234,-2.638712768554688,6.289171600341797
1748975472233,-4.603077850341797,-3.005300445556641,7.181166687011719
1748975472300,-4.36612060546875,-2.8969258117675785,7.617209930419922
1748975472371,-3.882925415039063,-2.901715850830078,8.445138244628907
1748975472433,-4.34935546875,-2.7533743286132815,9.046288146972657
1748975472500,-5.16126708984375,-3.9645057678222657,10.124496002197267
1748975472569,-6.48616195678711,-3.492986297607422,10.359507293701173
1748975472633,-5.223387908935547,1.0018666076660157,6.169720001220703
1748975472700,-4.642146606445313,-2.382445678710938,7.141648864746094
1748975472769,-6.13169906616211,-2.934797058105469,8.183033294677735
1748975472833,-6.288872222900391,-1.3069322204589844,6.906188507080079
1748975472900,-6.207291870117188,-1.615440673828125,7.280709686279297
1748975472970,-5.936504974365235,-2.1417462158203127,6.9516938781738284
1748975473033,-5.640121307373047,-2.4638763427734376,7.181016998291016
1748975473100,-5.191354522705079,-2.1287232971191408,7.102729797363281
1748975473170,-5.419180755615234,-2.192790069580078,8.136180725097656
1748975473233,-6.602769470214844,-2.9331504821777346,10.545869750976562
1748975473300,-6.85259994506836,-1.7420773315429687,9.869725799560547
1748975473370,-4.299808502197266,1.9077827453613283,6.396049346923829
1748975473433,-5.9162969970703125,-2.126477966308594,8.895850982666015
1748975473500,-5.956263885498047,-3.6049534606933595,8.171058197021484
1748975473569,-5.017865295410156,-2.2043161010742187,6.739884338378906
1748975473633,-3.8422100830078127,-2.698887634277344,7.242239685058594
1748975473700,-3.4950819396972657,-2.5569827270507814,6.838828582763672
1748975473769,-3.806284790039063,-2.454595642089844,7.301965484619141
1748975473833,-4.588258666992187,-2.2471270751953125,8.27479248046875
1748975473900,-6.135590972900391,-2.321821746826172,9.297615509033204
1748975473967,-7.858508148193359,-3.390150146484375,10.577753448486328
1748975474033,-6.948550415039063,-0.49906219482421876,8.468489685058595
1748975474100,-5.2277288818359375,0.42571472167968755,5.651797027587891
1748975474169,-5.716013488769532,-2.5303381347656253,7.589816894531251
1748975474233,-6.695576477050782,-2.741698608398438,8.266409912109376
1748975474300,-6.565946044921875,-1.054706726074219,6.5925906372070315
1748975474369,-6.542893981933594,-2.1080662536621095,7.200925598144532
1748975474433,-6.269412689208985,-2.496658172607422,7.040159912109376
1748975474500,-5.638474731445313,-2.725232849121094,7.369624786376954
1748975474569,-4.919968872070313,-2.2806573486328126,7.225624237060547
1748975474633,-4.7663882446289065,-2.879861297607422,7.535479888916016
1748975474700,-4.857698364257812,-2.318528594970703,8.26715835571289
1748975474768,-5.536686401367188,-3.2118708801269533,9.299262084960938
1748975474833,-7.394024047851563,-5.3422407531738285,9.930798797607423
1748975474900,-5.401667175292969,0.550704803466797,5.400619354248047
1748975474967,-4.690496063232422,-1.9121237182617188,8.030051422119142
1748975475033,-6.244115295410157,-4.146078186035156,8.97309036254883
1748975475100,-6.632407836914063,-2.5834776306152345,5.8630078125
1748975475168,-5.497617645263672,-4.300107879638672,7.897876281738282
1748975475233,-2.8181895446777343,-1.6708255004882813,7.637567596435547
1748975475300,-4.016148376464844,-2.176773376464844,7.266339569091797
1748975475368,-5.499264221191407,-3.490441589355469,6.898704071044922
1748975475433,-6.021528167724609,-3.3262330627441408,7.574848022460938
1748975475500,-6.288273468017579,-2.58422607421875,8.10519515991211
1748975475570,-7.435487823486328,-3.301085357666016,9.143286437988282
1748975475633,-8.142767028808594,-2.6996360778808595,8.788224792480468
1748975475700,-6.389612731933594,-0.9093589782714844,5.6574851989746096
1748975475771,-5.797444152832032,-3.810027008056641,7.464677124023438
1748975475833,-5.7719970703125005,-4.350253601074219,7.2106553649902345
1748975475900,-5.801336059570313,-2.9006680297851566,6.224655761718751
1748975475969,-6.286327514648438,-3.298989715576172,6.366710357666016
1748975476033,-6.096222839355469,-3.184028778076172,6.18154541015625
1748975476100,-5.484295349121094,-3.2130683898925785,6.145021362304687
1748975476172,-5.490582275390626,-2.9961694335937503,7.085216217041016
1748975476233,-5.951024780273438,-2.3113435363769534,7.934849395751954
1748975476300,-6.29935043334961,-1.471739501953125,8.013435974121094
1748975476371,-6.721772003173829,-2.0677999877929687,7.289541320800781
1748975476433,-8.629105682373048,-4.921615447998047,10.900033264160157
1748975476500,-7.197632446289063,-2.4298970031738283,6.778953094482422
1748975476570,-4.99840576171875,0.21195922851562501,5.466632080078125
1748975476633,-6.347101135253906,-4.040996704101563,8.569529571533204
1748975476700,-6.850504302978516,-4.304748229980469,6.1312500000000005
1748975476771,-7.3164852905273445,-3.0299990844726565,5.447022857666016
1748975476833,-4.75456283569336,-3.289409637451172,7.094796295166016
1748975476900,-5.036875762939453,-2.82851806640625,7.687114562988282
1748975476971,-5.295687561035156,-1.9354751586914063,6.898404693603516
1748975477033,-5.334307250976563,-2.3739134216308595,6.8545458984375
1748975477100,-5.753735046386719,-3.417543182373047,7.732470245361329
1748975477166,-6.459517364501953,-2.701282653808594,8.232580261230469
1748975477233,-7.075636138916016,-2.8665390014648438,9.531878356933595
1748975477300,-8.963659973144532,-2.8172914123535158,10.927575988769531
1748975477370,-5.611381072998047,3.221151580810547,5.195695495605469
1748975477432,-5.201533355712891,-1.7811460876464844,5.9348583984375
1748975477500,-6.9904632568359375,-5.888754272460938,8.31445999145508
1748975477570,-7.82976791381836,-3.2322285461425784,8.049960021972657
1748975477633,-6.791227569580078,-1.7548008728027344,6.502028961181641
1748975477700,-5.424569549560547,-3.1594798278808596,6.662345581054688
1748975477770,-4.391567687988282,-3.7601806640625,6.926097106933594
1748975477833,-3.839365997314453,-2.7500811767578126,6.503226470947266
1748975477900,-3.6371365356445313,-2.9987141418457033,7.124135284423828
1748975477966,-4.370461578369141,-2.9092002868652345,8.570128326416016
1748975478033,-5.360802154541016,-2.108515319824219,9.088500366210939
1748975478100,-6.193221130371094,-2.3881338500976566,10.110125885009767
1748975478170,-7.584278411865235,-3.048560485839844,9.482181701660156
1748975478233,-5.850134582519532,1.349593505859375,5.483995971679688
1748975478300,-6.14801513671875,-2.538870391845703,9.49625244140625
1748975478367,-5.079686737060547,-3.2001951599121097,8.141120452880859
1748975478433,-4.2204734802246096,-1.7573455810546876,7.344177703857422
1748975478500,-3.334016876220703,-2.1576132202148437,8.664282531738282
1748975478569,-3.1894175720214846,-2.1679417419433595,8.241411895751954
1748975478633,-2.571951599121094,-2.620001678466797,8.920699310302735
1748975478700,-2.8827053833007814,-2.531236267089844,8.568781127929688
1748975478770,-4.019291839599609,-2.8683352661132813,8.293353881835937
1748975478833,-4.869823150634766,-4.000730438232422,9.059460754394532
1748975478900,-6.4586192321777345,-4.508324890136719,11.002270660400391
1748975478966,-5.818400573730469,-0.1095721435546875,5.644013214111329
1748975479033,-5.263654174804688,-3.3825160217285157,8.472980346679687
1748975479100,-5.418731689453125,-3.387306060791016,9.006470947265626
1748975479169,-5.179678802490234,-1.8305433654785157,6.926396484375
1748975479233,-5.10378662109375,-2.6667045593261722,7.564369812011719
1748975479300,-5.2834130859375,-3.007845153808594,7.588918762207031
1748975479370,-5.205425262451172,-3.1088850402832033,7.639214172363282
1748975479433,-5.151836700439453,-2.8050169372558593,7.402406616210938
1748975479500,-5.028193817138672,-3.1463072204589846,7.77183837890625
1748975479572,-5.142705688476563,-3.6176770019531252,8.38870559692383
1748975479633,-6.007008361816407,-5.071304168701172,9.837842102050782
1748975479700,-4.979095916748047,-0.8171507263183594,6.034850463867188
1748975479768,-4.497547302246094,-4.2767564392089845,9.60163330078125
1748975479833,-5.1855166625976565,-3.989952850341797,7.573201446533203
1748975479900,-4.901257781982422,-3.444936218261719,6.613247680664063
1748975479968,-4.085454254150391,-3.0457164001464845,7.491022338867188
1748975480033,-3.8669087219238283,-3.351530456542969,7.3322026062011725
1748975480100,-3.7946090698242188,-3.526666259765625,7.821385345458984
1748975480169,-4.108356628417969,-3.2147149658203125,8.149053955078125
1748975480233,-4.5339216613769535,-2.748284912109375,8.278235321044923
1748975480300,-5.5482124328613285,-2.9009674072265628,8.641380157470703
1748975480370,-6.853348388671876,-4.144880676269532,9.50628158569336
1748975480433,-6.740183715820313,-1.9743942260742189,7.149282989501954
1748975480500,-5.8724382019042976,-2.3523582458496093,7.035369873046875
1748975480571,-6.1733125305175784,-2.735261993408203,8.296647033691407
1748975480633,-6.422693939208985,-1.8489550781250002,6.512207794189454
1748975480699,-6.664291534423828,-2.822081451416016,6.232140197753907
1748975480770,-6.123615875244141,-3.8779856872558596,6.6577052307128906
1748975480833,-5.597310333251953,-3.622467041015625,6.941365356445313
1748975480900,-5.038672027587891,-3.1430140686035157,6.935377807617188
1748975480966,-4.924010467529297,-3.174598388671875,7.0786299133300785
1748975481033,-5.13252685546875,-3.2883618164062502,7.020251312255859
1748975481099,-4.512965240478516,-4.340673522949219,9.302405548095704
1748975481170,-6.537056121826172,-2.860551452636719,7.948770446777345
1748975481233,-7.313341827392579,-6.301745452880859,9.469907226562501
1748975481300,-5.726641387939454,-0.13861175537109377,5.4302577209472656
1748975481371,-5.050647125244141,-2.448907470703125,7.723638610839844
1748975481433,-6.032305755615234,-5.420527954101563,9.086105346679688
1748975481500,-6.049370269775391,-4.887037353515625,7.1033285522460945
1748975481569,-4.419110412597656,-3.9448965454101566,6.309978332519532
1748975481633,-3.872297515869141,-4.788841552734375,6.987619171142579
1748975481700,-4.077969818115235,-3.882476348876953,6.023324432373047
1748975481769,-3.8470001220703125,-4.52224594116211,7.612120513916016
1748975481833,-4.4792852783203125,-3.1183154296875,8.476123809814453
1748975481900,-4.693040771484375,-3.3666490173339847,7.956254882812501
1748975481967,-3.749103698730469,-2.0100201416015624,8.387208709716797
1748975482033,-7.548652496337891,-5.7208035278320315,9.810598754882813
1748975482100,-7.597151641845704,-3.2361204528808596,9.59923828125
1748975482166,-4.996310119628906,0.21644989013671875,5.815257110595703
1748975482233,-5.012326812744141,-4.496200103759766,8.700956268310547
1748975482300,-4.90260498046875,-4.868775329589844,8.191266174316407
1748975482370,-5.596412200927735,-3.7172200012207033,6.394552459716797
1748975482432,-4.5973896789550786,-3.349434814453125,7.1244346618652346
1748975482500,-4.596641235351563,-3.9040315246582034,7.5136253356933596
1748975482569,-4.664599914550782,-3.6790493774414066,6.998845825195313
1748975482633,-4.311334533691406,-3.703748016357422,7.087012481689453
1748975482700,-4.567152557373047,-3.7833824157714844,7.611222381591797
1748975482769,-5.607339477539063,-3.946393432617188,9.471703491210938
1748975482833,-8.245453491210938,-5.682932281494141,11.297606506347657
1748975482900,-6.08095458984375,0.07065307617187501,5.7227494812011726
1748975482966,-3.9833665466308594,-0.32647109985351563,5.833369445800781
1748975483033,-5.61632080078125,-3.739673309326172,10.293793945312501
1748975483100,-6.732549591064453,-2.30640380859375,7.303013305664063
1748975483168,-5.922583923339844,-2.404749298095703,6.933282165527344
1748975483233,-4.797074432373047,-3.38416259765625,6.624474334716798
1748975483300,-4.731660461425782,-3.4124537658691407,7.275171203613281
1748975483370,-4.247118072509766,-2.8500732421875004,8.07361083984375
1748975483433,-3.708388366699219,-3.0524523925781253,7.773934020996094
1748975483500,-3.8814285278320315,-3.8410125732421876,9.176517333984375
1748975483569,-4.882696380615235,-2.751578063964844,8.455167388916015
1748975483633,-6.793472900390626,-4.804708557128906,9.603579254150391
1748975483700,-6.544091491699219,-0.3608995056152344,6.389163665771485
1748975483769,-6.694828033447266,-2.585573272705078,7.264094238281251
1748975483833,-7.449708251953125,-3.7567378234863282,8.260721740722657
1748975483900,-6.345155181884766,-1.4814692687988282,6.146817626953125
1748975483966,-5.3422407531738285,-1.521885223388672,5.992338867187501
1748975484033,-5.228926391601563,-2.421514434814453,6.098917236328125
1748975484100,-5.7049365234375005,-2.8409422302246097,6.34006576538086
1748975484169,-6.87894515991211,-2.309547271728516,7.0028874206542975
1748975484233,-7.42979965209961,-2.4466621398925783,8.437055053710939
1748975484300,-6.239624633789063,-0.4070036315917969,8.19291275024414
1748975484368,-7.570357360839844,-2.568658447265625,9.635462951660157
1748975484432,-6.575825500488282,-0.959055633544922,5.905070343017578
1748975484500,-6.649472351074219,-2.2541624450683595,7.9555064392089845
1748975484568,-6.183641052246094,-3.1458581542968753,6.868616638183594
1748975484633,-6.081703033447266,-2.7464886474609376,6.254593505859376
1748975484700,-5.309009857177735,-3.224893798828125,6.71608383178711
1748975484769,-4.7187872314453125,-2.6423052978515624,6.357130279541016
1748975484833,-5.095404052734375,-2.8797116088867187,6.945556640625
1748975484900,-5.621859283447266,-1.8245558166503908,7.391179962158204
1748975484966,-6.9412156677246095,-1.8288967895507813,7.91359359741211
1748975485033,-8.363108825683595,-1.1882290649414062,7.410789184570313
1748975485099,-9.400002593994142,-1.575773162841797,7.260352020263673
1748975485169,-9.109905853271485,-0.664617919921875,7.504344635009766
1748975485233,-7.447762298583985,0.8855584716796876,5.868396606445312
1748975485300,-7.353458404541016,-0.741258544921875,5.889652404785156
1748975485370,-8.049510955810547,-3.1054421997070314,7.347620544433594
1748975485433,-8.180787963867187,-2.0713925170898437,6.67057846069336
1748975485500,-7.603139190673828,-1.5880476379394532,5.915249176025391
1748975485570,-7.613018646240235,-3.2383657836914064,6.0342517089843755
1748975485633,-6.901398468017579,-3.51349365234375,5.360802154541016
1748975485700,-5.892795867919922,-3.3284783935546876,4.972958679199219
1748975485770,-5.385051727294922,-3.304079132080078,5.622008972167969
1748975485833,-5.505401458740234,-2.6429040527343752,6.584956512451172
1748975485900,-6.854396209716797,-2.382595367431641,8.796158294677735
1748975485966,-8.568032684326173,-1.8053956604003907,10.027198333740236
1748975486033,-10.316846008300782,-1.975741424560547,6.650969238281251
1748975486100,-6.9588789367675785,1.2710069274902345,5.5612353515625
1748975486170,-8.515791320800782,-2.0680993652343753,8.589737548828126
1748975486233,-8.105943603515625,-1.525477752685547,5.622458038330079
1748975486300,-7.582182769775391,-1.9838246154785157,5.156926116943359
1748975486369,-6.8355354309082035,-3.2826736450195315,6.024821319580078
1748975486433,-6.21312973022461,-2.4192691040039063,6.209686889648438
1748975486500,-5.594615936279297,-2.5668621826171876,6.202950897216797
1748975486571,-5.2115625,-2.4707620239257815,6.706803131103516
1748975486633,-4.996160430908203,-1.8197657775878908,8.25368637084961
1748975486700,-8.135282592773438,-5.323080596923829,8.37867645263672
1748975486770,-7.976612548828125,-1.961371307373047,7.114255828857422
1748975486833,-8.164172515869142,-0.8629554748535156,6.361620941162109
1748975486900,-6.693929901123047,-2.602039031982422,5.968538360595703
1748975486966,-6.516399078369141,-2.7187962341308594,6.202801208496094
1748975487033,-7.064110107421875,-2.039508819580078,6.703360290527344
1748975487100,-7.541317749023438,-1.3335768127441407,6.117628326416016
1748975487166,-7.382048950195313,-1.3756393432617189,6.862928466796875
1748975487234,-6.2331880187988284,-1.0826985168457033,6.519392852783203
1748975487300,-6.048322448730469,-1.823657684326172,7.247478790283203
1748975487371,-6.275849304199219,-0.568817138671875,8.407117309570314
1748975487433,-7.037914581298828,-1.7009129333496094,8.153694305419922
1748975487500,-8.565937042236328,-3.5919305419921876,9.913584594726563
1748975487570,-6.17675537109375,-0.08038284301757813,5.933511199951172
1748975487633,-6.492299194335938,-2.1219873046875,8.534502410888672
1748975487700,-6.583459625244141,-3.242706756591797,7.628286895751954
1748975487771,-6.14322509765625,-2.568209381103516,5.359155578613281
1748975487833,-4.911137237548829,-3.0050010681152344,6.407126312255859
1748975487900,-4.471950531005859,-1.9007473754882813,6.544241180419922
1748975487966,-4.840633850097657,-2.346819763183594,7.513775024414063
1748975488033,-5.094356231689454,-2.3574476623535157,8.089777221679688
1748975488100,-6.122717742919922,-1.747166748046875,8.245303802490234
1748975488170,-7.236401824951172,-1.423689422607422,9.081165618896485
1748975488234,-7.440128173828126,-1.0159373474121094,9.006021881103516
1748975488300,-7.410340118408204,-1.354084167480469,8.459807739257814
1748975488370,-5.716163177490235,-0.4646337890625,7.079078979492188
1748975488433,-5.805527343750001,-1.7190252685546876,6.116281127929688
1748975488500,-7.597151641845704,-3.6338433837890625,8.2628173828125
1748975488570,-6.512058105468751,-0.9023236083984375,7.24777816772461
1748975488633,-7.01501220703125,-2.4504043579101564,6.460415496826172
1748975488700,-6.8743048095703125,-1.7812957763671875,6.487808532714844
1748975488769,-6.060596923828125,-2.4575894165039065,5.307962036132813
1748975488833,-5.331912231445313,-2.9353958129882813,6.5149021911621094
1748975488900,-4.552782440185547,-2.2469773864746094,7.034771118164063
1748975488966,-5.376220092773438,-1.091081085205078,8.727451171875
1748975489033,-7.323820037841797,-1.8326390075683594,10.183024291992188
1748975489100,-9.434580688476563,-2.9294082641601564,9.019194488525391
1748975489170,-5.347180480957031,2.0601658630371094,4.6702880859375
1748975489234,-6.348598022460938,-1.210682373046875,8.67760482788086
1748975489300,-6.774163055419923,-4.265230407714844,8.05534881591797
1748975489371,-3.871399383544922,-3.8119729614257816,7.865842895507813
1748975489433,-3.8805303955078125,-4.062102813720704,6.750212860107422
1748975489500,-4.877457275390626,-4.565805358886719,4.873715057373047
1748975489568,-4.9758027648925784,-4.034709777832031,6.2490550231933595
1748975489633,-3.5845957946777345,-3.1554382324218753,8.25458450317383
1748975489700,-3.9663020324707032,-1.4115646362304688,9.498797149658204
1748975489770,-4.214785308837891,0.13861175537109377,9.865235137939454
1748975489834,-5.053790588378907,-4.829107818603516,12.57669662475586
1748975489900,-6.308331756591797,-1.4597644042968752,6.835236053466797
1748975489966,-5.016069030761719,-2.1240829467773437,5.731581115722657
1748975490033,-6.86218002319336,-5.237608337402344,6.981032867431641
1748975490100,-6.883286132812501,-3.7979022216796876,6.175557861328126
1748975490171,-5.188510437011719,-2.2107527160644533,6.390959930419922
1748975490233,-4.260440368652344,-2.514920196533203,7.5312886047363286
1748975490300,-4.430187377929688,-2.362686767578125,7.609875183105469
1748975490369,-5.334007873535157,-2.880909118652344,7.8147990417480475
1748975490433,-5.857768707275391,-1.9555334472656252,7.52754638671875
1748975490500,-6.058650970458984,-1.3979429626464845,7.452103271484376
1748975490569,-7.299869842529297,-2.8394453430175783,9.09194320678711
1748975490633,-8.046666870117187,-3.224594421386719,9.254505157470703
1748975490700,-4.755460968017578,1.5691868591308595,5.272785186767578
1748975490770,-4.8859895324707034,-2.3092478942871093,8.82175506591797
1748975490833,-5.8827667236328125,-4.377347259521485,9.220974884033204
1748975490899,-5.609435119628906,-2.7431954956054687,7.268435211181641
1748975490966,-3.8764888000488282,-3.492686920166016,7.728728027343751
1748975491033,-3.1138247680664066,-3.379222869873047,7.203769683837891
1748975491100,-3.197051696777344,-3.3621583557128907,7.320227508544923
1748975491170,-4.045337677001953,-3.5049613952636722,8.043673095703125
1748975491234,-5.231022033691406,-3.1986982727050783,8.99329833984375
1748975491300,-7.213649139404297,-4.10745849609375,10.322384490966797
1748975491370,-7.722740478515625,-2.6659561157226563,8.672216033935547
1748975491433,-5.524860992431641,0.22348526000976562,5.451214141845703
1748975491500,-5.907914428710938,-3.117417297363281,6.6066613769531255
1748975491569,-6.898255004882813,-2.484683074951172,7.218139801025391
1748975491634,-7.133865051269532,-0.5917195129394531,6.312073974609375
1748975491700,-7.070247344970704,-1.3548326110839843,6.388714599609376
1748975491770,-6.840026092529297,-2.0904029846191405,6.418352966308594
1748975491834,-6.704707489013672,-2.7431954956054687,7.0344717407226565
1748975491900,-6.350543975830078,-2.166295166015625,6.795718231201172
1748975491967,-6.552174682617188,-2.655627593994141,6.973548431396485
1748975492034,-6.026617584228516,-3.5127452087402347,8.058641967773438
1748975492100,-7.012766876220703,-4.365072784423829,10.478958892822266
1748975492166,-4.847669219970704,-0.945883026123047,7.6826239013671875
1748975492234,-4.248016204833984,-1.178349609375,8.299341430664063
1748975492300,-5.870342559814453,-4.043391723632813,8.760682067871095
1748975492371,-5.318739624023438,-3.4853521728515626,6.581663360595703
1748975492433,-4.718487854003906,-4.216581573486328,7.697892150878906
1748975492500,-4.296365661621094,-4.065845031738282,5.018464050292969
1748975492570,-2.3803500366210937,-2.2945783996582034,8.638985137939454
1748975492634,0.06062393188476563,-3.3021331787109376,7.6703494262695315
1748975492700,-1.3959970092773437,-5.1780322265625,9.64324676513672
1748975492770,-3.5384916687011723,-2.2740710449218753,10.626551971435548
1748975492833,-4.9916697692871095,-4.258943481445312,11.827953643798828
1748975492900,-5.6522460937500005,-2.472558288574219,8.879085845947266
1748975492966,-4.418212280273438,-2.1501287841796874,6.882986755371094
1748975493034,-5.9321640014648445,-4.746030578613282,7.520061950683594
1748975493100,-5.684728546142578,-4.451293487548829,6.597081298828125
1748975493170,-5.0358279418945315,-2.7172993469238285,6.022426300048829
1748975493234,-4.9072453308105475,-3.153791656494141,6.957681427001954
1748975493300,-5.026547241210937,-3.217559051513672,7.443271636962891
1748975493370,-5.3123030090332035,-3.4575100708007813,8.126001892089844
1748975493433,-4.744683380126953,-3.059487762451172,8.673563232421875
1748975493500,-4.604874114990235,-2.6575735473632816,8.23018524169922
1748975493571,-4.988376617431641,-3.6115397644042972,8.952133941650391
1748975493634,-6.017486572265625,-4.884941711425782,9.793983306884765
1748975493700,-4.773872680664063,-2.354154510498047,6.24666000366211
1748975493769,-3.9161563110351563,-2.8957283020019533,7.486531677246094
1748975493834,-5.001100158691407,-5.0551377868652345,8.470136260986328
1748975493900,-5.012326812744141,-4.681215362548828,6.519093475341797
1748975493966,-3.022215270996094,-3.2395632934570315,8.727301483154298
1748975494034,-1.8413209533691408,-2.0261865234375,10.078541564941407
1748975494100,-3.335962829589844,-4.774770812988281,9.247320098876953
1748975494170,-4.5795767211914065,-1.9005976867675782,8.0089453125
1748975494234,-5.024301910400391,-1.4090199279785156,7.6209521484375005
1748975494300,-5.638624420166016,-2.3441253662109376,7.70283187866211
1748975494369,-6.165079650878907,-4.673581237792969,10.801538085937501
1748975494433,-7.588020629882813,-5.402864685058594,11.557615814208985
1748975494500,-4.662953338623047,-3.084186401367188,6.325845336914063
1748975494569,-2.442919921875,-0.6626719665527344,4.1746687316894535
1748975494634,-0.7777825927734375,-0.9589059448242188,4.43363021850586
1748975494700,-2.456092529296875,-5.262007598876953,12.03392532348633
1748975494769,-4.261637878417969,-5.900729370117188,11.311078491210939
1748975494834,-2.84767822265625,-4.714595947265625,8.909173278808595
1748975494900,-2.0652552795410157,-3.8047879028320315,8.10474609375
1748975494966,-3.7937109375,-4.948260040283204,6.911876678466797
1748975495034,-4.28947998046875,-5.486390991210937,6.659052429199219
1748975495100,-2.9356951904296875,-7.059769134521485,7.219786376953126
1748975495169,-3.2108230590820312,-6.469546508789063,7.0434530639648445
1748975495234,-2.9400361633300784,-6.9407666015625,7.24493408203125
1748975495300,-3.1855256652832034,-6.286776580810547,7.063810729980469
1748975495370,-3.043920135498047,-6.5078668212890625,7.169191589355469
1748975495433,-1.8953585815429688,-6.047574005126953,7.298971710205079
1748975495500,-3.150797882080078,-7.125781860351563,11.818223876953125
1748975495570,-5.216202850341797,-2.503843231201172,4.490511932373047
1748975495634,-0.5508544921875,-7.536228332519531,11.74562484741211
1748975495700,-4.054169311523438,-2.7536737060546876,4.930746459960938
1748975495771,-1.7486636352539064,-4.624932403564453,7.3322026062011725
1748975495834,-2.968626708984375,-4.239933013916016,7.435637512207031
1748975495900,-3.6214192199707034,-6.293811950683594,7.5910144042968755
1748975495966,-4.398603057861329,-5.834566955566406,8.038733367919923
1748975496034,-4.116739196777344,-5.749244384765626,6.7244664001464844
1748975496100,-3.848646697998047,-6.169720001220703,6.868616638183594
1748975496171,-3.8848713684082035,-7.304959259033203,8.49842742919922
1748975496234,-3.4010774230957033,-6.275250549316406,6.268664245605469
1748975496300,-3.476221160888672,-6.050418090820313,5.260810089111328
1748975496371,-3.9184016418457035,-7.183561706542969,6.843917999267578
1748975496433,-4.213438110351563,-7.344926147460938,4.7309120178222654
1748975496500,-3.5584002685546876,-6.61264892578125,6.355483703613282
1748975496571,-3.7580850219726565,-6.0623931884765625,6.4006896972656255
1748975496634,-3.6732115173339848,-6.3813798522949226,6.916067962646485
1748975496700,-3.387605438232422,-4.642895050048828,6.294261016845703
1748975496770,-4.260440368652344,-4.858746185302735,6.1855870056152344
1748975496834,-4.690795440673829,-5.425617370605469,6.14606918334961
1748975496900,-4.8403344726562505,-6.2896206665039065,6.688092041015626
1748975496967,-5.3878958129882815,-7.071145477294922,7.803572387695313
1748975497034,-5.081333312988281,-7.373217315673829,6.447691955566406
1748975497100,-7.406897277832032,-7.069498901367188,4.17736312866211
1748975497166,-7.552245025634766,-7.289691009521484,8.370593261718751
1748975497234,-7.407196655273438,-5.284760284423829,6.199208679199219
1748975497300,-9.154363403320312,-6.603368225097657,6.1840901184082036
1748975497370,-8.058941345214844,-6.042783966064453,6.549330596923828
1748975497433,-4.221521301269531,-3.379073181152344,6.0959234619140625
1748975497500,-3.515738983154297,-2.3508613586425784,4.135899353027344
1748975497570,-2.887944488525391,-1.6127462768554688,3.065475311279297
1748975497634,-3.1618748474121094,-1.4075230407714845,4.576582946777344
1748975497700,-5.059628448486328,0.10942245483398438,7.432943115234376
1748975497769,-7.000342712402344,2.9126431274414064,12.964839477539064
1748975497834,-2.1559666442871093,4.149521026611328,12.889695739746095
1748975497900,-3.9448965454101566,0.9825567626953126,11.271860046386719
1748975497966,-3.530109100341797,2.48842529296875,11.665840759277344
1748975498034,-0.6506968688964844,-0.8065228271484376,10.897937622070312
1748975498100,-2.3549029541015627,-0.11002120971679688,11.04343505859375
1748975498169,-2.3203248596191406,-1.9851718139648438,9.35060531616211
1748975498234,-4.453089752197266,-2.624492340087891,8.507408752441407
1748975498300,-5.07549545288086,-4.80006820678711,8.58809097290039
1748975498370,-5.415887603759766,-5.039719848632813,8.196355590820312
1748975498433,-5.809568939208985,-4.138743438720703,8.644673309326173
1748975498500,-6.320755920410156,-4.662055206298828,11.124716033935547
1748975498569,-5.454507293701172,-2.5330325317382814,7.534881134033204
1748975498634,-5.084476776123047,-3.12071044921875,8.838669891357423
1748975498700,-4.015250244140625,-2.8669880676269535,7.329957275390625
1748975498769,-3.455863494873047,-3.2431558227539066,5.882317657470703
1748975498834,-3.4323623657226565,-3.185076599121094,5.925428009033204
1748975498900,-3.4058674621582035,-2.6229954528808594,6.904392242431641
1748975498966,-4.68750228881836,-2.5295896911621094,8.607101440429688
1748975499034,-6.127956848144532,-2.8434869384765626,9.93020004272461
1748975499100,-7.579488372802735,-2.341131591796875,10.870694274902345
1748975499171,-8.642877044677736,-2.9225225830078125,11.311377868652345
1748975499234,-5.8019348144531255,-0.4727169799804688,6.994205474853516
1748975499300,-4.670886840820312,-1.314716033935547,6.048921203613282
1748975499369,-5.935157775878906,-4.312981109619141,8.197104034423829
1748975499433,-6.21073471069336,-3.220103759765625,6.971602478027344
1748975499500,-5.760770416259766,-1.9540365600585938,5.765710144042969
1748975499570,-5.783373413085938,-2.584974517822266,6.606361999511719
1748975499634,-6.688092041015626,-3.4160462951660158,8.107889556884766
1748975499700,-6.834188232421876,-2.295775909423828,7.0171078491210945
1748975499768,-6.091582489013672,-1.9152671813964846,6.334078216552735
1748975499834,-5.580245819091797,-2.2438339233398437,7.150630187988281
1748975499900,-5.518723754882813,-2.0493882751464847,8.524173889160156
1748975499966,-5.841153259277344,-1.0485694885253907,8.739875335693359
1748975500034,-7.394024047851563,-2.6964926147460937,8.163424072265625
1748975500100,-5.70254150390625,-0.142503662109375,5.6925123596191405
1748975500170,-6.150709533691407,-0.17274078369140625,8.857380981445313
1748975500234,-7.339986419677735,-1.7401313781738281,8.631351013183593
1748975500300,-6.894662475585938,-2.0124151611328127,6.360423431396485
1748975500370,-4.920118560791016,-2.5574317932128907,6.665638732910157
1748975500434,-3.65719482421875,-2.934946746826172,7.802524566650391
1748975500501,-5.304369506835938,-1.57831787109375,7.370522918701172
1748975500570,-5.405110015869141,-0.9334588623046876,7.815846862792969
1748975500634,-6.1064016723632815,-1.1635304260253907,7.456893310546875
1748975500700,-5.972130889892578,-1.2970527648925783,7.403304748535157
1748975500770,-6.5713348388671875,-1.3250445556640627,8.18902084350586
1748975500834,-7.51796630859375,-1.2732522583007813,9.293124847412109
1748975500900,-7.244335327148438,0.10987152099609375,9.083560638427734
1748975500967,-6.039341125488281,0.25626708984375,6.695726165771485
1748975501034,-7.229516143798828,-3.0118867492675783,6.7544041442871094
1748975501100,-6.795418853759766,-3.7577856445312503,7.38429428100586
1748975501171,-5.832471313476563,-0.9047186279296875,6.658753051757813
1748975501234,-5.920039215087891,-1.7652790832519532,6.3581781005859375
1748975501301,-6.403084716796875,-2.4670198059082034,6.179749145507813
1748975501370,-6.080804901123047,-2.014061737060547,6.249953155517578
1748975501433,-6.0588006591796875,-2.373015289306641,6.798861694335938
1748975501500,-7.044500885009766,-1.9068846130371095,8.223149871826172
1748975501572,-7.337142333984375,0.8451425170898438,10.049352264404297
1748975501634,-6.151008911132813,0.48693740844726563,8.71353012084961
1748975501700,-7.384743347167969,-0.7674540710449219,9.032367095947267
1748975501770,-7.9046122741699225,-1.1684701538085938,10.062674560546876
1748975501834,-6.049669647216797,2.190245361328125,10.336006164550781
1748975501900,-6.128405914306641,-3.726500701904297,9.49340835571289
1748975501967,-2.721939697265625,-4.971461791992188,8.673563232421875
1748975502034,-1.2006532287597658,-3.220103759765625,6.086343383789063
1748975502100,-0.028291168212890627,-1.9621197509765627,6.882537689208985
1748975502167,-0.23920257568359377,1.4160552978515626,8.503067779541016
1748975502234,-3.8538858032226564,0.11526031494140626,8.6747607421875
1748975502300,-3.650907897949219,1.9600241088867187,10.37851776123047
1748975502369,-2.4279510498046877,1.0918295288085937,11.592642974853517
1748975502433,-2.22976318359375,-1.768721923828125,13.250595245361328
1748975502500,8.041278076171876,1.8977536010742189,8.046068115234375
1748975502570,4.658612365722656,0.3882925415039063,7.295079803466797
1748975502634,2.9201275634765627,3.5714231872558595,4.962031402587891
1748975502700,1.4111155700683595,-0.6532415771484376,3.715872802734375
1748975502769,1.155596923828125,-0.5044509887695313,5.278024291992188
1748975502834,2.472707977294922,-0.6843768310546875,7.3621403503417975
1748975502900,2.774480438232422,-2.1459375,10.874286804199219
1748975502966,2.4110362243652346,-0.7280859375000001,14.066099395751953
1748975503034,5.475613403320313,-2.848276977539063,16.958833923339846
1748975503100,3.542084197998047,2.926564178466797,10.053094482421875
1748975503171,3.9426512145996098,-1.7128880310058594,6.356980590820313
1748975503234,3.9749839782714846,-2.604284362792969,9.956395568847658
1748975503300,5.021906890869141,1.5811619567871094,8.46160400390625
1748975503369,5.231920166015625,0.1627116394042969,9.452693023681642
1748975503433,4.334536285400391,-0.9107061767578125,8.095764770507813
1748975503500,4.224664764404297,-2.023641815185547,9.488917694091798
1748975503569,3.612437896728516,-1.3177098083496095,9.001082153320313
1748975503634,2.658621368408203,-0.3266207885742188,8.625513153076172
1748975503700,2.339784393310547,-1.2407698059082033,9.679471435546876
1748975503769,2.1439915466308594,-1.2174183654785158,9.305249633789064
1748975503834,1.6660354614257813,-0.7716453552246094,9.458680572509767
1748975503900,2.71834716796875,-2.489173736572266,11.64787811279297
1748975503966,2.359992370605469,0.8349636840820313,8.48794921875
1748975504034,3.4819093322753907,-1.485959930419922,9.004225616455079
1748975504100,3.4871484375,-1.7509089660644532,9.585616607666017
1748975504169,3.2433055114746097,-0.9854008483886719,8.174950103759766
1748975504234,3.029550018310547,-1.6233741760253908,8.143814849853516
1748975504301,2.6005421447753907,-1.144669647216797,8.22973617553711
1748975504370,2.505040740966797,-0.8592132568359375,8.493338012695313
1748975504433,2.299069061279297,-0.6533912658691406,9.33952835083008
1748975504500,2.7559190368652344,-0.5813909912109375,10.08393035888672
1748975504570,3.213667144775391,-0.16615447998046876,10.007140045166016
1748975504634,3.5302587890625,-0.4763095092773438,10.099947052001953
1748975504700,4.688550109863281,-1.6745677185058594,12.118649139404297
1748975504769,4.2239163208007815,1.0114466857910156,8.956025848388672
1748975504834,5.1009425354003906,-2.367327117919922,9.696086883544922
1748975504900,4.4810815429687505,-2.572101287841797,9.299711151123047
1748975504966,3.919299774169922,-1.9600241088867187,7.7918966674804695
1748975505034,3.396886138916016,-2.136507110595703,7.012018432617188
1748975505101,3.610491943359375,-0.8662486267089844,6.8355354309082035
1748975505168,4.063749389648438,-0.07708969116210938,7.954458618164063
1748975505234,3.596421203613281,1.3480966186523438,8.771609344482423
1748975505301,3.3675471496582032,1.4566209411621094,9.350455627441407
1748975505370,3.732338562011719,-0.3561094665527344,10.820398864746094
1748975505433,3.9975869750976565,-1.3401631164550782,13.635145568847657
1748975505501,2.4471112060546876,2.9306057739257816,8.25368637084961
1748975505569,1.0087522888183593,1.4653028869628908,7.538024597167969
1748975505634,1.973346405029297,-0.7345225524902345,10.392738189697265
1748975505701,1.8767971801757815,-1.555565185546875,8.26850555419922
1748975505769,2.0411553955078126,-2.078876953125,9.158854064941407
1748975505834,1.0521620178222657,-2.379152526855469,6.735842742919922
1748975505901,0.1772314453125,-1.3539344787597658,6.69692367553711
1748975505966,1.3233979797363282,-2.2300625610351563,10.578801269531251
1748975506034,2.0378622436523437,-0.19654129028320313,10.672955474853516
1748975506101,2.9559031677246095,-0.8174501037597657,10.853779449462891
1748975506170,3.6842884826660156,-0.26270370483398436,13.565390625000001
1748975506234,3.060685272216797,2.835703125,9.74009536743164
1748975506301,2.58422607421875,0.749491424560547,7.336244201660157
1748975506370,3.331322479248047,-1.0954220581054688,9.847422180175782
1748975506433,4.1338037109375,0.5813909912109375,10.033784637451172
1748975506501,4.046834564208985,-0.7932005310058594,10.095306701660157
1748975506571,3.400778045654297,-1.1582913208007812,9.44490921020508
1748975506634,3.211272125244141,-1.0330018615722656,8.352480926513673
1748975506701,2.6623635864257813,-2.416275329589844,8.08214309692383
1748975506771,2.561772766113281,-1.212778015136719,7.296726379394531
1748975506834,2.6575735473632816,-0.8352630615234375,7.950866088867188
1748975506901,2.5691075134277344,-1.599873046875,10.325527954101563
1748975506966,3.3382081604003906,-0.5307962036132813,11.358529815673828
1748975507034,3.3534764099121097,1.2805870056152344,7.928712158203125
1748975507100,4.746779022216797,-1.3464500427246096,11.157797241210938
1748975507167,4.425247650146485,-1.1993060302734375,8.478219451904298
1748975507234,3.9939944458007814,-1.5349081420898438,7.572902069091797
1748975507301,3.758833465576172,-2.3712190246582034,6.729406127929688
1748975507369,3.835324401855469,-1.8974542236328127,7.269782409667969
1748975507433,4.171974334716797,-1.4579681396484376,6.6824038696289065
1748975507501,4.712051239013672,-1.1060499572753906,8.17225570678711
1748975507571,4.847070465087891,-1.129401397705078,9.275461578369141
1748975507634,4.576582946777344,-0.5878276062011719,10.056088256835938
1748975507701,6.5309188842773445,-2.210453338623047,10.641371154785157
1748975507770,6.237978057861328,0.3945794677734375,8.28766571044922
1748975507834,6.396797790527344,-2.775378570556641,8.528365173339845
1748975507901,5.366340637207031,-1.6588504028320312,7.289990386962891
1748975507966,4.772824859619141,-1.4483880615234375,7.0221972656250005
1748975508034,5.23790771484375,-2.4263044738769532,7.157515869140625
1748975508101,5.246589660644531,0.0796343994140625,6.965614929199219
1748975508170,5.0498986816406255,-0.12349319458007812,8.087681579589844
1748975508234,5.143454132080079,-0.5791456604003906,8.341104583740234
1748975508301,4.546495513916016,-1.0066566467285156,8.210875396728516
1748975508368,4.7892906188964846,-1.3349240112304688,9.018296356201173
1748975508433,5.529351654052735,-3.1663655090332035,10.193502502441406
1748975508501,4.143533477783203,-1.7348922729492189,8.021968231201173
1748975508569,4.307292938232422,-2.1559666442871093,8.304580535888672
1748975508633,4.376748504638672,-2.2230271911621093,9.19403091430664
1748975508700,4.042194213867187,-2.1279748535156253,7.820786590576172
1748975508771,3.851939849853516,-2.252066802978516,7.310647430419922
1748975508833,3.7711079406738284,-1.581910400390625,7.8939843750000005
1748975508900,3.6979101562500003,-1.3921051025390625,8.779692535400391
1748975508966,3.283122711181641,-1.6898359680175783,8.659342803955079
1748975509033,4.101770324707031,-2.1550685119628907,9.124425659179687
1748975509100,4.778812408447266,-2.71834716796875,9.660311279296875
1748975509171,4.888833618164063,-2.3894810485839844,9.833052062988282
1748975509233,5.1150132751464845,-2.159858551025391,8.28152847290039
1748975509300,5.955964508056641,-2.825973358154297,8.832382965087891
1748975509370,5.6293437194824225,-0.967438201904297,7.985893249511719
1748975509433,4.855902099609375,-1.0928773498535156,7.088958435058594
1748975509500,5.019362182617188,-2.3813978576660157,7.100035400390626
1748975509571,4.713099060058594,-2.1246817016601565,7.411088562011719
1748975509633,3.789669342041016,-1.9727476501464845,7.960745544433594
1748975509700,4.115242309570313,-2.7620562744140624,8.760233001708984
1748975509769,3.776496734619141,-2.233056335449219,9.133257293701172
1748975509833,4.215384063720704,-2.056872711181641,9.931247863769531
1748975509900,4.712500305175782,-1.9318826293945313,9.6183984375
1748975509966,4.667444000244141,-0.525706787109375,8.823551330566406
1748975510033,5.170098724365235,-1.4546749877929688,10.427465972900391
1748975510100,5.144352264404297,-1.883383483886719,9.476044464111329
1748975510171,3.084635467529297,-0.13980926513671876,7.240443420410156
1748975510233,3.912414093017578,-1.9249969482421876,7.408843231201172
1748975510300,3.3090188598632815,-1.4382092285156252,6.982679443359375
1748975510370,2.9071046447753908,-2.5249493408203127,6.9340306091308594
1748975510433,3.297043762207031,-2.455643463134766,7.678282928466797
1748975510500,3.6254608154296877,-2.3581961059570316,8.503067779541016
1748975510571,3.902384948730469,-2.089355163574219,10.035730590820313
1748975510633,5.607040100097657,-1.6531622314453125,12.138108673095704
1748975510700,5.910309448242188,0.7785310363769532,10.214309234619142
1748975510769,6.6771647644042975,-2.714455261230469,9.557026062011719
1748975510833,6.428082733154297,-1.0496173095703125,7.577841796875
1748975510900,5.2188972473144535,-1.6561560058593752,6.8005082702636726
1748975510966,5.351371765136719,-2.254910888671875,6.706354064941406
1748975511033,4.77087890625,-2.534679107666016,6.430477752685547
1748975511100,5.399122467041016,-0.6053411865234375,7.030280456542969
1748975511171,4.273014221191406,-0.7445516967773438,7.284451904296875
1748975511233,3.5206787109375,-0.6051914978027344,8.481811981201172
1748975511300,5.605842590332031,-2.138902130126953,10.399923248291016
1748975511371,3.7735029602050782,-0.20193008422851563,10.867101745605469
1748975511433,3.2787817382812503,-0.28455825805664064,11.016491088867188
1748975511500,3.7452117919921877,-0.6035449218750001,11.49220184326172
1748975511569,2.6444009399414066,-0.4122427368164063,7.827971649169922
1748975511633,2.3843916320800784,-2.9066555786132815,6.562203826904297
1748975511700,2.957998809814453,-3.1879206848144532,6.57717269897461
1748975511771,1.8851797485351562,-4.281546478271484,6.811734924316407
1748975511833,1.9252963256835938,-2.2254222106933597,9.37500457763672
1748975511900,3.52307373046875,-0.6979985046386719,11.301648101806641
1748975511968,4.045786743164062,-0.9490264892578125,10.825338592529297
1748975512033,5.273084564208984,-0.09385482788085937,11.219768371582031
1748975512100,5.575455780029297,2.8674371337890627,9.474397888183594
1748975512166,5.680537261962891,1.961221618652344,8.810378723144531
1748975512233,6.117478637695313,0.56282958984375,8.500972137451173
1748975512300,5.830076293945313,1.3668077087402344,7.8700341796875
1748975512370,5.418432312011719,0.33545242309570317,7.511978759765626
1748975512433,5.037773895263672,-0.5725593566894531,7.963140563964844
1748975512500,5.054688720703125,-0.12558883666992188,8.055199127197266
1748975512570,4.437372436523438,-0.24893234252929688,8.938063201904297
1748975512633,3.8540354919433595,-0.950673065185547,9.155860290527345
1748975512700,2.9630882263183596,-1.1665242004394532,9.01724853515625
1748975512770,3.0469139099121096,-0.8637039184570313,9.680668945312501
1748975512833,2.5128245544433594,1.392703857421875,11.501632232666017
1748975512900,2.2915846252441407,2.398612060546875,10.519225158691407
1748975512966,3.267854461669922,2.0722906494140627,11.071127471923829
1748975513034,3.4820590209960938,1.9739451599121094,9.554930419921876
1748975513100,3.087479553222656,1.6875906372070313,8.506360931396484
1748975513170,2.331551513671875,1.8229092407226564,8.282276916503907
1748975513233,2.7328669738769533,2.6467959594726564,9.54505096435547
1748975513300,-0.5858816528320313,3.806883544921875,7.625143432617188
1748975513369,1.6598982238769533,4.648882598876954,10.096504211425781
1748975513433,3.8884638977050785,4.8455735778808595,11.004216613769533
1748975513500,3.9029837036132813,4.267475738525391,11.361373901367188
1748975513570,1.8055453491210938,2.322719879150391,11.586505737304687
1748975513634,2.2975721740722657,3.759731597900391,10.839559020996095
1748975513701,0.6054908752441407,0.7274871826171876,12.122391357421876
1748975513770,0.741258544921875,1.5747253417968752,6.461313629150391
1748975513834,-1.2522958374023438,1.5229330444335938,5.307512969970704
1748975513901,-1.1142828369140625,3.0936167907714847,6.706653442382813
1748975513966,0.09265731811523438,5.130580902099609,4.469405822753907
1748975514034,-0.21405487060546877,4.737947387695312,5.9725799560546875
1748975514101,0.03143463134765625,6.479276275634766,6.579867095947266
1748975514170,-0.33260833740234375,6.8162255859375005,7.727231140136719
1748975514234,-0.7475454711914062,7.359146575927735,7.71001693725586
1748975514301,-0.41912841796875,6.897656250000001,6.7421296691894534
1748975514370,-0.7960446166992188,5.87064193725586,8.032596130371093
1748975514433,-0.866847381591797,6.601871337890626,6.209088134765626
1748975514501,-0.1730401611328125,5.655539245605469,6.604565734863281
1748975514572,0.9285191345214844,5.570066986083985,3.340453491210938
1748975514634,0.08277786254882813,3.144211578369141,1.319356384277344
1748975514701,0.03906875610351563,3.1187644958496095,5.730982360839844
1748975514769,-0.1478924560546875,5.0022976684570315,12.21175552368164
1748975514834,-1.3715977478027344,4.269272003173828,9.98244140625
1748975514901,-1.3698014831542968,4.9108378601074225,9.30120803833008
1748975514966,-4.252357177734376,4.7241760253906255,11.188034362792969
1748975515034,-4.850213928222656,3.458108825683594,10.059980163574219
1748975515101,-4.8612908935546875,2.4141796875000003,5.777385864257813
1748975515170,-5.445825347900391,3.9080731201171877,7.906707916259766
1748975515234,-5.21440658569336,2.3429278564453124,7.9219761657714844
1748975515301,-5.790558471679688,2.435884552001953,6.354585571289062
1748975515370,-5.628744964599609,2.224823455810547,5.850883026123047
1748975515433,-4.918322296142579,1.8435662841796876,7.738607482910156
1748975515501,-5.8071739196777346,2.5204586791992187,8.616082763671875
1748975515571,-5.144202575683594,0.6234535217285156,7.607180786132813
1748975515634,-5.257217559814453,-1.0407856750488282,8.228987731933595
1748975515701,-5.242847442626953,-1.6640895080566407,9.958341522216797
1748975515771,-6.252497863769531,-4.379592590332032,10.894794158935547
1748975515834,-5.178630981445313,-2.75187744140625,9.07996810913086
1748975515901,-3.5139427185058594,-1.975741424560547,6.332731018066407
1748975515966,-4.044140167236328,-5.417085113525391,6.94361068725586
1748975516034,-4.681065673828125,-4.051474914550782,8.347840576171876
1748975516101,-6.190526733398438,-4.640050964355469,9.682315521240234
1748975516170,-6.5062202453613285,-3.866309967041016,8.670569458007813
1748975516234,-5.941444702148438,-4.356091461181641,8.532706146240235
1748975516301,-5.6697596740722656,-5.713019714355469,8.00610122680664
1748975516371,-5.529501342773438,-2.9761111450195314,6.7422793579101565
1748975516434,-5.591322784423828,-5.667214965820313,8.220904541015626
1748975516501,-4.756059722900391,-5.38400390625,6.576424255371094
1748975516569,-3.507506103515625,-4.833748168945313,6.063141632080079
1748975516634,-3.0127848815917972,-4.396956481933594,5.643564147949219
1748975516701,-3.186573486328125,-4.351002044677735,6.957681427001954
1748975516771,-4.117337951660156,-4.146826629638672,7.0416567993164065
1748975516834,-5.553750915527344,-4.421804809570313,7.706274719238282
1748975516901,-6.894662475585938,-4.926854553222657,8.329428863525392
1748975516969,-6.994654541015626,-4.650529174804688,8.002359008789062
1748975517034,-7.323670349121094,-4.86907470703125,8.423882446289063
1748975517101,-6.433621215820313,-2.0100201416015624,6.338269500732422
1748975517167,-5.622008972167969,-2.664758605957031,6.7874853515625
1748975517234,-6.737189941406251,-5.658832397460937,7.7459422302246095
1748975517301,-6.911427612304688,-4.516857147216797,6.081253967285156
1748975517371,-6.043532409667969,-4.777465209960938,5.28146713256836
1748975517433,-5.140011291503907,-4.798721008300782,5.006488952636719
1748975517501,-4.471800842285156,-4.230203247070313,5.301525421142578
1748975517569,-5.124593353271485,-3.2950978088378906,6.829398193359375
1748975517634,-6.554270324707032,-2.7592121887207033,7.583230590820313
1748975517701,-8.932075653076172,-5.974974975585938,8.772507476806641
1748975517770,-9.169931030273437,-3.865262145996094,6.802454223632813
1748975517834,-5.345384216308594,-2.395318908691406,4.91218505859375
1748975517901,-4.818928985595703,-4.48587158203125,4.679718475341797
1748975517967,-5.455255737304688,-4.995561676025391,5.680986328125
1748975518034,-6.656807098388672,-5.228177947998047,5.848488006591797
1748975518101,-6.915469207763672,-6.706952819824219,6.469845886230469
1748975518170,-4.482428741455078,-4.7135481262207035,6.186485137939454
1748975518234,-5.063220977783203,-2.8096572875976564,5.647605743408203
1748975518301,-6.343209228515625,-4.336482238769531,6.250252532958985
1748975518370,-8.860075378417969,-4.841382293701172,6.691983947753907
1748975518433,-10.32343231201172,-4.279750213623047,8.268655242919923
1748975518501,-10.29139892578125,-3.543431396484375,6.745273132324219
1748975518571,-7.561376037597657,-0.14340179443359377,4.434528350830078
1748975518634,-7.361242218017579,-3.5453773498535157,6.632856903076172
1748975518701,-7.328460388183594,-3.8324803161621097,5.985453186035157
1748975518771,-7.170538787841798,-1.4931449890136719,4.834496612548828
1748975518834,-7.248526611328125,-3.157833251953125,5.403613128662109
1748975518901,-7.157515869140625,-4.134552154541016,5.062771911621094
1748975518966,-6.693780212402344,-3.8477485656738284,5.193599853515625
1748975519034,-6.440656585693359,-4.260140991210938,5.422773284912109
1748975519101,-7.345375213623047,-5.146148529052734,6.578070831298828
1748975519172,-8.793314208984375,-6.478527832031251,9.191336517333985
1748975519234,-6.270011444091797,-0.32826736450195315,5.409750366210938
1748975519301,-5.427713012695313,-2.2008732604980468,7.713160400390626
1748975519374,-7.791297912597656,-5.972879333496094,6.7969157409667975
1748975519434,-6.955735473632813,-3.912414093017578,4.220623168945313
1748975519501,-5.570665740966797,-4.326752471923828,5.522166595458985
1748975519570,-4.793781280517578,-3.6971617126464844,5.856870574951172
1748975519634,-4.766986999511719,-3.4863999938964847,5.6953564453125
1748975519701,-4.89781494140625,-3.576961669921875,6.2930635070800784
1748975519771,-5.910010070800782,-3.4393977355957035,6.832391967773438
1748975519834,-7.631280670166016,-4.859794006347657,8.145461425781251
1748975519901,-8.720864868164062,-3.757336578369141,8.280780029296876
1748975519967,-8.975335693359375,-1.9594253540039064,7.601941680908204
1748975520034,-7.743247833251954,-1.9040405273437502,6.543941802978516
1748975520101,-7.509883117675781,-3.3295262145996096,5.78442123413086
1748975520171,-7.8427908325195315,-4.916825408935547,6.259383544921875
1748975520234,-7.746690673828126,-3.380570068359375,5.840105438232422
1748975520301,-7.542664947509766,-3.089425506591797,5.344336395263672
1748975520370,-7.740553436279297,-4.255650329589844,4.723277893066406
1748975520433,-5.831573181152344,-5.883215789794922,5.564827880859375
1748975520501,-4.436773681640625,-3.7086877441406254,6.8928662109375
1748975520571,-3.0502070617675785,-3.5685791015625004,7.193740539550782
1748975520634,-3.7749998474121096,-5.308111724853516,8.387059020996094
1748975520701,-4.899162139892578,-5.166805572509766,9.592801666259765
1748975520771,-6.020779724121094,-5.18566635131836,8.825197906494141
1748975520834,-5.0498986816406255,-1.7521064758300782,6.605164489746094
1748975520901,-6.376739501953125,-5.028493194580078,8.727451171875
1748975520967,-6.684649200439454,-2.070494384765625,7.16395248413086
1748975521034,-5.003644866943359,-2.520608367919922,9.380243682861328
1748975521101,-3.4082624816894533,-1.417552185058594,8.072563018798828
1748975521170,-3.218756561279297,-1.730251922607422,7.633825378417969
1748975521234,-3.5569033813476563,-1.8015037536621095,8.180488586425781
1748975521301,-3.843407592773438,-2.592608642578125,8.416248321533203
1748975521372,-4.182452545166016,-1.929038543701172,8.616232452392579
1748975521433,-4.098477172851562,-2.06211181640625,8.920100555419923
1748975521501,-4.952151947021485,-4.806205444335938,10.370883636474609
1748975521570,-6.22989486694336,-4.9443681335449226,6.077511749267578
1748975521634,-4.978497161865235,-5.029391326904297,5.48219970703125
1748975521701,-3.9573207092285156,-6.182892608642579,7.339687042236329
1748975521770,-4.562212829589844,-6.391558685302734,6.09816879272461
1748975521834,-4.724325714111329,-5.459447021484375,5.80313232421875
1748975521901,-5.063520355224609,-6.177653503417969,6.14322509765625
1748975521968,-5.109624481201172,-4.205654296875,5.913901977539063
1748975522034,-5.044060821533203,-4.6710365295410154,5.676944732666016
1748975522101,-5.603447570800782,-3.926035766601563,6.456673278808594
1748975522167,-5.476511535644532,-4.257147216796875,7.213948516845703
1748975522234,-6.020330657958985,-3.6217185974121096,8.973539428710938
1748975522301,-5.9161473083496094,-3.322790222167969,8.736582183837891
1748975522371,-5.190456390380859,-4.8243177795410155,9.42440185546875
1748975522434,-4.389771423339844,-1.417552185058594,5.592969360351563
1748975522501,-4.645888824462891,-4.862937469482422,7.781568145751954
1748975522570,-4.973258056640625,-3.963457946777344,7.563771057128907
1748975522634,-4.216731262207031,-4.409081268310547,6.692732391357422
1748975522701,-3.7782929992675784,-4.139192504882812,6.755751342773438
1748975522770,-3.069067840576172,-2.7723847961425783,7.133415985107423
1748975522834,-2.382445678710938,-2.7509793090820316,8.572373657226564
1748975522901,-4.061054992675781,-2.7199937438964845,8.35188217163086
1748975522967,-4.823719024658203,-2.382146301269531,8.23931625366211
1748975523034,-5.392985229492187,-2.9463230895996095,9.371861114501954
1748975523101,-5.883215789794922,-3.6645295715332034,10.126142578125
1748975523170,-6.039341125488281,-2.445464630126953,9.36497543334961
1748975523234,-4.7910868835449225,-2.1932391357421874,7.2211335754394534
1748975523301,-5.417683868408203,-4.5355682373046875,6.511159973144531
1748975523370,-4.902904357910156,-4.075724487304687,6.984026641845704
1748975523434,-4.8684759521484375,-3.0855335998535156,6.481970672607422
1748975523501,-4.484823760986329,-3.121309204101563,6.989714813232422
1748975523570,-3.8719981384277347,-3.323089599609375,7.778724060058594
1748975523634,-4.700076141357422,-2.5869204711914064,8.538843383789063
1748975523701,-5.728437652587891,-3.6564463806152347,10.250833282470703
1748975523771,-6.194867706298829,-3.593128051757813,8.762777709960938
1748975523833,-4.565655670166016,1.1165281677246095,5.3934342956542976
1748975523900,-5.134921875,-3.1641201782226562,9.010362854003906
1748975523967,-5.938301239013672,-2.382894744873047,7.643106079101563
1748975524033,-5.033732299804687,-1.6426840209960938,7.565267944335938
1748975524100,-3.8073326110839845,-1.832040252685547,7.689509582519531
1748975524171,-4.180356903076172,-2.752027130126953,7.544910278320313
1748975524233,-4.159400482177735,-2.8093579101562502,8.13633041381836
1748975524300,-4.959037628173828,-3.7145256042480472,9.087003479003906
1748975524370,-5.754483489990235,-4.093836822509766,9.377399597167969
1748975524433,-4.228406982421875,-0.41613464355468754,5.961652679443359
1748975524501,-4.1923320007324225,-3.4994229125976566,7.0045339965820315
1748975524570,-6.212381286621094,-5.179678802490234,8.586743774414064
1748975524634,-6.2227098083496095,-1.0900332641601562,6.583609313964844
1748975524701,-5.438041534423828,-2.9306057739257816,7.239545288085938
1748975524770,-5.755531311035156,-3.3212933349609375,7.192393341064453
1748975524834,-5.337750091552735,-3.073857879638672,7.595505065917969
1748975524901,-5.58758056640625,-3.0719119262695314,8.066575469970704
1748975524967,-5.648952941894532,-3.6085459899902346,8.786428527832031
1748975525034,-6.554719390869141,-4.559368743896485,9.564360809326173
1748975525101,-5.852529602050781,-2.7761270141601564,8.29724578857422
1748975525169,-4.120631103515625,0.7047344970703125,5.690416717529297
1748975525234,-5.6697596740722656,-3.776646423339844,8.59527603149414
1748975525301,-5.729784851074219,-4.815336456298828,9.233548736572265
1748975525371,-3.979324951171875,-3.4790652465820315,6.98432601928711
1748975525433,-3.010689239501953,-3.7471577453613283,7.546556854248047
1748975525501,-2.0414547729492187,-2.459385681152344,7.111112365722657
1748975525570,-2.870580596923828,-3.456911315917969,8.607999572753906
1748975525634,-3.220103759765625,-2.5274940490722657,7.92077865600586
1748975525701,-3.2229478454589846,-2.199526062011719,8.094417572021484
1748975525771,-5.102888488769532,-2.505938873291016,9.813742218017579
1748975525834,-6.441405029296876,-3.543132019042969,10.970386962890625
1748975525901,-6.363417205810547,-1.515747985839844,8.963659973144532
1748975525967,-6.101761322021485,-2.091750183105469,7.404801635742188
1748975526034,-4.03605697631836,-3.0960118103027345,7.506589965820313
1748975526101,-4.37375473022461,-3.7303926086425783,9.165140991210938
1748975526167,-5.521118774414063,-4.070934448242188,7.059619445800782
1748975526234,-5.321434020996094,-3.5197805786132816,7.184459838867188
1748975526301,-5.1677037048339844,-3.1358290100097657,7.1067713928222656
1748975526368,-5.467530212402344,-3.7639228820800783,6.574478302001953
1748975526434,-5.298381958007813,-3.278482360839844,5.771697692871094
1748975526501,-4.326303405761719,-5.200335845947266,7.234455871582032
1748975526568,-4.4616220092773435,-2.9916787719726563,7.7353143310546875
1748975526634,-6.077511749267578,-3.911815338134766,9.421258392333986
1748975526701,-6.024372253417969,-3.49912353515625,10.267748107910156
1748975526769,-5.480702819824219,-3.326981506347656,8.52387451171875
1748975526834,-5.211113433837891,1.8817369079589845,5.9743762207031255
1748975526901,-4.360881500244141,0.11106903076171876,12.595707092285156
1748975526977,-2.7367588806152345,-0.942440185546875,13.507012023925782
1748975527034,-4.53856201171875,-1.059796142578125,7.706723785400391
1748975527101,-0.9166937255859375,-3.3664993286132816,7.3410342407226565
1748975527167,-0.4333488464355469,-1.8503022766113282,3.5943255615234375
1748975527234,0.2423460388183594,-1.9125727844238283,4.2325982666015625
1748975527301,-2.3173310852050784,-4.640200653076172,10.156080322265625
1748975527368,-3.4528697204589847,-4.224515075683594,19.00732406616211
1748975527434,-2.1640498352050783,0.6744973754882813,9.456884307861328
1748975527501,-0.08187973022460938,-0.11960128784179688,10.280172271728516
1748975527569,-3.817361755371094,-2.264341278076172,13.218711547851564
1748975527634,-4.410877532958985,-1.4389576721191406,8.961564331054689
1748975527701,-2.483485565185547,-2.4348367309570316,4.694088592529297
1748975527768,-0.2712359619140625,-2.955304412841797,3.7007542419433594
1748975527834,-0.9854008483886719,-2.8322602844238283,3.980073394775391
1748975527901,-1.8227595520019533,-8.367000732421875,9.62273941040039
1748975527967,-3.7044964599609376,-8.848998413085939,13.901292114257814
1748975528034,-4.312232666015626,-3.6706668090820314,10.089019775390625
1748975528101,-2.382146301269531,-1.52083740234375,7.427554321289063
1748975528168,-2.658621368408203,-4.086352386474609,9.721084899902344
1748975528233,-3.2015423583984375,-2.676284637451172,8.911268920898438
1748975528300,-2.429447937011719,-2.8398944091796876,9.104217681884766
1748975528368,-1.7130377197265625,-2.132914581298828,8.550818481445313
1748975528433,-2.4899221801757814,-3.157833251953125,7.778873748779297
1748975528500,-2.9650341796875,-5.236261138916016,9.0388037109375
1748975528568,-2.5001010131835937,-3.875740356445313,7.717052307128907
1748975528633,-2.1535716247558594,-4.531376953125,8.694220275878907
1748975528700,-3.0897248840332034,-5.157674560546876,8.801996154785156
1748975528768,-4.822820892333985,-3.6711158752441406,8.346343688964843
1748975528833,-5.36529281616211,-3.2028895568847657,7.239994354248047
1748975528900,-6.335724792480469,-4.345762939453126,7.659571838378906
1748975528967,-6.0306591796875,-3.889062652587891,6.888824615478516
1748975529033,-5.165009307861328,-3.184028778076172,6.476731567382813
1748975529100,-5.522765350341797,-3.5654356384277346,6.16522933959961
1748975529168,-6.1364891052246096,-4.074676666259766,6.140381011962891
1748975529234,-5.717510375976563,-4.337080993652344,6.580615539550782
1748975529300,-4.815935211181641,-3.752546539306641,7.9731697082519535
1748975529368,-6.033054199218751,-4.472848663330078,7.9203295898437505
1748975529433,-7.141349487304688,-5.1748887634277345,9.520352325439454
1748975529500,-5.218597869873047,-3.114573211669922,7.078330535888672
1748975529568,-4.3593846130371094,-2.232906646728516,6.6595014953613285
1748975529633,-5.349425811767579,-6.036946105957032,7.222480773925781
1748975529700,-4.985532531738282,-5.454058227539063,6.290668487548828
1748975529768,-3.5425332641601566,-5.160967712402344,6.649771728515625
1748975529834,-2.8925848388671875,-4.4668611145019534,5.962700500488282
1748975529900,-1.785337371826172,-4.205654296875,4.495152282714844
1748975529967,-3.9447468566894535,-6.756050720214844,7.347321166992188
1748975530034,-5.430557098388672,-5.621410217285156,8.334368591308595
1748975530100,-5.754932556152344,-5.526806945800781,8.598419494628907
1748975530169,-5.647755432128907,-5.097200317382812,8.270152130126954
1748975530234,-3.510948944091797,-1.4636563110351564,6.728957061767579
1748975530300,-4.447401580810547,-4.435276794433594,7.167844390869141
1748975530367,-5.1519863891601565,-4.528083801269531,7.727680206298828
1748975530434,-5.029690704345703,-2.844983825683594,7.579937438964844
1748975530500,-5.0605265808105475,-3.5271153259277344,6.924300842285157
1748975530568,-4.921914825439454,-3.7437149047851563,6.630461883544922
1748975530634,-4.415966949462891,-4.236939239501953,7.135661315917969
1748975530700,-4.455634460449219,-4.891528015136719,7.924371185302735
1748975530768,-5.0055908203125,-4.506378936767578,8.001011810302735
1748975530834,-4.343068542480469,-5.281317443847657,9.568103027343751
1748975530900,-5.532046051025391,-7.626790008544922,10.521919555664063
1748975530967,-3.613036651611328,-0.1389111328125,5.1519863891601565
1748975531034,-3.879632263183594,-4.613855438232422,7.658973083496094
1748975531100,-4.913532257080078,-6.628964996337891,8.485703887939454
1748975531168,-3.9245388793945315,-2.558030548095703,6.459068298339844
1748975531233,-3.352727966308594,-3.879931640625,7.322173461914063
1748975531300,-2.612666931152344,-3.722608795166016,8.682993621826173
1748975531368,-2.602188720703125,-4.354744262695313,7.688910827636719
1748975531433,-3.19735107421875,-3.8071829223632814,7.9890367126464845
1748975531500,-3.866759033203125,-4.086651763916016,8.376131744384766
1748975531569,-4.517156524658203,-3.3727862548828127,8.223598937988282
1748975531634,-4.945565643310547,-5.624703369140625,10.01207977294922
1748975531700,-4.925058288574219,-2.032024383544922,7.691305847167969
1748975531768,-4.640200653076172,-3.9606138610839845,6.985822906494141
1748975531834,-4.713248748779297,-4.324806518554688,7.40779541015625
1748975531900,-4.699776763916016,-4.55293212890625,8.019722900390626
1748975531988,-5.307662658691407,-2.8129504394531253,6.41910140991211
1748975532033,-5.101990356445313,-5.063670043945312,7.952812042236329
1748975532100,-4.847519531250001,-3.4811608886718752,6.549480285644532
1748975532167,-4.286486206054688,-3.842359771728516,6.656358032226563
1748975532233,-4.620890808105469,-4.490960998535156,6.946305084228516
1748975532300,-4.981341247558594,-3.8802310180664064,7.604486389160157
1748975532368,-5.918392639160157,-4.611759796142579,8.261320495605469
1748975532433,-7.013365631103516,-5.079087982177735,8.833580474853516
1748975532500,-5.707181854248047,-1.6712745666503908,6.242618408203126
1748975532568,-5.051844635009766,-2.206561431884766,6.559210052490235
1748975532634,-6.283333740234375,-5.619015197753907,8.142916717529298
1748975532700,-5.167404327392578,-4.0143521118164065,5.999523925781251
1748975532768,-4.527485046386719,-4.261787567138672,6.768025817871094
1748975532834,-3.7374279785156252,-3.645070037841797,7.107070770263673
1748975532900,-3.8705012512207033,-3.6913238525390626,7.033872985839844
1748975532967,-3.9014868164062504,-4.724026336669922,7.539820861816406
1748975533034,-3.247496795654297,-3.9761814880371094,7.9082048034667976
1748975533100,-4.1305105590820315,-3.9902522277832033,9.033714294433594
1748975533168,-4.6623545837402345,-3.9505847167968753,9.118438110351564
1748975533234,-5.449866943359376,-4.4686573791503905,8.952433319091798
1748975533301,-5.284909973144532,-3.652554473876953,9.17816390991211
1748975533370,-5.203479309082032,-1.799857177734375,7.589667205810548
1748975533434,-5.906118164062501,-2.2216799926757815,7.191644897460938
1748975533501,-3.8615199279785157,-3.4910403442382814,10.805130615234376
1748975533569,-1.8230589294433595,-4.699776763916016,13.42363540649414
1748975533634,-6.135291595458985,-1.0731184387207031,3.6359390258789066
1748975533701,-2.2745201110839846,0.5647755432128907,6.440057830810547
1748975533770,-3.8116735839843754,-4.900958404541016,9.87990463256836
1748975533834,-4.9900231933593755,-6.292315063476563,7.223678283691407
1748975533901,-4.8210246276855475,-5.295238494873047,6.823710021972657
1748975533967,-6.5291226196289065,-4.279151458740235,8.558751983642578
1748975534034,-8.971144409179688,-7.301516418457032,10.388995971679687
1748975534101,-6.850055236816407,-2.819985809326172,6.213279418945313
1748975534170,-3.555256805419922,-2.4107368469238284,6.700965270996094
1748975534234,-2.97700927734375,-5.57560546875,6.402485961914063
1748975534301,-2.471959533691406,-5.589526519775391,6.77551025390625
1748975534370,-2.698737945556641,-6.169270935058594,6.871460723876954
1748975534434,-1.9113752746582031,-5.687123565673828,6.404880981445313
1748975534501,-1.2328363037109376,-5.441634063720703,7.439379730224609
1748975534570,-1.7333953857421875,-5.254972229003907,7.522906036376954
1748975534634,-2.201921081542969,-5.493875427246094,8.30637680053711
1748975534701,-2.536026306152344,-6.017336883544922,8.344846801757813
1748975534769,-3.6682717895507815,-6.042185211181641,8.839867401123048
1748975534834,-4.095333709716797,-5.188809814453125,10.085127868652345
1748975534901,-1.945953369140625,-2.7512786865234378,7.621550903320313
1748975534967,-2.865640869140625,-5.172793121337891,8.319549407958984
1748975535034,-3.7944593811035157,-4.694837036132813,7.562573547363281
1748975535101,-4.622238006591797,-4.754862213134766,7.380552062988282
1748975535167,-3.193608856201172,-5.381908264160156,7.397017822265625
1748975535234,-1.6726217651367188,-6.023324432373047,7.087611236572266
1748975535301,-2.4632775878906252,-5.7065830993652344,7.015311584472657
1748975535367,-2.5243505859375,-6.3352757263183594,8.044271850585938
1748975535434,-2.395767974853516,-6.075416107177735,7.929610290527344
1748975535501,-3.149300994873047,-6.589896240234375,9.331145782470704
1748975535569,-4.430935821533203,-6.758146362304688,9.636361083984376
1748975535634,-4.092339935302735,-4.289330291748047,6.8091902160644535
1748975535701,-1.978136444091797,-2.331701202392578,5.483397216796876
1748975535768,-2.7330166625976564,-6.917714538574219,8.271798706054687
1748975535834,-3.9832168579101563,-5.073399810791016,6.105503540039063
1748975535901,-3.196902008056641,-5.006189575195313,6.947801971435547
1748975535967,-2.698139190673828,-4.5361669921875,7.510332183837891
1748975536034,-2.013163604736328,-4.440216522216797,7.369624786376954
1748975536101,-2.5694068908691405,-5.140909423828125,8.252039794921876
1748975536170,-3.4015264892578125,-4.387226715087891,7.81015869140625
1748975536234,-3.2060330200195315,-4.713099060058594,8.478668518066407
1748975536301,-4.305796051025391,-7.674690399169922,11.19282440185547
1748975536370,-4.30908920288086,-2.2695803833007813,7.162006530761719
1748975536434,-2.3171813964843753,-4.340823211669922,6.93642562866211
1748975536501,-4.370760955810547,-6.466852111816406,7.366032257080079
1748975536570,-3.9917491149902347,-4.115990753173828,6.199508056640625
1748975536634,-3.171155548095703,-5.452261962890625,8.42807373046875
1748975536701,-4.369713134765625,-4.614304504394531,6.478527832031251
1748975536769,-3.947890319824219,-5.198988647460938,7.521858215332031
1748975536834,-3.732188873291016,-4.479734344482422,6.753955078125
1748975536901,-3.4280213928222656,-5.305716705322266,7.220534820556641
1748975536983,-3.5618431091308596,-4.9371830749511725,8.457412719726562
1748975537034,-4.240382080078125,-6.041885833740235,9.677675170898437
1748975537101,-5.548811187744141,-7.735014953613281,10.03947280883789
1748975537167,-4.233496398925782,0.1981878662109375,3.951482849121094
1748975537234,-4.270768890380859,-6.120023345947266,7.933352508544922
1748975537301,-5.903423767089844,-6.524033203125001,6.54603744506836
1748975537370,-3.9306761169433595,-5.155728607177735,6.6788113403320315
1748975537434,-1.0870394897460938,-4.897515563964844,8.480614471435548
1748975537501,-0.7394622802734375,-4.330345001220703,8.049960021972657
1748975537568,-2.1736299133300783,-5.386997680664063,8.078700256347657
1748975537634,-2.2002745056152344,-2.853665771484375,6.377338256835938
1748975537701,-1.7500108337402345,-3.77215576171875,8.511150970458985
1748975537769,-2.441872100830078,-4.588707733154297,9.43922103881836
1748975537834,-3.6706668090820314,-5.832471313476563,9.291777648925782
1748975537901,-3.176843719482422,-2.8828550720214845,8.783135375976563
1748975537967,-2.3634352111816406,-3.9460940551757813,8.208929443359375
1748975538034,-3.849844207763672,-4.192930755615235,7.4678205871582035
1748975538101,-4.5674519348144536,-6.2580363464355475,9.188342742919922
1748975538170,-5.34613265991211,-5.189558258056641,7.599247283935547
1748975538234,-5.000202026367187,-4.840933227539063,7.3815998840332036
1748975538301,-4.270768890380859,-5.356161804199219,7.08491683959961
1748975538369,-4.411775665283203,-5.96404769897461,6.105653228759766
1748975538434,-3.0539492797851566,-7.155569915771485,6.81906967163086
1748975538501,-2.388732604980469,-4.499493255615235,6.791227569580078
1748975538569,-3.0958621215820314,-5.244494018554688,7.377857666015625
1748975538634,-4.456083526611328,-8.909173278808595,10.09785140991211
1748975538701,-4.965773620605469,-3.4446368408203125,7.876021728515625
1748975538768,-3.4027239990234377,-0.07679031372070313,6.6524661254882815
1748975538834,-5.088967437744141,-6.454278259277344,9.15705780029297
1748975538901,-5.140011291503907,-3.4741255187988282,7.51796630859375
1748975538967,-3.4828074645996097,-2.558778991699219,7.758665771484376
1748975539034,-3.071612548828125,-4.231700134277344,7.997568969726563
1748975539101,-3.6182757568359376,-4.0285725402832036,7.9204792785644536
1748975539169,-4.101620635986328,-3.767216033935547,7.285200347900391
1748975539234,-4.542453918457031,-4.757406921386719,7.757019195556641
1748975539301,-5.1677037048339844,-6.331383819580078,8.840166778564454
1748975539370,-4.48587158203125,-5.032085723876953,8.60096420288086
1748975539434,-4.822371826171875,-3.1319371032714844,5.88740707397461
1748975539501,-4.221072235107422,-3.9522312927246097,7.538623352050782
1748975539570,-4.510270843505859,-3.9278320312500004,6.6858467102050785
1748975539634,-4.393813018798828,-3.5113980102539064,6.523733825683594
1748975539701,-4.821174316406251,-4.035757598876954,7.685767364501953
1748975539769,-4.900359649658204,-3.483256530761719,8.343499603271486
1748975539834,-4.495301971435547,-3.759581909179688,7.758216705322266
1748975539901,-4.31627426147461,-5.0039442443847655,8.635242919921875
1748975539967,-4.605472869873047,-5.908812561035156,9.31707504272461
1748975540034,-4.544399871826172,-4.636907501220703,8.743617553710937
1748975540101,-3.3497341918945316,-1.3656101989746094,6.010002136230469
1748975540169,-3.982468414306641,-4.483177185058594,7.984096984863282
1748975540234,-4.970264282226562,-5.51138900756836,8.075706481933594
1748975540301,-3.6242633056640625,-3.377576293945313,6.741680603027344
1748975540369,-2.6729914855957033,-3.860322418212891,7.500003662109376
1748975540434,-3.1796878051757815,-2.9294082641601564,7.665709075927735
1748975540501,-3.300037536621094,-2.9795539855957034,8.41804458618164
1748975540567,-3.936064910888672,-2.2908361816406253,8.628357238769532
1748975540634,-4.009262695312501,-1.897903289794922,8.360264739990235
1748975540701,-5.092859344482422,-3.5949243164062503,9.591454467773438
1748975540770,-6.156098327636719,-5.122797088623047,10.436297607421876
1748975540834,-5.206323394775391,-2.6685008239746093,7.932154998779297
1748975540901,-4.079017639160156,-2.5225543212890624,6.964417419433594
1748975540967,-4.424499206542969,-3.7113821411132815,7.6225987243652344
1748975541034,-5.0605265808105475,-2.8598030090332034,7.825876007080079
1748975541101,-4.397704925537109,-3.2597712707519535,7.884254608154297
1748975541169,-3.8908589172363284,-2.5417144775390628,7.652985534667969
1748975541234,-3.356769561767578,-2.764900360107422,8.509354705810548
1748975541301,-2.887196044921875,-2.8883935546875,8.197553100585939
1748975541370,-3.9951919555664066,-3.284619598388672,8.170609130859376
1748975541434,-3.864064636230469,-2.540966033935547,9.848020935058594
1748975541501,-4.006717987060547,-1.6422349548339845,10.622061309814454
1748975541569,-3.2886611938476564,-3.1293923950195315,11.198662261962891
1748975541634,-2.5610243225097657,1.1526031494140625,6.536307678222657
1748975541701,-4.5867617797851565,-4.149221649169922,8.087831268310547
1748975541770,-3.5868411254882813,-3.8237983703613283,7.8427908325195315
1748975541834,-3.644022216796875,-2.6839187622070315,7.112908630371094
1748975541901,-2.2210812377929687,-2.8816575622558593,8.287366333007814
1748975541976,-2.2977218627929688,-3.412753143310547,8.313262481689453
1748975542035,-1.8753002929687501,-3.3916470336914064,9.520352325439454
1748975542101,-2.143093414306641,-2.7403514099121096,8.868158569335938
1748975542167,-2.7532246398925784,-4.0513252258300785,8.662785644531251
1748975542235,-3.857029266357422,-4.7892906188964846,9.852212219238282
1748975542301,-5.088368682861328,-4.698878631591797,10.718610534667969
1748975542370,-3.2934512329101566,0.05433700561523438,8.10324920654297
1748975542434,-3.612437896728516,-4.264332275390625,8.802894287109375
1748975542501,-4.355792083740234,-4.828059997558594,7.586823120117188
1748975542570,-3.848497009277344,-3.2698004150390627,7.025640106201172
1748975542634,-3.536246337890625,-3.7306919860839844,7.542066192626954
1748975542701,-3.690425720214844,-3.845802612304688,6.927743682861329
1748975542770,-3.4539175415039063,-3.9005886840820314,7.144043884277344
1748975542834,-3.85358642578125,-3.888014831542969,8.033943328857422
1748975542901,-4.445006561279297,-3.5392401123046877,8.738528137207032
1748975542967,-5.188211059570313,-4.569996643066406,9.757608947753907
1748975543034,-7.362589416503907,-5.796096954345703,10.992241516113282
1748975543101,-5.184618530273438,-1.511107635498047,6.350543975830078
1748975543169,-3.4000296020507816,-1.246457977294922,6.779701538085938
1748975543234,-4.9072453308105475,-5.516628112792969,8.604407043457032
1748975543301,-5.0885183715820315,-5.2115625,7.143894195556641
1748975543369,-4.083807678222657,-3.9212457275390626,6.879543914794922
1748975543434,-2.6596691894531252,-3.673510894775391,7.601791992187501
1748975543501,-2.311942291259766,-3.4910403442382814,8.93911102294922
1748975543567,-3.62366455078125,-2.944526824951172,8.095016326904297
1748975543634,-3.2650103759765625,-2.5619224548339843,8.22165298461914
1748975543701,-2.5009991455078127,-1.159339141845703,8.935219116210938
1748975543770,-4.421804809570313,-2.896776123046875,9.461075592041016
1748975543834,-5.217699737548829,-3.795656890869141,7.892637176513673
1748975543901,-4.464466094970703,-4.360881500244141,9.157357177734376
1748975543967,-4.870571594238282,-2.096540222167969,8.008346557617188
1748975544035,-5.416486358642579,-2.489323425292969,8.592581634521485
1748975544101,-5.12100082397461,-2.923869781494141,6.839427337646485
1748975544170,-6.292015686035157,-4.59125244140625,6.711443481445313
1748975544235,-6.011349334716797,-3.2856674194335938,6.8674191284179695
1748975544301,-5.798491973876954,-2.755170593261719,6.456822967529297
1748975544369,-5.9146504211425786,-3.433110809326172,6.6488735961914065
1748975544434,-5.897735595703125,-3.593277740478516,6.411018218994141
1748975544501,-5.272336120605469,-3.363804931640625,6.5873515319824225
1748975544568,-5.857918395996094,-3.5317556762695315,7.437583465576172
1748975544635,-6.764582977294922,-3.121309204101563,7.914192352294922
1748975544701,-6.945107574462891,-3.787424011230469,7.755821685791016
1748975544769,-7.2230795288085945,-4.455335083007813,8.71502700805664
1748975544835,-6.448440399169923,-3.8577777099609376,7.425159301757813
1748975544901,-3.4158966064453127,1.1808943176269533,5.082979888916016
1748975544967,-5.0587303161621096,-3.6068994140625,8.151299285888673
1748975545035,-6.120921478271485,-3.972289581298828,7.383396148681641
1748975545101,-5.56168441772461,-4.370311889648438,6.970854034423828
1748975545167,-4.2345442199707035,-4.349205780029297,6.538702697753907
1748975545235,-3.6791990661621097,-4.020189971923829,7.332651672363282
1748975545301,-3.386407928466797,-4.571194152832032,8.186027069091796
1748975545369,-3.9389089965820316,-3.8977445983886723,7.34118392944336
1748975545434,-4.685706024169922,-4.501738586425781,7.500153350830079
1748975545501,-5.726342010498048,-5.10902572631836,7.351362762451172
1748975545567,-6.926695861816406,-5.472320251464844,8.044122161865236
1748975545634,-7.088958435058594,-4.492906951904297,7.76270736694336
1748975545701,-5.781277770996094,-1.8510507202148438,5.86106185913086
1748975545767,-5.172643432617188,-3.553909606933594,6.8338888549804695
1748975545834,-6.168971557617188,-4.595743103027344,6.570736083984375
1748975545901,-6.518644409179688,-4.721930694580078,6.148464202880859
1748975545967,-6.087391204833985,-3.8252952575683596,6.447392578125
1748975546035,-5.494324493408204,-3.899989929199219,6.686146087646485
1748975546101,-4.947960662841797,-4.4897634887695315,6.766528930664063
1748975546169,-4.966971130371094,-5.29059814453125,7.0714448547363284
1748975546235,-4.665198669433594,-4.532275085449219,6.1743603515625
1748975546301,-5.999523925781251,-7.190148010253907,8.28437255859375
1748975546369,-5.425317993164063,-4.577780456542969,6.003864898681641
1748975546434,-4.00881362915039,-3.347788238525391,6.600973205566406
1748975546501,-3.885919189453125,-5.308860168457032,6.746171264648438
1748975546569,-5.337600402832032,-6.691235504150391,6.935527496337891
1748975546635,-3.6408787536621094,-5.325026550292969,6.447841644287109
1748975546701,-2.5405169677734376,-5.865402832031251,7.00348617553711
1748975546767,-2.2721250915527347,-4.8156358337402345,6.685247955322266
1748975546835,-1.944755859375,-6.09053466796875,9.001531219482422
1748975546901,-1.9152671813964846,-4.914729766845704,7.745792541503906
1748975546977,-2.1487815856933596,-4.420457611083984,7.485334167480469
1748975547035,-2.848426666259766,-4.561464385986328,7.653135223388673
1748975547101,-2.6566754150390626,-3.137176208496094,7.306156768798829
1748975547167,-2.9716204833984374,-4.168381805419922,7.457791442871094
1748975547235,-2.561473388671875,-3.3591645812988284,6.049220581054688
1748975547301,-0.6084846496582031,-1.760039978027344,4.882995758056641
1748975547370,-3.103645935058594,-6.461313629150391,5.930218048095703
1748975547435,-8.791218566894532,-10.743907928466797,13.374387817382813
1748975547501,-5.133424987792969,-7.542515258789063,8.198151855468751
1748975547569,-4.821473693847657,-6.475234680175782,8.618477783203126
1748975547635,-3.4889447021484377,-3.5859429931640627,5.169350280761719
1748975547701,-3.5119967651367188,-4.215982818603516,5.789061584472656
1748975547767,-6.055058441162109,-4.334835662841797,7.729027404785157
1748975547835,-5.0058901977539065,-4.30819107055664,6.774163055419923
1748975547901,-3.866459655761719,-2.0098704528808593,4.587659912109375
1748975547967,-3.24046142578125,-1.8953585815429688,4.95050537109375
1748975548035,-4.971012725830079,-4.2751098632812505,6.6629443359375005
1748975548101,-6.422544250488282,-3.559747467041016,5.612728271484375
1748975548170,-8.548722839355468,-5.221292266845704,8.416697387695313
1748975548235,-9.449100494384766,-5.027145996093751,12.111913146972658
1748975548301,-5.770500183105469,-2.8087591552734374,11.2997021484375
1748975548370,-3.903732147216797,-2.472558288574219,6.548582153320313
1748975548434,-3.090323638916016,-2.5679100036621096,5.956563262939453
1748975548501,-4.437222747802735,-4.243974609375,7.234605560302735
1748975548570,-5.526357879638672,-5.325176239013672,6.562952270507813
1748975548635,-3.848646697998047,-5.113067321777344,5.074148254394531
1748975548701,-1.904938659667969,-3.165018310546875,3.2864158630371096
1748975548770,-2.717149658203125,-2.7738816833496096,5.97123275756836
1748975548835,-4.582420806884766,-4.452191619873047,7.36752914428711
1748975548901,-5.778733062744141,-4.865033111572266,7.4007600402832034
1748975548967,-8.08648406982422,-6.925648040771485,11.607312469482423
1748975549035,-6.547534332275391,-6.706204376220703,7.295828247070313
1748975549101,-6.817572784423828,-7.497309265136719,8.60096420288086
1748975549170,-4.498445434570312,-3.8703515625000002,6.49529296875
1748975549235,-4.133204956054688,-3.0856832885742187,6.180048522949219
1748975549301,-3.466641082763672,-1.101708984375,4.410428466796875
1748975549370,-3.1498997497558596,-1.3352233886718752,4.581822052001954
1748975549434,-4.700225830078125,-3.7417689514160157,6.0465261840820315
1748975549501,-5.320386199951172,-4.688400421142578,6.318959655761719
1748975549570,-5.665269012451172,-9.947563934326173,9.46317123413086
1748975549635,-5.486989746093751,-8.618777160644532,10.027497711181642
1748975549701,-3.632945251464844,-8.182584228515626,10.819051666259766
1748975549767,-3.373983764648438,-7.4465647888183595,8.083490295410156
1748975549835,-2.1824615478515628,-5.714815979003906,6.6330065917968755
1748975549901,-1.9248472595214845,-5.620661773681641,6.721921691894532
1748975549967,-1.981728973388672,-3.0250593566894532,5.516628112792969
1748975550035,-2.130070495605469,-3.3437466430664062,6.671326904296875
1748975550101,-3.4548156738281253,-5.090763702392579,8.116421813964845
1748975550169,-3.966900787353516,-5.538632354736328,9.279503173828125
1748975550235,-1.4025833129882814,-3.9077737426757815,6.4550267028808594
1748975550301,-0.47720764160156254,-4.4000999450683596,6.571035461425781
1748975550369,0.41448806762695317,-1.7775535583496094,4.0188427734375
1748975550434,-0.8026309204101563,-4.137396240234375,6.734196166992188
1748975550501,-2.99137939453125,-6.2420196533203125,8.490044860839845
1748975550569,-5.2417996215820315,-12.211007080078126,13.120665435791016
1748975550635,-6.275699615478516,-4.828509063720704,7.789351959228516
1748975550701,-3.7392242431640628,-6.944209442138672,8.700956268310547
1748975550769,-4.988675994873047,-2.8065138244628907,5.973478088378907
1748975550835,-3.368445281982422,-3.1331346130371096,5.468428344726563
1748975550901,-4.470603332519532,-5.680387573242188,7.33833984375
1748975550967,-4.8844926452636726,-5.0850755310058595,7.634274444580078
1748975551035,-4.026327209472656,-3.4780174255371095,7.4149804687500005
1748975551101,-3.604205017089844,-2.4026536560058593,5.619464263916016
1748975551169,-3.417243804931641,-2.9202772521972657,5.841752014160156
1748975551235,-3.975283355712891,-5.10184066772461,7.704029388427735
1748975551301,-4.361180877685547,-1.9532881164550782,6.1821441650390625
1748975551369,-7.0663554382324225,-10.152487792968751,11.58321258544922
1748975551435,-5.373076629638672,-5.419031066894531,13.061388702392579
1748975551501,-3.856729888916016,-4.074676666259766,7.831115112304688
1748975551569,-3.946543121337891,-7.210805053710938,8.011040954589845
1748975551635,-4.273463287353516,-4.651427307128906,5.7224501037597655
1748975551701,-4.354744262695313,-5.20916748046875,6.967860260009766
1748975551768,-4.093687133789063,-4.667144622802734,6.762637023925782
1748975551835,-3.1560369873046876,-5.3633468627929695,5.9321640014648445
1748975551901,-1.1305989074707032,-1.5645465087890627,4.3806404113769535
1748975551979,-0.3610491943359375,-2.1164488220214843,5.897436218261719
1748975552035,-2.574795684814453,-4.064198455810547,8.812324676513672
1748975552101,-5.303171997070312,-7.620503082275391,12.75392807006836
1748975552168,-9.715845794677735,-2.6536816406250003,13.66882553100586
1748975552235,-6.120023345947266,-9.02727767944336,13.231285400390625
1748975552301,-6.17675537109375,-5.994135131835938,6.884483642578125
1748975552369,-5.700146484375001,-4.349056091308594,5.998625793457031
1748975552434,-4.506528625488281,-1.6682807922363283,5.599555664062501
1748975552501,-3.7392242431640628,-0.7655081176757813,8.008795623779298
1748975552570,-2.835104370117188,0.2603086853027344,6.159840545654297
1748975552635,-3.0924192810058595,-1.6714242553710938,5.904471588134766
1748975552701,-6.046226806640625,-7.1367091369628906,9.264234924316407
1748975552769,-4.559967498779297,-2.0779788208007814,5.39118896484375
1748975552835,-4.630620574951172,-6.825206909179688,9.670041046142579
1748975552901,-6.5479833984375,-9.723779296875,14.204711151123048
1748975552967,-0.5484594726562501,-3.053799591064453,11.691736907958985
1748975553035,-4.694837036132813,-9.642049255371095,7.888745269775391
1748975553101,-1.8718574523925782,-3.5392401123046877,4.489015045166016
1748975553170,-2.015408935546875,-5.224585418701172,6.570137329101563
1748975553235,-2.629581756591797,-4.266577606201172,6.480324096679688
1748975553301,-2.312391357421875,-4.017645263671875,6.632407836914063
1748975553369,-2.0555255126953127,-3.9116656494140627,8.356372833251953
1748975553435,-0.42810974121093753,-0.3034190368652344,8.25278823852539
1748975553501,-2.9166847229003907,-0.8253836059570313,8.504564666748047
1748975553570,-1.01788330078125,2.3670277404785156,6.521189117431641
1748975553635,-8.017028503417968,-9.667945404052736,15.780484313964845
1748975553701,-7.892786865234376,-4.914879455566407,9.962981872558593
1748975553770,-4.992418212890625,-5.4796549987792975,8.428223419189454
1748975553835,-3.6119888305664065,-3.5979180908203126,9.565109252929688
1748975553901,-3.3590148925781254,-2.3037094116210937,6.590494995117187
1748975553968,-2.7749295043945312,-1.5148498535156252,5.689967651367188
1748975554034,-0.6081852722167969,-1.2175680541992189,5.210514678955079
1748975554101,-0.49367340087890627,-0.21749771118164063,5.193150787353516
1748975554170,-2.8190876770019533,-1.919608154296875,8.806786193847657
1748975554235,-10.900332641601564,-11.73993667602539,16.943565673828125
1748975554301,-9.141041107177735,-6.896907806396484,12.326566772460938
1748975554367,-3.1088850402832033,-9.100176086425781,9.1825048828125
1748975554435,-1.8058447265625002,-3.427123260498047,4.728367309570313
1748975554501,-1.251098327636719,-2.3105950927734376,3.874842224121094
1748975554570,-0.5535488891601563,-1.6866925048828125,3.5738182067871094
1748975554635,-2.2838008117675783,-2.685715026855469,7.746091918945313
1748975554701,-7.29088851928711,-8.240513763427735,13.762380981445313
1748975554770,-6.841223602294923,-3.6649786376953126,4.765340423583985
1748975554835,-4.331841888427735,-9.007369079589845,9.242230682373048
1748975554901,-5.617967376708985,-2.3331980895996094,7.500153350830079
1748975554967,-2.155517578125,0.9930349731445313,4.585863647460938
1748975555035,-1.1901750183105468,-2.548899536132813,4.8506629943847654
1748975555101,-4.330345001220703,-8.136031036376954,8.186027069091796
1748975555167,-5.255421295166016,-7.0416567993164065,8.013585662841797
1748975555235,-4.9213160705566406,-4.31822021484375,6.627917175292969
1748975555302,-3.7726048278808597,-3.9136116027832033,8.890911254882813
1748975555369,-5.926475830078125,-5.7684045410156255,10.070009307861328
1748975555434,-6.144871673583984,-4.633015594482422,8.530909881591798
1748975555502,-3.3962873840332035,-1.1002120971679688,7.196884002685548
1748975555569,-3.121309204101563,-5.010530548095703,10.501711578369141
1748975555635,-3.439996490478516,-4.346062316894532,6.825206909179688
1748975555701,-2.618953857421875,-4.004622344970703,7.860753479003907
1748975555769,-2.5132736206054687,-4.756658477783203,7.630083160400391
1748975555835,-2.4478596496582035,-4.5075764465332036,7.97346908569336
1748975555902,-2.205513610839844,-4.510719909667969,7.618257751464844
1748975555967,-2.7440936279296877,-4.420906677246094,8.10040512084961
1748975556035,-3.656147003173828,-4.270020446777344,9.034911804199218
1748975556102,-4.897964630126953,-4.014801177978516,9.263187103271484
1748975556169,-5.714366912841797,-4.279301147460938,9.788594512939454
1748975556235,-5.014721832275391,0.030087432861328128,5.8757313537597655
1748975556302,-6.29216537475586,-4.714296569824219,10.449619903564454
1748975556367,-5.596711578369141,-1.2473561096191408,7.3992631530761726
1748975556434,-5.05109619140625,-2.739752655029297,6.870861968994141
1748975556501,-5.144052886962891,-3.7928128051757812,7.304510192871094
1748975556569,-4.866529998779297,-3.9207966613769534,6.905140686035157
1748975556635,-4.145479431152344,-3.912414093017578,6.880591735839844
1748975556701,-4.143683166503907,-4.243375854492188,7.576793975830078
1748975556770,-4.748275909423828,-4.3014550781250005,8.40891357421875
1748975556835,-5.869893493652344,-3.9677989196777346,8.33272201538086
1748975556902,-6.7651817321777346,-7.165449371337891,10.283764801025391
1748975556970,-5.491330718994141,-2.142644348144531,5.330115966796876
1748975557035,-4.590354309082032,-1.7714163208007814,5.990841979980469
1748975557101,-5.887257385253907,-3.4503250122070312,6.655609588623047
1748975557168,-7.279063110351563,-4.9018565368652345,6.5009811401367195
1748975557235,-6.775360565185547,-3.5509158325195314,5.579347686767578
1748975557302,-4.056863708496094,-3.4494268798828127,7.063511352539063
1748975557369,-3.377127227783203,-3.953877868652344,7.208410034179688
1748975557434,-4.130959625244141,-4.468507690429687,7.39866439819336
1748975557502,-4.182452545166016,-4.051474914550782,8.07405990600586
1748975557570,-4.8912286376953125,-4.806055755615235,8.77624969482422
1748975557635,-5.626050567626954,-4.307891693115234,8.013435974121094
1748975557701,-6.154302062988282,-5.09226058959961,8.49513427734375
1748975557769,-5.6538926696777345,-0.9367520141601563,6.388714599609376
1748975557835,-5.735173645019532,-4.111500091552735,7.5823324584960945
1748975557902,-6.683302001953125,-3.903432769775391,6.715185699462891
1748975557970,-5.808820495605469,-2.7750791931152343,6.235283660888673
1748975558035,-5.036277008056641,-3.509601745605469,6.656956787109375
1748975558102,-4.993016967773438,-3.8642143249511722,6.430178375244141
1748975558170,-4.673431549072266,-3.756588134765625,6.527026977539063
1748975558235,-4.383783874511719,-4.045487365722656,6.719676361083985
1748975558302,-5.290149078369141,-3.4955310058593754,7.4431219482421875
1748975558370,-6.342161407470703,-2.5797354125976564,7.982450408935548
1748975558435,-8.917406158447266,-6.268065490722656,10.549761657714845
1748975558502,-5.9022262573242195,1.313668212890625,4.8349456787109375
1748975558569,-5.00603988647461,-3.9008880615234376,8.572972412109376
1748975558635,-5.936804351806641,-4.046834564208985,7.269632720947266
1748975558701,-5.196743316650391,-3.344495086669922,6.254294128417969
1748975558770,-3.8154158020019535,-4.168232116699219,7.8797639465332034
1748975558835,-4.136198730468751,-3.1924113464355472,6.556066589355469
1748975558902,-4.192481689453126,-4.421954498291016,6.847061462402344
1748975558968,-4.498146057128906,-4.265679473876953,8.215964813232421
1748975559035,-5.979166259765625,-0.7753875732421875,9.706714782714844
1748975559102,-8.865164794921876,-5.142855377197266,11.993509368896484
1748975559170,-6.763535156250001,-1.5013778686523438,5.845045166015625
1748975559235,-4.598287811279297,-3.200644226074219,5.957760772705078
1748975559302,-5.739364929199219,-6.03544921875,5.009782104492188
1748975559370,-6.543792114257813,-2.782713317871094,5.970484313964844
1748975559435,-6.1575952148437505,-2.1920416259765627,7.296127624511719
1748975559501,-5.646108856201172,-3.1500494384765627,7.517367553710938
1748975559568,-3.4847534179687503,-2.9659323120117187,7.512427825927735
1748975559635,-3.3462913513183596,-4.428690490722657,9.248517608642578
1748975559702,-3.726201324462891,-3.3199461364746097,7.464527435302735
1748975559768,-4.233346710205078,-4.788691864013672,8.749156036376954
1748975559835,-6.396348724365235,-7.824079742431641,10.081685028076173
1748975559902,-4.228257293701172,-1.28373046875,6.558611297607422
1748975559967,-2.947221221923828,-1.9200572204589845,6.433321838378906
1748975560035,-5.229824523925782,-6.436614990234375,9.154513092041016
1748975560102,-4.772076416015625,-3.440595245361328,8.108937377929688
1748975560169,-3.1030471801757815,-3.4179922485351564,7.8992234802246095
1748975560235,-2.934198303222656,-3.7452117919921877,7.115153961181641
1748975560302,-3.604055328369141,-3.953877868652344,6.2104353332519535
1748975560369,-3.1078372192382813,-4.413571929931641,7.829019470214845
1748975560435,-4.552483062744141,-3.190315704345703,7.558382263183594
1748975560502,-5.6010525512695315,-4.838238830566406,8.753946075439453
1748975560569,-6.140680389404297,-4.565805358886719,9.213041381835938
1748975560635,-6.878047027587891,-5.466632080078125,9.940827941894531
1748975560702,-4.910388793945312,-1.2891192626953125,5.9390496826171875
1748975560769,-4.481380920410157,-4.413721618652344,7.354805603027344
1748975560835,-4.884642333984376,-4.876559143066406,7.443571014404298
1748975560902,-4.950205993652344,-3.1148725891113282,6.671476593017578
1748975560967,-4.517156524658203,-4.508773956298828,7.690258026123047
1748975561035,-4.344116363525391,-4.062851257324219,6.849306793212891
1748975561102,-4.754413146972657,-4.650828552246094,6.896159362792969
1748975561169,-4.1640408325195315,-3.7125796508789066,7.321425018310547
1748975561235,-5.444927215576172,-5.434149627685547,7.935747528076172
1748975561302,-5.7559803771972655,-4.306993560791016,8.839717712402344
1748975561369,-6.464756469726563,-4.92416015625,8.08363998413086
1748975561434,-4.785847778320313,-1.8732046508789064,5.385500793457031
1748975561502,-4.895419921875,-4.240382080078125,7.857759704589844
1748975561570,-5.725593566894531,-4.997507629394532,6.969357147216797
1748975561635,-5.0569340515136725,-3.587439880371094,6.743027801513672
1748975561702,-5.145100708007813,-4.012256469726562,7.391629028320313
1748975561770,-4.920867004394531,-4.523892517089844,6.934779052734376
1748975561835,-4.674179992675781,-3.604354705810547,7.413932647705079
1748975561902,-4.761298828125001,-3.3892520141601565,7.726931762695313
1748975561975,-6.481820983886719,-4.494403839111328,7.70477783203125
1748975562035,-6.616690521240234,-5.061873779296875,7.530540161132813
1748975562102,-4.067641296386719,-3.193758544921875,7.292535095214844
1748975562168,-5.008285217285157,-3.5055601501464846,5.366640014648437
1748975562235,-5.648952941894532,-5.223088531494141,7.194488983154297
1748975562302,-5.822741546630859,-3.1519953918457033,7.032525787353516
1748975562370,-4.990172882080079,-2.9867390441894535,6.079158325195313
1748975562435,-5.049000549316406,-4.083657989501953,7.35076400756836
1748975562502,-4.853507080078125,-3.0394294738769534,6.830745391845704
1748975562570,-4.347858581542969,-3.605402526855469,8.356372833251953
1748975562635,-5.266947326660157,-3.2192056274414065,8.098459167480469
1748975562702,-4.992717590332031,-2.6458978271484375,8.706494750976564
1748975562770,-5.543272705078126,-3.433110809326172,9.256600799560548
1748975562835,-6.585854644775391,-5.348677368164063,9.57813217163086
1748975562902,-3.622167663574219,-0.6233038330078126,5.713019714355469
1748975562968,-3.929029541015625,-4.270768890380859,8.025560760498047
1748975563035,-4.629872131347656,-5.383854217529297,8.473279724121094
1748975563102,-3.6649786376953126,-2.6722430419921874,7.299570465087891
1748975563170,-2.7894493103027345,-2.7955865478515625,7.742948455810548
1748975563235,-3.2058833312988284,-3.825894012451172,8.25892547607422
1748975563301,-2.8803103637695315,-2.918031921386719,8.39738754272461
1748975563367,-2.474803619384766,-3.1329849243164065,8.490194549560547
1748975563434,-2.8454328918457032,-0.4471202087402344,7.600893859863282
1748975563502,-6.142027587890626,-3.839365997314453,9.143436126708984
1748975563569,-6.290069732666016,-3.2455508422851564,11.206895141601564
1748975563635,-5.4037628173828125,-0.060923309326171876,7.641609191894531
1748975563702,-6.880142669677735,-2.634820861816406,6.19875961303711
1748975563770,-6.521338806152344,-4.7663882446289065,6.150110778808594
1748975563835,-5.759722595214844,-2.7532246398925784,5.872587890625001
1748975563902,-5.51572998046875,-2.7446923828125,6.180347900390625
1748975563968,-6.141129455566406,-2.87162841796875,6.965315551757813
1748975564035,-6.649322662353516,-1.9619700622558596,6.822063446044922
1748975564102,-6.9817813110351565,1.4642550659179687,10.426418151855469
1748975564169,-7.292235717773438,-0.9009764099121094,10.443632354736328
1748975564235,-5.6098841857910156,-0.3694317626953125,6.454278259277344
1748975564302,-5.0479527282714844,0.8547225952148438,7.643405456542969
1748975564370,-6.482569427490235,1.1090437316894532,8.000413055419923
1748975564434,-4.0213874816894535,2.016756134033203,6.333928527832032
1748975564502,-3.532504119873047,-2.033221893310547,9.438921661376954
1748975564570,-3.630550231933594,-0.6926097106933594,7.198979644775391
1748975564635,-3.826642456054688,-2.968027954101563,5.462141418457032
1748975564702,-4.501439208984375,-2.514620819091797,8.088729400634765
1748975564770,-4.860991516113281,-1.659598846435547,9.871522064208985
1748975564835,-5.255271606445313,-0.23366409301757815,10.486593017578125
1748975564902,-6.3512924194335945,-2.1438418579101564,10.275382232666017
1748975564967,-5.258864135742188,-1.8226098632812502,10.221643981933594
1748975565035,-6.092480621337891,-2.5990452575683594,10.322234802246093
1748975565102,-5.119953002929687,-0.9892927551269531,8.5406396484375
1748975565169,-6.821764068603516,-3.440295867919922,6.336024169921875
1748975565235,-5.8775276184082035,-3.0060488891601564,6.599176940917969
1748975565302,-5.5359379577636725,-2.9282107543945313,6.97235092163086
1748975565370,-5.692961425781251,-3.733236694335938,6.6752188110351565
1748975565434,-5.084476776123047,-3.1921119689941406,6.049669647216797
1748975565502,-4.677622833251953,-3.1952554321289064,6.545438690185547
1748975565569,-4.837640075683594,-3.1160700988769534,6.922354888916016
1748975565635,-5.41034912109375,-2.5020469665527343,7.655081176757813
1748975565702,-7.639962615966797,-4.2555006408691405,10.71337142944336
1748975565769,-7.847580871582031,-1.878743133544922,9.586065673828125
1748975565835,-5.41319320678711,0.847687225341797,4.403842163085938
1748975565902,-5.763913879394532,-3.0225146484375003,8.396788787841798
1748975565967,-6.5873515319824225,-3.1789393615722656,7.865842895507813
1748975566035,-5.761069793701172,-2.615211639404297,6.714736633300782
1748975566102,-4.495301971435547,-2.7524761962890625,6.292464752197266
1748975566169,-4.589456176757813,-2.973267059326172,6.525979156494141
1748975566235,-4.482279052734375,-2.5376728820800785,6.8232609558105475
1748975566302,-4.878505096435547,-2.5797354125976564,8.275091857910157
1748975566369,-6.487509155273438,0.19878662109375,8.743767242431641
1748975566435,-6.7862878417968755,-3.213966522216797,9.590406646728516
1748975566502,-7.8640466308593755,-3.9089712524414066,7.375163269042969
1748975566571,-6.700815582275391,-1.2103829956054688,7.429350585937501
1748975566634,-5.498066711425782,-1.8022521972656251,5.512137451171875
1748975566702,-6.938221893310547,-4.540358276367188,6.628964996337891
1748975566770,-6.742728424072266,-2.0453466796875,6.193370819091797
1748975566835,-6.224206695556641,-0.9463320922851562,6.452332305908204
1748975566902,-5.73891586303711,-1.0756631469726563,7.1994287109375
1748975566987,-5.79355224609375,-0.5120851135253907,7.529941406250001
1748975567035,-5.808371429443359,-0.4164340209960938,7.285499725341797
1748975567102,-6.216572570800782,-1.341061248779297,8.174351348876954
1748975567168,-7.485633544921876,-2.0887564086914066,8.393645324707032
1748975567235,-8.678952026367188,-3.090473327636719,9.447154541015626
1748975567302,-7.121889953613282,-0.26884094238281253,6.518045654296875
1748975567367,-2.9967681884765627,-0.239501953125,7.582182769775391
1748975567434,-6.133944396972656,-4.353397064208985,9.058712310791016
1748975567502,-5.143454132080079,-1.5389497375488281,5.896238708496094
1748975567569,-4.181554412841797,-2.0243902587890625,7.389832763671875
1748975567635,-3.9929466247558594,-2.2977218627929688,7.547305297851563
1748975567702,-3.813020782470703,-2.6710455322265627,7.285050659179688
1748975567769,-3.497626647949219,-2.156715087890625,8.224646759033204
1748975567835,-3.977977752685547,-3.018622741699219,9.391021270751954
1748975567902,-4.994513854980469,-3.449875946044922,9.333241424560548
1748975567967,-6.268664245605469,-4.44276123046875,9.876012725830078
1748975568035,-5.187462615966797,-2.422711944580078,8.615184631347656
1748975568102,-4.8562014770507815,-1.4820680236816406,6.347550201416016
1748975568170,-5.891298980712891,-4.776417388916016,7.701784057617188
1748975568235,-6.240073699951172,-3.3497341918945316,6.3758413696289065
1748975568302,-5.792803802490234,-2.6240432739257815,6.01913314819336
1748975568370,-6.0044636535644536,-3.40332275390625,6.582860870361328
1748975568434,-5.575306091308594,-2.7918443298339843,6.377637634277344
1748975568502,-5.789061584472656,-3.466491394042969,7.167545013427735
1748975568570,-6.584657135009766,-3.8279896545410157,6.815177764892579
1748975568635,-7.147935791015625,-4.2574465942382815,7.273225250244141
1748975568702,-7.0856652832031255,-5.720504150390625,11.46346160888672
1748975568770,-5.184468841552735,-1.0615924072265626,7.1455407714843755
1748975568835,-3.6913238525390626,-1.0072554016113282,5.539680175781251
1748975568902,-4.318070526123047,-6.583160247802735,9.813143463134766
1748975568967,-4.102069702148437,-4.791535949707032,7.176975402832031
1748975569035,-3.516936492919922,-3.14466064453125,6.378236389160157
1748975569102,-1.7628840637207033,-3.4861006164550785,7.3197784423828125
1748975569170,-2.0627105712890628,-3.573069763183594,7.390730895996094
1748975569235,-2.884651336669922,-3.9483393859863285,8.379424896240234
1748975569302,-3.226989440917969,-4.1481738281250005,8.881031799316407
1748975569370,-3.3220417785644534,-3.912414093017578,9.255852355957032
1748975569435,-5.0585806274414065,-4.799619140625,11.094329223632814
1748975569502,-5.0901649475097654,-2.256258087158203,10.391840057373047
1748975569570,-4.591402130126953,-1.7320481872558595,7.03417236328125
1748975569635,-5.234315185546875,-5.620961151123047,7.987240447998047
1748975569701,-4.962181091308594,-4.237687683105469,6.533762969970703
1748975569767,-4.739593963623047,-3.1060409545898438,6.287674713134766
1748975569835,-5.5429733276367195,-4.449796600341797,6.623875579833984
1748975569902,-5.461692352294922,-3.626209259033203,6.040838012695313
1748975569967,-5.398673400878907,-3.5233731079101562,6.703959045410157
1748975570035,-5.062023468017578,-2.9991632080078126,6.948700103759766
1748975570102,-5.549709320068359,-3.4486784362792973,8.2819775390625
1748975570169,-7.02504135131836,-3.8113742065429688,8.974886627197266
1748975570235,-7.545658721923829,-4.656666412353516,9.062903594970704
1748975570302,-5.420527954101563,-1.9782861328125,6.043831787109375
1748975570369,-3.4301170349121097,-0.8488847351074219,7.012168121337891
1748975570435,-6.031407623291016,-4.434378662109375,9.499695281982422
1748975570502,-5.971831512451172,-3.583697662353516,6.896009674072266
1748975570568,-4.596341857910157,-3.6167788696289063,6.914271697998047
1748975570635,-3.5485208129882815,-3.2624656677246096,6.908134460449219
1748975570702,-3.193459167480469,-2.9431796264648438,6.89526123046875
1748975570768,-3.7305422973632814,-2.215692443847656,7.386838989257813
1748975570835,-4.735851745605469,-1.9640657043457033,9.053173828125
1748975570902,-5.1114207458496095,-1.6742683410644532,8.647816772460938
1748975570970,-6.338419189453125,-3.5917808532714846,10.222841491699219
1748975571035,-8.345744934082031,-5.862708435058594,11.281889190673828
1748975571102,-6.05026840209961,-0.18471588134765626,5.983656921386719
1748975571169,-5.212161254882813,-3.037483520507813,5.702242126464844
1748975571235,-5.223387908935547,-4.684508514404297,7.256160736083984
1748975571302,-5.5253100585937505,-3.1016999816894533,5.893993377685547
1748975571369,-5.5729110717773445,-3.7979022216796876,5.8917480468750005
1748975571435,-6.064039764404297,-3.9303767395019533,6.148164825439453
1748975571502,-5.841602325439453,-3.284170532226563,6.584806823730469
1748975571570,-5.949228515625,-3.174299011230469,7.162156219482422
1748975571635,-6.152056732177734,-3.1328352355957034,7.530091094970704
1748975571702,-6.091732177734375,-2.9889843750000002,8.614585876464844
1748975571770,-7.46332992553711,-3.710783386230469,10.309660949707032
1748975571835,-6.6153433227539065,-2.2246737670898438,6.422095184326172
1748975571902,-4.418511657714844,-0.6887178039550782,5.419330444335937
1748975571973,-5.589676208496094,-4.786596221923828,10.023306427001954
1748975572035,-5.652096405029297,-3.845952301025391,7.620203704833985
1748975572102,-4.590653686523438,-3.1413674926757813,6.149811401367188
1748975572168,-4.264781341552735,-4.519252166748047,6.474785614013673
1748975572235,-4.633165283203125,-4.234993286132813,6.947502593994141
1748975572302,-3.9306761169433595,-2.651885375976563,6.8055976867675785
1748975572370,-3.586242370605469,-2.019749908447266,8.237220611572265
1748975572435,-4.92939926147461,-1.7332456970214845,8.903784484863282
1748975572502,-7.498057708740235,-3.481011199951172,9.564211120605469
1748975572570,-8.18423080444336,-4.133354644775391,9.435628509521484
1748975572635,-6.1752584838867195,-1.430724792480469,6.6645909118652344
1748975572702,-5.193599853515625,-2.21539306640625,6.749763793945313
1748975572770,-5.871540069580078,-5.86061279296875,7.739655303955079
1748975572835,-5.896687774658203,-4.401147766113281,6.199058990478516
1748975572902,-5.019811248779297,-2.7460395812988283,5.433101806640625
1748975572968,-4.4899131774902346,-3.095413055419922,6.265670471191407
1748975573035,-4.756059722900391,-2.9352461242675782,6.485263824462891
1748975573102,-5.648354187011719,-2.8048672485351562,7.390431518554688
1748975573170,-6.487359466552735,-2.7487339782714844,7.5663157653808595
1748975573235,-7.622449035644531,-3.4536181640625,8.532107391357423
1748975573302,-8.012537841796876,-4.625980224609375,9.466913452148438
1748975573370,-5.789660339355469,0.39428009033203126,5.3774176025390625
1748975573434,-6.038442993164063,-2.3243664550781253,8.090076599121094
1748975573502,-5.668711853027344,-4.011358337402344,7.773035888671876
1748975573570,-4.752616882324219,-2.5212071228027346,6.690786437988281
1748975573635,-3.326382751464844,-3.116968231201172,7.179220733642579
1748975573702,-3.4096096801757816,-3.549119567871094,6.942562866210938
1748975573769,-4.551135864257812,-4.0056701660156255,7.757019195556641
1748975573835,-5.155728607177735,-3.196902008056641,8.090076599121094
1748975573902,-5.717959442138672,-3.216660919189453,9.377249908447267
1748975573969,-6.456673278808594,-2.479893035888672,8.875493316650392
1748975574035,-6.48376693725586,-1.6983682250976564,8.50276840209961
1748975574102,-6.371650085449219,-1.2413685607910157,7.742649078369141
1748975574168,-6.859485626220703,-3.5494189453125,7.803572387695313
1748975574235,-5.25706787109375,-1.9167640686035157,6.192322998046875
1748975574302,-5.318739624023438,-3.6456687927246096,6.783443756103516
1748975574370,-5.339097290039063,-3.1102322387695316,6.3794338989257815
1748975574435,-4.897365875244141,-2.702480163574219,6.261179809570312
1748975574502,-4.712799682617188,-3.2962953186035158,7.24014404296875
1748975574570,-5.4796549987792975,-2.7822642517089844,8.013885040283203
1748975574635,-6.893015899658203,-3.776796112060547,10.518177337646485
1748975574702,-7.844587097167969,-2.6936485290527346,9.150321807861328
1748975574768,-5.910159759521485,1.1012599182128906,5.7815771484375
1748975574835,-6.21073471069336,-2.0348684692382815,8.569679260253906
1748975574902,-6.153553619384766,-3.101101226806641,6.996450805664063
1748975574967,-5.0439111328125,-2.850971374511719,6.030359802246094
1748975575035,-3.9444474792480473,-2.6704467773437504,7.099436645507813
1748975575102,-4.135450286865234,-2.23934326171875,6.931186523437501
1748975575168,-4.0109092712402346,-2.5093817138671874,7.521109771728516
1748975575235,-8.411607971191406,-0.7864645385742188,10.225984954833985
1748975575302,-9.942025451660157,-8.078101501464845,10.250084838867188
1748975575368,-7.1049751281738285,-2.694097595214844,5.759273529052734
1748975575435,-6.074368286132813,-2.339335327148438,6.302793273925782
1748975575502,-6.672075347900391,-4.465513916015626,5.837710418701172
1748975575569,-6.406976623535156,-3.4384996032714845,4.8156358337402345
1748975575635,-5.883066101074219,-3.9416033935546877,5.416636047363282
1748975575702,-5.582940216064453,-3.497626647949219,6.233487396240235
1748975575770,-5.161117401123047,-2.884950714111328,6.96995590209961
1748975575835,-5.618566131591797,-2.4108865356445315,7.513325958251953
1748975575902,-6.430028686523438,-2.994971923828125,8.321046295166017
1748975575967,-7.679779815673829,-4.461921386718751,10.123597869873047
1748975576035,-7.410938873291016,-3.4217344665527345,8.144114227294923
1748975576102,-4.340972900390625,1.4277310180664062,4.54140609741211
1748975576169,-5.622008972167969,-3.950435028076172,8.344397735595704
1748975576235,-6.569837951660157,-4.288581848144531,7.606132965087891
1748975576302,-5.855074310302735,-2.861150207519531,6.2701611328125
1748975576369,-4.099225616455079,-3.213966522216797,6.514303436279297
1748975576435,-4.408632202148437,-3.1269973754882816,6.664890289306641
1748975576502,-5.214855651855469,-2.834355926513672,7.580985260009766
1748975576570,-5.445525970458984,-1.4965878295898438,8.194259948730469
1748975576635,-6.820267181396485,-2.8291168212890625,8.722810821533203
1748975576702,-7.354805603027344,-6.558461608886719,10.641371154785157
1748975576768,-5.173541564941407,-1.2567864990234376,5.600902862548828
1748975576835,-4.427043914794922,-2.9653335571289063,5.798192596435547
1748975576902,-5.282215576171875,-6.656956787109375,8.455017700195313
1748975576975,-5.220394134521484,-2.8662396240234376,6.467899932861329
1748975577035,-4.5074267578125005,-4.065395965576172,6.7473687744140625
1748975577102,-4.606520690917969,-4.667294311523437,7.540269927978516
1748975577168,-5.207371215820313,-4.981341247558594,7.867040405273438
1748975577235,-5.25706787109375,-4.442910919189453,7.002138977050782
1748975577302,-4.58930648803711,-3.9282810974121096,6.78314437866211
1748975577370,-4.743336181640625,-4.481979675292969,7.169191589355469
1748975577435,-6.168372802734376,-5.575156402587891,7.782615966796875
1748975577502,-3.8938526916503906,-3.124302978515625,6.012097778320313
1748975577568,-3.6414775085449222,-5.440137176513672,7.764204254150391
1748975577635,-4.064647521972656,-4.654570770263672,7.535629577636719
1748975577702,-2.882106628417969,-5.20916748046875,6.325396270751954
1748975577770,-2.5336312866210937,-5.8739350891113284,6.695127410888672
1748975577835,-2.94826904296875,-7.053482208251953,6.535259857177735
1748975577902,-4.616100769042969,-5.253774719238281,6.746919708251953
1748975577968,-4.656666412353516,-6.420897674560547,7.77468246459961
1748975578035,-4.161795501708984,-6.791227569580078,8.08363998413086
1748975578102,-2.2206321716308595,-6.5484324645996095,6.660249938964844
1748975578169,-0.9883946228027344,-5.686375122070313,4.773872680664063
1748975578235,-4.657414855957032,-8.217162322998048,6.47658187866211
1748975578302,-4.849615173339844,-6.149062957763673,6.032605133056641
1748975578370,-3.891757049560547,-4.883893890380859,6.3846730041503905
1748975578435,-4.340523834228516,-5.253325653076172,6.451733551025391
1748975578502,-4.193230133056641,-5.230872344970703,6.295757904052735
1748975578570,-4.175566864013672,-5.885461120605469,6.48810791015625
1748975578635,-4.953499145507813,-6.188131713867188,6.408024444580079
1748975578702,-4.860243072509766,-6.5889981079101565,6.944508819580078
1748975578770,-5.093009033203125,-7.505242767333985,8.4544189453125
1748975578835,-3.9486387634277347,-4.291276245117188,6.031856689453125
1748975578902,-2.1119581604003907,-4.885540466308594,5.754932556152344
1748975578968,-3.650758209228516,-7.414531402587891,6.1522064208984375
1748975579035,-4.990472259521485,-8.458161163330079,5.283862152099609
1748975579102,-2.425106964111328,-6.4939457702636725,5.381010131835938
1748975579170,-2.449805603027344,-5.093607788085937,6.195316772460938
1748975579234,-3.9200482177734375,-4.898862762451172,6.774312744140626
1748975579302,-4.508474578857422,-4.846022644042969,7.338190155029297
1748975579370,-4.043691101074219,-5.327271881103516,7.818990325927735
1748975579435,-5.045557708740235,-6.040538635253907,7.5892181396484375
1748975579502,-5.464835815429688,-6.804400177001954,7.655380554199219
1748975579570,-4.245920562744141,-4.085603942871094,6.257437591552734
1748975579635,-5.0055908203125,-6.494394836425782,7.2054162597656255
1748975579702,-4.40968002319336,-6.973249053955079,6.580016784667969
1748975579771,-3.5357972717285158,-8.048762512207032,6.096971282958985
1748975579835,-4.235592041015625,-6.1152333068847655,2.628533935546875
1748975579902,-2.491568756103516,-5.109624481201172,5.261558532714844
1748975579968,-2.1371058654785156,-4.920567626953125,8.248297576904298
1748975580035,-2.055974578857422,-4.597838745117188,7.214846649169922
1748975580102,-2.504741363525391,-7.2494247436523445,10.373128967285156
1748975580169,-1.9070343017578126,-7.224426727294922,8.241860961914062
1748975580235,-2.402054901123047,-6.620133361816406,7.830216979980469
1748975580302,-2.8309130859375,-5.917195129394532,6.9096313476562505
1748975580370,0.08083190917968751,-6.700965270996094,7.459887084960938
1748975580435,-1.2222084045410158,-7.16395248413086,5.090913391113282
1748975580502,-1.465751953125,-6.689588928222657,4.841382293701172
1748975580569,-0.32602203369140625,-5.108277282714844,6.5484324645996095
1748975580635,-0.4064048767089844,-4.116739196777344,7.961943054199219
1748975580702,-3.6383340454101565,-5.3985237121582035,9.226363677978517
1748975580770,-2.6914031982421878,-5.385351104736328,8.764274597167969
1748975580835,-2.186503143310547,-5.347030792236328,9.425898742675782
1748975580902,-3.374432830810547,-5.173541564941407,9.545350341796876
1748975580968,-1.8992504882812502,-5.385351104736328,7.695347442626954
1748975581035,-0.40116577148437504,-6.816524963378907,8.79256576538086
1748975581102,-3.806434478759766,-4.439318389892579,6.701564025878906
1748975581170,-2.78061767578125,-4.019291839599609,5.635331268310547
1748975581235,-2.556533660888672,-4.983885955810547,5.783672790527344
1748975581302,-2.4035517883300783,-4.5761338806152345,7.386539611816406
1748975581369,-2.2062620544433593,-6.164929962158204,8.670719146728516
1748975581435,-2.4939637756347657,-5.162314910888672,9.009913787841798
1748975581502,-3.8709503173828126,-5.096751251220703,13.279335479736329
1748975581570,-3.133733367919922,-1.26217529296875,9.111253051757814
1748975581635,-1.9760408020019533,-4.165088653564453,10.102940826416017
1748975581702,-0.8264314270019532,-4.122577056884766,7.1244346618652346
1748975581770,-0.8434959411621095,-3.028352508544922,5.682782592773438
1748975581835,-2.125280456542969,-1.673819274902344,8.300389251708985
1748975581902,-2.345921630859375,2.44531494140625,10.75887680053711
1748975581973,-3.0518536376953125,3.662882995605469,13.197904815673828
1748975582035,-3.4316139221191406,2.306104431152344,13.485007781982423
1748975582102,-3.320844268798828,2.9461734008789064,12.713063049316407
1748975582168,-4.6643005371093755,2.9746142578125,12.002939758300782
1748975582235,-3.1617251586914064,2.091750183105469,9.8052099609375
1748975582302,-2.095941467285156,2.754422149658203,9.533824310302736
1748975582370,-1.3413606262207032,1.595232696533203,5.990542602539063
1748975582435,-1.9390676879882813,1.839225311279297,3.3343162536621094
1748975582502,-0.9451345825195313,4.814737701416016,4.653822326660157
1748975582570,-1.1979588317871095,3.933669891357422,3.83921630859375
1748975582635,-1.5377522277832032,6.2510009765625005,6.1891795349121095
1748975582702,-1.5911911010742188,5.2876043701171875,7.194638671875
1748975582770,-1.6780105590820313,6.146218872070313,7.347021789550782
1748975582835,-1.3365705871582032,4.377796325683594,9.193432159423828
1748975582902,-0.11466156005859375,3.8815782165527346,10.076445922851564
1748975582968,3.1031968688964846,1.9094293212890625,9.338330841064453
1748975583035,1.6615447998046875,5.0780401611328125,6.018684082031251
1748975583102,1.0397378540039064,2.6804759216308596,7.9803547668457036
1748975583170,0.18546432495117188,5.023852844238282,8.351283416748048
1748975583235,-0.6312373352050782,4.1393421936035155,9.459878082275392
1748975583302,-0.5295986938476562,4.84512451171875,7.100634155273438
1748975583370,-0.69216064453125,5.465284881591797,7.623047790527344
1748975583435,-0.207169189453125,4.678520965576172,8.296347656250001
1748975583502,-0.8125103759765625,4.13664779663086,10.292895812988283
1748975583570,-0.6330335998535157,6.586004333496094,9.758207702636719
1748975583635,-1.975741424560547,3.0162277221679688,10.391091613769532
1748975583702,-0.940045166015625,3.8176611328125003,7.66451156616211
1748975583771,-1.4790742492675781,4.578229522705079,8.949738922119142
1748975583835,-0.5947132873535157,3.8395156860351562,7.785460052490235
1748975583902,-0.116158447265625,4.608915710449219,6.790179748535157
1748975583968,-0.6997947692871094,5.24554183959961,8.15025146484375
1748975584035,-0.6707551574707031,5.136568450927735,7.730973358154297
1748975584102,-0.47496231079101564,5.642067260742188,7.986791381835938
1748975584170,-0.8131091308593751,5.984105987548828,8.379424896240234
1748975584235,-0.7527845764160157,5.585784301757813,8.55396194458008
1748975584302,-0.048648834228515625,5.841302947998047,9.138496398925781
1748975584371,0.0652642822265625,7.040758666992188,8.037535858154298
1748975584435,1.0092013549804688,4.345762939453126,8.336613922119142
1748975584502,1.5450869750976564,5.493725738525391,5.508993988037109
1748975584570,-0.023950195312500002,5.435047760009766,5.5218672180175785
1748975584635,-0.37197647094726566,5.236710205078126,8.430618438720703
1748975584702,2.1246817016601565,1.5346087646484377,5.841752014160156
1748975584771,3.360362091064453,0.7018904113769532,8.438252563476563
1748975584835,3.1343321228027343,1.350641326904297,9.698032836914063
1748975584902,1.04662353515625,2.067949676513672,10.171797637939454
1748975584968,-2.059567108154297,2.7333160400390626,11.290870513916015
1748975585035,-3.6152819824218754,1.845212860107422,11.860885162353517
1748975585102,-4.519252166748047,3.9103184509277344,9.51735855102539
1748975585168,-5.06112533569336,3.6848872375488284,10.611134033203125
1748975585235,-5.818101196289063,4.135150909423828,7.660170593261719
1748975585302,-4.743785247802735,2.18186279296875,7.63771728515625
1748975585368,-3.6384837341308596,2.5713528442382816,5.0055908203125
1748975585435,-3.1784902954101564,2.1273760986328125,5.1433044433593755
1748975585502,-3.776496734619141,2.0734881591796874,5.7225997924804695
1748975585568,-4.226311340332032,4.089795227050781,5.830974426269531
1748975585635,-4.678820343017579,2.049537963867188,5.149890747070312
1748975585702,-1.2310400390625,2.599494323730469,10.530002746582031
1748975585769,-3.8350250244140627,1.380579071044922,10.153984680175782
1748975585835,-5.2769764709472655,-0.2912942504882813,9.496402130126954
1748975585902,-5.242398376464844,-0.24758514404296877,11.608360290527344
1748975585968,-4.664150848388672,-2.219883728027344,9.844877471923828
1748975586035,-5.010380859375,-2.056124267578125,8.950487365722656
1748975586102,-3.7257522583007816,-3.019969940185547,7.804919586181641
1748975586169,-3.9549256896972658,-1.6191828918457032,8.370892639160157
1748975586235,-3.5389407348632815,-1.5368540954589844,8.90602981567383
1748975586302,-0.9892927551269531,-2.980751495361328,10.956914978027344
1748975586368,-1.9968475341796876,-3.6845878601074222,10.207273864746094
1748975586435,-1.8004559326171876,-1.215472412109375,10.254276123046875
1748975586502,-1.9475999450683594,-2.092199249267578,11.062146148681641
1748975586568,-2.326462097167969,-2.419867858886719,11.208541717529297
1748975586635,-2.019300842285156,-0.5270539855957032,10.901230773925782
1748975586702,-2.745740203857422,-2.062261505126953,8.308173065185548
1748975586768,-2.795885925292969,-3.174299011230469,8.24320816040039
1748975586835,-2.9557534790039064,-3.934717712402344,8.056995391845703
1748975586902,-3.3081207275390625,-2.11480224609375,8.287516021728516
1748975586979,-4.5744873046875005,-3.604205017089844,7.722141723632813
1748975587035,-5.1343231201171875,-4.46671142578125,7.58502685546875
1748975587102,-3.7555403137207035,-3.5817517089843753,7.055877227783204
1748975587168,-3.721710662841797,-4.353696441650391,7.2916369628906255
1748975587235,-3.459605712890625,-3.057092742919922,7.861950988769531
1748975587302,-4.468807067871094,-4.070934448242188,9.633816375732422
1748975587370,-5.771098937988281,-4.472549285888672,9.550888824462891
1748975587435,-6.065237274169922,-3.219954071044922,8.803642730712891
1748975587502,-4.875361633300781,-0.02005828857421875,6.326444091796875
1748975587570,-5.1838700866699226,-3.2742910766601563,9.25196044921875
1748975587635,-5.2398536682128904,-2.2938299560546875,8.240663452148437
1748975587702,-4.187991027832031,-2.8071125793457035,7.0820727539062505
1748975587770,-3.0768516540527346,-2.811902618408203,8.183182983398439
1748975587835,-2.685864715576172,-2.4143293762207034,7.556885375976563
1748975587902,-1.7378860473632813,-2.4959097290039063,8.987310791015625
1748975587968,-2.9247679138183593,-3.8501435852050783,9.94696517944336
1748975588035,-3.600612487792969,-3.9701939392089844,9.676477661132813
1748975588102,-3.844904479980469,-3.4829571533203127,9.57573715209961
1748975588170,-3.5604959106445313,-2.878663787841797,9.84682342529297
1748975588235,-2.9394374084472656,-1.7013619995117188,7.652386779785156
1748975588302,-3.9546263122558596,-5.249583435058594,9.990674285888673
1748975588368,-3.41290283203125,-2.1400996398925782,8.392896881103516
1748975588435,-2.9404852294921877,-2.2912852478027346,7.851173400878906
1748975588502,-3.1352302551269533,-3.8634658813476563,8.776998138427734
1748975588570,-2.961441650390625,-3.4525703430175785,7.7954891967773445
1748975588635,-2.788401489257813,-4.014801177978516,8.772806854248048
1748975588702,-2.58901611328125,-4.474495239257813,9.24043441772461
1748975588771,-2.1941372680664064,-3.2576756286621094,8.583300933837892
1748975588835,-3.121608581542969,-5.029990081787109,10.572813720703126
1748975588902,-2.9246182250976562,-0.9825567626953126,6.829697570800781
1748975588968,-3.0382319641113282,-5.008135528564454,9.367220764160157
1748975589035,-3.588787078857422,-3.498973846435547,7.7688446044921875
1748975589102,-2.2110520935058595,-3.5920802307128907,8.609197082519533
1748975589168,-2.1903950500488283,-3.5118470764160157,8.063881072998047
1748975589235,-1.7664765930175783,-3.935765533447266,7.84368896484375
1748975589302,-1.3880635070800782,-3.200793914794922,8.040829010009766
1748975589371,-2.6376649475097658,-4.372557220458985,8.940907287597657
1748975589435,-2.907254333496094,-3.1103819274902347,7.797285461425782
1748975589502,-3.3720378112792972,-4.327351226806641,8.345894622802735
1748975589568,-4.707410888671875,-5.625302124023438,12.45125747680664
1748975589635,-5.288801879882813,-0.09744735717773438,8.288863220214845
1748975589702,-3.702849884033203,-3.383563842773438,8.472381591796875
1748975589770,-3.8883142089843754,-4.797373809814453,9.632319488525392
1748975589835,-3.6854859924316408,-3.473526763916016,8.564140777587891
1748975589902,-3.5461257934570316,-3.874842224121094,8.004454650878907
1748975589968,-3.156785430908203,-5.0075367736816405,7.11844711303711
1748975590035,-2.500250701904297,-4.987927551269531,6.804849243164063
1748975590102,-2.728076934814453,-3.7724551391601566,6.797215118408204
1748975590170,-3.4684373474121095,-3.9809715270996096,8.089178466796875
1748975590235,-4.601131896972657,-3.896547088623047,8.569080505371094
1748975590302,-5.349575500488282,-3.869303741455078,9.505233764648438
1748975590370,-6.387816467285156,-5.067561950683594,11.087293853759766
1748975590435,-5.929469604492188,-1.8238073730468751,7.953560485839844
1748975590502,-2.9451255798339844,-2.901566162109375,8.707243194580078
1748975590569,-4.209546203613281,-3.048560485839844,10.230325927734375
1748975590635,-4.085603942871094,-2.9307554626464847,7.469616851806641
1748975590702,-3.5789076232910157,-5.382207641601563,8.371641082763672
1748975590769,-2.438728637695313,-5.640570373535157,8.509803771972656
1748975590835,-1.9490968322753908,-4.289779357910157,6.758894805908204
1748975590902,-0.7481442260742188,-4.555476837158204,7.448361053466797
1748975590968,-0.40850051879882815,-4.7575566101074225,8.617429962158203
1748975591035,-1.0111473083496094,-4.627028045654297,8.76666961669922
1748975591102,-3.183729400634766,-5.27622802734375,10.88626190185547
1748975591169,-4.331692199707032,-3.2962953186035158,12.07853256225586
1748975591235,-4.39530990600586,-1.565294952392578,7.712711334228516
1748975591302,-4.449497222900391,-5.288951568603516,9.99247055053711
1748975591370,-4.684209136962891,-2.9124934387207033,8.110134887695313
1748975591435,-2.0004400634765624,-2.241588592529297,10.0638720703125
1748975591502,-3.000809783935547,-0.5379812622070312,10.794502716064454
1748975591570,-3.967050476074219,0.1579216003417969,12.349020080566406
1748975591635,-7.144492950439454,-4.628225555419922,15.439194030761719
1748975591702,-6.832391967773438,-3.3714390563964844,10.328372039794923
1748975591770,-4.226910095214844,-3.3796719360351566,7.293882293701172
1748975591836,-1.8865269470214845,-2.560126190185547,4.272116088867188
1748975591902,-1.4696438598632813,-0.9985734558105469,6.145021362304687
1748975591978,-1.490749969482422,1.4733860778808594,11.093730468750001
1748975592035,1.1822415161132813,0.6839277648925781,5.550308074951172
1748975592102,-0.8408015441894532,2.7201434326171876,9.887239379882812
1748975592168,-3.4185910034179687,3.9469921875000002,11.991114349365235
1748975592236,-2.9105474853515627,2.245480499267578,9.804311828613281
1748975592302,-1.8977536010742189,3.5524127197265627,7.2281689453125
1748975592370,-1.964814147949219,3.1786399841308595,6.975793762207031
1748975592435,-1.7027091979980469,1.902843017578125,6.950496368408204
1748975592502,-2.408192138671875,2.350561981201172,7.015910339355469
1748975592570,-3.8034407043457032,1.4880555725097657,8.105793914794923
1748975592635,-4.208797760009766,1.8922151184082032,9.159452819824219
1748975592702,-5.481750640869141,1.2246034240722656,11.056607666015626
1748975592770,-4.064497833251953,2.392774200439453,7.976612548828125
1748975592836,-3.9839653015136722,1.1853849792480469,8.128845977783204
1748975592902,-3.9853125,0.23605911254882814,8.99464553833008
1748975592968,-4.511318664550782,-0.008831634521484376,10.390941925048828
1748975593035,-4.2944197082519535,0.3983216857910156,9.176816711425781
1748975593102,-4.288282470703125,0.7617658996582032,9.122779083251954
1748975593171,-3.9231916809082032,1.030906219482422,8.59617416381836
1748975593235,-4.743036804199219,1.0734178161621095,7.653135223388673
1748975593302,-5.395230560302735,0.966390380859375,9.014554138183595
1748975593371,-5.681136016845703,-0.358055419921875,10.563233642578126
1748975593435,-5.37487289428711,-1.0446775817871095,9.80281494140625
1748975593502,-5.497917022705078,-0.8662486267089844,9.398954772949219
1748975593569,-3.343297576904297,-0.6894662475585938,7.262896728515625
1748975593636,-3.490441589355469,-3.2656091308593753,9.862091674804688
1748975593702,-3.866160278320313,-1.0181826782226564,8.851243743896484
1748975593770,-3.562292175292969,-1.3211526489257812,7.3763607788085945
1748975593836,-3.818708953857422,-0.106578369140625,7.81734375
1748975593902,-4.048481140136719,-0.00209564208984375,8.047864379882814
1748975593968,-4.457730102539062,-0.31225067138671875,8.803642730712891
1748975594036,-4.831802215576172,0.2118095397949219,8.807534637451173
1748975594102,-4.2626856994628906,0.41583526611328125,8.6747607421875
1748975594171,-4.493206329345703,0.7458988952636719,8.395591278076171
1748975594236,-4.794230346679687,0.9732760620117188,9.181157684326172
1748975594302,-6.7012646484375,0.9288185119628907,11.595037994384766
1748975594371,-6.628815307617188,-0.1722917175292969,10.292147369384766
1748975594435,-4.202211456298828,-1.2558883666992189,6.522835693359375
1748975594502,-4.774022369384766,-1.2862751770019532,8.239615631103517
1748975594568,-4.880001983642578,-1.1792477416992189,7.472311248779297
1748975594636,-4.933889923095704,-1.0542576599121094,6.613247680664063
1748975594702,-4.93134521484375,-0.8987310791015626,6.991062011718751
1748975594771,-5.1168095397949225,-0.06421646118164062,6.913223876953126
1748975594836,-7.156917114257813,0.36239639282226566,6.78314437866211
1748975594902,-7.826025695800782,0.0544866943359375,6.681954803466797
1748975594968,-8.088729400634765,-0.7432044982910156,6.121669921875
1748975595036,-8.505462799072266,-2.8395950317382814,7.832611999511719
1748975595102,-6.072272644042969,-2.3504122924804687,8.367898864746094
1748975595168,-4.1721240234375,-0.6162684631347657,6.9801347351074226
1748975595236,-3.645070037841797,-5.540278930664063,8.652756500244141
1748975595302,-4.6165498352050784,-3.7514987182617188,8.305179290771484
1748975595370,-4.058809661865235,-2.835703125,7.315587158203125
1748975595435,-3.5639387512207032,-1.8733543395996095,7.870632934570313
1748975595502,-3.5854939270019535,-1.3454022216796875,8.293204193115235
1748975595568,-4.137246551513672,-1.6063096618652344,8.726553039550781
1748975595636,-4.534520416259766,-1.4623091125488281,8.321345672607423
1748975595702,-4.969515838623047,-1.3120216369628908,9.426198120117188
1748975595770,-5.136718139648438,-2.282303924560547,10.046358489990235
1748975595836,-4.841382293701172,-2.5626708984375,8.622669067382812
1748975595902,-4.877756652832032,-2.8503726196289065,8.062533874511718
1748975595968,-5.521268463134766,-3.1341824340820312,8.036787414550782
1748975596036,-5.346881103515625,-3.9953416442871097,7.3991134643554695
1748975596102,-5.145998840332031,-4.410877532958985,6.987469482421876
1748975596169,-4.339176635742188,-4.379742279052735,5.7594232177734375
1748975596236,-4.391417999267579,-4.177961883544922,5.846242675781251
1748975596302,-4.767735443115234,-3.855831756591797,6.703659667968751
1748975596368,-5.225034484863282,-3.480711822509766,7.033872985839844
1748975596435,-5.007985839843751,-4.269870758056641,6.831344146728516
1748975596502,-4.835843811035157,-4.625680847167969,7.1242849731445315
1748975596568,-6.117179260253907,-5.848188629150391,9.50059341430664
1748975596636,-7.259753265380859,-8.26850555419922,10.568472747802735
1748975596702,-6.255341949462891,-0.35296600341796874,5.853128356933594
1748975596770,-3.90627685546875,-3.6694692993164066,7.42695556640625
1748975596836,-4.356390838623047,-5.602549438476562,7.568112030029297
1748975596902,-3.755989379882813,-5.602250061035156,6.366261291503907
1748975596975,-2.4605831909179687,-5.015919342041016,6.898704071044922
1748975597036,-1.2313394165039062,-3.812571716308594,6.956633605957031
1748975597102,-1.1894265747070314,-3.9230419921875,7.169790344238281
1748975597168,-2.8288174438476563,-5.360353088378907,8.497678985595703
1748975597236,-6.2333377075195315,-9.439370727539062,12.176129608154298
1748975597302,-7.410190429687501,-5.443280639648438,8.501870269775392
1748975597370,-4.046684875488282,-1.1687695312500002,4.734953613281251
1748975597435,-3.337310028076172,-4.439168701171875,6.737788696289063
1748975597502,-4.533472595214844,-6.501280517578126,8.624764709472657
1748975597570,-5.281916198730469,-4.048481140136719,6.268664245605469
1748975597636,-4.460125122070313,-5.066065063476563,6.436016235351563
1748975597702,-4.0426432800292975,-5.098846893310547,6.2068428039550785
1748975597770,-3.7402720642089844,-5.599855041503907,7.017556915283204
1748975597835,-3.7444633483886722,-4.698279876708985,7.111860809326172
1748975597902,-4.014651489257813,-5.8724382019042976,9.169481964111329
1748975597968,-5.444627838134766,-8.112529907226563,11.3380224609375
1748975598035,-5.057383117675782,-2.0089723205566408,5.420827331542969
1748975598102,-3.5929783630371097,-2.065854034423828,6.209237823486329
1748975598171,-5.0039442443847655,-5.970184936523438,8.28871353149414
1748975598236,-4.911885681152344,-5.628744964599609,6.907984771728516
1748975598302,-3.7345838928222657,-4.396208038330078,6.9536398315429695
1748975598368,-1.8485060119628907,-3.6178266906738283,7.527396697998047
1748975598435,-2.3249652099609377,-4.106111297607422,7.1720356750488286
1748975598502,-2.6670039367675784,-3.176694030761719,7.999365234375
1748975598570,-4.426145782470703,-4.571643218994141,8.046966247558593
1748975598635,-3.2897090148925785,-1.6205300903320314,9.547595672607422
1748975598702,-5.856122131347656,-5.666765899658204,11.570039978027344
1748975598770,-6.362219696044922,-2.0447479248046876,7.18550765991211
1748975598835,-5.232967987060547,-3.793261871337891,7.17832260131836
1748975598902,-5.432203674316407,-4.554728393554687,7.504344635009766
1748975598968,-5.101541290283204,-3.4757720947265627,6.6629443359375005
1748975599035,-5.468428344726563,-4.14143783569336,6.512956237792969
1748975599102,-5.124743041992188,-4.472399597167969,6.911427612304688
1748975599168,-4.621489562988281,-4.319717102050782,6.786886596679688
1748975599236,-3.5223252868652346,-4.261787567138672,6.583908691406251
1748975599302,-4.743785247802735,-4.418960723876953,7.406448211669923
1748975599368,-5.943690032958985,-3.976331176757813,8.624165954589845
1748975599436,-7.883955230712891,-4.094585266113281,9.704469451904297
1748975599502,-7.686515808105469,-2.972069549560547,6.397695922851563
1748975599568,-6.805298309326172,-1.031055908203125,8.468190307617188
1748975599636,-6.334976348876953,-2.628683624267578,7.338938598632813
1748975599702,-5.515879669189453,-3.2263906860351566,5.424419860839844
1748975599768,-5.080734558105469,-4.0707847595214846,5.948180694580079
1748975599836,-3.0530511474609376,-3.9845640563964846,8.840915222167968
1748975599902,-3.443738708496094,-2.9141400146484377,7.590715026855469
1748975599968,-3.8937030029296875,-3.630400543212891,7.144942016601563
1748975600036,-5.0937574768066405,-4.3014550781250005,8.610843658447266
1748975600102,-5.519023132324219,-3.873794403076172,8.52716766357422
1748975600170,-6.725364532470704,-4.404889984130859,9.475445709228516
1748975600236,-6.018983459472657,-1.4874568176269531,8.675808563232422
1748975600302,-5.623356170654297,-2.2600003051757813,7.348219299316407
1748975600370,-6.47179183959961,-4.298910369873047,7.348818054199219
1748975600436,-5.658682708740234,-2.404599609375,5.738616485595704
1748975600502,-5.51138900756836,-4.249962158203125,7.220085754394532
1748975600568,-5.408103790283203,-3.967200164794922,6.337521057128907
1748975600636,-4.917424163818359,-3.7342845153808595,6.105952606201172
1748975600702,-4.695136413574219,-4.626578979492188,7.492818603515626
1748975600770,-6.061944122314453,-4.312382354736329,8.149802398681642
1748975600836,-6.906637573242188,-5.710624694824219,9.830956420898438
1748975600902,-5.871390380859375,-2.336191864013672,6.110293579101563
1748975600970,-4.810995483398438,-0.9392967224121094,6.762786712646485
1748975601036,-6.037694549560547,-3.323089599609375,9.897418212890626
1748975601102,-5.99757797241211,-3.574117584228516,6.694229278564453
1748975601170,-4.3649230957031255,-3.8410125732421876,5.969586181640626
1748975601236,-1.6310083007812501,-3.139720916748047,7.9608952331542975
1748975601302,-3.8035903930664063,-3.3718881225585937,6.655609588623047
1748975601368,-3.6013609313964845,-3.1124775695800784,7.002138977050782
1748975601436,-4.2818458557128904,-3.909570007324219,8.575966186523438
1748975601502,-6.355932769775391,-4.35698959350586,9.648485870361329
1748975601570,-7.572153625488282,-4.500990142822266,10.270891571044922
1748975601636,-5.411396942138672,-0.9171427917480469,8.022566986083985
1748975601702,-4.332141265869141,-2.8229795837402345,6.996001739501954
1748975601768,-5.047353973388672,-6.158643035888672,8.811276855468751
1748975601836,-4.498445434570312,-3.38416259765625,6.609804840087891
1748975601902,-4.42884017944336,-3.692970428466797,6.359525299072266
1748975601980,-4.277953948974609,-5.0392707824707035,6.924600219726563
1748975602036,-3.8636155700683594,-4.080514526367188,7.018155670166016
1748975602102,-4.201463012695313,-4.115990753173828,7.510332183837891
1748975602169,-4.870721282958985,-3.664230194091797,7.602690124511719
1748975602236,-5.057233428955079,-4.316124572753907,8.67760482788086
1748975602302,-6.4006896972656255,-5.502707061767579,9.845176849365235
1748975602370,-6.041137390136719,-4.42794204711914,8.030051422119142
1748975602435,-4.348008270263672,-1.3555810546875,6.062243499755859
1748975602502,-3.2145652770996094,-4.8235693359375,7.590565338134766
1748975602568,-3.696263580322266,-7.234904937744141,6.6806076049804695
1748975602635,-1.6857943725585938,-6.702312469482422,6.421496429443359
1748975602702,-0.42661285400390625,-5.603297882080079,8.18572769165039
1748975602768,-2.1320164489746096,-5.176086273193359,6.843319244384766
1748975602836,-2.9330007934570315,-4.655019836425781,7.510481872558594
1748975602902,-3.1362780761718754,-4.279450836181641,8.414302368164062
1748975602968,-3.2349229431152344,-4.396956481933594,8.958570556640625
1748975603036,-4.027225341796875,-4.378395080566406,8.712033233642579
1748975603102,-3.7654197692871096,-3.579506378173828,9.08475814819336
1748975603169,-3.6718643188476565,-3.274740142822266,9.700577545166016
1748975603236,-2.7620562744140624,-3.721710662841797,8.567733306884765
1748975603302,-4.960983581542969,-5.567222900390625,9.137298889160157
1748975603368,-5.302423553466797,-4.902904357910156,8.146509246826172
1748975603435,-4.889132995605469,-4.456682281494141,7.5962535095214845
1748975603502,-4.81159423828125,-5.673950958251954,7.07249267578125
1748975603568,-4.350852355957032,-5.285359039306641,6.888225860595703
1748975603636,-4.913382568359375,-2.676284637451172,6.354435882568359
1748975603702,-4.160747680664063,-1.1451187133789062,7.2494247436523445
1748975603769,-3.4456846618652346,-3.223247222900391,8.661737823486328
1748975603836,-4.53422103881836,-3.453767852783203,9.210646362304688
1748975603902,-6.093977508544922,-4.991819458007813,8.53824462890625
1748975603968,-4.855902099609375,-2.8160939025878906,5.966891784667969
1748975604036,-4.2538540649414065,-3.3495845031738285,6.046226806640625
1748975604102,-5.029840393066406,-4.938380584716797,7.093000030517579
1748975604168,-4.712051239013672,-5.815406799316406,8.008196868896485
1748975604236,-4.534819793701172,-4.451592864990235,6.714586944580079
1748975604302,-3.5515145874023437,-3.467539215087891,6.723867645263672
1748975604368,-4.31343017578125,-3.938759307861328,7.216343536376954
1748975604435,-4.985981597900391,-3.7118312072753907,7.7231895446777346
1748975604502,-5.233267364501954,-4.053720245361328,8.561745758056642
1748975604568,-4.974156188964844,-3.419938201904297,9.153614959716798
1748975604636,-5.173541564941407,-4.578828277587891,9.287137298583986
1748975604702,-5.038971405029297,-4.954097900390625,9.151219940185547
1748975604768,-4.637506256103516,-3.7907171630859375,8.781937866210939
1748975604836,-4.283642120361328,-2.7934909057617188,6.866071929931641
1748975604902,-4.5092230224609375,-5.938750305175781,7.919281768798829
1748975604968,-4.967569885253907,-5.542524261474609,7.152127075195313
1748975605036,-4.763244781494141,-4.371060333251953,6.363417205810547
1748975605102,-4.254303131103516,-4.705015869140626,6.357279968261719
1748975605170,-4.31343017578125,-4.646188201904297,6.035149841308594
1748975605236,-4.035158843994141,-3.4316139221191406,6.497089233398438
1748975605302,-4.151317291259766,-4.275858306884766,7.828869781494141
1748975605368,-5.269492034912109,-4.226161651611329,8.31356185913086
1748975605435,-6.189778289794922,-5.742957458496094,9.574539642333985
1748975605502,-5.892795867919922,-5.53010009765625,8.937614135742187
1748975605570,-4.499044189453125,-3.2058833312988284,6.865922241210938
1748975605636,-3.660637664794922,-2.455793151855469,6.799011383056641
1748975605702,-4.927902374267578,-4.814887390136719,8.961115264892578
1748975605770,-4.145928497314453,-3.712879028320313,7.178621978759766
1748975605836,-3.3223411560058596,-4.594994659423828,7.1298234558105476
1748975605902,-2.8232789611816407,-4.265829162597656,6.998995513916016
1748975605968,-2.501597900390625,-4.270469512939453,7.162904663085937
1748975606036,-2.737207946777344,-4.539609832763672,7.398514709472656
1748975606102,-3.307372283935547,-5.154231719970704,8.299790496826173
1748975606168,-4.273612976074219,-5.8862095642089844,9.59055633544922
1748975606236,-5.041815490722657,-4.921465759277344,9.68979995727539
1748975606302,-5.311704254150391,-3.5949243164062503,10.016271057128908
1748975606370,-3.8395156860351562,-1.222657470703125,6.571783905029297
1748975606435,-4.465513916015626,-5.556744689941406,8.893755340576172
1748975606502,-4.957989807128906,-3.3401541137695316,7.108118591308594
1748975606568,-5.079237670898438,-3.330873413085938,6.811136169433594
1748975606636,-5.409450988769532,-5.294040985107422,7.542814636230469
1748975606702,-4.221371612548828,-4.407883758544922,7.417974243164063
1748975606768,-3.6253111267089846,-3.8122723388671877,6.667734375
1748975606836,-3.496429138183594,-4.619094543457032,6.421496429443359
1748975606902,-3.2656091308593753,-4.380041656494141,6.922803955078125
1748975606979,-3.626957702636719,-4.842579803466797,8.970395965576172
1748975607036,-4.851411437988282,-5.669160919189453,10.343789978027344
1748975607102,-6.616391143798828,-7.015610961914063,10.746302947998048
1748975607169,-4.269870758056641,-0.9187893676757813,6.943161621093751
1748975607236,-2.967728576660156,-3.0225146484375003,8.481811981201172
1748975607302,-4.294120330810547,-5.011728057861329,8.868457946777344
1748975607368,-4.391867065429688,-4.887037353515625,7.272626495361329
1748975607435,-3.6372862243652344,-5.135670318603516,7.312294006347656
1748975607502,-2.3969654846191406,-6.467899932861329,7.959997100830079
1748975607568,-2.196382598876953,-4.59409652709961,6.10056381225586
1748975607636,-1.3789324951171875,-4.595593414306641,6.77551025390625
1748975607702,-1.7715660095214845,-5.519771575927734,7.713908843994141
1748975607768,-3.201841735839844,-5.383554840087891,8.466992797851564
1748975607836,-5.020110626220704,-7.363487548828125,9.989027709960938
1748975607902,-4.50503173828125,-4.060905303955078,9.410780181884766
1748975607969,-4.180656280517578,-1.9992425537109375,7.723788299560547
1748975608036,-4.58646240234375,-4.272415466308594,6.079906768798828
1748975608102,-4.712350616455079,-6.2915666198730476,7.235054626464844
1748975608168,-4.846471710205078,-4.020788726806641,6.725214843750001
1748975608236,-4.400698699951172,-3.872297515869141,7.258855133056641
1748975608302,-4.257147216796875,-3.9737864685058595,7.24538314819336
1748975608368,-4.198768615722656,-4.219275970458985,6.974147186279297
1748975608435,-3.377725982666016,-4.618795166015626,7.669900360107422
1748975608502,-4.327500915527344,-4.405339050292969,7.435188446044922
1748975608568,-5.528752899169922,-4.536017303466797,9.129664764404298
1748975608636,-5.851631469726563,-3.720213775634766,10.512788543701172
1748975608702,-5.837710418701172,-4.174219665527344,9.173373870849609
1748975608768,-3.6788996887207035,0.896785125732422,5.8773779296875
1748975608836,-3.0455667114257814,-4.688999176025391,8.435408477783204
1748975608902,-4.31627426147461,-4.939578094482422,7.241341552734375
1748975608968,-3.866309967041016,-5.18806137084961,7.600893859863282
1748975609036,-2.751727752685547,-4.075125732421875,7.134014739990235
1748975609102,-1.9371217346191407,-4.302652587890625,7.030280456542969
1748975609168,-2.1210891723632814,-4.323758697509766,6.6630940246582036
1748975609236,-3.037932586669922,-4.721331939697266,7.573201446533203
1748975609302,-4.119283905029297,-5.1377659606933594,8.836424560546876
1748975609368,-5.413492584228516,-5.695206756591797,10.067763977050781
1748975609435,-6.606811065673829,-6.242768096923829,10.765612792968751
1748975609502,-5.132077789306641,-1.954186248779297,7.984246673583985
1748975609568,-3.6455191040039066,-1.8133291625976564,6.481072540283203
1748975609636,-4.181853790283204,-4.740641784667969,7.431595916748047
1748975609702,-5.100044403076172,-4.941823425292969,7.132817230224609
1748975609769,-5.216502227783203,-3.5892361450195316,6.568341064453126
1748975609836,-5.0973500061035155,-3.9541772460937503,6.648274841308594
1748975609902,-4.633015594482422,-4.5548780822753905,6.808292083740235
1748975609968,-4.136049041748047,-3.9848634338378908,7.0997360229492195
1748975610036,-4.153562622070313,-4.430187377929688,7.36273910522461
1748975610103,-4.778363342285156,-4.998256072998047,8.315058746337892
1748975610168,-6.037694549560547,-5.8439973449707034,9.843380584716797
1748975610236,-5.958509216308594,-5.186714172363281,8.419840850830079
1748975610302,-4.314028930664063,-0.9095086669921876,4.776716766357422
1748975610368,-4.410877532958985,-4.642595672607422,8.879385223388672
1748975610435,-5.891897735595704,-4.843627624511719,7.426356811523438
1748975610502,-4.776267700195313,-3.9170544433593752,5.747747497558594
1748975610568,-3.467539215087891,-4.281396789550781,6.681655426025391
1748975610636,-3.2052845764160156,-4.4527903747558595,6.395600280761719
1748975610703,-3.066672821044922,-4.168830871582031,7.192692718505859
1748975610768,-3.370690612792969,-4.2379870605468755,7.672445068359376
1748975610836,-4.406087493896485,-4.791236572265626,8.886570281982422
1748975610903,-6.1276574707031255,-4.504732360839844,8.966504058837891
1748975610968,-6.518644409179688,-4.903054046630859,9.141041107177735
1748975611036,-5.776487731933594,-3.157533874511719,9.508975982666016
1748975611103,-4.718338165283203,-0.2775228881835938,6.911427612304688
1748975611168,-5.642815704345703,-3.878584442138672,7.418423309326172
1748975611236,-6.098318481445313,-4.491260375976562,7.195536804199219
1748975611303,-5.629194030761719,-3.723955993652344,6.617438964843751
1748975611368,-5.571863250732422,-4.177961883544922,6.317163391113281
1748975611435,-4.691992950439453,-4.494104461669922,6.053262176513672
1748975611503,-3.785028991699219,-4.383484497070313,6.602919158935547
1748975611568,-4.144431610107422,-3.599864044189453,6.687193908691406
1748975611636,-5.2383567810058596,-4.73974365234375,8.206983489990234
1748975611703,-6.5192431640625,-5.088368682861328,10.74645263671875
1748975611768,-7.776778106689454,-5.225184173583985,10.909613342285157
1748975611836,-5.633085937500001,-0.568817138671875,5.63832504272461
1748975611903,-4.534520416259766,-1.7413288879394533,7.047794036865235
1748975611976,-4.890779571533203,-4.663252716064453,8.093968505859376
1748975612036,-5.407055969238281,-4.884043579101562,7.237150268554688
1748975612103,-3.878734130859375,-4.690046997070313,6.698719940185547
1748975612169,-2.7857070922851563,-3.620820465087891,6.780150604248047
1748975612236,-2.232008514404297,-3.3188983154296876,6.5062202453613285
1748975612303,-3.4890943908691407,-4.749623107910156,7.228019256591797
1748975612368,-5.800288238525391,-5.6908657836914065,9.35210220336914
1748975612435,-7.75986328125,-7.126829681396485,10.017019500732422
1748975612503,-7.547454986572266,-4.2098455810546875,8.96455810546875
1748975612568,-5.024152221679688,-0.24638763427734375,5.949078826904297
1748975612636,-4.426744537353516,-3.7823345947265627,7.0100724792480476
1748975612703,-5.573360137939454,-4.691244506835938,7.120692443847656
1748975612768,-5.94683349609375,-3.1859747314453126,6.211183776855469
1748975612836,-5.9348583984375,-3.533252563476563,6.687343597412109
1748975612903,-5.770200805664063,-3.3350646972656253,6.4411056518554695
1748975612969,-5.748795318603516,-4.253404998779297,6.954388275146485
1748975613036,-5.686075744628907,-4.285887451171876,6.625821533203125
1748975613103,-5.759123840332031,-4.783003692626953,7.364086303710938
1748975613168,-6.481371917724609,-5.058131561279297,9.374405822753907
1748975613236,-6.380032653808594,-4.051025848388672,7.725883941650391
1748975613303,-4.945116577148438,-0.17378860473632812,5.314248962402344
1748975613368,-5.92288330078125,-5.095104675292969,9.037007446289063
1748975613435,-5.822442169189453,-4.066443786621094,6.531367950439454
1748975613503,-5.029690704345703,-4.577630767822266,5.881868591308594
1748975613568,-3.9929466247558594,-3.8311331176757815,5.931714935302734
1748975613636,-3.1090347290039064,-3.885769500732422,6.5747776794433594
1748975613703,-3.716022491455078,-4.106410675048829,7.342381439208984
1748975613768,-4.827161865234375,-4.2062530517578125,8.118218078613282
1748975613836,-5.955665130615235,-5.921386413574219,9.238338775634766
1748975613903,-6.500232696533203,-4.7770161437988286,7.790250091552735
1748975613968,-6.947652282714844,-4.9371830749511725,8.721912689208985
1748975614036,-5.361400909423828,-1.4033317565917969,7.367229766845703
1748975614103,-4.753515014648438,-4.361031188964844,7.361391906738282
1748975614168,-5.286706237792969,-6.4376628112792975,8.012388153076172
1748975614236,-4.434977416992187,-3.280578002929688,6.394103393554688
1748975614303,-4.46671142578125,-4.636159057617188,7.4765025329589845
1748975614368,-4.789589996337891,-4.215384063720704,6.941964111328125
1748975614435,-4.791985015869141,-5.779182128906251,7.40105941772461
1748975614503,-4.9337402343750005,-4.515959014892578,7.8903918457031255
1748975614568,-5.18521728515625,-3.566333770751953,8.239166564941407
1748975614636,-6.078559570312501,-4.56056625366211,9.267677764892579
1748975614703,-6.116430816650391,-4.163891143798828,7.18550765991211
1748975614768,-3.9877075195312504,-1.5444882202148438,5.4796549987792975
1748975614836,-3.4133518981933597,-2.787503356933594,6.168821868896485
1748975614903,-4.586163024902344,-6.361920318603516,7.605833587646485
1748975614968,-4.716392211914063,-6.931186523437501,7.641010437011719
1748975615036,-3.109633483886719,-5.19285140991211,6.226751403808594
1748975615103,-1.4795233154296876,-3.8169126892089844,6.609655151367188
1748975615168,-2.461780700683594,-3.746858367919922,7.213499450683594
1748975615236,-5.1272877502441405,-5.929319915771485,8.45531707763672
1748975615303,-6.1785516357421875,-3.7832327270507813,8.552914123535157
1748975615368,-5.986051940917969,-3.9435493469238283,8.184081115722657
1748975615436,-5.566923522949219,-4.686005401611328,8.848998413085939
1748975615502,-5.3634965515136726,-6.0237734985351565,9.743987274169923
1748975615568,-4.005969543457032,-5.80118637084961,9.449998626708984
1748975615636,1.8479072570800783,-3.3115635681152344,7.847730560302735
1748975615703,-3.634142761230469,-7.651638336181641,3.852987670898438
1748975615768,-2.9189300537109375,-7.824977874755859,8.899144134521485
1748975615836,-3.1325358581542972,-3.569776611328125,7.530989227294922
1748975615903,-3.5813026428222656,-5.073399810791016,6.9430119323730475
1748975615968,-3.7259019470214847,-5.059478759765625,6.727011108398438
1748975616036,-4.602928161621094,-3.6018099975585938,6.069578247070313
1748975616103,-5.390440521240235,-5.486091613769531,7.734865264892578
1748975616168,-3.5947746276855472,-3.5905833435058594,8.173153839111329
1748975616236,-5.116210784912109,-4.917573852539062,9.495803375244142
1748975616303,-6.195765838623047,-5.143005065917969,9.446555786132812
1748975616368,-3.8836738586425783,0.6691085815429688,6.944508819580078
1748975616435,-4.236490173339844,-5.715414733886719,9.267827453613283
1748975616503,-3.815864868164063,-3.586691436767578,7.478747863769532
1748975616568,-3.088078308105469,-3.283272399902344,6.8371820068359375
1748975616636,-2.780767364501953,-5.288801879882813,7.354057159423829
1748975616703,-2.6533822631835937,-5.158123626708985,6.903643798828125
1748975616768,-2.255659332275391,-4.6378056335449225,7.163802795410157
1748975616836,-2.023192749023438,-4.397854614257812,8.745563507080078
1748975616903,-4.052672424316406,-6.2797412109375,9.871522064208985
1748975616977,-5.198539581298828,-6.146218872070313,9.128018188476563
1748975617036,-4.778363342285156,-2.8674371337890627,6.554719390869141
1748975617103,-4.065695343017579,-3.739972686767578,6.197412414550781
1748975617169,-4.126169586181641,-6.486760711669922,8.421637115478516
1748975617236,-4.692891082763672,-3.6068994140625,7.162156219482422
1748975617303,-4.780159606933594,-3.6121385192871096,7.085964660644532
1748975617368,-4.71384750366211,-4.043541412353516,7.670948181152344
1748975617435,-5.01756591796875,-4.614005126953125,7.794441375732422
1748975617503,-3.450025634765625,-4.81638427734375,6.439608764648438
1748975617568,-3.715723114013672,-5.871540069580078,8.640032958984376
1748975617636,-4.323159942626953,-5.089266815185547,8.307873687744141
1748975617703,-4.585264892578126,-7.0221972656250005,9.429491271972656
1748975617768,-4.011058959960938,-2.608924713134766,7.018455047607422
1748975617836,-3.3783247375488283,-3.5816020202636722,7.502548370361328
1748975617903,-4.26552978515625,-5.800587615966797,8.67236572265625
1748975617968,-4.39007080078125,-3.986360321044922,6.403683471679688
1748975618039,-2.7568171691894534,-4.254452819824219,7.093598785400391
1748975618103,-2.7328669738769533,-3.423381042480469,7.246131591796876
1748975618168,-2.099533996582031,-3.137026519775391,8.33317108154297
1748975618236,-2.4770489501953126,-3.716471557617188,8.816965026855469
1748975618303,-3.963607635498047,-3.5783088684082034,9.542655944824219
1748975618368,-3.840114440917969,-3.0825398254394534,9.517508239746094
1748975618435,-4.292773132324219,-4.8190786743164065,11.247909851074219
1748975618503,-2.275118865966797,-1.0160870361328125,8.621770935058594
1748975618568,-2.072889404296875,-2.757864990234375,7.602989501953125
1748975618636,-3.1078372192382813,-5.579497375488281,9.468410339355469
1748975618703,-3.304827575683594,-3.4120046997070315,7.964936828613282
1748975618768,-2.8734246826171876,-3.071313171386719,7.929011535644531
1748975618836,-2.7334657287597657,-4.021986236572266,8.028404846191407
1748975618903,-2.3303540039062502,-3.8809794616699222,8.126900024414063
1748975618968,-2.638862457275391,-4.235741729736328,7.758216705322266
1748975619036,-2.634671173095703,-3.738326110839844,8.628806304931642
1748975619103,-3.1692095947265626,-4.130959625244141,9.514963531494141
1748975619168,-3.071313171386719,-4.486170959472656,10.013876037597656
1748975619236,-4.0285725402832036,-5.713319091796875,10.548863525390626
1748975619303,-4.16014892578125,-2.9321026611328125,6.652017059326172
1748975619369,-2.5274940490722657,-2.870281219482422,7.152725830078126
1748975619435,-2.404599609375,-6.054609375,9.514364776611329
1748975619503,-1.9282901000976564,-4.304897918701172,7.598349151611329
1748975619568,0.18471588134765626,-4.80246322631836,7.491471405029297
1748975619636,-0.24054977416992188,-5.441634063720703,7.296427001953125
1748975619703,-2.252066802978516,-5.480852508544922,7.074438629150391
1748975619769,-2.431693267822266,-4.7963259887695315,7.957003326416016
1748975619836,-2.3303540039062502,-5.026696929931641,10.02076171875
1748975619903,-2.788401489257813,-4.994813232421875,9.710007934570314
1748975619968,-2.6517356872558597,-5.208718414306641,10.523566131591798
1748975620036,-2.5071363830566407,-2.172133026123047,7.463030548095704
1748975620103,-2.449955291748047,-5.532046051025391,8.656199340820313
1748975620169,-2.003284149169922,-4.950355682373047,8.279283142089843
1748975620236,-3.090473327636719,-4.5319757080078125,6.879543914794922
1748975620303,-2.221230926513672,-3.7116815185546876,6.9201095581054695
1748975620369,-1.7275575256347657,-5.420078887939454,7.8305163574218755
1748975620436,-2.4275019836425784,-4.931045837402344,7.898624725341797
1748975620503,-2.236499176025391,-4.356839904785156,8.065377960205078
1748975620569,-2.332449645996094,-4.8596443176269535,8.88642059326172
1748975620636,-3.048710174560547,-4.813689880371094,8.961115264892578
1748975620703,-3.3819172668457034,-5.895789642333985,9.901759185791017
1748975620769,-3.7450621032714846,-3.6260595703125,7.41063949584961
1748975620836,-2.342179412841797,-2.540966033935547,9.632169799804688
1748975620903,-3.6862344360351567,-4.485721893310547,9.445208587646485
1748975620968,-3.516786804199219,-4.8877857971191405,7.016509094238281
1748975621036,-2.8395950317382814,-5.12100082397461,6.851851501464844
1748975621103,-2.327958984375,-4.128265228271484,6.7051565551757815
1748975621168,-2.0698956298828124,-4.277654571533203,7.579787750244141
1748975621236,-2.558479614257813,-4.263134765625,7.655380554199219
1748975621303,-3.157384185791016,-4.903054046630859,8.94779296875
1748975621368,-4.049079895019531,-4.907095642089844,8.980874176025392
1748975621436,-5.047054595947266,-6.509962463378907,10.391840057373047
1748975621502,-4.8044091796875,-1.7393829345703127,7.423512725830078
1748975621568,-3.979025573730469,-3.5081048583984376,7.486381988525391
1748975621636,-5.082530822753906,-5.9460850524902344,8.831484832763673
1748975621702,-4.432881774902344,-3.542084197998047,6.714287567138673
1748975621768,-3.8249958801269535,-4.665647735595703,7.352111206054688
1748975621836,-3.999532928466797,-4.798870697021485,6.930737457275391
1748975621902,-3.9520816040039066,-5.082979888916016,6.754104766845703
1748975621981,-4.597988433837891,-4.205354919433594,6.928192749023438
1748975622036,-4.115691375732422,-3.446732482910156,7.234605560302735
1748975622102,-4.033811645507813,-3.5259178161621096,7.733218688964844
1748975622169,-4.44321029663086,-4.246070251464844,8.412057037353517
1748975622236,-4.8120433044433595,-4.650978240966797,8.464148712158204
1748975622303,-6.349047088623047,-7.813152465820313,10.891650695800783
1748975622369,-3.067421264648438,-4.368815002441407,7.147935791015625
1748975622436,-1.0735675048828126,-3.2214509582519533,6.757098541259766
1748975622502,-2.1969813537597656,-6.714886322021485,6.6382456970214845
1748975622568,-2.562371520996094,-6.547684020996094,6.470744018554687
1748975622636,-1.2672647094726563,-6.555018768310547,7.833061065673829
1748975622702,-2.3474185180664064,-5.158572692871094,7.934100952148438
1748975622769,-2.321672058105469,-5.1301318359375,7.505841522216797
1748975622838,-2.2972727966308595,-5.071603546142579,8.085436248779297
1748975622902,-2.684966583251953,-4.5249403381347655,7.9697268676757815
1748975622969,-2.1880000305175784,-4.268673248291016,7.960745544433594
1748975623038,-2.545307006835938,-4.578828277587891,7.756270751953125
1748975623102,-3.539689178466797,-4.486769714355469,8.87354736328125
1748975623169,-3.7570372009277344,-3.4446368408203125,10.409353637695313
1748975623236,-2.8232789611816407,-2.024839324951172,9.8722705078125
1748975623302,-1.8059944152832033,-2.7364595031738284,11.461216278076172
1748975623369,-1.0767109680175782,-3.599864044189453,12.247082061767578
1748975623436,-3.319197692871094,-1.7911752319335938,6.499035186767578
1748975623502,-3.5551071166992188,-3.3489857482910157,8.367000732421875
1748975623569,-2.641856231689453,-5.16126708984375,9.481732635498048
1748975623636,-1.9772383117675782,-3.6883300781250004,6.235882415771485
1748975623702,0.8003855895996094,-4.702620849609375,8.445587310791016
1748975623769,0.28725265502929687,-4.174818420410157,9.000782775878907
1748975623836,0.08771759033203125,-4.42360107421875,8.868008880615236
1748975623902,0.4086502075195313,-3.0259574890136722,7.152875518798829
1748975623969,-0.7409591674804688,-4.192481689453126,9.200467529296876
1748975624036,-3.606300659179688,-7.0238438415527344,12.990286560058594
1748975624102,-5.862708435058594,-4.898713073730469,14.27192138671875
1748975624169,-3.7747004699707034,1.8588345336914063,5.978717193603516
1748975624236,-2.7336154174804688,-6.377937011718751,10.180030517578125
1748975624302,-3.420686645507813,-4.172273712158203,7.516619110107422
1748975624372,-1.896705780029297,-3.3579670715332033,8.314310302734375
1748975624436,-1.0577005004882813,-4.239034881591797,9.082662506103516
1748975624502,-0.9681866455078125,-3.9390586853027347,7.129075012207031
1748975624571,1.1126362609863283,-6.131549377441407,7.700586547851563
1748975624636,0.3342549133300781,-5.316344604492188,8.802295532226562
1748975624702,0.15088623046875002,-4.038302307128906,8.359965362548829
1748975624772,-1.2469070434570313,-4.584965515136719,9.705666961669923
1748975624836,-2.3144869995117188,-5.7507412719726565,12.794942779541016
1748975624902,-2.854414215087891,-0.688568115234375,7.952362976074219
1748975624971,-2.779120788574219,-6.754703521728516,9.101223907470704
1748975625036,-2.7379563903808597,-4.516557769775391,7.297175445556641
1748975625102,-1.5367044067382813,-3.7773948669433595,7.2019734191894536
1748975625171,-1.5543676757812501,-4.906796264648437,8.329728240966798
1748975625236,-1.73638916015625,-3.9197488403320313,7.434889068603516
1748975625302,-1.274300079345703,-4.882247314453125,8.101452941894532
1748975625370,-1.270557861328125,-4.717290344238282,8.250991973876953
1748975625436,-2.7643016052246097,-4.580025787353516,8.47402816772461
1748975625502,-3.7678147888183595,-5.263504486083985,9.723629608154297
1748975625571,-4.1692799377441405,-6.174510040283203,10.38525375366211
1748975625636,-4.133354644775391,-3.416645050048828,7.4589889526367195
1748975625702,-1.55197265625,-3.5869908142089844,6.4357168579101565
1748975625770,-2.9454249572753906,-7.621999969482422,9.068591766357422
1748975625836,-3.7678147888183595,-5.538183288574219,5.8546252441406255
1748975625902,-1.8473085021972657,-5.565127258300781,7.438331909179688
1748975625971,-1.3992901611328126,-4.638554077148438,6.7615892028808595
1748975626036,-0.775986328125,-4.449646911621094,7.84892807006836
1748975626102,-3.117417297363281,-4.16972900390625,8.405770111083985
1748975626171,-3.142115936279297,-4.545597381591797,8.774303741455078
1748975626235,-3.1163694763183596,-4.62044174194336,10.09500732421875
1748975626302,-3.866609344482422,-5.1925520324707035,10.018666076660157
1748975626370,-3.7679644775390626,-2.81893798828125,7.447462921142579
1748975626438,-2.281256103515625,-4.176165618896484,7.401358795166016
1748975626502,-2.6780809020996097,-6.076314239501953,8.728049926757812
1748975626571,-3.3317715454101564,-4.263284454345703,8.004155273437501
1748975626636,-4.235142974853516,-4.547393646240234,7.103178863525391
1748975626702,-3.8648130798339846,-4.633464660644531,6.460714874267579
1748975626772,-3.0505064392089847,-4.977748718261719,7.365283813476563
1748975626835,-2.9571006774902346,-5.617667999267578,7.5730517578125
1748975626902,-3.3212933349609375,-4.464166717529297,7.061864776611328
1748975626980,-3.0621821594238283,-4.602778472900391,8.085286560058595
1748975627035,-3.1388227844238283,-5.365891571044922,8.682843933105469
1748975627102,-3.3254846191406253,-6.061195678710938,9.429491271972656
1748975627170,-5.009931793212891,-5.000202026367187,8.630752258300781
1748975627235,-2.910996551513672,-1.834435272216797,8.000862121582031
1748975627302,-3.31470703125,-4.929698638916016,9.902058563232423
1748975627372,-3.515888671875,-5.484295349121094,5.7294854736328125
1748975627436,-2.828069000244141,-6.796766052246094,6.7756599426269535
1748975627502,-2.336191864013672,-5.752088470458984,6.824608154296875
1748975627572,-2.409239959716797,-4.545447692871094,7.448061676025391
1748975627636,-2.3092478942871093,-4.934788055419922,8.533005523681641
1748975627702,-2.8253746032714844,-4.049828338623047,8.082442474365235
1748975627772,-2.900518341064453,-3.609444122314453,9.115144958496094
1748975627835,-3.12071044921875,-3.7282969665527346,9.51735855102539
1748975627902,-3.1494506835937504,-3.4878968811035156,9.983638916015625
1748975627971,-3.85358642578125,-3.4840049743652344,10.549312591552734
1748975628035,-3.280727691650391,-1.1967613220214843,7.8763211059570315
1748975628102,-3.531306610107422,-4.374203796386719,9.799521789550782
1748975628171,-3.873495025634766,-4.956792297363282,11.40837615966797
1748975628235,-5.363047485351562,-2.3677761840820315,10.716514892578125
1748975628302,-5.607788543701172,-4.860542449951172,10.020312652587892
1748975628370,-4.511468353271485,-3.2913555908203125,6.464307403564454
1748975628436,-3.395988006591797,-2.119442596435547,7.521708526611328
1748975628502,-1.8696121215820314,-0.7310797119140625,8.486751708984375
1748975628571,-0.9470805358886719,0.8719367980957031,9.875713348388672
1748975628636,-1.7784516906738281,2.514620819091797,10.164313201904298
1748975628702,-1.028660888671875,-1.0662327575683594,12.839999084472657
1748975628771,-1.5678396606445313,-0.24279510498046877,12.704830169677734
1748975628835,0.8291258239746094,1.9112255859375,8.463549957275392
1748975628902,1.636846160888672,0.7270381164550782,10.23676254272461
1748975628971,1.3419593811035158,0.2436932373046875,9.112151184082032
1748975629035,4.802612915039063,-4.11224853515625,9.204808502197267
1748975629102,3.219804382324219,-8.829538879394532,6.626869354248047
1748975629171,-0.889749755859375,-1.8739530944824219,10.453661499023438
1748975629235,0.1993853759765625,-1.5474819946289062,10.306966552734375
1748975629302,0.7722441101074219,-0.7661068725585938,10.715916137695313
1748975629370,-0.9104067993164063,-3.7365298461914063,9.57768310546875
1748975629436,-2.6123675537109374,-2.494263153076172,11.825109558105469
1748975629502,-2.6671536254882815,-1.1527528381347656,11.363619232177735
1748975629571,-2.640359344482422,-0.2177970886230469,12.037068786621095
1748975629635,-2.3743624877929688,0.6060896301269532,9.923314361572267
1748975629702,-2.2040167236328125,0.6608757019042969,8.72460708618164
1748975629771,-2.8553123474121094,1.3756393432617189,9.947713623046875
1748975629835,-6.3460533142089846,-0.6132746887207031,10.479707336425781
1748975629902,-8.099506988525391,-7.214846649169922,11.202703857421875
1748975629971,-3.0650262451171875,-8.380921783447267,7.0557275390625005
1748975630036,-2.461780700683594,-2.0371138000488282,7.927814025878907
1748975630102,-2.7869046020507815,-3.5081048583984376,4.738546142578126
1748975630171,-4.072880401611329,-7.892337799072266,7.572453002929688
1748975630236,-3.6706668090820314,-6.618037719726563,6.938072204589844
1748975630302,-3.9507344055175784,-6.271658020019531,10.21999740600586
1748975630370,-4.2397833251953125,-7.308551788330078,10.493478698730469
1748975630436,-4.690046997070313,-2.389181671142578,5.352269897460938
1748975630502,-3.2813264465332033,-3.932472381591797,8.875792694091798
1748975630571,-2.5632696533203125,-4.772226104736329,7.660020904541016
1748975630636,-2.4474105834960938,-5.001998291015625,6.844516754150391
1748975630702,-2.153272247314453,-5.475314025878906,6.866670684814453
1748975630771,-2.1276754760742187,-4.548291778564454,8.045768737792969
1748975630836,-2.262844390869141,-4.242777099609375,8.702453155517578
1748975630902,-1.8077906799316408,-4.343218231201172,9.385482788085938
1748975630971,-2.3713687133789065,-4.91981918334961,9.080566864013672
1748975631036,-1.744622039794922,-5.696853332519532,7.612868957519532
1748975631102,-1.521885223388672,-5.808670806884766,8.902586975097657
1748975631171,-3.3751812744140626,-6.121669921875,9.82002914428711
1748975631235,-3.0154792785644533,-6.765630798339844,5.709876251220703
1748975631302,-4.333189086914063,-6.77116928100586,6.699618072509766
1748975631370,-3.473676452636719,-5.529800720214844,5.666765899658204
1748975631436,-3.4732273864746097,-5.243595886230469,6.378685455322266
1748975631502,-4.119732971191406,-5.097200317382812,6.89526123046875
1748975631571,-4.304748229980469,-4.68989730834961,6.891369323730469
1748975631635,-4.451293487548829,-4.568649444580078,7.4362362670898445
1748975631702,-3.912414093017578,-4.76893295288086,7.73920623779297
1748975631772,-4.098626861572265,-4.465813293457032,6.691834259033204
1748975631836,-5.011428680419922,-6.17001937866211,9.135203247070313
1748975631902,-6.742878112792969,-6.661597137451173,10.215656433105469
1748975631972,-5.439239044189454,-1.1548484802246095,5.613476715087891
1748975632035,-1.89446044921875,-6.477779388427734,7.709118804931641
1748975632102,-3.639830932617188,-6.700216827392579,7.272027740478516
1748975632169,-3.2180081176757813,-5.547014923095704,6.818919982910157
1748975632235,-1.4647041320800782,-6.565946044921875,5.7806790161132815
1748975632302,-1.8732046508789064,-5.131029968261719,7.577243041992188
1748975632372,-2.91473876953125,-4.412524108886719,8.079748077392578
1748975632436,-2.763702850341797,-3.5654356384277346,7.868237915039063
1748975632502,-2.955154724121094,-3.0329928588867188,7.865992584228516
1748975632570,-3.6615357971191407,-3.0921199035644533,7.989186401367188
1748975632635,-6.329288177490235,-5.414540405273438,12.071197814941407
1748975632702,-4.892276458740235,-2.025887145996094,9.154513092041016
1748975632771,-3.2650103759765625,-3.063978424072266,4.886887664794922
1748975632835,-3.8842726135253907,-4.82641342163086,9.18100799560547
1748975632902,-4.696184234619141,-2.8202851867675784,7.521858215332031
1748975632971,-4.624333648681641,-3.4620007324218753,7.073989562988282
1748975633038,-4.296964416503906,-3.592529296875,7.1102142333984375
1748975633102,-4.249812469482422,-3.262914733886719,7.1069210815429695
1748975633170,-3.8191580200195316,-3.9674995422363284,7.486531677246094
1748975633235,-3.9368133544921875,-4.824467468261719,9.10541519165039
1748975633302,-4.173171844482422,-4.80246322631836,10.028844909667969
1748975633371,-5.152585144042969,-3.6018099975585938,9.959089965820313
1748975633436,-4.0380029296875,1.2545411682128906,5.85866683959961
1748975633502,-5.266797637939454,-5.166955261230469,9.321416015625001
1748975633571,-5.386099548339844,-3.472628631591797,5.4178335571289065
1748975633635,-4.818030853271485,-4.1321571350097654,6.264323272705078
1748975633702,-4.510869598388672,-3.552712097167969,6.2384271240234375
1748975633771,-4.440066833496094,-3.163970489501953,6.362070007324219
1748975633835,-4.7821055603027345,-3.855682067871094,7.158114624023438
1748975633902,-5.501210174560547,-4.326752471923828,8.53540054321289
1748975633970,-6.781497802734376,-4.812941436767578,9.462273101806641
1748975634035,-5.906417541503907,-2.930456085205078,9.067843322753907
1748975634102,-5.136418762207032,-2.6795777893066406,6.50247802734375
1748975634171,-5.5727613830566405,-5.830974426269531,7.262447662353516
1748975634235,-4.724325714111329,-2.954855346679688,6.7683251953125
1748975634302,-4.768783264160157,-3.253334655761719,6.417754211425781
1748975634371,-4.629273376464844,-4.603975982666016,7.3143896484375
1748975634436,-4.440665588378907,-3.4118550109863284,6.582112426757813
1748975634502,-4.38528076171875,-3.9878572082519534,7.949069824218751
1748975634571,-4.715943145751953,-3.441194000244141,7.818092193603516
1748975634635,-5.215753784179688,-3.722758483886719,8.815767517089844
1748975634702,-5.814658355712891,-5.152884521484375,9.759105834960938
1748975634771,-5.654790802001953,-3.02490966796875,7.034920806884766
1748975634835,-5.150639190673829,-3.080743560791016,8.62775848388672
1748975634902,-4.387526092529297,-3.560046844482422,8.292455749511719
1748975634971,-3.186274108886719,-5.263953552246094,6.575226745605469
1748975635035,-3.1260992431640626,-5.024002532958985,7.085216217041016
1748975635102,-2.871478729248047,-4.007616119384766,6.414910125732423
1748975635170,-2.3107447814941406,-3.9311251831054688,8.219108276367187
1748975635235,-3.1494506835937504,-2.9557534790039064,7.889044647216798
1748975635302,-4.545597381591797,-4.350253601074219,9.177415466308593
1748975635371,-5.539380798339844,-4.285737762451172,9.565558319091798
1748975635436,-5.284909973144532,-4.518952789306641,11.228001251220704
1748975635502,-3.979025573730469,-2.092049560546875,7.682025146484375
1748975635570,-2.168989562988281,-3.2897090148925785,6.181844787597656
1748975635635,-3.2614178466796875,-6.14367416381836,7.9767622375488285
1748975635702,-5.337450714111329,-4.8982640075683594,8.055498504638672
1748975635771,-4.424948272705079,-3.559747467041016,5.894891510009766
1748975635835,-3.552712097167969,-5.300776977539063,5.985752563476563
1748975635902,-3.842359771728516,-5.397176513671876,7.066056060791016
1748975635971,-3.902684326171875,-4.512067108154297,8.244405670166016
1748975636035,-3.7917649841308596,-4.201612701416016,8.201445007324219
1748975636102,-3.503763885498047,-3.703298950195313,7.275320892333985
1748975636171,-4.0037242126464845,-6.114634552001953,8.09082504272461
1748975636235,-6.208190002441406,-5.708678741455079,9.137747955322267
1748975636302,-7.001540222167969,-6.906787261962891,9.243278503417969
1748975636371,-4.919968872070313,-0.6655160522460938,5.6679634094238285
1748975636436,-2.6072781372070315,-6.242768096923829,8.131091308593751
1748975636502,-3.8847216796875004,-6.8021548461914065,5.494923248291016
1748975636571,-3.773053894042969,-5.849086761474609,6.378685455322266
1748975636635,-0.3686833190917969,2.0939955139160156,8.016729125976562
1748975636702,-2.775228881835938,-3.5973193359375,11.14118179321289
1748975636771,-2.5970993041992188,-2.9461734008789064,8.008496246337891
1748975636836,-1.4609619140625,-1.1038046264648438,8.570278015136719
1748975636903,-1.8172210693359376,-2.076631622314453,11.244167633056641
1748975636974,-3.2995884704589846,-1.2017010498046876,9.655371551513673
1748975637036,-3.689527587890625,1.6784596252441406,12.736115112304688
1748975637103,-1.7181271362304689,0.8375083923339844,9.556876373291017
1748975637169,-5.18566635131836,-1.9550843811035157,8.458610229492187
1748975637237,-3.4946328735351564,0.9931846618652345,7.190447387695313
1748975637303,-3.2236962890625,0.5403762817382812,8.963659973144532
1748975637371,-4.31822021484375,-0.1633103942871094,8.906329193115235
1748975637436,-4.386627960205078,-0.28231292724609375,8.015381927490235
1748975637503,-4.250111846923828,-1.3991404724121095,8.889713745117188
1748975637571,-4.039200439453126,-1.3904585266113283,9.0675439453125
1748975637636,-4.014202423095703,-1.3995895385742188,9.353748779296875
1748975637703,-4.454436950683594,-4.048331451416016,11.072324981689453
1748975637771,-3.9910006713867188,-0.24803421020507813,7.713759155273438
1748975637836,-4.637955322265626,-1.5953823852539064,8.06642578125
1748975637903,-4.440066833496094,-3.9736367797851564,9.144034881591798
1748975637971,-3.7392242431640628,-2.6634114074707034,7.36468505859375
1748975638038,-3.137176208496094,-2.847977600097656,7.720794525146485
1748975638103,-3.3552726745605472,-3.266656951904297,7.695796508789063
1748975638171,-3.219804382324219,-2.781366119384766,7.9026663208007815
1748975638236,-3.7185671997070315,-3.1292427062988284,8.164920959472656
1748975638303,-4.799319763183594,-4.268523559570313,10.55530014038086
1748975638371,-6.930138702392578,-3.2236962890625,9.072333984375
1748975638436,-5.0955537414550784,-0.24219635009765625,4.828658752441407
1748975638503,-4.580624542236328,-5.660029907226563,10.949729919433594
1748975638571,-5.105582885742188,-1.5988252258300781,5.788013763427735
1748975638636,-5.036576385498047,-3.979025573730469,6.881190490722656
1748975638703,-4.296964416503906,-3.4084121704101564,6.604565734863281
1748975638771,-4.0954833984375005,-3.7679644775390626,6.968758392333985
1748975638836,-4.35654052734375,-3.842808837890625,7.61376708984375
1748975638903,-4.705315246582032,-4.101920013427734,8.396788787841798
1748975638971,-5.1433044433593755,-4.517455902099609,9.571545867919923
1748975639036,-5.989045715332032,-4.578229522705079,9.96088623046875
1748975639103,-5.3350556945800784,-0.9815089416503907,6.650969238281251
1748975639171,-5.388494567871094,-3.2650103759765625,9.550140380859375
1748975639236,-4.912035369873047,-3.1853759765625003,7.4238121032714846
1748975639303,-4.073628845214844,-4.818629608154297,7.182962951660157
1748975639371,-2.9562025451660157,-3.4539175415039063,6.096821594238282
1748975639436,-2.7641519165039066,-3.8672080993652345,6.866371307373047
1748975639503,-3.457210693359375,-3.9378611755371096,7.541018371582032
1748975639571,-4.203408966064453,-3.8249958801269535,8.643775177001954
1748975639636,-4.566853179931641,-3.1117291259765625,10.13901580810547
1748975639703,-5.417234802246094,-3.484304351806641,9.031319274902344
1748975639771,-6.2349842834472655,-4.733456726074219,9.770332489013672
1748975639836,-4.609364776611328,-1.489552459716797,7.301965484619141
1748975639903,-5.012177124023438,-4.329297180175781,7.3197784423828125
1748975639970,-5.309608612060547,-4.168232116699219,7.49880615234375
1748975640036,-4.7348039245605476,-3.2407608032226562,6.88613021850586
1748975640103,-4.90065902709961,-4.328997802734375,7.277117156982422
1748975640171,-4.79243408203125,-3.959116973876953,6.520889739990235
1748975640236,-4.309538269042969,-4.5514352416992185,6.857988739013672
1748975640303,-4.446653137207031,-4.273612976074219,6.642436981201172
1748975640370,-4.558919677734376,-4.80725326538086,8.000413055419923
1748975640436,-4.684957580566406,-4.79527816772461,8.65365463256836
1748975640503,-5.092709655761719,-5.5271063232421875,9.106313323974609
1748975640571,-5.122647399902344,-2.4273522949218753,8.19141586303711
1748975640636,-5.299729156494141,-4.406237182617188,10.157427520751954
1748975640703,-4.115990753173828,-4.792284393310547,7.180567932128906
1748975640769,-2.315684509277344,-4.488865356445313,6.591991882324219
1748975640836,-2.386187896728516,-3.429518280029297,5.208718414306641
1748975640903,-1.753303985595703,-4.513414306640625,6.454427947998047
1748975640969,-2.052831115722656,-5.203778686523438,9.000633087158203
1748975641036,-2.980751495361328,-3.626209259033203,7.885452117919923
1748975641103,-3.1897169494628907,-4.113296356201172,8.141419830322267
1748975641169,-4.468358001708984,-5.8228912353515625,11.375594329833985
1748975641236,-4.6289739990234375,-4.80201416015625,10.491981811523438
1748975641303,-3.669768676757813,-1.840422821044922,4.738396453857422
1748975641369,-3.6637811279296875,-6.309529266357422,7.959847412109375
1748975641436,-4.296814727783203,-4.848717041015625,7.647596740722657
1748975641503,-4.294120330810547,-3.4142500305175782,6.156697082519532
1748975641570,-3.946543121337891,-5.031486968994141,6.982679443359375
1748975641636,-3.7845799255371095,-3.9845640563964846,7.047195281982423
1748975641703,-4.022734680175781,-4.544100494384766,8.482111358642578
1748975641769,-4.454886016845704,-4.585264892578126,8.374036102294923
1748975641836,-4.20131332397461,-5.035528564453125,8.49229019165039
1748975641903,-4.570595397949219,-5.575455780029297,8.979826354980469
1748975641984,-4.380341033935547,-2.6634114074707034,7.169041900634766
1748975642036,-3.8636155700683594,-1.9395167541503908,7.582931213378907
1748975642103,-4.358336791992188,-5.113217010498047,9.39655975341797
1748975642169,-4.551135864257812,-6.194867706298829,8.028853912353515
1748975642236,-3.8684056091308596,-5.70254150390625,6.698420562744141
1748975642303,-2.2206321716308595,-4.389921112060547,6.050418090820313
1748975642370,-1.482217712402344,-4.600982208251954,6.790479125976563
1748975642436,-2.144590301513672,-4.199816436767579,7.328610076904297
1748975642503,-3.0196705627441407,-5.388344879150391,8.125552825927734
1748975642570,-7.076234893798828,-9.46077621459961,12.574151916503906
1748975642636,-6.104455718994141,-1.6350498962402344,7.785609741210938
1748975642703,-3.3281790161132814,-6.115981750488282,7.564968566894532
1748975642769,-4.120631103515625,-4.3683659362792975,7.415579223632813
1748975642836,-4.037104797363281,-3.6280055236816406,6.340365142822266
1748975642903,-4.0188427734375,-5.152734832763672,6.729855194091797
1748975642970,-4.650529174804688,-3.4503250122070312,5.941594390869141
1748975643036,-5.387297058105469,-4.841681671142578,8.17854263305664
1748975643103,-3.922592926025391,-4.950355682373047,9.479786682128907
1748975643172,-4.5457470703125,-3.6097434997558597,8.17944076538086
1748975643238,-6.1152333068847655,-6.812034301757813,10.188113708496095
1748975643303,-5.505850524902344,-4.190086669921875,8.170459442138672
1748975643371,-2.6999354553222656,-0.1866618347167969,5.404810638427735
1748975643436,-1.7401313781738281,-8.530011749267578,9.177265777587891
1748975643502,-3.1509475708007812,-7.59026596069336,6.1804975891113285
1748975643569,-2.9367430114746096,-6.1664268493652346,5.922134857177735
1748975643636,-1.6280145263671877,-5.470374298095703,7.461084594726563
1748975643703,-2.3248155212402346,-4.6798681640625,7.217541046142578
1748975643772,-2.8002268981933596,-5.819149017333984,8.297395477294922
1748975643836,-3.3555720520019534,-4.865781555175782,8.362360382080078
1748975643903,-3.586092681884766,-4.267326049804688,8.818012847900391
1748975643971,-3.1895672607421877,-4.927752685546875,9.666298828125
1748975644036,-2.878663787841797,-4.947062530517578,11.098370819091798
1748975644103,-1.8419197082519532,-2.286195831298828,7.492070159912109
1748975644171,-0.5551954650878906,-6.441405029296876,9.42485092163086
1748975644236,-4.360881500244141,-5.7050862121582036,8.863368530273437
1748975644303,-3.965703277587891,-6.257138214111328,7.734715576171875
1748975644371,-3.373385009765625,-6.651567993164063,8.509803771972656
1748975644436,-2.5906626892089846,-5.935756530761719,7.530240783691407
1748975644503,-2.4733067321777344,-5.284161529541016,5.638923797607422
1748975644571,-2.0814216613769534,-5.519472198486328,5.31454833984375
1748975644636,-2.40220458984375,-5.610932006835938,6.189927978515625
1748975644703,-3.560196533203125,-6.704557800292969,8.898246002197267
1748975644771,-5.188660125732422,-9.870025177001954,13.715528411865234
1748975644836,-5.795198822021485,-2.9687763977050783,8.081993408203125
1748975644902,-3.7607794189453125,-1.7753082275390626,8.367000732421875
1748975644970,-3.845952301025391,-4.6994773864746096,9.225315856933594
1748975645036,-3.8944514465332034,-5.084177398681641,7.503296813964844
1748975645103,2.139650573730469,-6.256689147949219,8.779991912841798
1748975645170,-2.5547373962402347,-6.209088134765626,5.588628387451172
1748975645237,-3.0029054260253907,-5.91375228881836,4.613406372070313
1748975645303,-2.1534219360351563,-6.6508195495605476,7.187603302001953
1748975645370,-1.6206797790527345,-4.597689056396485,8.950337677001954
1748975645438,-2.598147125244141,-4.875810699462891,9.528285827636719
1748975645503,-3.0600865173339846,-7.248676300048828,10.753338317871094
1748975645571,-2.0215461730957034,-2.9090505981445314,7.952662353515626
1748975645636,-2.9855415344238283,-4.471052398681641,6.980733489990235
1748975645703,-4.158352661132812,-6.566993865966797,6.726262664794922
1748975645769,-3.0593380737304687,-5.32412841796875,7.797435150146485
1748975645836,-2.8936326599121096,-4.36177963256836,7.08491683959961
1748975645903,-3.177891540527344,-4.927902374267578,6.968459014892579
1748975645970,-2.8830047607421876,-5.4390893554687505,6.7141378784179695
1748975646036,-2.9524603271484375,-4.858147430419922,7.148384857177735
1748975646103,-3.1415171813964844,-4.938679962158203,8.211474151611329
1748975646170,-4.03605697631836,-6.420448608398438,10.034832458496094
1748975646236,-4.606371002197266,-5.263654174804688,10.319241027832032
1748975646303,-3.213816833496094,0.27497817993164064,5.72888671875
1748975646370,-2.8897407531738284,-4.561015319824219,9.502689056396484
1748975646437,-3.476969604492188,-4.6643005371093755,8.872200164794922
1748975646503,-2.3894810485839844,-4.036805419921875,8.089777221679688
1748975646570,-2.168690185546875,-3.908522186279297,6.765630798339844
1748975646636,-1.3566288757324219,-4.972659301757813,7.482041015625001
1748975646703,-1.1546987915039064,-3.6709661865234375,8.220904541015626
1748975646771,-1.9103274536132813,-3.950435028076172,9.498797149658204
1748975646836,-3.0265562438964846,-5.415588226318359,11.407178649902344
1748975646903,-2.4963587951660156,-4.467759246826172,11.084300079345704
1748975646970,-2.1839584350585937,-0.8749305725097657,6.25339599609375
1748975647036,-2.462229766845703,-3.6324961853027347,8.031697998046875
1748975647103,-3.3509317016601563,-4.546046447753906,9.270821228027344
1748975647169,-3.3153057861328126,-3.4584082031250003,7.727829895019531
1748975647237,-3.054697723388672,-3.9941441345214845,7.658673706054688
1748975647303,-2.8874954223632816,-3.933220825195313,7.631430358886719
1748975647371,-2.394869842529297,-3.9651045227050785,8.113877105712891
1748975647436,-2.3281086730957035,-4.221521301269531,8.331973571777343
1748975647503,-2.3200254821777344,-4.124822387695312,8.79211669921875
1748975647571,-2.442919921875,-5.303171997070312,10.23197250366211
1748975647636,-4.610711975097656,-5.435197448730469,10.339149627685547
1748975647703,-3.849544830322266,-1.3648617553710938,6.991810455322266
1748975647771,-2.273921356201172,-1.9342776489257814,7.9849951171875
1748975647836,-3.5293606567382816,-5.883515167236329,10.202483825683593
1748975647903,-1.9860699462890625,-3.5869908142089844,8.158783721923829
1748975647971,-1.8106347656250001,-3.9507344055175784,7.365583190917969
1748975648036,-1.859582977294922,-5.302423553466797,7.1841604614257815
1748975648103,-1.5441888427734376,-3.806584167480469,6.915618896484375
1748975648171,-1.4126124572753906,-3.6443215942382814,8.210725708007812
1748975648236,-3.783083038330078,-6.095474395751953,10.730286254882813
1748975648303,-4.374652862548828,-3.592529296875,10.597662048339844
1748975648371,-3.2922537231445315,-2.025887145996094,7.616910552978516
1748975648436,-2.8840525817871097,-4.258045349121094,8.16746566772461
1748975648503,-3.99249755859375,-5.07025634765625,8.370593261718751
1748975648571,-3.8339772033691406,-3.506158905029297,7.209607543945313
1748975648636,-3.4049693298339845,-3.686833190917969,7.720046081542969
1748975648703,-3.1686108398437502,-3.5084042358398437,7.7424993896484375
1748975648772,-3.3726365661621096,-3.7773948669433595,8.215515747070313
1748975648836,-3.5031651306152347,-3.5618431091308596,8.77729751586914
1748975648903,-4.205654296875,-4.139491882324219,8.883277130126954
1748975648971,-5.641019439697266,-6.679110717773438,11.438912658691407
1748975649036,-4.352049865722656,-1.4233900451660157,6.8478099060058595
1748975649103,-2.6077272033691408,-0.56282958984375,6.1099942016601565
1748975649172,-4.484225006103516,-6.277495880126954,9.220076751708985
1748975649236,-4.450245666503906,-4.770130462646485,7.196884002685548
1748975649303,-2.784808959960938,-4.088897094726563,8.002808074951172
1748975649370,-2.26329345703125,-3.304827575683594,6.602170715332032
1748975649436,-2.218985595703125,-4.149521026611328,8.026458892822266
1748975649503,-2.3873854064941407,-2.434537353515625,8.63494354248047
1748975649572,-3.157683563232422,-2.5355772399902343,9.943821716308594
1748975649636,-3.939657440185547,-2.433040466308594,9.885293426513673
1748975649703,-4.167333984375,-2.3543041992187503,10.87054458618164
1748975649771,-3.3651521301269534,-2.825823669433594,11.561956787109375
1748975649836,-3.0515542602539063,-1.3370196533203125,6.84736083984375
1748975649903,-3.332519989013672,-4.898713073730469,8.38690933227539
1748975649971,-3.736080780029297,-4.231251068115235,7.689958648681641
1748975650036,-3.9173538208007814,-3.1271470642089847,7.138355712890625
1748975650103,-3.7739520263671875,-3.1856753540039064,7.460186462402344
1748975650170,-3.5209780883789064,-2.9080027770996093,7.4800950622558595
1748975650236,-3.6669245910644532,-2.5798851013183595,8.490044860839845
1748975650303,-3.919449462890625,-2.022444305419922,9.021140441894532
1748975650370,-3.902384948730469,-2.3508613586425784,9.371561737060548
1748975650436,-4.788242797851563,-3.458258514404297,9.92825408935547
1748975650503,-6.269412689208985,-5.435796203613282,10.934162292480469
1748975650571,-4.497098236083985,0.7426057434082032,5.6943086242675784
1748975650636,-3.746558990478516,-2.2146446228027346,9.541308746337892
1748975650703,-4.750221862792969,-4.1463775634765625,8.948391723632813
1748975650769,-3.9881565856933596,-3.901337127685547,7.2211335754394534
1748975650837,-2.9370423889160158,-3.4697845458984378,7.094197540283203
1748975650903,-2.532284088134766,-3.750301208496094,7.28849349975586
1748975650970,-2.7045758056640627,-3.9172041320800783,6.676266632080078
1748975651037,-2.855761413574219,-2.7858567810058594,8.17854263305664
1748975651103,-3.7580850219726565,-3.3632061767578127,9.94262420654297
1748975651170,-5.245691528320313,-2.6243426513671877,9.960137786865236
1748975651236,-6.6331562805175786,-3.1278955078125,11.461216278076172
1748975651303,-6.332132263183594,-0.4962181091308594,8.991053009033203
1748975651371,-5.323978729248047,-0.5587879943847657,6.987619171142579
1748975651436,-5.218597869873047,-3.727548522949219,8.42418182373047
1748975651503,-4.777465209960938,-3.1558872985839845,7.669451293945313
1748975651571,-5.199288024902344,-2.497705993652344,7.211104431152344
1748975651637,-5.142256622314453,-3.2060330200195315,7.554490356445313
1748975651703,-4.959935760498047,-2.7247837829589847,6.9790869140625
1748975651771,-4.112098846435547,-2.3667283630371094,7.820786590576172
1748975651837,-4.114044799804688,-1.8470091247558595,7.469317474365234
1748975651903,-4.4691064453125,-2.2378463745117188,8.246651000976563
1748975651980,-5.1678533935546875,-1.3201048278808594,10.288105773925782
1748975652037,-6.893464965820312,-2.2897883605957032,10.301577758789064
1748975652103,-5.924529876708984,-1.0060578918457033,7.544012145996094
1748975652169,-4.773573303222657,0.2902464294433594,7.4784484863281255
1748975652237,-5.577401733398438,-2.6568251037597657,9.036558380126953
1748975652303,-5.350773010253906,-2.5081842041015627,6.421795806884766
1748975652372,-4.115841064453125,-1.389111328125,7.312593383789062
1748975652436,-3.7426670837402347,-1.8899697875976564,7.240892486572266
1748975652503,-3.650907897949219,-2.1189935302734377,7.4342903137207035
1748975652571,-4.217779083251953,-2.0984861755371096,8.609646148681641
1748975652637,-4.237687683105469,-1.472787322998047,9.148974609375001
1748975652703,-5.841003570556641,-1.8880238342285158,9.773326263427736
1748975652771,-5.767057342529297,-2.472558288574219,13.787977752685547
1748975652837,-4.775219879150391,0.0293389892578125,9.497300262451173
1748975652903,-3.1844778442382813,-1.1047027587890625,7.203769683837891
1748975652972,-3.171155548095703,-4.718038787841797,8.84435806274414
1748975653037,-3.576961669921875,-2.9633876037597657,7.540269927978516
1748975653103,-4.1620948791503904,-1.8494041442871094,7.40779541015625
1748975653171,-4.061803436279297,-1.8952088928222657,8.060438232421875
1748975653237,-3.217409362792969,-1.5920892333984376,8.031697998046875
1748975653303,-3.1748977661132813,-2.1716839599609377,8.325087890625001
1748975653369,-3.391197967529297,-2.4002586364746095,8.984466705322266
1748975653436,-4.118086395263672,-2.8460316467285156,9.787247314453126
1748975653503,-5.437442779541016,-5.1326765441894535,11.815679168701173
1748975653571,-4.1640408325195315,-2.5426126098632813,8.882678375244142
1748975653636,-2.16270263671875,0.8301736450195313,6.636299743652344
1748975653703,-4.181554412841797,-4.689298553466797,10.105485534667968
1748975653771,-4.004322967529297,-3.219804382324219,7.01785629272461
1748975653836,-3.5079551696777345,-3.7091368103027347,7.481142883300782
1748975653903,-2.8469297790527346,-3.2955468750000003,7.121889953613282
1748975653971,-2.5069866943359376,-3.773053894042969,7.5118290710449225
1748975654037,-2.5310865783691407,-3.490142211914063,8.443791046142579
1748975654103,-3.0585896301269533,-3.50630859375,8.66757568359375
1748975654171,-3.5880386352539064,-3.684438171386719,9.110803985595703
1748975654237,-4.462669830322266,-4.275858306884766,10.160271606445313
1748975654303,-5.12818588256836,-3.5152899169921876,9.792636108398439
1748975654370,-4.550686798095703,-1.4639556884765625,8.776100006103515
1748975654436,-4.450694732666016,-2.282303924560547,7.849077758789063
1748975654503,-4.417164459228516,-3.9148091125488285,8.204139404296875
1748975654571,-4.840035095214844,-3.7871246337890625,8.038733367919923
1748975654637,-4.839286651611328,-3.289559326171875,7.328460388183594
1748975654703,-4.762646026611328,-4.008963317871094,6.780599670410156
1748975654771,-4.036206665039063,-5.004393310546876,7.083419952392578
1748975654837,-3.350183258056641,-4.35459457397461,6.996899871826172
1748975654903,-3.1484028625488283,-3.733536071777344,7.487429809570313
1748975654970,-3.7281472778320315,-4.148024139404297,8.367749176025391
1748975655037,-5.073399810791016,-4.427343292236328,9.641151123046875
1748975655103,-5.830824737548828,-5.492079162597657,11.329939270019532
1748975655169,-4.780009918212891,-0.602197723388672,7.08491683959961
1748975655237,-3.8675074768066406,-1.2843292236328125,8.307873687744141
1748975655303,-5.279820556640625,-5.1013916015625,9.010811920166017
1748975655371,-4.6289739990234375,-3.8290374755859378,6.766828308105469
1748975655436,-3.795806579589844,-4.201463012695313,7.073989562988282
1748975655503,-3.1546897888183594,-3.79610595703125,7.137008514404298
1748975655570,-3.2886611938476564,-3.7462596130371097,7.807314605712891
1748975655637,-3.0611343383789062,-3.3112641906738283,7.945776672363282
1748975655703,-3.4284704589843753,-3.0539492797851566,8.320746917724609
1748975655771,-4.504882049560547,-2.8313621520996097,8.959468688964844
1748975655837,-4.942122802734375,-2.241438903808594,9.188342742919922
1748975655903,-5.733227691650391,-2.7925927734375002,9.428443450927736
1748975655970,-5.954467620849609,-2.299368438720703,9.784702606201172
1748975656037,-5.1799781799316404,-1.2084370422363282,6.821315002441406
1748975656103,-5.085225219726563,-3.6350408935546876,8.232280883789063
1748975656170,-5.36768783569336,-4.063150634765625,8.14067138671875
1748975656237,-4.820874938964844,-3.2730935668945316,6.899751892089844
1748975656303,-4.415667572021484,-3.520079956054688,6.954537963867188
1748975656370,-4.580025787353516,-2.999612274169922,6.891519012451172
1748975656436,-4.50069076538086,-1.861828308105469,7.607779541015625
1748975656503,-4.7750701904296875,-1.227597198486328,7.881859588623048
1748975656570,-4.804708557128906,-1.2292437744140625,8.177943878173828
1748975656637,-5.630092163085938,-1.936373291015625,8.386160888671876
1748975656703,-6.387068023681641,-3.0819410705566406,9.45598617553711
1748975656771,-6.9305877685546875,-3.823199615478516,10.717113647460938
1748975656837,-5.188211059570313,-0.5231620788574219,7.135511627197266
1748975656903,-3.9439984130859376,-1.150806884765625,7.685018920898438
1748975656972,-5.695655822753906,-3.968397674560547,8.165669403076173
1748975657036,-4.646188201904297,-2.9834458923339846,7.020700378417969
1748975657103,-3.5317556762695315,-2.6367668151855472,7.790848846435547
1748975657169,-2.6924510192871094,-2.076032867431641,7.013665008544923
1748975657237,-2.403102722167969,-2.814746704101563,8.71113510131836
1748975657303,-3.7679644775390626,-2.099983062744141,7.18745361328125
1748975657372,-3.6360887145996097,-2.1794677734375,9.272916870117188
1748975657436,-5.987698516845703,-4.180805969238281,11.517948303222656
1748975657503,-6.3125230407714845,-3.368445281982422,11.38397689819336
1748975657570,-4.372706909179688,-0.239501953125,5.919290771484375
1748975657637,-3.859124908447266,-2.3941213989257815,7.745193786621094
1748975657703,-4.312232666015626,-4.201163635253907,8.414751434326172
1748975657772,-4.973557434082031,-2.792443084716797,6.612050170898438
1748975657837,-4.245022430419922,-3.13508056640625,7.36468505859375
1748975657903,-4.273612976074219,-3.0686187744140625,7.399412841796876
1748975657971,-4.684957580566406,-2.6372158813476565,7.631280670166016
1748975658037,-4.773573303222657,-2.3071522521972656,7.894882507324219
1748975658103,-5.121599578857422,-2.4694148254394532,8.642278289794922
1748975658171,-5.999823303222657,-2.3713687133789065,8.94345199584961
1748975658237,-6.715634765625,-4.217928771972656,10.452463989257813
1748975658303,-4.878056030273438,-0.4966671752929688,6.417305145263672
1748975658372,-4.051025848388672,-2.1068687438964844,8.095914459228515
1748975658436,-4.280049591064453,-4.378245391845703,8.88312744140625
1748975658503,-4.196074218750001,-3.999532928466797,7.586823120117188
1748975658571,-2.783910827636719,-2.9136909484863285,7.9466748046875
1748975658637,-3.027154998779297,-2.9689260864257814,6.904541931152344
1748975658703,-3.157384185791016,-3.603306884765625,7.74354721069336
1748975658772,-3.150797882080078,-2.6369165039062503,8.040679321289064
1748975658836,-4.230502624511719,-2.5634193420410156,8.944649505615235
1748975658903,-6.0588006591796875,-2.977158966064453,10.233170013427735
1748975658971,-7.2881941223144535,-2.5798851013183595,10.515183563232423
1748975659037,-6.6910858154296875,-0.7102729797363282,9.44161605834961
1748975659103,-5.6574851989746096,-0.5135820007324219,6.716532897949219
1748975659172,-5.458548889160157,-3.1485525512695314,8.067623291015625
1748975659237,-5.383105773925782,-3.663032684326172,7.862549743652344
1748975659303,-5.2099159240722654,-2.631677398681641,6.699468383789063
1748975659371,-5.05109619140625,-3.6675233459472656,7.322472839355469
1748975659436,-4.396208038330078,-3.4145494079589844,6.825506286621094
1748975659503,-3.815864868164063,-3.1892678833007815,6.947502593994141
1748975659572,-3.8655615234375,-2.3664289855957032,7.53518051147461
1748975659637,-4.724625091552735,-1.6211288452148438,8.296946411132813
1748975659703,-5.246589660644531,-2.1383033752441407,9.616602172851563
1748975659769,-6.840475158691406,-3.1030471801757815,10.990744628906251
1748975659837,-5.746699676513672,-0.6661148071289062,7.976313171386719
1748975659903,-4.401297454833984,-0.9741741943359375,7.771688690185547
1748975659970,-5.4175341796875,-3.5278637695312502,8.736582183837891
1748975660036,-5.234015808105469,-3.0395791625976565,6.384972381591798
1748975660103,-3.922742614746094,-2.6237438964843753,6.931186523437501
1748975660170,-3.3380584716796875,-2.5333319091796875,7.18745361328125
1748975660236,-3.458258514404297,-2.279908905029297,7.1435948181152344
1748975660303,-3.6717146301269534,-2.6914031982421878,8.785530395507813
1748975660370,-5.116959228515626,-2.6349705505371097,9.868977355957032
1748975660436,-6.249504089355469,-2.3204745483398437,9.768087158203125
1748975660503,-6.58869873046875,-2.1938378906250002,10.780581665039064
1748975660570,-5.117857360839844,-0.07993377685546875,7.868836669921875
1748975660637,-6.0643391418457036,-3.0621821594238283,6.9817813110351565
1748975660703,-5.5570440673828125,-3.672762451171875,8.007598114013673
1748975660769,-5.021158447265625,-2.4412733459472657,6.481371917724609
1748975660837,-4.589755554199219,-3.2623159790039065,6.8725085449218755
1748975660903,-4.781806182861328,-3.193608856201172,6.279441833496094
1748975660970,-5.097649383544922,-2.6430537414550783,6.518943786621094
1748975661037,-4.969066772460938,-1.8844313049316408,7.524702301025391
1748975661103,-4.715643768310547,-1.4492861938476562,8.052355041503906
1748975661171,-6.223308563232422,-1.488354949951172,9.21259231567383
1748975661236,-7.585326232910156,-2.6029371643066406,11.185938720703126
1748975661303,-5.677393798828125,-0.8387059020996094,9.375902709960938
1748975661370,-4.406237182617188,-0.9337582397460938,6.806795196533203
1748975661436,-5.409301300048829,-5.722150726318359,10.568323059082031
1748975661503,-5.1906060791015625,-3.442990264892578,6.7106950378417976
1748975661570,-3.0082942199707032,-2.9328511047363284,6.195167083740235
1748975661636,-1.7854870605468751,-2.86683837890625,6.7475184631347656
1748975661703,-2.479743347167969,-2.7138565063476565,6.906936950683594
1748975661771,-3.6360887145996097,-2.981649627685547,9.1250244140625
1748975661836,-5.140460357666016,-2.806962890625,10.999276885986328
1748975661903,-6.889123992919922,-2.634671173095703,10.879825286865234
1748975661974,-6.597380676269531,-2.602188720703125,10.789862365722657
1748975662036,-4.441414031982422,-0.5504054260253907,7.751780090332032
1748975662103,-4.412823486328125,-2.0546273803710937,6.8319429016113284
1748975662170,-5.1503398132324225,-4.977449340820312,8.481811981201172
1748975662236,-4.847818908691407,-2.8255242919921875,6.581363983154297
1748975662303,-3.7878730773925784,-3.3271311950683597,7.4414753723144536
1748975662372,-3.6946170043945314,-3.9918988037109377,7.454049224853516
1748975662436,-3.5423835754394535,-3.410358123779297,7.717052307128907
1748975662503,-3.879781951904297,-2.026336212158203,7.987240447998047
1748975662571,-4.623285827636719,-2.278861083984375,8.195607147216798
1748975662636,-5.111720123291016,-2.5676106262207035,10.178234252929688
1748975662703,-5.1201026916503904,-4.320315856933594,10.937904510498047
1748975662771,-6.424190826416016,-6.2930635070800784,8.405620422363281
1748975662836,-3.8571789550781252,-2.166145477294922,4.748874664306641
1748975662903,-2.9018655395507813,-4.605772247314453,6.660998382568359
1748975662971,-3.665278015136719,-5.580245819091797,7.169041900634766
1748975663036,-3.9664517211914063,-4.4686573791503905,5.401068420410157
1748975663103,-3.5137930297851563,-6.131848754882813,7.0944969177246096
1748975663170,-2.2950274658203127,-5.081932067871094,6.587950286865235
1748975663236,-3.0934671020507816,-5.1027388000488285,7.250771942138672
1748975663303,-3.6107913208007814,-5.285508728027344,7.471113739013672
1748975663372,-4.184997253417969,-5.899980926513672,7.461383972167969
1748975663436,-4.59649154663086,-5.648503875732422,7.740553436279297
1748975663503,-4.2608894348144535,-6.407874755859376,7.265740814208985
1748975663571,-4.50069076538086,-6.326144714355469,8.9286328125
1748975663636,-4.2626856994628906,-4.48871566772461,6.024072875976563
1748975663703,-4.1076081848144534,-6.439159698486328,7.00588119506836
1748975663770,-2.858455810546875,-7.084617462158204,6.507118377685547
1748975663836,-2.8710296630859378,-6.290668487548828,5.501210174560547
1748975663903,-4.284240875244141,-6.376440124511719,6.625671844482422
1748975663970,-4.115242309570313,-4.828059997558594,6.542145538330079
1748975664036,-3.769311676025391,-4.398153991699219,7.32441879272461
1748975664103,-3.853137359619141,-4.4316842651367185,7.354057159423829
1748975664170,-4.633165283203125,-5.319937133789063,7.714956665039063
1748975664236,-4.8683262634277344,-4.97250961303711,7.887697448730469
1748975664303,-4.122577056884766,-5.025050354003906,8.074808349609375
1748975664371,-3.8600230407714844,-5.76526107788086,7.534581756591797
1748975664436,-4.519102478027344,-5.651497650146485,7.430099029541016
1748975664503,-2.5559349060058594,-4.099974060058594,5.962999877929688
1748975664571,-2.705174560546875,-7.368876342773438,7.567064208984376
1748975664636,-3.25962158203125,-7.008725280761719,5.625302124023438
1748975664703,-2.910996551513672,-5.986950073242188,5.824238433837891
1748975664771,-2.5342300415039065,-4.71100341796875,6.93882064819336
1748975664836,-3.3332684326171877,-4.357438659667969,7.628735961914063
1748975664903,-3.939358062744141,-4.293671264648438,8.131839752197266
1748975664972,-4.340823211669922,-4.007167053222656,8.447383575439453
1748975665036,-4.711452484130859,-4.501588897705078,9.034762115478516
1748975665103,-4.900808715820313,-4.917424163818359,8.88836654663086
1748975665171,-4.468956756591797,-4.204007720947266,7.541168060302735
1748975665236,-3.291654968261719,-4.966522064208984,7.183561706542969
1748975665303,-3.783532104492188,-6.273603973388672,9.603728942871093
1748975665370,-3.9809715270996096,-5.389692077636719,5.772296447753907
1748975665436,-3.8237983703613283,-5.000950469970704,5.776637420654297
1748975665503,-4.071682891845703,-5.666765899658204,6.7440756225585945
1748975665570,-3.7142262268066406,-4.830005950927735,6.176605682373047
1748975665636,-4.096531219482422,-4.880451049804687,7.289541320800781
1748975665703,-3.7893699645996097,-4.6430447387695315,7.178921356201172
1748975665770,-4.360881500244141,-5.2910472106933595,8.740923156738281
1748975665836,-5.219945068359375,-5.8140596008300784,10.127040710449219
1748975665903,-3.9148091125488285,-3.0949639892578125,6.043981475830078
1748975665970,-3.833079071044922,-4.195325775146484,7.775580596923828
1748975666036,-3.5676809692382814,-5.555098114013672,7.556286621093751
1748975666103,-3.0886770629882814,-5.3173924255371094,6.102809143066406
1748975666170,-2.4569906616210937,-4.771178283691406,7.328161010742188
1748975666236,-1.733694763183594,-4.635560302734375,7.651788024902344
1748975666303,-3.7303926086425783,-4.987328796386719,7.607779541015625
1748975666370,-4.0549177551269535,-4.503834228515625,8.337811431884766
1748975666436,-4.064198455810547,-4.563560028076172,9.424102478027343
1748975666503,-4.633913726806641,-5.129233703613282,8.39020248413086
1748975666570,-4.2255628967285155,-4.545896759033203,8.583300933837892
1748975666636,-3.528911590576172,-3.6309992980957033,6.697522430419922
1748975666703,-4.282893676757813,-5.711223449707031,8.198750610351563
1748975666772,-4.3924658203125,-5.241500244140625,6.891519012451172
1748975666836,-3.603007507324219,-4.713697814941407,6.412365417480469
1748975666903,-3.995641021728516,-4.858446807861329,6.966213684082032
1748975666980,-4.238286437988282,-4.5619134521484375,6.822961578369141
1748975667036,-3.870201873779297,-4.166735229492188,7.279961242675782
1748975667103,-3.6037559509277344,-4.133055267333985,8.039481811523437
1748975667169,-4.615502014160157,-4.312681732177735,7.710615692138672
1748975667236,-4.760999450683594,-4.774022369384766,8.551716613769532
1748975667303,-4.98882568359375,-4.189038848876954,8.781488800048828
1748975667371,-5.561534729003906,-6.34201171875,9.076076202392578
1748975667436,-3.2723451232910157,-2.1342617797851564,5.735173645019532
1748975667503,-2.6551785278320312,-5.151237945556641,9.025032348632813
1748975667572,-3.314557342529297,-5.996679840087891,6.338568878173828
1748975667637,-3.3103660583496097,-5.624403991699219,6.791976013183594
1748975667703,-2.900218963623047,-4.740043029785157,7.336094512939454
1748975667772,-2.8366012573242188,-4.924908599853516,7.422913970947266
1748975667837,-3.5947746276855472,-4.363126831054688,7.529492340087891
1748975667903,-3.0743069458007812,-3.2912059020996094,7.077133026123048
1748975667971,-3.865711212158203,-3.7664675903320313,8.364755401611328
1748975668036,-4.561015319824219,-4.084107055664063,8.726852416992188
1748975668103,-5.328619079589844,-5.211263122558594,9.359586639404297
1748975668171,-5.232818298339844,-4.829556884765625,8.92623779296875
1748975668237,-4.815186767578125,-3.5450779724121095,8.764124908447267
1748975668303,-3.7702098083496094,-3.9413040161132815,6.947352905273438
1748975668371,-3.333418121337891,-6.050867156982422,7.406597900390626
1748975668437,-3.845203857421875,-4.94855941772461,8.139473876953126
1748975668503,-4.896467742919922,-4.540807342529297,6.8091902160644535
1748975668571,-4.564757537841797,-4.486021270751953,5.9145007324218755
1748975668646,-4.204456787109375,-3.905079345703125,7.275320892333985
1748975668703,-4.4087818908691405,-3.2861164855957035,7.75267822265625
1748975668771,-4.8331494140625,-3.444936218261719,7.476203155517578
1748975668837,-4.119283905029297,-2.9530590820312503,7.866441650390626
1748975668903,-4.796924743652344,-4.446054382324219,8.562045135498048
1748975668970,-5.565726013183594,-4.378993835449219,8.36295913696289
1748975669036,-5.655239868164063,-5.702391815185547,10.02510269165039
1748975669103,-3.3811688232421875,-1.4483880615234375,5.071753234863282
1748975669171,-3.028352508544922,-4.71624252319336,8.986562347412109
1748975669236,-3.9522312927246097,-4.7961763000488284,6.979685668945313
1748975669303,-3.3762290954589846,-4.980892181396484,6.829398193359375
1748975669371,-2.5249493408203127,-4.133354644775391,7.399412841796876
1748975669436,-1.7932708740234375,-3.3094679260253907,7.551795959472656
1748975669503,-3.669319610595703,-4.454436950683594,9.039851531982423
1748975669571,-4.132606201171876,-3.3052766418457034,8.218060455322266
1748975669637,-4.245321807861329,-3.730242919921875,9.102720794677735
1748975669703,-4.637655944824219,-3.6068994140625,9.002728729248048
1748975669771,-5.222190399169922,-4.6131069946289065,10.071506195068359
1748975669836,-4.8683262634277344,-1.6995657348632813,7.308851165771484
1748975669903,-4.575385437011719,-4.556973724365235,7.703430633544922
1748975669971,-4.64394287109375,-4.308789825439454,8.088579711914063
1748975670036,-4.251309356689453,-4.106560363769532,6.7898803710937505
1748975670103,-3.8806800842285156,-4.683011627197266,7.063211975097657
1748975670170,-3.1415171813964844,-4.373455352783203,7.480244750976563
1748975670236,-3.0756541442871095,-3.7787420654296877,7.171586608886719
1748975670303,-3.2168106079101566,-4.61999267578125,7.967032470703125
1748975670370,-3.4256263732910157,-3.618575134277344,8.297994232177734
1748975670437,-4.356390838623047,-4.065246276855469,10.188712463378907
1748975670503,-5.552852783203125,-4.121978302001954,10.477462005615235
1748975670569,-5.427114257812501,-3.011138305664063,7.607330474853516
1748975670636,-3.7772451782226564,-1.1982582092285157,6.537505187988281
1748975670703,-4.62478271484375,-3.9065762329101563,9.668843536376954
1748975670770,-4.070186004638672,-4.775818634033203,7.512278137207032
1748975670836,-1.9332298278808595,-4.880301361083984,6.756499786376954
1748975670903,-1.7786013793945314,-4.587510223388672,7.503296813964844
1748975670969,-1.997296600341797,-4.440216522216797,7.767946472167969
1748975671036,-2.8696824645996095,-4.65352294921875,8.323291625976562
1748975671103,-3.100502471923828,-4.2966650390625,8.203840026855469
1748975671170,-3.7053945922851566,-3.526366882324219,8.957073669433594
1748975671236,-4.306843872070313,-4.14862289428711,8.881480865478515
1748975671303,-4.753964080810547,-5.109923858642579,9.85834945678711
1748975671370,-4.036356353759766,-2.0580702209472657,7.5769436645507815
1748975671436,-3.5682797241210937,-4.233047332763672,7.667056274414063
1748975671503,-4.155658264160157,-5.487139434814454,8.85004623413086
1748975671570,-3.680995330810547,-4.269272003173828,7.031328277587891
1748975671636,-3.780089263916016,-4.275708618164063,7.516319732666016
1748975671703,-3.527414703369141,-4.621639251708984,7.0010911560058595
1748975671772,-3.1458581542968753,-4.034560089111328,6.835236053466797
1748975671836,-3.573069763183594,-3.5350488281250003,8.026309204101564
1748975671903,-4.202510833740234,-2.9536578369140627,8.165819091796875
1748975671982,-4.596192169189453,-3.526217193603516,8.719817047119141
1748975672037,-4.85949462890625,-4.210144958496094,9.264234924316407
1748975672103,-5.309309234619141,-5.644312591552735,10.429262237548828
1748975672169,-4.424199829101562,-2.5906626892089846,6.56280258178711
1748975672237,-2.5331822204589844,-4.1376956176757815,8.433761901855469
1748975672304,-3.4346076965332033,-5.233267364501954,7.473209381103516
1748975672372,-3.728895721435547,-5.871540069580078,6.335126037597656
1748975672437,-3.0567933654785158,-4.349654846191407,7.305408325195313
1748975672504,-2.445464630126953,-3.3415013122558594,7.116201782226563
1748975672571,-3.1496003723144534,-3.8315821838378907,8.20907913208008
1748975672637,-3.8815782165527346,-2.8593539428710937,7.870333557128907
1748975672704,-3.831881561279297,-3.3965867614746097,8.87639144897461
1748975672772,-4.287683715820313,-3.945794677734375,8.567733306884765
1748975672837,-4.449048156738281,-5.684728546142578,9.467212829589844
1748975672904,-5.116510162353516,-4.123325500488281,9.843679962158204
1748975672972,-4.081412658691407,-2.731669464111328,7.095245361328125
1748975673037,-4.226910095214844,-4.594844970703125,8.755592651367188
1748975673104,-4.56056625366211,-4.025728454589844,7.837851104736329
1748975673171,-3.9663020324707032,-4.18844009399414,6.558461608886719
1748975673237,-3.4182916259765626,-4.214934997558594,6.597979431152344
1748975673304,-3.9206469726562503,-2.853665771484375,7.083270263671875
1748975673371,-4.194427642822266,-2.793790283203125,7.875872039794922
1748975673436,-4.305945739746094,-2.588567047119141,8.456215209960938
1748975673504,-4.644391937255859,-3.006947021484375,8.577463073730469
1748975673571,-5.6362294006347655,-5.380411376953125,11.406879272460937
1748975673637,-5.5271063232421875,-3.351380767822266,8.656349029541015
1748975673704,-2.8883935546875,-0.8795709228515626,5.565276947021484
1748975673771,-3.2588731384277345,-4.774621124267578,8.98177230834961
1748975673837,-3.387605438232422,-3.3353640747070314,6.799011383056641
1748975673904,-4.031117248535156,-5.924380187988281,9.421857147216798
1748975673971,-3.40332275390625,-3.4715808105468753,9.047635345458986
1748975674037,-1.5729290771484377,-1.9833755493164062,6.011798400878907
1748975674104,-2.0680993652343753,-3.756139068603516,7.871830444335938
1748975674171,-3.0912217712402343,-3.489244079589844,8.514593811035157
1748975674237,-3.7244050598144534,-3.980223083496094,9.632319488525392
1748975674304,-4.512965240478516,-4.446204071044922,10.392738189697265
1748975674370,-5.244194641113282,-4.243824920654297,10.38330780029297
1748975674437,-3.4959800720214846,-0.8592132568359375,6.939120025634766
1748975674504,-4.032464447021485,-3.6452197265625004,7.560178527832032
1748975674571,-5.191953277587891,-5.546715545654298,8.059390411376954
1748975674637,-4.745880889892578,-3.2717463684082033,6.327042846679688
1748975674704,-3.618724822998047,-3.3632061767578127,7.419022064208985
1748975674772,-3.8643640136718753,-3.207529907226563,7.76704833984375
1748975674837,-3.7691619873046878,-3.1961535644531254,8.120613098144531
1748975674904,-4.486769714355469,-3.7092864990234378,8.58419906616211
1748975674970,-4.853656768798828,-3.6968623352050782,8.85768035888672
1748975675037,-5.836512908935547,-6.744225311279298,11.1943212890625
1748975675104,-3.789669342041016,-1.4569203186035158,5.678740997314454
1748975675170,-2.9999116516113284,-4.472549285888672,8.150101776123048
1748975675237,-3.883524169921875,-5.113516387939454,7.854765930175781
1748975675304,-3.387755126953125,-4.104464721679688,6.514004058837891
1748975675370,-2.3546035766601565,-3.735781402587891,7.539371795654297
1748975675437,-2.1604573059082033,-3.904779968261719,7.52081039428711
1748975675504,-3.2921040344238284,-4.066294097900391,8.30547866821289
1748975675570,-3.982618103027344,-3.360362091064453,8.831933898925781
1748975675637,-4.381688232421875,-2.975512390136719,9.218130798339844
1748975675704,-4.992867279052734,-3.5218762207031253,8.942703552246094
1748975675770,-5.318140869140625,-4.412973175048828,10.172246704101562
1748975675837,-4.729564819335938,-1.5286212158203125,7.6209521484375005
1748975675904,-5.00319580078125,-3.8841229248046876,7.754175109863282
1748975675970,-5.161566467285157,-4.823269958496094,8.024213562011719
1748975676037,-4.40968002319336,-3.6636314392089844,6.399043121337891
1748975676104,-3.720513153076172,-4.211492156982422,6.617588653564454
1748975676170,-3.4983750915527345,-3.986060943603516,6.613247680664063
1748975676237,-3.413950653076172,-2.56506591796875,7.246430969238282
1748975676304,-3.5857933044433596,-3.5067576599121097,9.63995361328125
1748975676370,-5.343737640380859,-2.7262806701660156,8.704997863769531
1748975676436,-6.713988189697266,-3.4220338439941407,8.401429138183595
1748975676504,-7.103178863525391,-3.813020782470703,9.060508575439453
1748975676570,-6.45457763671875,-4.053271179199219,8.577163696289062
1748975676637,-4.205205230712891,0.015118560791015626,5.072052612304688
1748975676704,-4.039499816894532,-4.0442898559570315,11.009156341552735
1748975676771,-4.9880772399902344,-3.9142103576660157,7.6687028503417976
1748975676837,-3.9799237060546875,-3.964655456542969,6.91008041381836
1748975676904,-1.4579681396484376,-3.2216006469726564,8.455017700195313
1748975676983,-3.19974609375,-3.459306335449219,6.817722473144531
1748975677037,-3.895648956298828,-4.560416564941407,8.136629791259766
1748975677104,-4.014651489257813,-2.7988796997070313,8.380323028564453
1748975677170,-4.673281860351563,-3.6215689086914065,9.325906677246094
1748975677237,-5.762716369628906,-3.575614471435547,8.937015380859375
1748975677304,-6.599476318359375,-3.8272412109375002,9.523346099853516
1748975677370,-5.9815612792968755,-1.3733940124511719,7.82737289428711
1748975677436,-5.339696044921875,-2.9234207153320315,6.929989013671875
1748975677504,-5.416935424804688,-3.466940460205078,8.13303726196289
1748975677572,-5.420527954101563,-3.3235386657714847,7.332801361083985
1748975677637,-5.15932113647461,-3.6950660705566407,7.1156030273437505
1748975677704,-4.593198394775391,-3.921545104980469,6.54558837890625
1748975677772,-3.8059854125976567,-3.929927673339844,6.846911773681641
1748975677837,-4.355193328857422,-3.7606297302246094,7.544610900878907
1748975677904,-4.310885467529297,-2.827320556640625,7.574249267578125
1748975677972,-4.848267974853516,-3.9389089965820316,8.939410400390626
1748975678037,-6.544390869140625,-6.69931869506836,11.639944610595704
1748975678104,-5.460794219970704,-1.2217593383789063,5.800587615966797
1748975678171,-4.161645812988281,-1.6389418029785157,7.967780914306641
1748975678237,-5.43953842163086,-4.696932678222656,9.043444061279297
1748975678304,-4.667893066406251,-3.5015185546875003,6.041287078857422
1748975678370,-2.7466383361816407,-2.1276754760742187,7.593110046386719
1748975678437,-3.397185516357422,-2.888243865966797,7.644153900146485
1748975678504,-3.493734741210938,-3.1949560546875,7.320975952148438
1748975678571,-3.672762451171875,-3.120261383056641,8.173303527832031
1748975678637,-4.453089752197266,-3.4561628723144535,8.667875061035156
1748975678704,-5.420228576660157,-4.215533752441407,9.179810485839845
1748975678771,-6.446045379638672,-5.842949523925782,10.120155029296875
1748975678837,-4.962181091308594,-1.1623329162597658,6.500532073974609
1748975678904,-3.956572265625,-3.364852752685547,6.949897613525391
1748975678971,-4.851411437988282,-5.038073272705079,8.166268157958985
1748975679037,-4.959636383056641,-3.182831268310547,5.97123275756836
1748975679104,-4.778812408447266,-3.758983154296875,6.891219635009766
1748975679171,-4.6702880859375,-3.9628591918945313,7.0573741149902345
1748975679237,-4.447251892089844,-3.586541748046875,7.3287597656250005
1748975679304,-4.729714508056641,-3.5471736145019532,7.481292572021485
1748975679370,-5.023852844238282,-3.649710388183594,8.30443084716797
1748975679436,-5.276527404785156,-3.5916311645507815,8.8519921875
1748975679504,-6.162235565185547,-5.947881317138672,10.541828155517578
1748975679571,-4.64199691772461,-1.0291099548339844,6.415508880615235
1748975679637,-3.4995726013183597,-4.033362579345703,8.902137908935547
1748975679704,-4.878505096435547,-5.501509552001953,7.168892211914063
1748975679772,-4.014202423095703,-4.874912567138672,5.772595825195313
1748975679837,-2.8364515686035157,-4.082610168457031,6.976841583251954
1748975679904,-2.904110870361328,-3.267704772949219,6.791676635742188
1748975679972,-3.5247203063964845,-4.0020776367187505,7.884853363037109
1748975680037,-4.277055816650391,-3.6432737731933598,8.554860076904298
1748975680104,-4.809797973632813,-3.7306919860839844,8.97024627685547
1748975680170,-5.253325653076172,-4.096980285644531,9.085057525634767
1748975680237,-5.392685852050781,-4.438569946289062,9.374854888916015
1748975680304,-4.589007110595704,-1.7908758544921877,7.760761413574219
1748975680370,-4.2327479553222656,-3.9977366638183596,7.523055725097657
1748975680437,-4.8174320983886725,-4.9988548278808596,8.181237030029298
1748975680504,-4.686903533935547,-3.6074981689453125,5.881569213867188
1748975680570,-3.809428253173828,-3.849694519042969,6.702162780761719
1748975680637,-3.843557281494141,-4.225712585449219,7.104526062011719
1748975680704,-3.973038024902344,-3.5585499572753907,7.106322326660156
1748975680770,-4.451892242431641,-4.072880401611329,8.064180450439453
1748975680837,-5.00603988647461,-4.650229797363282,9.026978302001954
1748975680904,-5.813011779785157,-5.964347076416016,10.446177062988282
1748975680970,-4.949008483886719,-2.3150857543945316,6.455924835205079
1748975681037,-3.201093292236328,-3.6395315551757816,6.878645782470704
1748975681104,-4.124672698974609,-3.9007383728027345,8.494834899902344
1748975681170,-3.703748016357422,-4.846471710205078,6.084397430419922
1748975681237,-2.5357269287109374,-4.288731536865234,7.384593658447266
1748975681303,-2.5861720275878906,-3.3545242309570313,7.599546661376953
1748975681370,-2.920426940917969,-4.791236572265626,7.897876281738282
1748975681436,-3.1066397094726566,-4.2608894348144535,8.213869171142578
1748975681504,-3.5209780883789064,-5.3368519592285155,9.216633911132813
1748975681571,-4.04324203491211,-5.442382507324219,8.225993957519531
1748975681637,-4.54859115600586,-6.9040928649902344,9.042545928955079
1748975681704,-3.203039245605469,-5.32218246459961,7.062463531494141
1748975681772,-1.9559825134277344,-6.082750854492188,7.0769833374023445
1748975681837,-2.346819763183594,-6.711443481445313,7.4835379028320315
1748975681904,-1.92799072265625,-6.172713775634766,6.062991943359376
1748975681986,-1.3730946350097657,-6.576573944091797,7.3393876647949226
1748975682037,-2.4601341247558595,-4.997956695556641,6.776857452392578
1748975682104,-2.574795684814453,-5.571863250732422,8.027357025146484
1748975682170,-2.4968078613281253,-5.0498986816406255,7.955955505371094
1748975682237,-2.2071601867675783,-4.812642059326172,7.977211303710938
1748975682304,-2.431992645263672,-5.5446199035644534,8.369395751953125
1748975682372,-3.356769561767578,-6.089337158203126,7.49162109375
1748975682437,-3.4750236511230472,-7.957602081298829,8.823251953125
1748975682504,-2.748284912109375,-4.803211669921875,6.129453735351563
1748975682572,-0.2956352233886719,-7.904462585449219,6.34006576538086
1748975682637,-2.0901036071777344,-9.593550109863282,4.74737777709961
1748975682704,-1.5968792724609375,-7.164102172851563,4.272565155029297
1748975682772,-0.7623646545410157,-7.279811553955079,6.442303161621094
1748975682837,-0.8876541137695313,-6.451284484863281,6.553072814941406
1748975682904,-1.1596385192871095,-5.672304382324219,7.3760614013671875
1748975682971,-1.8338365173339846,-6.045178985595704,8.400830383300782
1748975683037,-2.4843836975097657,-6.049370269775391,8.877888336181641
1748975683104,-2.210453338623047,-5.9303677368164065,8.862769775390625
1748975683170,-2.7267297363281253,-6.665189666748047,9.949509887695314
1748975683237,-2.555186462402344,-4.855003967285157,6.927444305419923
1748975683304,0.1484912109375,-7.778574371337891,7.0962931823730475
1748975683371,-0.5617817687988281,-7.153174896240235,6.64902328491211
1748975683436,-2.0053797912597657,-6.085744628906251,5.867648162841797
1748975683504,-1.7693206787109377,-5.683680725097656,4.8877857971191405
1748975683570,-1.0892848205566408,-5.720055084228516,7.4449182128906255
1748975683637,-0.9497749328613282,-5.073399810791016,8.543783111572266
1748975683704,-1.97589111328125,-5.561385040283203,7.898924102783203
1748975683770,-2.049238586425781,-5.9348583984375,7.957901458740235
1748975683837,-1.4084211730957032,-7.253466339111329,9.692194976806642
1748975683904,-2.053729248046875,-7.776029663085938,10.753787384033204
1748975683970,-1.861977996826172,-3.250640258789063,6.179000701904298
1748975684037,-0.3065625,-6.500681762695312,7.47770004272461
1748975684104,-1.5847544860839844,-8.251441040039063,6.501729583740235
1748975684170,-1.1298504638671876,-6.062243499755859,5.430856475830079
1748975684237,-0.31644195556640625,-5.138364715576172,6.970854034423828
1748975684304,-0.8170010375976563,-4.250560913085938,7.216343536376954
1748975684371,-1.1418255615234376,-4.628674621582031,8.332572326660157
1748975684436,-1.5250286865234375,-4.604275360107422,9.327553253173829
1748975684504,-1.907633056640625,-4.54859115600586,9.657766571044922
1748975684570,-2.2673350524902345,-4.957241363525391,9.259744262695312
1748975684637,-2.2776635742187503,-5.102439422607422,9.970615997314454
1748975684704,-1.6887881469726564,-3.0695169067382815,8.950786743164063
1748975684770,-2.66086669921875,-4.598287811279297,7.900570678710938
1748975684837,-2.964884490966797,-4.952451324462891,8.395291900634765
1748975684904,-2.6789790344238282,-4.997657318115235,7.699538726806641
1748975684970,-2.8294161987304687,-4.608915710449219,7.162754974365234
1748975685037,-3.0491592407226564,-5.478307800292969,7.652386779785156
1748975685104,-2.8072622680664066,-4.743036804199219,7.131769409179688
1748975685170,-2.3857388305664062,-4.686604156494141,7.6790313720703125
1748975685237,-1.93757080078125,-3.715872802734375,7.9291612243652345
1748975685304,-2.8027716064453125,-4.662204895019531,8.64407455444336
1748975685370,-3.6396812438964847,-3.949536895751953,9.068142700195313
1748975685436,-4.1218286132812505,-5.022954711914063,10.285111999511718
1748975685504,-4.13859375,-3.763623504638672,9.78649887084961
1748975685570,-2.8196864318847656,-1.743274841308594,7.379204864501953
1748975685637,-3.1094837951660157,-5.451663208007813,9.34776123046875
1748975685704,-3.1025981140136722,-5.129233703613282,7.107669525146485
1748975685770,-2.665507049560547,-4.190236358642578,6.951394500732422
1748975685837,-1.7242643737792969,-3.8708006286621095,7.831863555908203
1748975685904,-2.308798828125,-3.4417927551269534,7.211104431152344
1748975685970,-2.6807752990722657,-4.498744812011719,8.419092407226563
1748975686037,-2.9633876037597657,-3.4646951293945314,8.484805755615234
1748975686104,-3.289559326171875,-4.400249633789063,9.447004852294922
1748975686171,-3.6681221008300784,-4.2821452331542975,10.014923858642579
1748975686237,-3.742068328857422,-3.952380981445313,9.52499267578125
1748975686304,-3.8514907836914065,-3.5185830688476565,9.777517547607422
1748975686371,-2.963537292480469,-2.2209315490722656,7.893385620117188
1748975686436,-3.6265086364746097,-5.074896697998047,8.84435806274414
1748975686504,-3.920347595214844,-4.3577380371093755,8.583899688720704
1748975686570,-3.8755906677246097,-4.132755889892579,7.64490234375
1748975686637,-3.4549653625488284,-4.724924468994141,7.037315826416016
1748975686704,-3.2046858215332032,-4.405788116455079,6.663543090820313
1748975686770,-3.395988006591797,-3.2623159790039065,7.473658447265626
1748975686837,-4.027225341796875,-0.2775228881835938,8.823102264404298
1748975686903,-4.1306602478027346,-1.816622314453125,9.679471435546876
1748975686973,-4.5815226745605475,-4.465663604736329,11.057206420898439
1748975687037,-5.469476165771485,-4.575535125732422,10.047855377197266
1748975687104,-2.9735664367675785,-1.5313156127929688,5.446274414062501
1748975687170,-2.2077589416503907,-6.542893981933594,8.849746856689453
1748975687237,-2.692151641845703,-6.131848754882813,7.1368588256835945
1748975687304,-1.085991668701172,-4.758454742431641,6.425687713623047
1748975687372,-1.309027862548828,-4.380191345214844,7.724237365722657
1748975687436,-2.0987855529785158,-4.314927062988281,7.410489807128907
1748975687504,-2.8800109863281254,-5.208119659423828,8.106991424560547
1748975687572,-3.2778836059570313,-5.533992004394531,9.555828552246094
1748975687637,-3.1618748474121094,-5.3386482238769535,9.326056365966798
1748975687704,-3.368295593261719,-5.1027388000488285,8.831784210205079
1748975687770,-3.0801448059082035,-5.570516052246094,10.818602600097657
1748975687837,-3.104693756103516,-1.7372872924804688,8.036488037109375
1748975687904,-2.386487274169922,-4.600982208251954,8.560697937011719
1748975687972,-2.812651062011719,-5.217849426269532,8.739276580810547
1748975688037,-3.1593301391601565,-4.239334259033203,7.427105255126953
1748975688104,-3.2693513488769534,-4.681514739990234,6.556066589355469
1748975688171,-3.3629067993164066,-4.553530883789063,6.6488735961914065
1748975688237,-3.423530731201172,-5.018763427734375,6.463109893798828
1748975688304,-3.4657429504394535,-5.581593017578125,7.666008453369141
1748975688372,-3.579356689453125,-5.386398925781251,8.789721679687501
1748975688436,-3.9770796203613283,-4.402944030761719,12.002191314697265
1748975688504,-4.387376403808594,-2.581681365966797,12.925621032714844
1748975688570,-3.917952575683594,0.9271719360351564,7.097490692138672
1748975688637,-1.853445739746094,-1.7803976440429687,11.139086151123047
1748975688704,-3.9076240539550784,-0.3902384948730469,10.725645904541016
1748975688771,-5.845045166015625,-5.399571533203125,3.755091247558594
1748975688837,2.2707778930664064,-9.456734619140626,9.36976547241211
1748975688904,-1.026116180419922,-3.6025584411621097,5.662424926757812
1748975688970,-1.7938696289062501,-5.675896911621094,7.535330200195313
1748975689037,-0.17558486938476564,-6.318809967041016,9.526788940429688
1748975689104,-0.24264541625976563,-5.459147644042969,9.615404663085938
1748975689170,-2.677482147216797,-6.991960144042969,10.945388946533203
1748975689237,-2.2781126403808596,-2.7605593872070315,9.529932403564453
1748975689304,-1.0473719787597657,-3.4744248962402344,8.195307769775392
1748975689371,-0.5492079162597656,-4.106560363769532,9.781259765625
1748975689436,-1.9550843811035157,-1.864373016357422,7.570057983398438
1748975689504,-2.903961181640625,-5.997877349853516,9.73575439453125
1748975689571,-2.531685333251953,-5.1925520324707035,7.579638061523438
1748975689637,-0.7222480773925781,-2.1547691345214846,7.043752441406251
1748975689704,-5.1819241333007815,-6.044280853271485,8.281827850341797
1748975689771,-3.7534446716308594,-6.7350942993164065,9.262139282226563
1748975689837,-0.8349636840820313,-2.8394453430175783,8.208480377197265
1748975689904,-5.553301849365234,-6.044430541992188,10.914403381347658
1748975689971,-5.44387939453125,-6.939718780517579,7.723638610839844
1748975690037,0.56282958984375,1.8492544555664063,7.812404022216797
1748975690104,-3.6730618286132812,-4.409530334472657,9.036408691406251
1748975690170,-4.45518539428711,-8.240813140869141,9.495503997802734
1748975690237,-0.2686912536621094,-4.782704315185547,5.776338043212891
1748975690304,-0.512384490966797,-4.361031188964844,6.203849029541016
1748975690370,-3.082090759277344,-6.887327728271485,7.7073225402832035
1748975690436,-1.8059944152832033,-6.683302001953125,7.332651672363282
1748975690504,0.2847079467773438,-2.8633955383300784,7.850574645996094
1748975690570,-7.147037658691406,-7.939340057373047,11.018586730957033
1748975690637,-5.087320861816407,-8.274642791748047,10.192604370117188
1748975690704,-0.47556106567382816,-0.9425898742675781,9.036259002685547
1748975690771,-4.237388305664063,-4.201163635253907,9.068741455078126
1748975690837,-5.339696044921875,-5.689668273925782,8.225245513916017
1748975690904,-3.0650262451171875,-4.108506317138672,7.576344909667969
1748975690971,-1.404529266357422,-3.2346235656738282,7.397915954589844
1748975691037,-4.002676391601563,-5.459447021484375,7.663014678955078
1748975691104,-4.658612365722656,-8.839418334960937,7.072941741943359
1748975691170,-1.4425502014160156,-3.2093261718750004,7.794591064453125
1748975691237,-1.7672250366210938,-3.8645137023925784,7.074288940429688
1748975691304,-5.5568943786621094,-10.131381683349609,8.888516235351563
1748975691371,-3.8023928833007816,-4.36896469116211,10.851683807373048
1748975691436,-4.256249084472657,-1.2903167724609375,8.816815338134766
1748975691504,-5.598657531738281,-5.436095581054688,7.353009338378906
1748975691570,-4.590054931640625,-5.041366424560547,8.280780029296876
1748975691637,-2.747985534667969,-3.2278875732421874,6.357130279541016
1748975691704,-4.1234751892089845,-5.584437103271485,7.55434066772461
1748975691772,-3.514391784667969,-5.543871459960938,6.041736145019532
1748975691837,-2.348316650390625,-4.554429016113281,7.003785552978516
1748975691904,-2.538271636962891,-4.567152557373047,8.444838867187501
1748975691979,-3.066523132324219,-4.215084686279297,7.6386154174804695
1748975692037,-3.196003875732422,-5.45824951171875,8.681496734619142
1748975692104,-4.743635559082032,-6.695576477050782,9.419911193847657
1748975692170,-5.921087036132813,-4.053420867919922,8.481662292480468
1748975692237,-4.859344940185547,-1.5341596984863282,6.285130004882813
1748975692304,-3.321592712402344,-4.712350616455079,8.639883270263672
1748975692370,-4.04039794921875,-5.968388671875,8.578510894775391
1748975692438,-4.896018676757813,-3.4585578918457034,5.051395568847656
1748975692504,-3.750151519775391,-4.7169909667968755,7.1578152465820315
1748975692571,-4.24202865600586,-3.894002380371094,6.913972320556641
1748975692638,-4.188140716552734,-4.428989868164063,7.268734588623047
1748975692704,-4.553530883789063,-4.236639862060547,6.525230712890625
1748975692771,-4.471052398681641,-5.760021972656251,8.179141387939454
1748975692838,-4.488865356445313,-5.931714935302734,10.35411849975586
1748975692904,-4.7910868835449225,-6.128705291748047,9.31512908935547
1748975692971,-3.2696507263183596,1.4099180603027344,5.815556488037109
1748975693037,-2.7866052246093753,-3.961212615966797,8.34858901977539
1748975693104,-5.172942810058594,-5.273234252929687,8.91755584716797
1748975693171,-5.080435180664063,-4.180356903076172,6.4975382995605475
1748975693238,-5.116210784912109,-5.371130676269532,6.620283050537109
1748975693304,-4.686903533935547,-5.576653289794923,8.04008056640625
1748975693370,-3.8538858032226564,-3.0764025878906254,8.038733367919923
1748975693438,-2.8217820739746093,-3.67875,7.841892700195313
1748975693504,-4.877008209228516,-3.5727703857421877,8.075257415771485
1748975693575,-7.555238800048828,-5.849984893798829,8.479267272949219
1748975693641,-9.15810562133789,-4.217479705810547,8.047415313720704
1748975693704,-7.898175659179688,-3.283721466064453,6.748416595458985
1748975693772,-7.034022674560547,-3.4561628723144535,8.453670501708984
1748975693840,-5.046156463623047,-1.2587324523925782,5.601501617431641
1748975693904,-5.143154754638672,-3.9630088806152344,6.572682037353516
1748975693972,-5.331163787841797,-4.345164184570312,7.004084930419922
1748975694038,-5.538033599853516,-2.904260559082031,7.324718170166016
1748975694104,-5.150190124511719,-2.655477905273438,7.503596191406251
1748975694173,-6.222410430908203,-4.254901885986328,7.758665771484376
1748975694238,-7.190597076416016,-3.3919464111328126,8.493936767578125
1748975694304,-7.204218750000001,-2.7207421875,8.312963104248047
1748975694371,-6.0535615539550784,-2.191293182373047,5.961652679443359
1748975694438,-6.788084106445313,-3.8113742065429688,8.19620590209961
1748975694504,-5.5799464416503906,-4.084256744384766,6.607709197998047
1748975694573,-4.227808227539063,-4.153263244628906,5.8035813903808595
1748975694637,-3.8969961547851564,-5.218597869873047,6.0836489868164065
1748975694704,-3.3052766418457034,-4.282594299316407,5.412444763183594
1748975694773,-4.5496389770507815,-5.129383392333985,8.076005859375
1748975694838,-4.867278442382813,-3.801943817138672,7.8727285766601565
1748975694904,-4.362677764892578,-3.8553826904296877,9.164691925048828
1748975694972,-4.591551818847656,-4.197271728515625,8.745413818359376
1748975695038,-5.6062916564941405,-5.69820053100586,10.27313690185547
1748975695104,-4.178710327148438,-2.8494744873046876,7.019203491210938
1748975695171,-4.576433258056641,-5.883215789794922,8.446186065673828
1748975695238,-3.8547839355468754,-5.154830474853516,7.710615692138672
1748975695304,-4.082310791015625,-3.6687208557128907,6.838978271484375
1748975695373,-4.370760955810547,-3.7673657226562502,5.742508392333985
1748975695438,-4.555476837158204,-4.8368916320800786,6.750212860107422
1748975695504,-4.4863206481933595,-4.766687622070313,6.703060913085938
1748975695572,-3.6371365356445313,-5.1696496582031255,7.306306457519532
1748975695638,-3.9175035095214845,-5.124293975830079,7.100783843994141
1748975695704,-3.706143035888672,-4.587959289550781,7.99741928100586
1748975695772,-5.235363006591797,-3.2064820861816408,11.87300994873047
1748975695838,-6.384223937988281,-0.07828720092773438,8.904832305908204
1748975695904,-4.995112609863281,-1.7525555419921877,8.729097747802735
1748975695971,-4.6394522094726565,-4.184248809814453,9.126670989990235
1748975696038,-4.771926727294922,-5.009782104492188,7.261998596191407
1748975696104,-3.0461654663085938,-5.7983422851562505,5.004692687988282
1748975696171,-1.1560459899902344,-5.306016082763672,4.965474243164063
1748975696237,-0.6737489318847657,-4.505331115722656,6.7121919250488284
1748975696304,-3.6284545898437504,-4.8084507751464844,7.690557403564454
1748975696373,-5.083279266357422,-4.5339216613769535,8.493338012695313
1748975696438,-5.510790252685547,-3.2266900634765627,8.954379272460939
1748975696504,-5.437592468261719,-5.665418701171875,11.037896575927736
1748975696573,-4.515210571289063,-3.2260913085937504,9.045839080810547
1748975696638,-4.021836547851563,-4.3278002929687505,7.218888244628906
1748975696704,-4.52419189453125,-4.557422790527344,7.227270812988282
1748975696773,-4.306095428466797,-5.226830749511719,7.486082611083985
1748975696839,-3.563639373779297,-5.3985237121582035,6.402485961914063
1748975696903,-3.507356414794922,-3.8038897705078125,6.562203826904297
1748975696970,-3.5645375061035156,-4.381089477539063,7.3339988708496096
1748975697037,-5.145998840332031,-4.444258117675782,7.925269317626953
1748975697104,-5.125940551757813,-3.5594480895996097,7.637417907714844
1748975697170,-4.892276458740235,-3.9231916809082032,7.298372955322266
1748975697237,-5.343737640380859,-6.599925384521485,9.086105346679688
1748975697304,-6.123615875244141,-5.354365539550781,7.0715945434570315
1748975697372,-2.9582981872558594,-1.8338365173339846,6.7053062438964846
1748975697440,-4.375550994873047,-6.676566009521485,9.251661071777344
1748975697504,-4.637356567382812,-5.294340362548828,6.3213546752929695
1748975697573,-3.227288818359375,-3.1847772216796875,6.889123992919922
1748975697639,-2.352507934570313,-2.900218963623047,7.067552947998047
1748975697704,-2.7635531616210938,-3.9020855712890627,8.07884994506836
1748975697772,-2.5426126098632813,-3.858226776123047,8.505313110351564
1748975697839,-3.193309478759766,-3.442690887451172,8.597371673583984
1748975697904,-4.48871566772461,-5.499114532470704,10.366243286132812
1748975697973,-5.226830749511719,-4.5532315063476565,8.99898651123047
1748975698039,-3.3808694458007813,-1.8441650390625002,5.824986877441407
1748975698104,-4.857548675537109,-5.966891784667969,9.69159622192383
1748975698171,-4.81638427734375,-3.176694030761719,6.177653503417969
1748975698238,-4.727918243408204,-4.550986175537109,7.247927856445313
1748975698304,-5.465135192871094,-3.539988555908203,6.23228988647461
1748975698371,-4.2152343750000005,-3.3736843872070312,5.170248413085938
1748975698440,-5.309608612060547,-4.981640625,7.8606037902832036
1748975698504,-5.956563262939453,-4.4595263671875,7.226821746826173
1748975698572,-6.268215179443359,-3.7940103149414064,7.046446838378906
1748975698639,-6.091881866455078,-4.423002319335938,8.453371124267578
1748975698704,-5.3350556945800784,-5.246140594482422,10.031988372802735
1748975698771,-5.170697479248047,-2.900069274902344,5.719606018066407
1748975698837,-3.707340545654297,-1.9993922424316408,7.997568969726563
1748975698904,-5.217699737548829,-4.826563110351563,7.572003936767579
1748975698973,-4.932692413330078,-5.122497711181641,6.014492797851563
1748975699037,-5.03193603515625,-3.8938526916503906,6.4111679077148445
1748975699104,-3.5727703857421877,-2.6634114074707034,7.100783843994141
1748975699172,-3.753744049072266,-4.263134765625,8.900191955566406
1748975699237,-3.7868252563476563,-3.330124969482422,7.600145416259766
1748975699304,-4.305796051025391,-2.7872039794921877,7.722890167236328
1748975699373,-4.590503997802735,-3.0795460510253907,9.411678314208984
1748975699438,-5.505251770019531,-3.4898428344726566,8.286917266845704
1748975699504,-6.699917449951172,-3.9806721496582034,9.072483673095704
1748975699573,-5.161416778564454,-1.4181509399414063,6.996151428222657
1748975699638,-6.350843353271484,-4.969366149902344,7.329059143066407
1748975699704,-5.732179870605469,-4.49066162109375,6.792874145507813
1748975699771,-4.863087158203125,-3.0922695922851564,5.755680999755859
1748975699838,-5.054539031982422,-4.257745971679688,6.460864562988282
1748975699904,-4.771327972412109,-3.5619927978515626,6.010301513671875
1748975699973,-4.71100341796875,-4.385580139160156,7.648345184326172
1748975700037,-5.050198059082032,-3.934717712402344,7.633825378417969
1748975700104,-5.889203338623047,-4.4316842651367185,8.812923431396484
1748975700173,-6.390810241699219,-5.9972785949707035,9.71315139770508
1748975700238,-5.236410827636719,-2.8621980285644533,7.054380340576172
1748975700304,-4.559668121337891,-1.665436706542969,6.4711930847167976
1748975700371,-4.88344482421875,-4.996459808349609,8.384514312744141
1748975700438,-3.5046620178222656,-5.8353153991699225,7.416926422119141
1748975700504,-3.2563284301757816,-5.216502227783203,6.026168518066407
1748975700571,-3.320844268798828,-5.073848876953125,5.594466247558594
1748975700638,-4.027524719238281,-5.317242736816406,6.034102020263672
1748975700704,-3.916755065917969,-4.924459533691406,7.727829895019531
1748975700772,-4.854105834960937,-3.6085459899902346,8.717571716308594
1748975700838,-5.543272705078126,-3.7506005859375002,9.077423400878907
1748975700904,-5.1467472839355475,-4.612957305908203,9.397008819580078
1748975700972,-5.9110578918457035,-5.096152496337891,9.079069976806641
1748975701038,-4.34261947631836,-1.680106201171875,6.086792449951172
1748975701104,-5.237458648681641,-5.128784637451172,6.733747100830079
1748975701171,-5.572012939453125,-6.430477752685547,7.168592834472657
1748975701237,-4.825515289306641,-3.8711000061035157,5.253175964355469
1748975701304,-4.358336791992188,-4.580923919677734,6.4250889587402344
1748975701371,-4.527934112548828,-3.982468414306641,6.86652099609375
1748975701438,-4.870721282958985,-3.650907897949219,7.2566098022460945
1748975701504,-5.763165435791016,-3.316802673339844,6.892267456054688
1748975701571,-5.891298980712891,-3.7955072021484377,7.498955841064453
1748975701637,-7.069498901367188,-4.701722717285157,9.013057250976562
1748975701704,-7.247927856445313,-5.180427246093751,8.524772644042969
1748975701771,-5.640121307373047,-3.6058515930175785,6.425687713623047
1748975701838,-4.003125457763672,-4.2873843383789065,6.781647491455079
1748975701904,-4.152065734863282,-6.004912719726563,5.805078277587891
1748975701971,-4.011957092285156,-5.190456390380859,5.048850860595703
1748975702038,-1.4081217956542968,-3.9842646789550784,8.153694305419922
1748975702104,-1.3307327270507814,-3.720513153076172,7.352410583496094
1748975702170,-2.728825378417969,-5.592220916748047,7.926616516113282
1748975702238,-3.5084042358398437,-4.676874389648438,8.975335693359375
1748975702304,-3.640279998779297,-3.216660919189453,9.173673248291015
1748975702374,-3.650758209228516,-5.781876525878906,9.983489227294923
1748975702438,-3.802991638183594,-4.1721240234375,8.850944366455078
1748975702504,-1.6814533996582033,-4.28992904663086,6.636449432373047
1748975702573,-3.203188934326172,-6.866670684814453,8.323890380859375
1748975702639,-2.612517242431641,-4.684957580566406,6.30414047241211
1748975702704,-2.801125030517578,-5.124293975830079,6.461912384033203
1748975702773,-2.7583140563964843,-4.708458709716797,7.209607543945313
1748975702838,-3.211122436523438,-4.362827453613281,8.255782012939454
1748975702904,-3.0255084228515625,-4.385131072998047,8.79451171875
1748975702972,-3.6732115173339848,-4.768633575439454,8.631051635742187
1748975703040,-4.300556945800781,-4.5090733337402344,8.08363998413086
1748975703104,-4.42165512084961,-7.160060577392579,10.385553131103515
1748975703173,-3.497626647949219,-3.639232177734375,6.474935302734376
1748975703238,-1.8823356628417969,-3.8278399658203126,6.98148193359375
1748975703304,-3.0490095520019533,-6.7985623168945315,7.935747528076172
1748975703373,-4.188889160156251,-6.738537139892578,6.19396957397461
1748975703438,-2.566113739013672,-5.676345977783203,6.675518188476563
1748975703504,-0.4724176025390625,-4.872966613769531,8.054151306152344
1748975703572,-2.6961932373046875,-4.719984741210938,7.631280670166016
1748975703639,-3.0891261291503906,-4.691244506835938,7.684569854736329
1748975703704,-2.8934829711914065,-3.9435493469238283,8.240214385986329
1748975703771,-3.394640808105469,-3.758983154296875,8.154293060302734
1748975703837,-4.208648071289063,-4.933291168212891,9.339378662109375
1748975703904,-4.472848663330078,-4.69663330078125,9.246421966552735
1748975703972,-4.342469787597657,-3.7151243591308596,9.018595733642579
1748975704038,-3.339705047607422,-2.58422607421875,7.164102172851563
1748975704104,-4.062701568603516,-6.016887817382813,8.218659210205079
1748975704173,-4.681065673828125,-5.061424713134766,7.512577514648438
1748975704238,-3.8898110961914063,-4.658163299560547,6.952142944335938
1748975704304,-4.3366319274902345,-4.387975158691407,6.798712005615235
1748975704372,-4.060755615234375,-4.83554443359375,6.899302825927735
1748975704438,-4.141886901855469,-4.714895324707031,7.252119140625
1748975704504,-4.468956756591797,-3.916605377197266,6.915918273925781
1748975704573,-4.022285614013672,-4.175267486572266,7.869884490966797
1748975704638,-4.6572651672363286,-4.755161590576172,7.800877990722657
1748975704704,-5.694608001708985,-4.5213478088378904,8.384664001464845
1748975704773,-5.825585632324219,-5.2876043701171875,9.012159118652344
1748975704838,-5.6574851989746096,-3.021466827392578,6.279292144775391
1748975704904,-3.4410443115234375,-2.1749771118164065,7.307354278564453
1748975704973,-3.9508840942382815,-6.038892059326172,9.184001770019531
1748975705038,-4.67313217163086,-5.971831512451172,6.643035736083985
1748975705104,-1.9212547302246095,-5.230273590087891,6.218668212890625
1748975705171,-1.5221846008300781,-4.324956207275391,6.921007690429688
1748975705238,-2.0375628662109375,-4.962031402587891,7.887847137451172
1748975705304,-2.5069866943359376,-4.504582672119141,8.381969604492188
1748975705372,-2.2290147399902347,-4.381388854980469,8.644224243164063
1748975705439,-2.6729914855957033,-4.007466430664063,8.699908447265626
1748975705504,-3.434008941650391,-4.744683380126953,9.638756103515625
1748975705572,-3.9689964294433597,-4.879852294921875,9.817334747314453
1748975705639,-3.905977478027344,-2.4459136962890624,6.790928192138672
1748975705704,-4.659360809326172,-4.599784698486328,6.007756805419922
1748975705771,-4.843178558349609,-6.446045379638672,8.42283462524414
1748975705839,-4.451892242431641,-3.4229319763183597,5.711073760986328
1748975705904,-4.125570831298829,-4.952451324462891,6.999743957519532
1748975705973,-4.541106719970704,-4.840933227539063,6.724765777587891
1748975706038,-4.2870849609375,-4.536915435791016,7.161856842041016
1748975706104,-3.742218017578125,-4.916226654052735,7.1578152465820315
1748975706172,-3.955225067138672,-5.182223510742188,7.6297837829589845
1748975706238,-4.472399597167969,-5.4055590820312505,8.954229583740235
1748975706304,-5.343587951660156,-4.683909759521485,8.872499542236328
1748975706372,-5.536387023925782,-5.212310943603516,7.7179504394531255
1748975706438,-4.767286376953125,-1.5621514892578126,5.122348022460938
1748975706504,-4.612208862304688,-5.67140625,9.155111846923829
1748975706571,-4.439318389892579,-4.219126281738282,6.821315002441406
1748975706638,-3.5212774658203125,-4.456682281494141,6.544241180419922
1748975706704,-2.5298890686035156,-5.186714172363281,7.400310974121094
1748975706771,-2.8734246826171876,-4.246219940185547,6.924899597167969
1748975706838,-2.6746380615234377,-4.387526092529297,7.756270751953125
1748975706904,-3.2742910766601563,-4.143084411621094,8.137677612304689
1748975706971,-3.697610778808594,-4.095333709716797,8.447383575439453
1748975707038,-4.835843811035157,-7.047644348144532,10.785371704101562
1748975707104,-5.441334686279297,-2.47166015625,7.400161285400391
1748975707171,-3.989952850341797,-3.4910403442382814,6.683751068115234
1748975707238,-4.295617218017578,-5.442532196044922,7.879015502929688
1748975707304,-4.064048767089844,-3.9303767395019533,6.361920318603516
1748975707374,-4.169130249023437,-4.949607238769532,6.395450592041016
1748975707440,-4.106560363769532,-4.741240539550781,6.8796936035156255
1748975707504,-3.9176531982421876,-4.5390110778808594,7.426805877685547
1748975707572,-4.294120330810547,-5.476810913085938,7.932005310058594
1748975707638,-4.066144409179688,-4.4141706848144535,7.928263092041016
1748975707704,-4.08874740600586,-5.082830200195313,8.220754852294922
1748975707772,-5.583089904785156,-7.6404116821289065,9.994266815185547
1748975707838,-3.8622683715820316,-2.9725186157226564,5.45824951171875
1748975707904,-1.5977774047851563,-5.205574951171875,7.72917709350586
1748975707973,-2.9997619628906254,-5.7067327880859375,6.606960754394532
1748975708038,-2.132764892578125,-4.516707458496094,6.728507995605469
1748975708104,-3.066523132324219,-4.6782215881347655,7.378606109619141
1748975708174,-2.5729994201660156,-5.176984405517579,6.855743408203125
1748975708240,-1.2205618286132813,-6.163582763671875,7.045249328613282
1748975708304,-1.2484039306640626,-5.768254852294922,7.493716735839844
1748975708373,-3.1232551574707035,-5.571863250732422,10.328970794677735
1748975708438,-3.876189422607422,-6.182742919921876,13.748010864257813
1748975708504,-4.837640075683594,-4.372407531738282,4.78285400390625
1748975708573,-2.6369165039062503,-3.9038818359375003,5.3404444885253906
1748975708638,-3.148103485107422,-6.205794982910157,8.41654769897461
1748975708704,-3.1656170654296876,-4.930596771240235,6.284231872558594
1748975708773,-2.831511840820313,-4.865033111572266,7.810757446289063
1748975708838,-2.3963667297363282,-4.458628234863282,7.7285783386230476
1748975708904,-3.289259948730469,-5.563330993652344,7.927065582275391
1748975708973,-3.831731872558594,-3.7976028442382814,7.71001693725586
1748975709038,-3.497626647949219,-3.7021014404296877,8.120762786865235
1748975709104,-3.729793853759766,-4.769232330322266,8.323890380859375
1748975709173,-4.592899017333985,-5.635181579589844,8.655750274658203
1748975709238,-5.167254638671875,-6.595434722900391,9.956395568847658
1748975709304,-4.212390289306641,-2.4899221801757814,6.851851501464844
1748975709372,-1.505269775390625,-3.5678306579589845,7.844886474609376
1748975709438,-3.277434539794922,-7.033124542236329,8.623267822265625
1748975709504,-3.942950592041016,-6.728657684326172,6.665638732910157
1748975709573,-2.5631199645996094,-4.750221862792969,8.2340771484375
1748975709638,-1.478924560546875,-3.263812866210938,7.306755523681641
1748975709704,-2.4038511657714845,-4.588558044433594,7.220684509277344
1748975709771,-2.9053083801269532,-3.539689178466797,7.6592724609375
1748975709838,-3.227288818359375,-3.2135174560546877,8.002059631347656
1748975709904,-4.236639862060547,-4.854704589843751,10.325527954101563
1748975709971,-4.9159272766113284,-2.8541148376464847,9.088200988769533
1748975710038,-5.7624169921875,-4.274361419677734,11.11528564453125
1748975710104,-5.349725189208985,-1.1211685180664064,6.922654266357422
1748975710172,-4.118685150146485,-3.4778677368164064,7.443870391845704
1748975710238,-4.26358383178711,-4.862787780761719,8.357570343017578
1748975710304,-4.637356567382812,-3.862867126464844,7.0769833374023445
1748975710373,-4.136797485351563,-3.7497024536132812,6.649472351074219
1748975710438,-3.7630247497558598,-3.9698945617675783,7.339537353515626
1748975710504,-3.948040008544922,-3.350183258056641,7.267088012695313
1748975710571,-4.13664779663086,-4.097429351806641,8.237669677734376
1748975710640,-4.413871307373047,-3.120560760498047,7.907905426025391
1748975710704,-5.317841491699219,-4.104015655517578,9.316176910400392
1748975710771,-6.924300842285157,-5.889951782226563,10.942694549560548
1748975710839,-5.039869537353516,-0.10403366088867189,4.798870697021485
1748975710904,-3.774251403808594,-3.1880703735351563,8.206085357666016
1748975710971,-4.4599754333496096,-3.7990997314453128,9.281299438476562
1748975711038,-3.3437466430664062,-4.286935272216797,7.145241394042969
1748975711104,-2.608325958251953,-3.9246885681152346,7.16829345703125
1748975711171,-1.9372714233398438,-4.168681182861328,7.148235168457032
1748975711237,-2.0948936462402346,-4.159849548339844,6.907086639404297
1748975711304,-2.927761688232422,-4.352049865722656,8.217461700439454
1748975711372,-4.684358825683594,-5.420527954101563,9.824669494628907
1748975711438,-5.952821044921875,-5.135520629882813,10.110874328613281
1748975711504,-5.750591583251953,-3.5079551696777345,9.542955322265625
1748975711571,-4.481380920410157,-1.4416520690917969,6.404880981445313
1748975711639,-4.565356292724609,-4.77087890625,8.78627883911133
1748975711704,-5.195396118164063,-3.322939910888672,6.601871337890626
1748975711771,-4.904700622558594,-4.356390838623047,6.415658569335938
1748975711838,-4.795876922607422,-4.62957275390625,7.133865051269532
1748975711904,-4.832550659179688,-4.265679473876953,6.650220794677734
1748975711971,-4.470154266357422,-4.674778747558594,6.760541381835938
1748975712038,-3.642675018310547,-4.6343627929687505,6.75679916381836
1748975712104,-4.046385498046876,-4.750970306396485,8.161029052734376
1748975712171,-5.015320587158203,-4.319866790771485,10.065069580078125
1748975712238,-7.05138656616211,-4.104464721679688,10.134974212646485
1748975712304,-5.035079498291016,-1.2527449035644531,7.004983062744141
1748975712373,-4.468208312988281,-3.89954086303711,9.12262939453125
1748975712438,-4.641847229003907,-4.386627960205078,6.031407623291016
1748975712504,-4.0900946044921875,-4.816983032226562,5.7031402587890625
1748975712572,-2.8692333984375002,-4.177063751220703,6.954687652587891
1748975712639,-2.847977600097656,-3.336860961914063,6.641239471435547
1748975712704,-3.6312986755371095,-3.4058674621582035,8.489595794677735
1748975712773,-3.776646423339844,-2.984793090820313,7.837551727294922
1748975712838,-5.289250946044922,-2.973267059326172,10.606194305419923
1748975712904,-6.005212097167969,-2.6911038208007816,9.063652038574219
1748975712975,-5.998476104736328,-3.7043467712402345,10.181078338623047
1748975713038,-4.748425598144531,-3.159928894042969,6.118376770019531
1748975713104,-2.688110046386719,-5.868546295166016,7.202572174072266
1748975713175,-1.6807049560546876,-5.686824188232422,7.589517517089845
1748975713239,-0.4305047607421875,-6.284082183837891,5.657784576416016
1748975713304,-2.824476470947266,-7.622898101806641,6.996450805664063
1748975713373,-3.4919384765625003,-6.174210662841797,6.953789520263673
1748975713439,-3.3925451660156254,-5.1712962341308595,7.7883041381835945
1748975713504,-3.264112243652344,-5.066214752197266,7.641758880615234
1748975713572,-3.296445007324219,-4.734205169677734,7.600893859863282
1748975713638,-3.2530352783203127,-4.821174316406251,7.41258544921875
1748975713704,-3.676504669189453,-5.468727722167969,7.378456420898438
1748975713773,-3.805386657714844,-5.288352813720703,7.680677947998047
1748975713838,-3.7179684448242187,-6.109096069335938,7.786358184814453
1748975713904,-4.844974822998047,-7.846083984375,10.021959228515625
1748975713972,-3.404071197509766,-3.980372772216797,6.047124938964844
1748975714038,0.0293389892578125,-4.88149887084961,6.292464752197266
1748975714104,-3.204087066650391,-7.302713928222657,6.9516938781738284
1748975714171,-2.9774583435058597,-8.866062927246094,6.084098052978516
1748975714238,-2.126328277587891,-7.747139739990235,6.356082458496094
1748975714304,-3.1536419677734377,-5.222040710449219,6.675069122314453
1748975714375,-2.705024871826172,-4.11030258178711,7.764803009033203
1748975714438,-3.7556900024414066,-4.272415466308594,8.049061889648438
1748975714504,-3.7377273559570314,-4.420008544921875,8.879684600830078
1748975714573,-3.7366795349121094,-4.212390289306641,8.20339096069336
1748975714639,-3.3509317016601563,-4.171824645996094,7.670050048828125
1748975714705,-3.230581970214844,-3.9442977905273438,7.183861083984375
1748975714773,-4.7608497619628904,-5.470523986816406,9.679920501708985
1748975714838,-5.135071563720703,-4.46716049194336,8.957672424316407
1748975714904,-3.5160383605957035,-3.998485107421875,7.782017211914063
1748975714974,-3.4819093322753907,-7.5028477478027344,8.024363250732423
1748975715038,-1.708846435546875,-7.045399017333985,6.877448272705078
1748975715104,-2.750829620361328,-7.315287780761719,7.014114074707032
1748975715172,-3.460653533935547,-5.715863800048829,5.1397119140625005
1748975715238,-2.5979974365234377,-5.508395233154297,6.467750244140626
1748975715304,-3.656147003173828,-3.3103660583496097,7.660619659423829
1748975715373,-4.379442901611329,-3.560196533203125,7.652835845947266
1748975715438,-4.676724700927735,-3.912264404296875,7.8992234802246095
1748975715504,-4.359683990478516,-3.2284863281250002,7.787705383300781
1748975715573,-4.271667022705079,-4.822970581054688,9.366622009277345
1748975715638,-5.452860717773437,-7.226073303222656,10.977572021484375
1748975715704,-3.891607360839844,-3.7348832702636723,6.220464477539063
1748975715771,-1.4639556884765625,-6.944359130859375,7.363487548828125
1748975715838,-2.2838008117675783,-6.2104353332519535,4.639302520751953
1748975715904,-3.6817437744140626,-6.500831451416016,6.049370269775391
1748975715971,-3.6753071594238285,-5.823340301513672,6.660699005126953
1748975716038,-2.534978485107422,-4.283642120361328,7.6754388427734375
1748975716105,-3.3253349304199222,-3.2160621643066407,7.919581146240235
1748975716174,-3.4947825622558595,-4.613556060791016,9.006770324707032
1748975716238,-3.326532440185547,-3.1793884277343754,9.77736785888672
1748975716304,-4.634512481689454,-6.844816131591797,10.992241516113282
1748975716372,-1.1443702697753906,-3.4983750915527345,6.360273742675782
1748975716438,-1.097966766357422,-4.56296127319336,7.2898406982421875
1748975716505,-2.7997778320312503,-5.848038940429688,9.212442626953125
1748975716572,-2.451452178955078,-4.946463775634766,7.981103210449219
1748975716638,-2.7892996215820314,-4.249363403320313,6.846013641357422
1748975716705,-3.206631774902344,-3.9450462341308596,7.223229217529298
1748975716772,-3.1704071044921878,-4.16299301147461,8.860823822021485
1748975716838,-3.606450347900391,-3.5551071166992188,8.052953796386719
1748975716904,-3.4320629882812503,-3.989503784179688,8.490643615722657
1748975716971,-3.9543269348144534,-4.284540252685547,8.774004364013672
1748975717038,-4.1623942565917975,-5.83232162475586,9.594298553466798
1748975717104,-4.339625701904297,-3.6979101562500003,7.99697021484375
1748975717171,-1.8375787353515627,-3.4015264892578125,6.975943450927735
1748975717238,-2.9735664367675785,-7.090006256103516,9.791438598632814
1748975717305,-3.207230529785156,-5.690117340087891,6.054908752441406
1748975717373,-1.5575111389160157,-4.5457470703125,7.876171417236328
1748975717438,-1.9052380371093751,-3.340752868652344,7.715555419921875
1748975717505,-2.7256819152832032,-3.4819093322753907,7.897277526855469
1748975717573,-3.3956886291503907,-4.09787841796875,9.022787017822266
1748975717638,-3.9281314086914065,-3.3880545043945314,8.71742202758789
1748975717705,-4.333787841796875,-4.582720184326172,9.837093658447266
1748975717774,-4.662803649902344,-3.4890943908691407,8.267607421875
1748975717839,-4.5056304931640625,-3.201841735839844,8.286468200683593
1748975717904,-4.723577270507813,-2.2203327941894533,7.811805267333985
1748975717972,-4.774621124267578,-4.103865966796875,7.9432319641113285
1748975718040,-5.1097741699218755,-4.192481689453126,8.216862945556642
1748975718105,-4.24202865600586,-3.7941600036621095,7.67409164428711
1748975718174,-3.4417927551269534,-4.553680572509766,7.619904327392579
1748975718238,-3.9329214477539063,-5.208119659423828,5.668861541748047
1748975718305,-3.7833824157714844,-4.069437561035157,6.195466461181641
1748975718372,-3.659440155029297,-2.5932073974609375,8.779542846679687
1748975718438,-4.568050689697266,-2.9704229736328127,7.8853024291992195
1748975718504,-5.534590759277344,-4.744982757568359,9.021140441894532
1748975718572,-6.413413238525391,-4.796775054931641,8.82085693359375
1748975718638,-6.260281677246094,-7.165299682617188,9.540560302734375
1748975718705,-4.576732635498047,-2.7336154174804688,6.76398422241211
1748975718773,-2.458786926269531,-2.548450469970703,5.032085723876953
1748975718838,-4.1050634765625,-7.756121063232422,8.102051696777345
1748975718905,-5.907914428710938,-6.305038604736328,5.471272430419922
1748975718972,-3.194656677246094,-7.739954681396485,5.85103271484375
1748975719038,-0.8210426330566407,-4.4917094421386725,7.722141723632813
1748975719105,-2.127825164794922,-5.3932846069335945,5.377118225097656
1748975719174,-2.7866052246093753,-5.699398040771484,7.438780975341797
1748975719238,-3.279979248046875,-5.4899835205078125,7.047794036865235
1748975719305,-3.962559814453125,-5.784870300292969,7.964038696289063
1748975719373,-5.133724365234375,-6.28498031616211,9.054970092773438
1748975719439,-5.643564147949219,-7.114854583740235,9.376651153564454
1748975719505,-5.4750146484375,-3.596720581054688,7.318730621337891
1748975719572,-3.5485208129882815,-4.367168426513672,6.702611846923828
1748975719638,-2.8895910644531253,-7.644004211425782,10.396480407714844
1748975719705,-4.321213989257813,-6.046226806640625,6.725963287353516
1748975719774,-4.585713958740235,-6.811285858154298,5.787115631103516
1748975719838,-2.9136909484863285,-6.744674377441407,6.343508605957031
1748975719905,-2.0389100646972658,-5.222190399169922,7.2459819030761725
1748975719972,-2.1348605346679688,-3.883524169921875,5.951174468994141
1748975720038,-2.788551177978516,-5.5131852722167976,7.074288940429688
1748975720105,-5.039719848632813,-5.532345428466797,8.435408477783204
1748975720173,-6.2050465393066405,-4.951553192138672,9.995614013671876
1748975720239,-6.564149780273437,-4.973856811523437,9.451645202636719
1748975720305,-6.387068023681641,-2.3068528747558594,7.054829406738282
1748975720376,-5.417683868408203,-3.373385009765625,8.15354461669922
1748975720438,-5.494474182128907,-6.181844787597656,7.842641143798828
1748975720504,-5.093907165527344,-5.443280639648438,6.514453125
1748975720572,-4.300107879638672,-5.121300201416016,6.392456817626954
1748975720639,-2.806813201904297,-4.183650054931641,6.8373316955566406
1748975720705,-2.658321990966797,-4.9018565368652345,7.272476806640626
1748975720771,-2.9560528564453126,-4.245321807861329,7.468718719482422
1748975720838,-3.606600036621094,-6.04263427734375,8.684939575195314
1748975720905,-5.032684478759766,-5.514233093261719,8.510402526855469
1748975720972,-7.081773376464844,-6.87849609375,8.587791595458985
1748975721038,-6.6577052307128906,-2.3477178955078126,7.338938598632813
1748975721105,-5.260211334228516,-4.196822662353516,7.30286361694336
1748975721173,-5.182522888183594,-4.6131069946289065,8.592282257080079
1748975721238,-4.339176635742188,-3.4301170349121097,6.70889877319336
1748975721305,-4.298161926269532,-4.3524989318847656,6.45936767578125
1748975721371,-4.818928985595703,-4.692741394042969,6.020929412841797
1748975721438,-4.388573913574219,-5.006788330078125,5.978268127441407
1748975721505,-4.740941162109375,-4.9811915588378906,6.640041961669922
1748975721572,-4.890031127929688,-4.757706298828126,7.267686767578125
1748975721639,-6.223308563232422,-5.242098999023438,8.152197418212891
1748975721705,-7.2741233825683596,-6.649921417236328,10.505304107666015
1748975721773,-4.722679138183594,-2.063309326171875,6.4128144836425784
1748975721840,0.19025436401367188,-5.061424713134766,7.0557275390625005
1748975721905,-7.627239074707032,-4.774022369384766,6.969806213378907
1748975721975,-5.313650207519531,-5.359305267333984,4.832999725341797
1748975722038,-3.3717384338378906,-4.646038513183594,6.023324432373047
1748975722105,-3.7523968505859377,-4.247716827392578,6.048621826171876
1748975722171,-3.0696665954589846,-5.455106048583985,7.225175170898438
1748975722238,-2.3966661071777344,-5.680986328125,7.920628967285157
1748975722305,-3.3678465270996094,-5.279970245361328,8.146209869384766
1748975722374,-4.12661865234375,-4.80725326538086,7.701185302734375
1748975722438,-4.422403564453125,-6.00715805053711,8.879534912109376
1748975722505,-3.999233551025391,-5.9020765686035155,8.378975830078126
1748975722573,-2.2707778930664064,-4.4933560180664065,6.869664459228516
1748975722638,-2.4016058349609377,-6.063740386962891,7.6809773254394536
1748975722705,-3.859274597167969,-5.2594628906250005,6.958130493164063
1748975722774,-2.2311103820800784,-4.808151397705078,6.880741424560547
1748975722838,-2.8129504394531253,-5.261558532714844,7.244335327148438
1748975722905,-3.7893699645996097,-5.038073272705079,7.080725555419923
1748975722972,-3.338357849121094,-5.057383117675782,7.534432067871094
1748975723038,-3.8410125732421876,-4.111649780273438,6.8919680786132815
1748975723105,-3.3679962158203125,-5.583838348388672,8.738228759765626
1748975723173,-4.918022918701172,-5.619763641357422,7.990533599853516
1748975723239,-5.175038452148438,-6.726711730957032,9.86987548828125
1748975723305,-4.441563720703125,-3.5783088684082034,7.343279571533204
1748975723372,-1.2020004272460938,-3.6027081298828127,6.5803161621093755
1748975723438,-2.039209442138672,-7.787705383300781,8.373886413574219
1748975723505,-3.6058515930175785,-6.471941528320313,4.999603271484375
1748975723573,-1.7480648803710939,-5.705535278320313,6.6032185363769536
1748975723638,-2.0281324768066407,-3.9472915649414064,7.710466003417969
1748975723705,-2.714305572509766,-4.565206604003906,7.95430892944336
1748975723773,-3.77215576171875,-4.703518981933594,7.7531272888183596
1748975723838,-3.1057415771484376,-4.402045898437501,7.11126205444336
1748975723905,-2.997666320800781,-4.913382568359375,8.139623565673828
1748975723973,-3.336112518310547,-5.372328186035157,8.628057861328125
1748975724038,-3.3082704162597656,-5.587730255126953,9.51825668334961
1748975724105,-2.928659820556641,-4.753515014648438,9.011560363769531
1748975724172,-2.29682373046875,-4.319118347167969,6.546486511230469
1748975724238,-4.018094329833985,-6.196813659667969,7.513325958251953
1748975724305,-4.4691064453125,-6.111491088867187,7.694000244140625
1748975724372,-4.136049041748047,-4.713697814941407,6.663992156982422
1748975724438,-3.2927027893066407,-4.781207427978516,6.637796630859375
1748975724505,-3.3422497558593753,-5.344486083984375,6.8901718139648445
1748975724574,-3.3078213500976563,-4.13425277709961,7.241790618896485
1748975724638,-4.315675506591797,-4.795876922607422,7.852221221923829
1748975724705,-3.7618272399902346,-2.8720774841308594,8.123756561279297
1748975724773,-4.360881500244141,-4.835095367431641,8.523425445556642
1748975724838,-4.839436340332031,-3.758683776855469,8.332272949218751
1748975724905,-5.1889595031738285,-5.247487792968751,10.000404052734375
1748975724974,-4.410727844238282,1.2075389099121094,10.088720397949219
1748975725038,-3.5019676208496096,-2.775528259277344,13.463003540039063
1748975725105,-4.849764862060547,-2.308649139404297,8.26895462036133
1748975725173,-3.6068994140625,-5.469176788330079,1.5814613342285158
1748975725238,-0.162861328125,-17.595909118652344,9.563013610839844
1748975725305,1.9025436401367188,0.018860778808593753,7.347321166992188
1748975725373,-2.3412812805175784,-5.021008758544922,2.611918487548828
1748975725438,-0.29593460083007816,-9.426497497558595,7.413333892822266
1748975725505,-1.2590318298339844,-8.573870544433595,7.176676025390625
1748975725573,-0.7217990112304687,-8.632398834228516,7.603737945556641
1748975725638,-2.5668621826171876,-7.963739318847657,10.701845397949219
1748975725705,-2.5801844787597656,-3.8583764648437504,6.850803680419922
1748975725773,-2.1189935302734377,-4.26837387084961,8.547974395751954
1748975725839,-2.736160125732422,-5.406457214355469,9.705816650390625
1748975725905,-2.9562025451660157,-2.967578887939453,7.39821533203125
1748975725971,-2.8780650329589843,-3.743265838623047,6.458768920898438
1748975726038,-0.6159690856933594,-6.66339340209961,8.07929901123047
1748975726105,-4.046834564208985,-3.4133518981933597,4.242178344726563
1748975726173,-1.387614440917969,-7.442822570800781,9.690548400878907
1748975726238,-3.6986585998535157,-4.146976318359375,6.7087490844726565
1748975726305,-4.610262908935547,-5.461542663574219,7.498057708740235
1748975726373,-6.054609375,-7.0046836853027346,8.777596893310548
1748975726438,-4.69468734741211,-8.011040954589845,9.387279052734376
1748975726505,-6.272705841064454,-2.8527676391601564,8.443940734863281
1748975726572,-4.238885192871094,-5.504802703857422,6.881489868164063
1748975726639,-3.5410363769531252,-4.870122528076172,3.6148329162597657
1748975726705,-2.971770172119141,-4.412973175048828,5.094805297851563
1748975726772,-2.5560845947265625,-5.847889251708985,7.092401275634766
1748975726838,-3.2418086242675783,-5.577401733398438,7.434889068603516
1748975726904,-2.8994705200195314,-5.948330383300782,8.260871429443359
1748975726971,-2.2576052856445314,-3.995790710449219,7.831115112304688
1748975727038,-2.9247679138183593,-3.8767881774902344,7.9396394348144534
1748975727105,-3.090473327636719,-4.247716827392578,7.9204792785644536
1748975727171,-4.164340209960938,-5.697452087402344,10.252180480957032
1748975727238,-4.622238006591797,-5.502108306884766,9.655221862792969
1748975727305,-2.4903712463378906,-3.899091796875,7.902067565917969
1748975727373,-2.637814636230469,-4.517306213378906,6.81862060546875
1748975727438,-4.303550720214844,-5.283113708496094,8.294551391601562
1748975727505,-5.013823699951172,-5.539231109619141,8.052804107666017
1748975727574,-4.558620300292969,-3.5859429931640627,6.910529479980469
1748975727638,-4.1433837890625,-3.896098022460938,7.121291198730469
1748975727705,-3.6537519836425782,-4.790937194824219,7.263645172119141
1748975727774,-3.84879638671875,-4.816683654785156,6.326743469238282
1748975727838,-4.556075592041016,-2.722987518310547,7.426207122802735
1748975727905,-4.098776550292969,-1.7724641418457032,8.119714965820313
1748975727973,-4.783003692626953,-2.2468276977539063,8.584797821044923
1748975728039,-6.168821868896485,-3.696413269042969,8.507558441162109
1748975728105,-7.247029724121094,-5.260061645507813,11.030861206054688
1748975728172,-5.5006114196777345,-2.5731491088867187,7.528594207763672
1748975728238,-5.278623046875,-3.031795349121094,7.63816635131836
1748975728305,-4.952301635742188,-4.949906616210938,7.827672271728516
1748975728371,-4.999303894042969,-5.641767883300782,6.563850402832031
1748975728438,-3.593277740478516,-3.9836659240722656,5.2682945251464846
1748975728505,-2.0564236450195312,-3.639830932617188,7.129973144531251
1748975728573,-2.6373655700683596,-3.5260675048828127,7.749385070800781
1748975728638,-3.7178187561035156,-3.457210693359375,8.141719207763673
1748975728705,-5.095104675292969,-3.839066619873047,10.224937133789062
1748975728771,-8.099806365966797,-5.481451263427735,10.04800506591797
1748975728838,-7.859106903076173,-4.516408081054688,8.818312225341797
1748975728905,-3.430865478515625,-1.20948486328125,5.284311218261719
1748975728974,-3.583697662353516,-4.41881103515625,6.925049285888672
1748975729038,-6.4128144836425784,-6.687193908691406,8.579109649658204
1748975729105,-5.768703918457032,-3.5450779724121095,5.833818511962891
1748975729173,-4.587510223388672,-3.8203555297851564,6.268963623046876
1748975729238,-3.993246002197266,-4.365072784423829,7.407046966552735
1748975729305,-4.728816375732422,-4.18409912109375,6.660998382568359
1748975729371,-5.25991195678711,-4.488565979003907,6.4833178710937505
1748975729438,-5.199437713623047,-4.633015594482422,8.218808898925781
1748975729505,-5.541027374267578,-3.410208435058594,7.720046081542969
1748975729572,-6.327491912841797,-5.785618743896484,9.053473205566407
1748975729638,-6.635551300048829,-4.26552978515625,6.143823852539063
1748975729705,-4.817132720947266,-0.7957452392578125,5.22877670288086
1748975729774,-5.387147369384766,-3.9835162353515625,8.748407592773438
1748975729838,-6.513704681396485,-4.827760620117187,7.174281005859376
1748975729905,-5.813460845947266,-4.243675231933594,6.178851013183594
1748975729972,-4.297712860107422,-4.397555236816406,7.083569641113281
1748975730039,-3.4961297607421877,-3.813020782470703,7.341632995605469
1748975730105,-3.9172041320800783,-3.8035903930664063,6.678362274169922
1748975730172,-4.906945953369141,-3.56618408203125,6.860683135986329
1748975730238,-7.869585113525391,-3.7649707031250004,8.455017700195313
1748975730305,-7.079677734375,-3.6973114013671875,7.937394104003906
1748975730371,-7.8058177185058595,-3.9249879455566408,9.124425659179687
1748975730439,-6.067482604980469,-0.688568115234375,4.878205718994141
1748975730505,-6.424789581298828,-3.983815612792969,5.676345977783203
1748975730571,-7.410938873291016,-4.3101370239257815,6.815327453613282
1748975730638,-7.028783569335938,-1.6456777954101562,5.881718902587891
1748975730705,-6.8671197509765625,-2.156565399169922,5.9409956359863285
1748975730772,-6.859635314941406,-3.4179922485351564,6.251899108886719
1748975730838,-6.362968139648438,-3.5980677795410156,6.168672180175782
1748975730905,-5.8071739196777346,-3.9471418762207033,6.822961578369141
1748975730972,-5.3332594299316405,-3.3629067993164066,7.608378295898438
1748975731038,-6.322701873779297,-2.928659820556641,8.307125244140625
1748975731105,-10.100396118164063,-4.478087768554688,9.077273712158204
1748975731173,-6.377487945556641,1.526675262451172,6.4164070129394535
1748975731238,-6.620582427978516,-1.3048365783691407,8.122259674072266
1748975731305,-6.30414047241211,-4.291425933837891,6.635401611328125
1748975731372,-5.978268127441407,-3.6015106201171876,4.750072174072266
1748975731438,-5.228028259277344,-3.053500213623047,6.2016036987304695
1748975731505,-4.7276188659667975,-1.5085629272460939,5.906866607666016
1748975731573,-5.493725738525391,-2.784060516357422,7.694449310302735
1748975731638,-6.033054199218751,-1.640289001464844,8.174800415039062
1748975731705,-7.16874252319336,-2.2924827575683593,8.663384399414063
1748975731772,-7.552544403076173,-1.5994239807128907,8.843459930419922
1748975731838,-8.508306884765625,-1.3683045959472657,8.375083923339844
1748975731905,-8.059091033935548,0.36359390258789065,6.948550415039063
1748975731971,-7.1067713928222656,-0.22602996826171876,5.300776977539063
1748975732038,-7.60942611694336,-3.803141326904297,7.0998857116699226
1748975732105,-7.648943939208984,-4.3366319274902345,7.090006256103516
1748975732171,-6.930737457275391,-3.0329928588867188,6.372997283935547
1748975732238,-6.527326354980469,-3.3892520141601565,6.259084167480469
1748975732305,-6.2893212890625,-3.975882110595703,5.62634994506836
1748975732374,-5.527555389404297,-4.357139282226563,5.361700286865235
1748975732440,-5.170248413085938,-3.1060409545898438,5.625451812744141
1748975732505,-5.147645416259766,-2.5212071228027346,6.820566558837891
1748975732574,-6.124364318847657,-2.299069061279297,8.504115600585937
1748975732638,-8.394693145751953,-1.7706678771972657,8.836274871826172
1748975732705,-8.894354095458985,-1.701511688232422,7.747139739990235
1748975732774,-9.57004898071289,-3.476520538330078,8.79256576538086
1748975732838,-6.713988189697266,0.056582336425781254,5.126688995361328
1748975732905,-5.67140625,-1.096769256591797,7.85326904296875
1748975732973,-6.925498352050782,-3.300486602783203,8.12345718383789
1748975733038,-6.511908416748047,-3.835623779296875,6.158792724609375
1748975733105,-5.485642547607422,-3.7908668518066406,5.691314849853516
1748975733174,-3.6489619445800785,-3.612587585449219,5.666616210937501
1748975733238,-4.679718475341797,-2.0004400634765624,6.4744862365722655
1748975733305,-6.515351257324219,-1.2463082885742187,7.464677124023438
1748975733373,-6.559359741210938,-1.9095790100097658,8.291707305908204
1748975733438,-7.5260494995117195,-2.055974578857422,7.741900634765625
1748975733505,-7.617359619140625,-1.9338285827636719,9.259295196533204
1748975733572,-7.906707916259766,-0.5786965942382812,9.172775115966797
1748975733638,-7.095694427490235,-1.1934681701660157,7.591613159179688
1748975733705,-7.539222106933594,-4.423152008056641,7.021448822021485
1748975733772,-8.333320770263672,-3.2181578063964844,5.337151336669923
1748975733838,-6.003266143798829,-3.8932539367675782,3.9715411376953127
1748975733905,-4.0848554992675785,-5.644312591552735,5.6570361328125
1748975733974,-3.526217193603516,-3.1024484252929687,5.843697967529297
1748975734038,-4.0356079101562505,-4.6396018981933596,7.72678207397461
1748975734105,-5.037773895263672,-4.538262634277344,8.454269256591797
1748975734173,-4.531676330566406,-4.555626525878907,8.284671936035156
1748975734238,-5.794450378417969,-4.819378051757813,9.76299774169922
1748975734305,-7.926017761230469,-4.9811915588378906,8.638536071777343
1748975734372,-5.774990844726563,-0.2903961181640625,5.656886444091797
1748975734437,-5.287005615234375,-3.855532379150391,8.120014343261719
1748975734505,-5.800587615966797,-4.391567687988282,6.6577052307128906
1748975734573,-4.633015594482422,-3.759132843017578,5.969436492919923
1748975734638,-3.626658325195313,-4.190984802246094,6.7421296691894534
1748975734705,-3.7739520263671875,-4.231400756835938,6.371650085449219
1748975734772,-3.689677276611328,-4.019890594482422,7.3058573913574225
1748975734838,-4.382736053466797,-4.842879180908203,8.718769226074219
1748975734905,-5.9921891784667976,-6.084098052978516,9.119186553955078
1748975734971,-7.4729100036621094,-6.374643859863282,9.040001220703125
1748975735038,-5.569318542480469,-0.9589059448242188,5.149142303466797
1748975735105,-4.999752960205078,-4.261937255859375,6.547534332275391
1748975735172,-5.950875091552735,-5.1449510192871095,7.437733154296875
1748975735238,-5.509892120361329,-3.270548858642578,5.87782699584961
1748975735305,-5.23790771484375,-4.469854888916016,6.410419464111328
1748975735373,-5.048551483154297,-4.261637878417969,6.149961090087891
1748975735438,-5.1239945983886726,-4.837340698242188,6.921456756591797
1748975735505,-5.6133270263671875,-4.978796539306641,7.299869842529297
1748975735571,-5.765710144042969,-4.332141265869141,7.502698059082031
1748975735638,-5.943390655517579,-4.065695343017579,7.606282653808594
1748975735705,-6.276148681640625,-5.361700286865235,8.187823333740235
1748975735772,-5.516179046630859,-2.4397764587402344,5.168601837158203
1748975735838,-4.471052398681641,-5.1780322265625,6.982080688476563
1748975735905,-4.608017578125001,-5.451064453125,6.533313903808594
1748975735971,-3.6278558349609376,-4.848118286132813,5.25512191772461
1748975736038,-3.911965026855469,-5.495971069335938,7.338040466308594
1748975736105,-4.430935821533203,-4.151167602539063,6.8005082702636726
1748975736173,-4.448599090576172,-4.787194976806641,6.884034576416016
1748975736238,-4.809348907470703,-3.9713914489746096,6.466702423095703
1748975736305,-5.404511260986329,-4.263134765625,7.655230865478516
1748975736372,-5.9921891784667976,-3.6444712829589845,8.47402816772461
1748975736438,-6.21507568359375,-4.483775939941406,9.492510223388672
1748975736505,-5.920338592529297,-4.939578094482422,9.20450912475586
1748975736571,-3.6422259521484377,-3.3332684326171877,5.575755157470703
1748975736638,-5.379363555908204,-6.165379028320313,7.152875518798829
1748975736705,-5.808072052001953,-4.793032836914063,6.018235015869141
1748975736771,-4.853357391357422,-3.6037559509277344,5.463937683105469
1748975736838,-4.702171783447266,-4.358636169433594,6.133345642089844
1748975736904,-5.586383056640625,-3.9366636657714844,6.381978607177735
1748975736972,-6.140680389404297,-2.8761190795898437,7.095844116210938
1748975737038,-5.200186157226563,-3.953877868652344,7.9168867492675785
1748975737105,-3.6884797668457034,-3.943399658203125,7.37995330810547
1748975737171,-4.561464385986328,-5.315596160888672,8.36715042114258
1748975737238,-5.838458862304687,-8.416697387695313,10.009984130859376
1748975737305,-4.165837097167969,-2.60817626953125,6.105653228759766
1748975737373,-1.531614990234375,-4.903353424072266,6.444847869873048
1748975737439,-3.7508999633789064,-6.814878387451172,8.254883880615235
1748975737505,-2.0805235290527344,-4.1427850341796875,6.33288070678711
1748975737574,-1.7347425842285158,-3.9017861938476566,7.357649688720704
1748975737639,-2.152972869873047,-4.300407257080078,7.605534210205079
1748975737705,-2.7063720703125003,-4.325105895996094,8.192164306640626
1748975737774,-2.9452752685546875,-3.9796243286132813,8.507708129882813
1748975737838,-3.3786241149902345,-4.057013397216797,8.347391510009766
1748975737905,-3.7425173950195316,-5.34134262084961,9.633816375732422
1748975737974,-4.138144683837891,-5.711073760986328,9.951904907226563
1748975738038,-3.8336778259277344,-2.7631040954589845,8.253087615966797
1748975738105,-2.644850006103516,-3.194806365966797,6.362818450927735
1748975738171,-4.277205505371094,-6.341113586425782,8.497828674316407
1748975738238,-4.733905792236328,-4.441713409423828,6.711892547607422
1748975738305,-3.4191897583007815,-4.20131332397461,6.717131652832031
1748975738372,-3.1885194396972656,-4.354744262695313,7.230414276123048
1748975738437,-3.160827026367188,-5.101541290283204,7.809260559082031
1748975738505,-3.2195050048828127,-4.319567413330079,7.737709350585938
1748975738572,-3.9038818359375003,-3.383713531494141,7.888445892333984
1748975738638,-4.0285725402832036,-2.8928842163085937,8.730444946289063
1748975738705,-5.682483215332032,-5.321583709716797,9.993518371582033
1748975738773,-6.265221405029298,-6.4921495056152345,9.296417999267579
1748975738838,-2.5161177062988282,-1.3518388366699219,4.109105072021484
1748975738905,-2.9220735168457033,-5.035977630615235,7.033723297119141
1748975738971,-5.918841705322266,-8.106542358398437,6.808441772460938
1748975739038,-5.51093994140625,-4.818180541992188,5.174439697265625
1748975739105,-3.296445007324219,-4.74737777709961,6.927444305419923
1748975739176,-3.2443533325195313,-3.3112641906738283,7.173382873535156
1748975739238,-4.015549621582031,-4.31343017578125,8.239915008544923
1748975739305,-4.724774780273438,-4.651427307128906,8.392447814941407
1748975739373,-5.779780883789063,-4.703668670654297,8.594826965332032
1748975739437,-5.943091278076172,-4.8982640075683594,8.37149139404297
1748975739505,-5.757327575683594,-4.199517059326172,8.40023162841797
1748975739573,-5.198240203857422,-1.4855108642578125,6.890620880126954
1748975739639,-4.9829878234863285,-5.371280364990235,8.15983154296875
1748975739705,-5.861211547851563,-4.303251342773438,7.746391296386719
1748975739772,-5.473218383789063,-3.5197805786132816,6.71323974609375
1748975739838,-5.22638168334961,-5.852379913330078,6.93837158203125
1748975739905,-5.062322845458985,-5.4021162414550785,5.780379638671875
1748975739971,-3.6308496093750002,-4.759652252197266,6.18678451538086
1748975740038,-2.766097869873047,-4.150718536376953,6.482270050048829
1748975740105,-2.809058532714844,-4.357588348388672,7.349566497802734
1748975740172,-3.732637939453125,-4.6165498352050784,10.710078277587892
1748975740238,-5.7437059020996095,-5.999823303222657,13.233680419921876
1748975740305,-5.030888214111329,-0.4483177185058594,8.218659210205079
1748975740371,-4.374353485107422,-2.5894651794433594,8.173602905273437
1748975740437,-5.308560791015625,-4.557123413085938,7.893684997558594
1748975740505,-3.2636631774902347,-2.309696960449219,5.773943023681641
1748975740573,-2.8219317626953124,-3.981420593261719,6.651567993164063
1748975740638,-2.788700866699219,-4.480183410644531,8.029901733398438
1748975740705,-3.374432830810547,-4.339476013183594,8.690028991699219
1748975740771,-0.9982740783691407,-2.588417358398438,8.490942993164063
1748975740838,-2.055824890136719,-3.3413516235351564,9.078770599365235
1748975740905,-2.938090209960938,-4.55293212890625,10.561736755371093
1748975740971,-3.320245513916016,-5.2163525390625,9.85071533203125
1748975741038,-3.0193711853027345,-2.266885986328125,10.124046936035157
1748975741105,-3.6598892211914062,-3.545826416015625,6.358477478027344
1748975741172,-4.451742553710938,-5.671106872558594,7.620054016113282
1748975741238,-4.314178619384766,-4.58212142944336,7.819439392089844
1748975741305,-3.6383340454101565,-3.1654673767089845,7.133865051269532
1748975741372,-3.4554144287109376,-4.346661071777344,7.7285783386230476
1748975741437,-3.8077816772460937,-2.644850006103516,8.514593811035157
1748975741505,-3.9908509826660157,-2.937491455078125,8.667725372314454
1748975741571,-4.050876159667969,-2.710862731933594,8.209228820800782
1748975741638,-4.086202697753906,-2.7104136657714846,8.779991912841798
1748975741705,-4.185895385742188,-3.2117211914062502,8.415499877929689
1748975741773,-4.534819793701172,-4.5566743469238284,8.942553863525392
1748975741838,-5.519023132324219,-6.550677795410157,10.744806060791015
1748975741905,-3.9640567016601564,-2.0625608825683597,7.044051818847657
1748975741971,-2.831960906982422,-2.8434869384765626,6.973398742675782
1748975742038,-4.961582336425781,-6.472091217041016,8.4639990234375
1748975742105,-4.0320153808593755,-3.4109568786621094,5.7826249694824226
1748975742171,-3.1138247680664066,-3.775598602294922,7.315287780761719
1748975742238,-2.6924510192871094,-3.3723371887207034,7.472311248779297
1748975742305,-3.2566278076171877,-3.231031036376953,7.879165191650391
1748975742373,-3.3052766418457034,-3.1951057434082033,8.650810546875
1748975742438,-3.381318511962891,-2.368973693847656,9.014554138183595
1748975742505,-3.9413040161132815,-3.0552964782714844,9.710007934570314
1748975742572,-5.026397552490234,-4.173920288085938,9.485325164794922
1748975742638,-4.103416900634766,-4.166585540771485,10.455158386230469
1748975742705,-4.745581512451172,-1.7054035949707032,5.904321899414063
1748975742773,-4.759053497314453,-4.3649230957031255,7.238647155761719
1748975742838,-5.919141082763672,-4.689148864746094,8.007448425292969
1748975742905,-4.7470783996582036,-2.1884490966796877,6.7862878417968755
1748975742972,-4.571194152832032,-2.836750946044922,7.422165527343751
1748975743038,-4.975353698730469,-2.1839584350585937,7.883805541992188
1748975743105,-4.639901275634766,-1.9946022033691406,8.015381927490235
1748975743174,-4.763095092773438,-1.5057188415527345,7.970475311279297
1748975743238,-4.089196472167969,-2.431842956542969,8.681347045898438
1748975743305,-4.801265716552734,-1.6928297424316407,8.006250915527344
1748975743373,-4.983885955810547,-2.8762687683105472,10.25307861328125
1748975743438,-6.183341674804688,-5.088069305419922,10.80872314453125
1748975743505,-3.9173538208007814,-0.5264552307128907,6.989714813232422
1748975743571,-3.8637652587890625,-3.6995567321777347,7.429949340820313
1748975743638,-5.47306869506836,-5.85387680053711,8.331225128173829
1748975743705,-4.045487365722656,-3.503464508056641,6.097869415283204
1748975743771,-3.710633697509766,-3.5892361450195316,6.8777476501464845
1748975743838,-2.9738658142089847,-2.3031106567382813,7.058871002197266
1748975743905,-3.368295593261719,-3.9303767395019533,7.915389862060548
1748975743971,-3.912114715576172,-3.583847351074219,8.3873583984375
1748975744038,-4.418511657714844,-3.6350408935546876,8.414002990722656
1748975744105,-4.976551208496094,-5.1254914855957034,9.811047821044923
1748975744173,-4.971910858154297,-3.3895513916015627,8.35712127685547
1748975744238,-5.078489227294922,-4.8714697265625,9.604178009033204
1748975744305,-4.2081990051269536,-3.0838870239257816,7.339537353515626
1748975744372,-4.208797760009766,-4.898862762451172,6.669231262207032
1748975744438,-4.933440856933594,-6.1962149047851565,6.558461608886719
1748975744505,-4.230502624511719,-5.090913391113282,6.0219772338867195
1748975744571,-3.011587371826172,-5.00124984741211,6.1399319458007815
1748975744638,-4.241729278564454,-5.843548278808594,6.622977447509766
1748975744705,-4.286635894775391,-4.49590072631836,7.194938049316407
1748975744771,-4.386478271484375,-4.296515350341797,8.122858428955078
1748975744838,-4.5673022460937505,-3.8974452209472656,7.965685272216797
1748975744905,-4.904101867675782,-4.618495788574219,8.127498779296875
1748975744971,-5.1377659606933594,-5.321883087158203,8.035440216064453
1748975745038,-5.7365208435058594,-7.01785629272461,9.276958465576172
1748975745105,-3.2723451232910157,-2.012564849853516,4.143234100341797
1748975745172,-3.6260595703125,-7.219187622070313,9.81044906616211
1748975745238,-4.908742218017578,-6.896009674072266,6.19157455444336
1748975745305,-1.8905685424804688,-5.9902432250976565,4.26073974609375
1748975745372,-1.7666262817382814,-5.600902862548828,7.560627593994141
1748975745437,-3.676504669189453,-4.360731811523438,6.977590026855469
1748975745505,-4.1094044494628905,-4.636159057617188,7.889344024658204
1748975745571,-4.417164459228516,-5.147795104980469,7.974516906738281
1748975745638,-4.807702331542969,-4.531526641845703,7.955356750488281
1748975745705,-4.741839294433594,-6.207890625,8.24410629272461
1748975745773,-5.05109619140625,-6.526727600097656,8.848100280761718
1748975745838,-4.017345886230469,-4.723876647949219,6.425388336181641
1748975745905,-2.4364833068847656,-6.013594665527344,4.8560517883300784
1748975745971,-3.2961456298828127,-8.186775512695313,7.687863006591797
1748975746038,-2.731070709228516,-6.875202941894532,5.749543762207032
1748975746105,-1.8107844543457032,-6.258784790039063,4.997956695556641
1748975746173,-2.3209236145019534,-6.91247543334961,7.090605010986328
1748975746238,-3.0265562438964846,-5.543272705078126,7.026837615966797
1748975746305,-3.1196626281738284,-5.1684521484375,7.0169581604003906
1748975746373,-2.7759773254394533,-5.194647674560547,7.839647369384766
1748975746438,-2.504741363525391,-4.949607238769532,7.5205110168457034
1748975746504,-2.5845254516601566,-5.576653289794923,7.678282928466797
1748975746571,-3.8182598876953127,-7.5154216003417975,7.746241607666016
1748975746638,-5.306165771484375,-9.245374145507814,9.664502563476564
1748975746705,-3.5006204223632813,-4.106859741210938,4.954546966552734
1748975746771,-0.46223876953125004,-7.848778381347657,6.317762145996094
1748975746838,-4.1903860473632815,-10.16057098388672,4.772076416015625
1748975746905,-2.072440338134766,-7.9978683471679695,3.7543428039550784
1748975746973,-1.246457977294922,-7.365882568359376,7.278164978027344
1748975747038,-1.9197578430175781,-4.46431640625,6.780000915527344
1748975747105,-2.090552673339844,-4.337080993652344,8.047864379882814
1748975747171,-2.6360183715820313,-4.708608398437501,8.384963378906251
1748975747238,-2.661615142822266,-3.7523968505859377,8.390352172851562
1748975747305,-3.211571502685547,-4.393363952636719,8.260272674560547
1748975747372,-3.2585737609863283,-5.702092437744141,9.129365386962892
1748975747437,-3.892655181884766,-6.128555603027344,8.82564697265625
1748975747505,-3.3620086669921876,-4.884342956542969,8.51908447265625
1748975747573,-2.465672607421875,-4.192631378173829,6.589596862792969
1748975747639,-3.4590069580078127,-6.1186761474609375,8.389154663085938
1748975747705,-4.543501739501953,-5.956263885498047,7.560627593994141
1748975747774,-4.377646636962891,-4.2731639099121095,5.494923248291016
1748975747839,-3.980372772216797,-5.098248138427735,6.773564300537109
1748975747905,-3.8381684875488284,-4.064647521972656,7.051236877441407
1748975747973,-4.074676666259766,-2.971770172119141,7.058721313476563
1748975748039,-4.043541412353516,-3.696113891601563,7.170987854003907
1748975748105,-4.478237457275391,-4.095333709716797,7.246730346679688
1748975748173,-4.9829878234863285,-5.6044953918457034,8.913364562988281
1748975748238,-6.081403656005859,-7.57589584350586,9.852511596679689
1748975748305,-4.587510223388672,-1.713337097167969,5.837710418701172
1748975748372,-3.5343003845214844,-4.698728942871094,8.861422576904298
1748975748437,-3.8715490722656254,-4.614304504394531,6.968758392333985
1748975748505,-3.4387989807128907,-4.3629771423339845,6.460116119384766
1748975748571,-3.0470635986328127,-4.2296044921875,6.460714874267579
1748975748639,-2.815046081542969,-4.1007225036621096,6.605014801025391
1748975748705,-2.8226802062988283,-5.19285140991211,8.02810546875
1748975748771,-3.243904266357422,-3.7139268493652344,7.861950988769531
1748975748838,-4.2924737548828125,-5.10378662109375,9.38084243774414
1748975748905,-5.556595001220703,-4.045038299560547,9.030570831298828
1748975748971,-6.461613006591797,-4.780159606933594,10.393935699462892
1748975749038,-5.203928375244141,-1.4894027709960938,6.990912322998048
1748975749105,-5.027295684814454,-4.832400970458985,8.491841125488282
1748975749171,-4.888534240722657,-3.218606872558594,6.797364807128907
1748975749238,-4.973707122802734,-4.4051893615722655,6.384223937988281
1748975749305,-5.06546630859375,-4.50024169921875,5.626050567626954
1748975749371,-4.5973896789550786,-4.256698150634766,6.850055236816407
1748975749438,-5.259612579345704,-3.6968623352050782,7.33833984375
1748975749505,-5.950875091552735,-2.859503631591797,7.084168395996094
1748975749571,-6.697372741699219,-2.4795936584472655,7.799979858398438
1748975749638,-6.452781372070313,-2.1013302612304687,9.390572204589844
1748975749705,-7.587272186279297,-5.040019226074219,9.735005950927734
1748975749771,-5.023703155517579,-0.16450790405273438,5.925278320312501
1748975749838,-4.308340759277344,-5.8486376953125,6.7826953125000005
1748975749905,-3.9161563110351563,-6.165828094482422,7.244335327148438
1748975749971,-3.4371524047851563,-3.30273193359375,5.998176727294922
1748975750038,-2.588567047119141,-3.883224792480469,6.273454284667969
1748975750105,-2.515369262695313,-4.349954223632813,7.8534187316894535
1748975750171,-3.8910086059570315,-3.1458581542968753,7.80536865234375
1748975750238,-5.494474182128907,-4.7961763000488284,11.811188507080079
1748975750305,-7.522307281494141,-7.961943054199219,10.249935150146484
1748975750371,-7.088659057617188,-3.8980439758300784,5.763764190673829
1748975750439,-4.688101043701172,-0.4592449951171875,4.2695713806152344
1748975750505,-4.702321472167969,-6.217770080566407,7.29807357788086
1748975750571,-5.4477713012695315,-4.292773132324219,6.994504852294922
1748975750639,-3.9389089965820316,-3.3382081604003906,6.448739776611329
1748975750705,-3.6585420227050784,-3.810176696777344,5.934259643554688
1748975750771,-3.8145176696777345,-3.4494268798828127,5.601651306152344
1748975750839,-4.2255628967285155,-4.402045898437501,7.833061065673829
1748975750905,-6.425987091064454,-2.24892333984375,8.94734390258789
1748975750971,-7.942483520507813,-3.197201385498047,10.239456939697266
1748975751038,-9.648186492919923,-4.499942321777344,10.66502197265625
1748975751105,-4.936734008789062,0.6825805664062501,6.27779525756836
1748975751172,-5.8562718200683594,-1.5382012939453127,7.774083709716797
1748975751238,-5.865103454589844,-4.30819107055664,6.151457977294922
1748975751305,-6.079457702636719,-4.2680744934082036,6.769971771240234
1748975751371,-5.449118499755859,-3.749852142333985,6.51729721069336
1748975751439,-4.4491978454589844,-3.9941441345214845,6.471642150878907
1748975751505,-4.179159393310547,-3.8811291503906253,6.558461608886719
1748975751573,-3.805536346435547,-3.6995567321777347,7.865543518066406
1748975751639,-5.098846893310547,-4.091741180419922,7.919281768798829
1748975751705,-6.810238037109375,-3.476221160888672,7.2865475463867195
1748975751773,-8.577612762451173,-5.645959167480469,9.747729492187501
1748975751838,-7.138206024169922,0.0185614013671875,7.893834686279297
1748975751905,-6.600075073242188,-3.0936167907714847,7.835905151367188
1748975751971,-6.674769744873047,-3.627107391357422,7.056475982666016
1748975752038,-6.172863464355469,-3.485651550292969,5.488037567138672
1748975752105,-5.517825622558594,-4.408931579589844,6.765780487060547
1748975752171,-5.1500404357910154,-3.686683502197266,6.387217712402344
1748975752238,-4.61325668334961,-2.6589207458496094,5.328469390869141
1748975752305,-5.147046661376954,-4.47629150390625,6.416107635498047
1748975752374,-6.1486138916015625,-3.8600230407714844,7.9784088134765625
1748975752439,-6.818321228027344,-2.3547532653808596,8.415200500488282
1748975752505,-6.921007690429688,-4.480333099365234,9.656119995117187
1748975752573,-5.719007263183594,-2.3971151733398437,7.9451779174804695
1748975752639,-4.617447967529297,-2.5970993041992188,7.375762023925781
1748975752705,-4.40249496459961,-4.986730041503907,7.2634954833984375
1748975752773,-4.128414916992187,-4.0778201293945315,5.47306869506836
1748975752839,-3.8034407043457032,-4.518354034423829,6.403982849121094
1748975752905,-2.994822235107422,-4.382736053466797,7.709268493652345
1748975752971,-2.3725662231445312,-4.347559204101563,7.350314941406251
1748975753038,-3.154091033935547,-5.392685852050781,8.237519989013672
1748975753105,-3.2160621643066407,-5.753435668945313,8.478967895507813
1748975753175,-4.270918579101563,-5.374423828125,8.666228485107423
1748975753239,-5.514083404541016,-5.783523101806641,9.748777313232422
1748975753305,-5.930218048095703,-2.6765840148925784,7.1365594482421875
1748975753374,-6.3659619140625,-3.9112165832519534,8.47447723388672
1748975753438,-5.915099487304688,-3.546425170898438,6.058650970458984
1748975753505,-5.042114868164063,-4.875062255859375,5.75044189453125
1748975753573,-4.845872955322266,-4.748874664306641,5.905968475341798
1748975753639,-4.80246322631836,-3.4679882812500002,5.777385864257813
1748975753705,-4.533322906494141,-3.7149746704101565,6.2316911315917976
1748975753774,-5.798192596435547,-4.920268249511719,7.545209655761719
1748975753839,-6.969656524658204,-4.304448852539062,8.629554748535156
1748975753905,-8.289312286376953,-5.529201965332032,8.516390075683594
1748975753971,-7.50883529663086,-4.077520751953125,5.75328598022461
1748975754038,-5.520819396972657,-0.810714111328125,5.991590423583984
1748975754105,-6.0210791015625,-3.3795222473144535,8.585995330810547
1748975754174,-7.058272247314454,-3.8464013671875,6.019582214355469
1748975754239,-6.998396759033204,-4.799918518066407,5.159620513916016
1748975754305,-4.9097900390625,-4.191882934570312,5.447172546386719
1748975754372,-3.97333740234375,-3.553011474609375,6.5379542541503906
1748975754438,-3.9628591918945313,-3.7029995727539062,7.356302490234375
1748975754505,-4.876559143066406,-4.292024688720703,8.271050262451173
1748975754573,-7.287445678710938,-4.940925292968751,7.641010437011719
1748975754639,-8.781339111328126,-5.6097344970703125,7.256160736083984
1748975754705,-8.421637115478516,-2.382146301269531,6.483916625976563
1748975754774,-6.715634765625,-2.484683074951172,5.161117401123047
1748975754839,-7.616760864257813,-5.349126434326172,5.484295349121094
1748975754905,-6.558461608886719,-4.107159118652344,5.240452423095704
1748975754971,-5.398673400878907,-3.0699659729003907,5.558990020751954
1748975755039,-5.633984069824219,-3.8636155700683594,5.642516326904297
1748975755105,-5.9956320190429695,-4.010011138916016,5.274431762695313
1748975755172,-6.083349609375,-3.771856384277344,6.041287078857422
1748975755239,-7.194189605712891,-4.080514526367188,7.271428985595703
1748975755305,-7.60463607788086,-3.0428723144531253,7.031178588867188
1748975755372,-7.879464569091797,-2.382745056152344,8.899892578125
1748975755438,-7.018904113769532,-3.9326220703125,8.727301483154298
1748975755505,-6.912176055908203,-3.375630340576172,7.011269989013672
1748975755573,-4.987777862548828,-4.1727227783203125,5.2401530456542975
1748975755639,-5.259313201904297,-4.472549285888672,3.7639228820800783
1748975755705,-5.281018066406251,-3.7709582519531253,5.3649934387207034
1748975755773,-5.748346252441406,-1.4036311340332033,7.903564453125
1748975755839,-5.742358703613282,-0.820294189453125,7.542066192626954
1748975755905,-6.44305160522461,-2.349214782714844,8.175548858642578
1748975755971,-6.595135345458985,-1.6100518798828125,7.750133514404297
1748975756039,-8.20863006591797,-3.360062713623047,8.470435638427734
1748975756105,-6.565946044921875,-0.5842350769042969,6.542893981933594
1748975756172,-8.205187225341797,-2.9536578369140627,5.550757141113282
1748975756239,-8.017178192138672,-2.9596453857421876,6.8743048095703125
1748975756305,-6.370302886962891,-2.1402493286132813,5.776338043212891
1748975756374,-6.317163391113281,-4.1604483032226565,6.014043731689453
1748975756439,-5.525908813476563,-3.710034942626953,4.719535675048828
1748975756505,-5.758974151611328,-2.3414309692382815,6.132447509765625
1748975756573,-6.761738891601563,-0.6494993591308594,7.519463195800782
1748975756639,-7.134314117431641,-1.72201904296875,6.722370758056641
1748975756705,-7.662864990234375,-1.9987934875488282,7.510481872558594
1748975756774,-7.415130157470704,-2.2061123657226562,7.444020080566407
1748975756839,-8.513545989990234,-3.3795222473144535,6.514602813720703
1748975756905,-7.0100724792480476,-1.1213182067871095,6.649921417236328
1748975756971,-6.545738067626954,-3.098855895996094,8.088280334472657
1748975757038,-6.437363433837891,-3.589685211181641,4.500541076660157
1748975757105,-5.785768432617187,-3.9113662719726565,4.6201423645019535
1748975757171,-4.98687973022461,-3.0358369445800784,6.440656585693359
1748975757239,-4.898114318847656,-2.2279669189453126,6.825206909179688
1748975757305,-5.761668548583985,-2.934797058105469,6.74961410522461
1748975757375,-6.813381500244141,-3.530109100341797,7.639663238525391
1748975757438,-8.231981506347656,-3.096460876464844,7.8094102478027345
1748975757505,-7.649243316650391,-2.6887088012695313,8.25847640991211
1748975757574,-7.437733154296875,-1.8892213439941408,6.879244537353516
1748975757639,-7.8640466308593755,-4.557273101806641,6.609954528808594
1748975757705,-7.396718444824219,-3.1808853149414062,5.996230773925782
1748975757775,-6.135141906738282,-1.907633056640625,4.961282958984375
1748975757839,-6.136938171386719,-2.6228457641601564,4.934788055419922
1748975757905,-6.355483703613282,-3.3498838806152347,6.325096893310548
1748975757971,-6.242768096923829,-3.207679595947266,6.485413513183594
1748975758039,-6.203998718261719,-4.44515625,5.964945831298828
1748975758105,-5.5375845336914065,-4.341571655273437,5.970634002685547
1748975758174,-7.2669383239746095,-3.763773193359375,9.09194320678711
1748975758239,-10.321186981201173,-1.6075071716308595,8.609047393798829
1748975758305,-7.412435760498047,0.5522016906738282,8.715625762939453
1748975758374,-7.286996612548829,-2.0971389770507813,7.195836181640625
1748975758438,-6.333030395507813,-4.238885192871094,5.5271063232421875
1748975758505,-4.81638427734375,-3.298989715576172,5.882916412353516
1748975758574,-4.065096588134766,-4.033063201904297,6.142626342773438
1748975758639,-4.457430725097656,-3.3248858642578125,6.458918609619141
1748975758705,-4.971611480712891,-3.7347335815429688,6.853348388671876
1748975758774,-5.131029968261719,-3.5357972717285158,7.9644877624511725
1748975758839,-6.157146148681641,-3.7461099243164067,8.754395141601563
1748975758905,-6.505920867919922,-1.841620330810547,8.583001556396486
1748975758971,-7.496261444091798,-4.515360260009766,10.118807830810548
1748975759039,-5.937852172851563,-1.0208770751953125,6.568041687011719
1748975759105,-8.522677001953125,-5.104535064697266,6.542594604492188
1748975759173,-7.0151618957519535,-1.364113311767578,5.532644805908204
1748975759239,-6.137686614990234,-2.7640022277832035,5.59281967163086
1748975759305,-6.378236389160157,-3.6407290649414064,5.452860717773437
1748975759374,-5.698499908447266,-1.4186000061035158,6.178401947021484
1748975759438,-6.371799774169922,-1.9452049255371096,7.335645446777344
1748975759505,-7.4290512084960945,-2.2411395263671876,6.886878662109376
1748975759574,-8.374185791015625,-1.7693206787109377,7.915689239501954
1748975759639,-9.112450561523438,-3.113675079345703,8.944200439453125
1748975759705,-6.894363098144532,-0.2896476745605469,5.931864624023437
1748975759774,-6.533463592529297,-2.6339227294921876,7.5489518737792976
1748975759839,-6.771318969726563,-3.5414854431152345,5.788313140869141
1748975759905,-6.279890899658203,-2.326611785888672,3.9881565856933596
1748975759971,-5.946683807373047,-1.1320957946777344,6.860084381103516
1748975760039,-6.1487635803222656,-1.9335292053222657,6.931186523437501
1748975760105,-6.471941528320313,-2.5441094970703126,6.4586192321777345
1748975760174,-5.695805511474609,-3.114273834228516,6.655010833740235
1748975760239,-4.777614898681641,-4.043691101074219,8.417445831298828
1748975760305,-4.933590545654297,-2.1942869567871095,8.80738494873047
1748975760374,-8.460855560302734,-5.472320251464844,8.807534637451173
1748975760438,-7.0944969177246096,-0.8942404174804688,4.362378387451172
1748975760505,-5.790558471679688,-2.8328590393066406,4.135450286865234
1748975760572,-7.455995178222657,-5.9145007324218755,6.909182281494141
1748975760639,-6.879244537353516,-3.5245706176757814,5.720953216552735
1748975760705,-6.454128570556641,-2.565814361572266,6.209088134765626
1748975760773,-6.391109619140625,-2.3442750549316407,6.641239471435547
1748975760839,-6.754254455566406,-2.90515869140625,6.933731231689453
1748975760905,-7.209607543945313,-3.1118788146972656,6.93358154296875
1748975760971,-6.944359130859375,-2.8867469787597657,6.652615814208985
1748975761039,-7.1542227172851565,-3.4120046997070315,8.052355041503906
1748975761105,-7.694000244140625,-4.133055267333985,7.793992309570313
1748975761172,-6.2138781738281255,-1.0873388671875,4.703968048095703
1748975761239,-6.3583277893066406,-3.1388227844238283,7.335645446777344
1748975761305,-6.578070831298828,-5.143603820800782,7.402556304931641
1748975761372,-5.187013549804687,-2.9735664367675785,5.769003295898438
1748975761438,-4.475842437744141,-4.309987335205078,6.071673889160157
1748975761505,-3.8637652587890625,-4.4123744201660156,6.3848226928710945
1748975761574,-4.184548187255859,-4.284839630126953,6.547234954833985
1748975761639,-4.273612976074219,-4.443359985351563,7.7231895446777346
1748975761705,-5.951174468994141,-4.621190185546875,7.919431457519532
1748975761774,-7.26933334350586,-4.814288635253907,7.721842346191407
1748975761839,-7.095095672607422,-4.702171783447266,8.16941162109375
1748975761905,-5.678142242431641,-2.4800427246093752,6.9359765625000005
1748975761972,-5.138813781738281,-4.1781115722656255,6.349795532226563
1748975762039,-6.2456121826171875,-5.052144012451172,6.540498962402344
1748975762105,-5.708978118896485,-3.4220338439941407,5.489534454345703
1748975762172,-5.680387573242188,-4.403991851806641,6.197113037109375
1748975762239,-5.719007263183594,-4.402944030761719,5.890101470947266
1748975762305,-5.343438262939453,-5.0075367736816405,6.620432739257812
1748975762375,-5.2153047180175784,-4.336182861328125,6.53885238647461
1748975762439,-5.595214691162109,-4.755910034179688,7.091353454589844
1748975762505,-7.035070495605469,-6.431525573730469,8.36715042114258
1748975762575,-6.586902465820313,-6.390959930419922,7.250472564697266
1748975762639,-4.985233154296875,-3.1626232910156253,6.940467224121094
1748975762705,-4.133204956054688,-3.711980895996094,7.273075561523438
1748975762775,-5.506748657226563,-5.42232421875,6.427334289550782
1748975762839,-4.600383453369141,-5.157524871826172,5.370980987548829
1748975762905,-3.560346221923828,-5.096900939941406,5.5781501770019535
1748975762971,-3.167563018798828,-3.992048492431641,6.060447235107422
1748975763039,-3.558699645996094,-5.232369232177734,6.832841033935547
1748975763105,-4.043391723632813,-4.508324890136719,7.682174835205078
1748975763175,-4.34740951538086,-4.360282745361328,6.989565124511719
1748975763239,-5.060825958251954,-6.567442932128906,8.280630340576172
1748975763305,-5.792504425048828,-6.090085601806641,8.172106018066406
1748975763373,-6.868017883300782,-6.924749908447266,9.895023193359375
1748975763438,-6.16043930053711,-2.150577850341797,7.909102935791016
1748975763505,-3.976780242919922,-3.2891102600097657,6.115981750488282
1748975763574,-4.562661895751954,-8.409662017822265,8.456963653564454
1748975763639,-4.581672363281251,-6.554719390869141,6.219266967773438
1748975763705,-3.9474412536621095,-5.37202880859375,5.538632354736328
1748975763773,-2.0278330993652345,-5.6995477294921875,6.8478099060058595
1748975763839,-1.782942352294922,-5.504353637695313,7.0380642700195315
1748975763905,-1.8865269470214845,-6.022575988769532,7.425758056640626
1748975763971,-3.3552726745605472,-5.0656159973144534,6.444847869873048
1748975764039,-5.173391876220704,-4.297413482666016,6.713838500976562
1748975764105,-5.464536437988282,-4.748425598144531,9.499844970703126
1748975764172,-4.633764038085938,-0.8961863708496094,10.368039550781251
1748975764239,-9.809101867675782,-3.0337413024902347,9.583820343017578
1748975764305,-6.153852996826172,0.6560856628417969,4.54335205078125
1748975764372,-5.168601837158203,-0.9568103027343751,7.261100463867188
1748975764438,-5.589676208496094,-4.797673187255859,10.602601776123047
1748975764505,-6.072572021484375,-3.809428253173828,5.941444702148438
1748975764576,-5.046605529785157,-3.8080810546875004,5.265300750732422
1748975764639,-3.536994781494141,-4.256548461914063,5.214256896972657
1748975764705,-2.43094482421875,-4.626578979492188,7.922425231933594
1748975764773,-4.194727020263672,-1.515747985839844,10.503956909179688
1748975764839,-4.321363677978516,0.8620573425292969,10.996133422851564
1748975764905,-6.959028625488282,-0.019309844970703125,13.239817657470704
1748975764971,-8.574020233154297,-1.4316229248046877,13.15913543701172
1748975765038,-8.381969604492188,-0.8898994445800782,13.567635955810548
1748975765104,-4.411925354003906,-1.7462686157226563,8.649912414550782
1748975765172,-0.97716796875,-1.6328045654296877,7.735464019775391
1748975765239,-2.7463389587402345,0.1981878662109375,6.6348028564453125
1748975765305,-3.3590148925781254,2.3010150146484376,5.422773284912109
1748975765374,-3.168461151123047,2.62494140625,4.905299377441406
1748975765438,-4.6798681640625,5.66901123046875,3.165018310546875
1748975765505,-4.809797973632813,5.912405090332031,5.719905395507813
1748975765572,-3.084336090087891,5.667813720703125,6.493496704101563
1748975765639,-0.88855224609375,5.132826232910157,7.5347314453125005
1748975765706,-0.7777825927734375,6.0378442382812505,8.517587585449219
1748975765773,-0.3350033569335938,6.972650299072266,8.406817932128906
1748975765839,-0.7280859375000001,4.385131072998047,8.272996215820314
1748975765906,0.5679190063476562,3.934867401123047,8.56114700317383
1748975765971,0.6390211486816406,5.720653839111328,6.601721649169922
1748975766039,0.3261717224121094,5.467530212402344,7.096143493652344
1748975766105,-0.1782792663574219,5.40840316772461,6.578669586181641
1748975766174,-0.168848876953125,6.008056182861329,6.880442047119141
1748975766239,-0.3897894287109375,6.576424255371094,6.822811889648438
1748975766305,-0.2743794250488281,6.882837066650391,6.6472270202636725
1748975766374,-0.4409829711914063,6.855444030761719,7.385641479492188
1748975766438,-0.7206015014648438,7.269932098388672,6.96995590209961
1748975766505,-0.36284545898437504,8.04487060546875,7.511978759765626
1748975766574,-1.8675164794921877,7.706723785400391,7.681426391601563
1748975766639,-1.4385086059570313,6.4617626953125,6.7228198242187505
1748975766705,-0.1477427673339844,5.922583923339844,10.191257171630859
1748975766774,-0.18007553100585938,6.94795166015625,4.930447082519532
1748975766839,-2.2695803833007813,7.26933334350586,8.491841125488282
1748975766905,-1.2407698059082033,4.353397064208985,6.57717269897461
1748975766972,-2.891836395263672,8.091124420166016,7.054829406738282
1748975767039,-0.8385562133789063,4.103865966796875,6.999594268798829
1748975767105,-1.2076885986328125,6.700815582275391,7.316634979248048
1748975767172,-1.7392332458496094,6.635850677490235,6.643933868408204
1748975767239,-1.7043557739257813,6.795269165039063,7.634573822021485
1748975767305,-1.0832972717285156,6.202950897216797,9.132359161376954
1748975767373,-0.5438191223144532,6.685996398925782,8.650960235595704
1748975767438,-1.3078303527832031,5.162314910888672,9.578730926513673
1748975767505,0.9901908874511719,4.332889709472656,7.996820526123047
1748975767575,0.20207977294921875,4.6710365295410154,7.38908432006836
1748975767639,-0.8677455139160156,4.480033721923828,8.437803497314453
1748975767709,-0.0028440856933593752,4.704716491699219,7.605983276367188
1748975767774,0.15238311767578125,4.988526306152344,7.732619934082032
1748975767839,0.17812957763671877,5.307512969970704,7.891439666748047
1748975767909,0.03577560424804688,5.37681884765625,7.672744445800782
1748975767971,-0.25956024169921876,5.460943908691407,8.548423461914062
1748975768039,-0.11211685180664063,6.210585021972657,8.123756561279297
1748975768109,-0.3614982604980469,6.221811676025391,9.182355194091798
1748975768175,-0.3800596618652344,6.398294677734375,8.358019409179688
1748975768239,-0.7045848083496095,4.305796051025391,9.18055892944336
1748975768309,-1.011596374511719,4.6571154785156255,7.914342041015625
1748975768374,-0.9134005737304688,5.012626190185547,7.859256591796876
1748975768438,-1.210682373046875,5.4354968261718755,7.445666656494141
1748975768509,-1.3293855285644531,5.261558532714844,7.504644012451172
1748975768573,-1.2364288330078126,5.770799560546875,7.18311264038086
1748975768639,-0.9994715881347657,5.95641357421875,7.347021789550782
1748975768709,-0.940045166015625,5.899232482910157,6.461463317871094
1748975768773,-1.3108241271972656,6.664890289306641,7.2317614746093755
1748975768839,-1.7321978759765626,6.473887481689453,7.080875244140626
1748975768909,-1.1297007751464845,6.311026153564454,7.3039114379882815
1748975768971,-0.9894424438476563,6.665189666748047,8.312514038085938
1748975769039,-0.7767347717285157,5.939798126220704,8.626560974121094
1748975769109,-0.3116519165039063,4.937482452392579,9.224268035888672
1748975769173,-0.5069956970214844,5.040468292236328,7.523055725097657
1748975769239,-1.2502001953125002,5.390889587402344,7.5823324584960945
1748975769308,-0.6376739501953125,4.727918243408204,7.172335052490235
1748975769372,-0.4540058898925782,5.951024780273438,7.080725555419923
1748975769438,-0.610580291748047,5.505251770019531,8.457562408447266
1748975769508,-0.13412109375,5.558990020751954,7.326065368652344
1748975769573,0.058977355957031255,5.796246643066406,6.914122009277344
1748975769639,0.03158432006835938,6.600075073242188,7.783963165283203
1748975769709,-0.4930746459960938,6.82385971069336,8.6220703125
1748975769774,-0.9550140380859375,7.099286956787109,9.04164779663086
1748975769839,-0.890947265625,6.287225646972656,8.072712707519532
1748975769909,-0.9186396789550781,5.540727996826172,7.06575668334961
1748975769972,-0.70174072265625,5.959706726074219,7.246730346679688
1748975770039,0.09475296020507813,5.8511824035644535,6.232888641357422
1748975770109,-0.42466690063476564,6.0221269226074226,6.867568817138673
1748975770174,-0.26599685668945316,6.334527282714844,6.2562400817871096
1748975770239,-0.3688330078125,6.189927978515625,6.808741149902344
1748975770308,-0.7373666381835938,6.338119812011719,7.624394989013672
1748975770374,-0.4655319213867188,6.020779724121094,5.8124130249023445
1748975770438,-0.45640090942382816,6.598278808593751,5.315296783447266
1748975770508,-0.5960604858398438,5.9550663757324225,6.0957737731933594
1748975770574,-0.3016227722167969,3.8431082153320313,9.516460418701172
1748975770639,0.18830841064453127,2.395917663574219,8.186476135253907
1748975770709,0.4285588073730469,5.3157458496093755,8.452772369384766
1748975770774,0.016914825439453125,3.0994546508789065,9.58337127685547
1748975770839,-2.1019290161132815,2.2948777770996096,6.090834045410157
1748975770909,-6.1752584838867195,1.4736854553222658,13.16632049560547
1748975770972,-5.133724365234375,4.43797119140625,8.500822448730469
1748975771039,-7.232509918212891,4.862488403320313,4.8612908935546875
1748975771109,-7.693700866699219,4.3254052734375,5.302124176025391
1748975771173,-7.264393615722657,3.9242395019531253,7.571255493164063
1748975771239,-7.749983825683594,3.9308258056640626,5.425767059326172
1748975771308,-7.153474273681641,1.0109976196289063,6.0484721374511725
1748975771372,-4.44081527709961,1.1554472351074219,3.1190638732910156
1748975771438,-6.696025543212891,-0.0029937744140625003,6.326444091796875
1748975771509,-8.093369750976564,0.7896080017089844,8.364755401611328
1748975771573,-6.496939544677734,0.6533912658691406,9.214388580322266
1748975771639,-6.549180908203125,2.022593994140625,8.728648681640625
1748975771709,-4.692741394042969,0.9110055541992188,10.186317443847656
1748975771774,-5.002597045898438,1.3989907836914064,8.380921783447267
1748975771839,-4.20325927734375,0.5662724304199219,9.101373596191406
1748975771909,-2.7509793090820316,-0.8845106506347656,9.478439483642578
1748975771972,-3.1331346130371096,1.234482879638672,9.557624816894531
1748975772039,-3.985462188720703,-2.015259246826172,10.503807220458985
1748975772106,-3.9178028869628907,-2.2776635742187503,9.728419647216798
1748975772172,-3.4452355957031253,-1.81781982421875,7.61661117553711
1748975772239,-3.228336639404297,-2.738106079101563,8.131390686035157
1748975772309,-3.7808377075195314,-2.5319847106933593,7.945477294921876
1748975772374,-2.888243865966797,-1.59029296875,7.4994049072265625
1748975772438,-2.3896307373046874,-1.2099339294433595,8.084238739013673
1748975772509,-1.782942352294922,-1.256038055419922,9.303453369140625
1748975772574,-2.3971151733398437,-0.3646417236328125,10.614277496337891
1748975772639,-1.9193087768554689,-0.7140151977539063,10.586285705566407
1748975772708,-2.1965322875976563,-0.5227130126953126,10.00249969482422
1748975772773,-2.8771669006347658,-1.5184423828125,9.935738525390626
1748975772839,-2.7131080627441406,-0.7646099853515625,7.455246734619141
1748975772910,-4.093986511230469,-2.8761190795898437,8.16028060913086
1748975772971,-3.8095779418945312,-4.61041259765625,9.501790924072266
1748975773039,-4.925657043457032,-2.9195288085937503,8.188272399902344
1748975773109,-3.327430572509766,-4.0179446411132815,7.972570953369141
1748975773174,-2.939736785888672,-3.7091368103027347,7.058272247314454
1748975773239,-1.9378701782226564,-5.968238983154297,8.529862060546876
1748975773309,-2.0420535278320315,-6.01194808959961,8.019273834228516
1748975773375,-2.034419403076172,-4.764292602539062,7.651937713623047
1748975773438,-2.391576690673828,-4.641248474121094,7.808961181640625
1748975773509,-4.182602233886719,-6.38557113647461,8.981173553466798
1748975773574,-4.745431823730469,-6.667135620117188,9.742191009521484
1748975773639,-3.643872528076172,-3.422333221435547,8.786578216552735
1748975773709,-2.073937225341797,-2.5319847106933593,7.852520599365235
1748975773773,-2.6466462707519534,-6.450536041259766,8.567733306884765
1748975773839,-3.3953892517089845,-6.787036285400391,7.124135284423828
1748975773909,-1.080004119873047,-5.339246978759766,6.354286193847656
1748975773972,-0.49187713623046875,-4.20325927734375,6.313870239257813
1748975774039,-0.3770658874511719,-4.588857421875001,7.060816955566406
1748975774109,-2.421065368652344,-5.581143951416016,9.062304840087892
1748975774173,-3.763324127197266,-5.4530104064941405,9.465416564941407
1748975774239,-3.6920722961425785,-6.01434310913086,10.218350830078126
1748975774309,-2.6336233520507815,-4.5848158264160155,9.549541625976563
1748975774373,-1.6503181457519531,-0.8297245788574219,7.4272549438476565
1748975774438,-1.6314573669433594,-5.899831237792969,8.618477783203126
1748975774509,-3.207829284667969,-4.871769104003906,8.101303253173828
1748975774574,-2.0230430603027343,-3.091521148681641,7.001240844726563
1748975774639,-2.6872119140625,-4.998256072998047,8.191116485595703
1748975774709,-4.405788116455079,-3.3295262145996096,6.827003173828126
1748975774774,-3.2730935668945316,-5.807323608398438,9.220376129150392
1748975774839,-3.6110906982421875,-4.780309295654297,8.003855895996095
1748975774909,-3.3058753967285157,-5.681136016845703,8.086184692382814
1748975774972,-3.3925451660156254,-6.63225814819336,8.453670501708984
1748975775039,-4.228406982421875,-4.901257781982422,8.094417572021484
1748975775109,-2.997366943359375,-1.2939093017578125,6.9395690917968755
1748975775174,-3.497327270507813,-6.586752777099609,9.306147766113282
1748975775239,-4.374203796386719,-4.204756164550782,6.543492736816407
1748975775308,-3.6131863403320312,-3.616030426025391,7.452851715087891
1748975775374,-2.7761270141601564,-4.0302191162109375,7.250322875976563
1748975775438,-3.6154316711425785,-4.689747619628906,6.934479675292969
1748975775509,-3.89954086303711,-4.909191284179688,7.334747314453125
1748975775574,-3.8877154541015626,-4.372108154296876,8.407865753173828
1748975775639,-5.444178771972656,-5.109175415039063,8.285719757080079
1748975775709,-6.724316711425781,-5.921835479736329,8.569978637695312
1748975775772,-5.8564215087890625,-1.9739451599121094,6.7828450012207036
1748975775839,-4.910089416503906,-4.0107595825195315,7.71720199584961
1748975775910,-5.332960052490234,-3.7583843994140627,8.356372833251953
1748975775972,-3.9010377502441407,-1.9606228637695313,6.7017137145996095
1748975776040,-4.423750762939453,-4.315974884033204,7.861651611328125
1748975776110,-4.5268862915039065,-3.3847613525390625,7.128625946044922
1748975776173,-3.525319061279297,-3.490291900634766,7.704927520751953
1748975776239,-2.841690673828125,-3.553759918212891,8.112829284667969
1748975776309,-3.9998323059082033,-4.335135040283204,9.44490921020508
1748975776374,-5.203030242919922,-6.008505249023438,9.784253540039064
1748975776438,-7.116501159667969,-4.121678924560547,6.7933232116699225
1748975776509,-6.224655761718751,-3.127296752929688,7.15392333984375
1748975776573,-6.0836489868164065,-5.16126708984375,7.170688476562501
1748975776639,-5.209017791748047,-4.060456237792969,4.559368743896485
1748975776708,-4.561314697265625,-5.123545532226562,5.787115631103516
1748975776772,-3.940705261230469,-3.919449462890625,6.191724243164063
1748975776839,-3.6543507385253906,-3.5331028747558597,6.635251922607422
1748975776909,-3.6164794921875,-5.389542388916016,8.84765121459961
1748975776972,-5.776637420654297,-3.4540672302246094,7.823930053710938
1748975777039,-5.8423507690429695,-3.8719981384277347,8.463849334716798
1748975777106,-5.750292205810547,-4.311633911132812,8.776399383544922
1748975777172,-5.703439636230469,-4.183799743652344,6.589896240234375
1748975777239,-6.718179473876954,-5.226231994628907,7.222780151367187
1748975777308,-5.777535552978516,-2.887345733642578,5.717809753417969
1748975777375,-4.9811915588378906,-3.096909942626953,5.500910797119141
1748975777438,-4.308041381835937,-3.1784902954101564,5.7895106506347656
1748975777509,-4.8210246276855475,-3.729793853759766,6.265221405029298
1748975777574,-6.2809387207031255,-4.022734680175781,7.4272549438476565
1748975777639,-7.147786102294922,-3.0770013427734377,8.430319061279297
1748975777709,-6.8198181152343755,-2.9359945678710937,9.4220068359375
1748975777776,-6.610553283691407,-2.3318508911132816,6.899153137207032
1748975777839,-6.953190765380859,-3.290607147216797,7.595205688476563
1748975777909,-6.230493621826172,-3.1228060913085938,7.065157928466797
1748975777972,-6.271358642578125,-3.5685791015625004,6.231990509033204
1748975778039,-5.499563598632813,-4.4721002197265625,5.54926025390625
1748975778109,-4.331243133544922,-3.5652859497070315,6.175557861328126
1748975778175,-3.7170703125,-2.733765106201172,6.644083557128907
1748975778239,-4.207001495361328,-2.9496162414550784,6.945406951904297
1748975778309,-5.785469055175781,-3.639381866455078,7.247029724121094
1748975778374,-7.124734039306641,-2.901266784667969,7.434440002441407
1748975778438,-9.351653137207032,-4.560715942382813,10.346334686279297
1748975778509,-7.689060516357422,-0.7691006469726563,6.671326904296875
1748975778572,-6.974446563720703,-2.402054901123047,7.010371856689454
1748975778639,-6.484814758300781,-3.174598388671875,7.746840362548829
1748975778709,-5.808072052001953,-2.2035676574707033,6.735543365478516
1748975778774,-5.9760227966308594,-4.1429347229003906,6.436465301513672
1748975778839,-5.650898895263672,-4.765939178466797,5.312901763916016
1748975778909,-4.902155914306641,-4.309687957763672,5.179828491210937
1748975778972,-5.103936309814453,-4.057013397216797,5.710624694824219
1748975779039,-6.003565521240235,-3.8131704711914063,7.226222991943359
1748975779109,-7.713459777832032,-3.3953892517089845,10.295290832519532
1748975779172,-7.958799591064453,-3.290307769775391,8.077053680419922
1748975779239,-6.131998443603516,-0.501606903076172,6.0623931884765625
1748975779309,-4.697830810546876,-3.223546600341797,8.343948669433594
1748975779373,-5.237458648681641,-2.7801686096191407,7.139702911376953
1748975779438,-5.444777526855469,-3.130440216064453,5.93291244506836
1748975779509,-4.672084350585938,-2.9394374084472656,6.736142120361328
1748975779573,-4.92221420288086,-3.3355137634277345,6.720574493408203
1748975779639,-6.467750244140626,-4.522096252441407,8.219257965087891
1748975779709,-8.068072357177735,-5.341492309570313,10.243947601318359
1748975779772,-6.3125230407714845,-2.7855574035644532,7.341632995605469
1748975779839,-4.918322296142579,-0.9473799133300782,3.820954284667969
1748975779910,-5.899980926513672,-4.5548780822753905,6.728507995605469
1748975779972,-6.3723985290527345,-3.117267608642578,7.326963500976563
1748975780039,-6.713389434814453,-2.0086729431152346,5.518723754882813
1748975780109,-7.04180648803711,-4.002676391601563,5.64790512084961
1748975780172,-5.964496765136719,-3.266806640625,5.945336608886719
1748975780239,-5.583089904785156,-3.4085618591308595,6.67297348022461
1748975780308,-6.323749694824219,-4.086651763916016,7.3287597656250005
1748975780372,-6.609505462646485,-4.66310302734375,8.078251190185547
1748975780438,-5.694608001708985,-7.272177429199219,10.836116180419923
1748975780508,-2.0555255126953127,-4.018543395996094,3.6458184814453127
1748975780574,-2.3429278564453124,-6.1592417907714845,6.610553283691407
1748975780639,-3.4317636108398437,-4.576732635498047,8.564889221191407
1748975780708,-1.8636245727539062,-4.2966650390625,8.045169982910156
1748975780773,-1.925446014404297,-5.021457824707031,7.584877166748047
1748975780839,-0.8448431396484375,-3.3353640747070314,7.006030883789063
1748975780908,-0.7493417358398438,-5.064418487548829,8.760682067871095
1748975780972,-3.502716064453125,-5.179379425048828,9.247769165039063
1748975781039,-3.9103184509277344,-4.6536726379394535,8.299341430664063
1748975781108,-4.279450836181641,-7.727530517578125,11.12291976928711
1748975781173,-5.071902923583985,-3.1427146911621096,7.5769436645507815
1748975781239,-3.442840576171875,-2.717898101806641,5.248385925292969
1748975781308,-5.470973052978516,-5.105433197021485,7.284900970458985
1748975781373,-5.6468572998046875,-5.048701171875,7.423363037109375
1748975781438,-4.554429016113281,-2.814297637939453,6.559509429931641
1748975781508,-4.575086059570313,-3.180136871337891,6.685547332763672
1748975781573,-5.436993713378906,-5.063670043945312,7.13955322265625
1748975781639,-5.318739624023438,-3.209176483154297,6.689888305664063
1748975781708,-5.642067260742188,-4.6360093688964845,7.3164852905273445
1748975781772,-6.291716308593751,-3.9146594238281254,6.388864288330079
1748975781839,-6.767726440429688,-5.05828125,7.331903228759766
1748975781908,-7.364535369873047,-5.997877349853516,9.063352661132813
1748975781973,-6.166127471923828,-3.1536419677734377,5.466781768798828
1748975782039,-3.316802673339844,-2.1110600280761718,5.636977844238282
1748975782106,-3.8208045959472656,-6.7280589294433595,7.985144805908203
1748975782172,-5.460943908691407,-5.703739013671875,5.382656707763672
1748975782239,-4.86952377319336,-5.681585083007813,5.712420959472657
1748975782309,-3.7441639709472656,-4.596940612792969,6.7843418884277344
1748975782373,-3.5657350158691408,-4.106859741210938,6.522536315917969
1748975782439,-4.002676391601563,-5.114713897705078,7.356601867675781
1748975782510,-5.086572418212891,-4.789440307617188,7.7213932800292975
1748975782574,-5.227429504394531,-4.101321258544922,8.931027832031251
1748975782639,-4.967270507812501,-4.454137573242187,8.609496459960939
1748975782709,-5.536237335205079,-4.84078353881836,8.363557891845703
1748975782774,-5.291645965576172,-1.9963984680175781,5.369484100341797
1748975782839,-6.376140747070313,-5.1539323425292976,5.974825286865235
1748975782909,-6.874903564453126,-5.201533355712891,6.6241749572753905
1748975782972,-5.763464813232422,-2.5078848266601566,5.865552520751954
1748975783039,-5.478756866455078,-3.243904266357422,5.932762756347657
1748975783108,-5.478008422851563,-3.5410363769531252,5.710924072265625
1748975783174,-5.46827865600586,-4.187092895507813,6.51969223022461
1748975783239,-5.577252044677735,-3.469185791015625,8.243058471679689
1748975783309,-6.970854034423828,-4.0002813720703125,8.442743225097656
1748975783373,-8.704997863769531,-4.698130187988282,9.64474365234375
1748975783438,-7.059170379638672,-2.7247837829589847,5.637127532958985
1748975783508,-5.568121032714844,-1.1774514770507813,5.551056518554688
1748975783573,-5.413492584228516,-4.840484161376954,7.799530792236329
1748975783639,-5.991440734863281,-3.1498997497558596,5.08462646484375
1748975783710,-5.658832397460937,-4.471052398681641,6.274801483154297
1748975783774,-5.129982147216797,-3.6504588317871094,6.446494445800782
1748975783839,-4.2819955444335935,-3.334915008544922,6.894363098144532
1748975783909,-4.121678924560547,-4.230502624511719,7.7987823486328125
1748975783972,-5.414989471435547,-4.101171569824219,8.01897445678711
1748975784039,-6.583160247802735,-4.572391662597656,8.134534149169923
1748975784109,-8.741222534179688,-5.402565307617188,8.342601470947265
1748975784174,-6.346951446533203,0.016914825439453125,5.2048265075683595
1748975784239,-6.367009735107422,-3.6675233459472656,5.943839721679688
1748975784309,-7.999215545654297,-4.853806457519531,5.632487182617187
1748975784372,-7.003037109375001,-3.0296997070312504,5.0392707824707035
1748975784438,-6.31372055053711,-3.5684294128417973,5.7790324401855475
1748975784509,-6.099066925048828,-3.8420603942871097,5.684429168701172
1748975784573,-5.666915588378907,-3.4539175415039063,5.885760498046875
1748975784639,-5.577701110839844,-3.749852142333985,6.122568054199219
1748975784709,-6.909182281494141,-4.420756988525391,7.685917053222656
1748975784774,-8.175997924804689,-5.191803588867188,8.002658386230468
1748975784839,-8.60814926147461,-4.487967224121094,8.043972473144532
1748975784909,-5.965993652343751,-1.7378860473632813,5.325625305175781
1748975784972,-4.897066497802735,-1.5311659240722657,5.3702325439453125
1748975785039,-6.659950561523438,-4.800966339111328,7.381150817871094
1748975785108,-7.318880310058594,-5.156626739501953,6.0677819824218755
1748975785174,-5.787415008544922,-4.723277893066406,6.086493072509766
1748975785239,-3.668870544433594,-3.9237904357910156,6.196514282226563
1748975785309,-3.773353271484375,-3.4804124450683593,6.770720214843751
1748975785374,-5.196443939208985,-2.564916229248047,6.011049957275391
1748975785439,-6.47179183959961,-3.9517822265625,7.29088851928711
1748975785509,-7.039112091064453,-2.6147625732421877,6.995402984619141
1748975785572,-7.872279510498047,-3.270997924804688,7.728728027343751
1748975785639,-8.886270904541016,-2.5691075134277344,8.029901733398438
1748975785709,-7.182962951660157,-0.12424163818359375,5.857768707275391
1748975785773,-8.002359008789062,-4.889881439208985,8.262218627929688
1748975785839,-6.866071929931641,-3.160827026367188,6.700366516113282
1748975785909,-6.811734924316407,-4.2132884216308595,6.373296661376953
1748975785972,-5.813909912109375,-5.758525085449219,6.0923309326171875
1748975786039,-5.688321075439453,-3.7101846313476563,7.216193847656251
1748975786109,-7.088808746337891,-1.8085391235351564,8.263865203857423
1748975786172,-10.01686981201172,4.708907775878907,10.762918395996094
1748975786239,-10.533146209716797,4.484374694824219,16.06998229980469
1748975786308,-5.294939117431641,-0.7836204528808595,8.536598052978515
1748975786373,0.6641688537597656,0.21869522094726562,6.570885772705078
1748975786438,1.9507434082031252,-0.5010081481933594,8.895850982666015
1748975786509,1.1106903076171875,2.648442535400391,6.03110824584961
1748975786574,-0.42227188110351566,3.605552215576172,6.46939682006836
1748975786639,1.119671630859375,3.8405635070800783,5.473218383789063
1748975786709,0.6099815368652344,5.529800720214844,5.250780944824219
1748975786774,0.5266049194335938,6.197113037109375,6.113736419677735
1748975786839,0.5475613403320313,6.169720001220703,6.1664268493652346
1748975786909,0.1047821044921875,6.907086639404297,6.0059605407714844
1748975786975,-0.4846920776367188,6.940916290283203,6.8737060546875
1748975787039,-0.15956817626953126,8.025111694335937,6.886279907226563
1748975787106,-1.1536509704589843,7.711813201904297,6.831793212890625
1748975787172,-1.3349240112304688,7.5628729248046875,7.062014465332032
1748975787239,-0.9982740783691407,6.961124267578126,6.612798614501953
1748975787308,-1.551822967529297,6.797664184570313,6.109096069335938
1748975787375,-1.504072265625,7.0274363708496095,6.193071441650391
1748975787439,-0.9382489013671875,6.734944610595703,5.343438262939453
1748975787509,-1.0874885559082033,7.065457305908203,4.9704139709472654
1748975787574,-0.7816744995117187,7.6227484130859375,5.109923858642579
1748975787639,-0.6780899047851563,7.734715576171875,4.098177795410156
1748975787708,-1.3117222595214844,7.6790313720703125,3.5853442382812504
1748975787774,-1.0864407348632814,7.265441436767579,4.358636169433594
1748975787839,0.1838177490234375,7.462880859375001,7.850125579833985
1748975787909,-0.6773414611816406,7.9381425476074226,12.302766265869142
1748975787972,0.03697311401367188,6.018833770751954,9.672585754394532
1748975788039,2.1667442321777344,5.957162017822266,6.901847534179688
1748975788109,1.4792239379882812,5.3721784973144535,7.378905487060547
1748975788175,0.9440867614746095,6.227499847412109,7.789651336669922
1748975788239,0.6738986206054688,6.3601240539550785,6.925049285888672
1748975788309,0.4602928161621094,6.880741424560547,6.3247975158691405
1748975788373,-0.37781433105468754,7.473359069824219,6.130651245117188
1748975788439,0.10582992553710938,7.416028289794922,5.572462005615234
1748975788509,-0.6774911499023438,7.956105194091797,5.7420593261718755
1748975788573,0.08247848510742188,8.455616455078125,4.9494575500488285
1748975788639,0.1407073974609375,6.595734100341797,6.316714324951172
1748975788709,-0.9035211181640626,7.732320556640626,5.435197448730469
1748975788773,-1.8693127441406252,6.646328887939453,7.245682525634766
1748975788839,-2.3802003479003906,6.590644683837891,7.50404525756836
1748975788909,-1.9610719299316408,6.541097717285156,5.846392364501954
1748975788972,-2.338437194824219,6.0942768859863286,6.254294128417969
1748975789039,-1.387764129638672,5.690716094970703,6.363866271972657
1748975789109,-1.6663348388671877,6.572981414794922,6.936126251220704
1748975789173,-1.3043875122070314,6.151607666015625,6.870861968994141
1748975789239,-1.7106427001953126,7.24538314819336,6.939868469238282
1748975789309,-1.6438815307617187,6.7473687744140625,7.275171203613281
1748975789372,-1.1059002685546875,6.523135070800781,8.121062164306641
1748975789438,-0.4197271728515625,7.4890763854980476,7.156917114257813
1748975789509,-0.7575746154785157,6.381679229736329,8.307723999023438
1748975789572,0.45879592895507815,5.234165496826172,7.349865875244141
1748975789639,-0.05059478759765625,5.613626403808594,8.249644775390625
1748975789709,-0.3592529296875,5.901777191162109,6.9448081970214846
1748975789772,-0.31090347290039066,6.333030395507813,6.4605651855468755
1748975789839,-0.4505630493164063,6.523135070800781,6.516399078369141
1748975789909,-0.5435197448730469,6.782994689941407,6.048172760009766
1748975789972,-0.6858737182617188,7.142846374511719,6.105653228759766
1748975790039,-0.7116201782226563,7.6754388427734375,6.598578186035157
1748975790108,-0.7213499450683594,7.912246398925782,6.277944946289063
1748975790173,-1.320703582763672,7.745193786621094,7.7724371337890625
1748975790239,-1.0162367248535156,7.189249877929688,7.371421051025391
1748975790309,-1.1385324096679688,5.7455021667480475,7.331454162597657
1748975790372,-1.5036231994628908,6.288572845458985,8.026758270263672
1748975790439,-1.3561798095703126,5.609584808349609,6.99345703125
1748975790508,-1.5019766235351564,5.476661224365235,7.533833312988282
1748975790572,-1.3677058410644531,5.482349395751953,6.929689636230469
1748975790639,-1.5715818786621094,5.26904296875,7.856262817382813
1748975790709,-1.4841636657714845,5.745651855468751,7.1790710449218755
1748975790772,-1.7151333618164064,5.872587890625001,7.498357086181641
1748975790839,-2.039508819580078,5.738317108154297,7.757168884277344
1748975790908,-1.7881814575195314,5.655838623046876,8.010442199707033
1748975790972,-1.5663427734375002,5.721102905273438,8.643326110839844
1748975791039,-1.4715898132324219,6.147266693115235,8.470884704589844
1748975791109,-1.136436767578125,4.379891967773438,8.740923156738281
1748975791172,-0.5010081481933594,4.730313262939453,7.958500213623047
1748975791239,-0.6397695922851563,4.340523834228516,8.657247161865234
1748975791309,-0.6858737182617188,3.8853204345703127,8.218509521484375
1748975791372,-0.9020242309570313,4.62762680053711,7.013814697265626
1748975791438,-0.820144500732422,5.155129852294922,4.560715942382813
1748975791509,-1.119521942138672,4.749174041748047,3.4872981262207032
1748975791573,0.045205993652343755,3.5477723693847656,6.789580993652344
1748975791639,-3.2627650451660157,2.6658064270019532,8.557554473876953
1748975791709,-3.35063232421875,1.1701167297363282,10.700947265625
1748975791773,-2.449057159423828,0.3926335144042969,8.901539154052735
1748975791839,-4.374503173828125,0.5900729370117188,12.41907440185547
1748975791909,-5.893694000244141,-1.4178515625,12.812606048583985
1748975791973,-7.659571838378906,-0.034129028320312504,9.903256072998047
1748975792039,-6.792275390625,1.6262182617187502,7.154971160888672
1748975792107,-6.83583480834961,0.719553680419922,7.237299957275391
1748975792172,-6.26342514038086,1.0168354797363282,6.8005082702636726
1748975792239,-6.696025543212891,0.0031434631347656253,3.9080731201171877
1748975792309,-7.02264633178711,2.984793090820313,5.717660064697266
1748975792375,-6.981182556152344,2.1067190551757813,4.814887390136719
1748975792439,-8.419990539550781,1.8288967895507813,5.361700286865235
1748975792508,-9.55223602294922,3.395988006591797,5.062322845458985
1748975792574,-9.174122314453125,2.6667045593261722,7.634723510742188
1748975792639,-7.533533935546876,2.2239253234863283,6.7316514587402345
1748975792709,-5.54731430053711,1.9471508789062502,7.725734252929688
1748975792774,-5.623655548095703,1.5634986877441408,6.561305694580079
1748975792839,-4.807852020263672,0.9680369567871094,5.70778060913086
1748975792909,-6.279890899658203,2.14354248046875,4.542304229736328
1748975792972,-5.950725402832031,2.235900421142578,6.242319030761719
1748975793039,-7.387138366699219,4.280947723388672,5.706283721923828
1748975793109,-7.830067291259766,3.596271514892578,6.511309661865234
1748975793175,-9.388326873779297,2.4731570434570314,5.4143907165527345
1748975793239,-9.559720458984376,2.838996276855469,5.11576171875
1748975793309,-10.509046325683594,1.8052459716796876,4.543501739501953
1748975793373,-8.02047134399414,1.3564791870117188,3.084186401367188
1748975793439,-9.068591766357422,-0.5357359313964845,3.7655694580078127
1748975793509,-10.399174804687501,0.5581892395019532,2.4926165771484374
1748975793573,-7.505542144775391,2.584974517822266,2.801125030517578
1748975793639,-6.595584411621094,1.8586848449707032,3.280128936767578
1748975793709,-7.641010437011719,3.332519989013672,4.253404998779297
1748975793774,-7.696095886230469,3.1290930175781253,4.695435791015625
1748975793839,-8.228388977050782,3.231929168701172,5.077142028808594
1748975793909,-10.81680633544922,3.2046858215332032,6.230343933105469
1748975793972,-12.824431457519532,3.3629067993164066,7.1069210815429695
1748975794039,-14.768887939453126,2.7759773254394533,7.515571289062501
1748975794108,-8.417445831298828,-1.8830841064453125,5.46588363647461
1748975794172,-5.7049365234375005,-0.4549040222167969,3.925287322998047
1748975794239,-5.081183624267578,-0.6691085815429688,1.986668701171875
1748975794309,-5.280269622802734,-1.2494517517089845,0.9991722106933594
1748975794374,-7.079078979492188,1.6456777954101562,0.3608995056152344
1748975794439,-9.256301422119142,1.7753082275390626,1.2335847473144532
1748975794509,-10.317594451904297,2.2781126403808596,2.0219952392578127
1748975794573,-10.68223617553711,2.2686822509765627,2.1595591735839843
1748975794639,-11.685599670410157,2.368824005126953,1.8103353881835937
1748975794709,-12.665162658691408,1.6301101684570314,2.406844940185547
1748975794773,-9.786349182128907,1.4003379821777344,1.9657122802734377
1748975794839,-6.344406738281251,0.9523196411132813,0.5462141418457032
1748975794909,-7.71001693725586,0.3818559265136719,1.2639715576171875
1748975794972,-7.5646691894531255,1.0062075805664064,1.0629396057128906
1748975795039,-8.335117034912109,1.7040563964843751,1.423689422607422
1748975795109,-10.42881317138672,2.135908355712891,1.9708016967773438
1748975795174,-9.838740234375,2.8265721130371095,2.1104612731933594
1748975795239,-9.673633575439453,2.8201354980468754,1.8625767517089844
1748975795309,-9.519753570556642,2.7131080627441406,0.999770965576172
1748975795373,-10.393636322021484,2.288740539550781,1.791324920654297
1748975795439,-6.40188720703125,2.606829071044922,3.0539492797851566
1748975795509,-5.5851855468750005,1.8523979187011719,6.629264373779297
1748975795573,-4.005520477294922,1.9592756652832033,8.406069488525391
1748975795639,-2.684667205810547,1.8015037536621095,8.486152954101563
1748975795709,-2.4598347473144533,0.544866943359375,7.073839874267579
1748975795773,-2.369273071289063,0.08053253173828126,7.552993469238282
1748975795839,-3.251089324951172,-1.5893948364257813,9.301806793212892
1748975795908,-5.302273864746094,-2.3561004638671874,13.689931640625002
1748975795973,-7.743098144531251,-1.3371693420410158,15.00045639038086
1748975796039,-7.0873118591308595,0.016914825439453125,11.461365966796876
1748975796109,-5.448220367431641,0.6715036010742188,10.704689483642579
1748975796173,-4.789589996337891,0.47256729125976565,8.813372497558595
1748975796239,-4.979994049072266,-1.3956976318359375,8.902886352539063
1748975796309,-5.538033599853516,-2.460732879638672,8.880133666992188
1748975796373,-5.796845397949219,-1.7994081115722658,8.418643341064454
1748975796439,-6.189329223632813,-3.0922695922851564,7.1965846252441406
1748975796509,-5.277275848388673,-2.283202056884766,6.160888366699219
1748975796574,-4.837490386962891,-0.6388714599609375,6.861431579589844
1748975796639,-4.68271224975586,0.7905061340332031,7.582482147216798
1748975796709,-5.274880828857422,0.07828720092773438,7.846982116699219
1748975796773,-6.807843017578126,-0.20582199096679688,9.35779037475586
1748975796839,-5.5235137939453125,2.3299049377441405,8.104446716308594
1748975796908,-5.090763702392579,-0.3480262756347656,9.352251892089845
1748975796975,-4.694837036132813,-0.143701171875,7.487429809570313
1748975797039,-4.495751037597657,-0.7797285461425781,7.160659332275391
1748975797106,-4.771178283691406,-1.1409274291992189,8.158783721923829
1748975797172,-3.8490957641601566,0.504151611328125,7.432793426513673
1748975797239,-3.429368591308594,-1.6874409484863282,8.609646148681641
1748975797309,-4.78090805053711,-1.855990447998047,8.714428253173828
1748975797375,-5.585035858154297,-2.1764739990234374,9.389524383544922
1748975797439,-7.295977935791016,-2.159409484863281,8.882079620361328
1748975797509,-7.018305358886719,-0.39996826171875,8.956774291992188
1748975797574,-5.7242463684082034,0.9098080444335938,7.186405792236329
1748975797639,-7.001240844726563,-3.4923875427246096,6.556665344238281
1748975797709,-6.4463447570800785,-0.32287857055664065,5.8773779296875
1748975797774,-6.005661163330078,-0.13621673583984376,6.723418579101563
1748975797839,-6.405629425048828,-1.3434562683105469,6.807693328857423
1748975797909,-5.661227416992188,-0.5652246093750001,7.25930419921875
1748975797972,-5.662424926757812,-1.4214440917968751,7.849227447509766
1748975798039,-6.655459899902344,-1.8523979187011719,7.6104739379882815
1748975798109,-6.435118103027344,-2.4141796875000003,7.917335815429688
1748975798174,-7.566914520263672,-5.121599578857422,10.039622497558595
1748975798239,-5.2874546813964844,-1.3774356079101564,4.731959838867188
1748975798309,-6.424490203857422,-6.180347900390625,8.644972686767579
1748975798373,-5.487738189697266,-3.427123260498047,4.66115707397461
1748975798439,-5.057233428955079,-4.108356628417969,5.890550537109375
1748975798509,-4.24636962890625,-3.253634033203125,7.213200073242188
1748975798574,-5.0918115234375,-2.372416534423828,7.0380642700195315
1748975798639,-6.997648315429688,-1.9112255859375,8.009244689941406
1748975798709,-7.387886810302735,-2.252515869140625,8.784781951904296
1748975798773,-9.289981384277345,-3.2118708801269533,10.66502197265625
1748975798839,-6.031557312011719,-1.391356658935547,5.0057405090332034
1748975798909,-3.5595977783203128,-4.2522074890136725,6.093528442382813
1748975798972,-6.764582977294922,-3.3251852416992187,7.440277862548829
1748975799039,-7.044351196289063,-1.2290940856933594,6.246809692382813
1748975799109,-6.1134370422363284,-2.5602758789062503,5.693859558105469
1748975799174,-5.643713836669922,-1.6494200134277344,6.983727264404298
1748975799239,-6.138734436035157,-0.7250921630859375,7.12518310546875
1748975799309,-6.560706939697266,-1.3784834289550782,7.239994354248047
1748975799372,-6.6577052307128906,-2.0974383544921875,7.4059991455078125
1748975799439,-6.781497802734376,-2.4135809326171875,8.38870559692383
1748975799509,-5.749992828369141,-2.25850341796875,9.302255859375
1748975799574,-6.4006896972656255,-3.783681793212891,8.621172180175781
1748975799639,-5.37966293334961,-2.5701553344726564,6.671326904296875
1748975799709,-6.883585510253907,-3.0725106811523437,8.8184619140625
1748975799772,-5.992488555908204,-1.487157440185547,5.570216674804688
1748975799839,-4.747976531982422,-2.322121124267578,5.135969696044922
1748975799909,-3.4727783203125,-2.003583526611328,6.230792999267578
1748975799972,-3.810027008056641,-1.466799774169922,7.500452728271485
1748975800039,-5.1109716796875,-0.5325924682617188,9.737999725341798
1748975800109,-7.226821746826173,0.7012916564941407,11.020981750488282
1748975800173,-8.440198516845703,-0.04326004028320313,8.69347183227539
1748975800239,-7.392676849365235,0.128133544921875,7.931855621337891
1748975800309,-6.424190826416016,0.20148101806640625,5.357359313964844
1748975800375,-6.767427062988282,-2.3737637329101564,6.5747776794433594
1748975800439,-6.102509765625,-0.7463479614257813,6.477030944824219
1748975800508,-5.996081085205079,-1.487157440185547,6.706653442382813
1748975800574,-6.254892883300782,-1.4916481018066408,6.408174133300782
1748975800639,-5.277724914550782,-1.1823912048339844,7.299869842529297
1748975800709,-5.253325653076172,-1.384171600341797,7.698790283203126
1748975800774,-5.624703369140625,-2.0279827880859376,7.885901184082032
1748975800839,-6.644083557128907,-2.236798553466797,9.135951690673828
1748975800909,-9.282496948242189,-3.148103485107422,12.726085968017578
1748975800972,-6.966513061523438,-0.7842192077636719,8.84480712890625
1748975801039,-5.246889038085937,-0.29728179931640625,7.0653076171875
1748975801109,-2.8898904418945315,-4.003873901367188,4.514312438964844
1748975801173,-3.653003540039063,-2.0838166809082033,3.1025981140136722
1748975801239,-4.731361083984376,-3.18777099609375,6.818021850585938
1748975801309,-5.346731414794922,-3.3952395629882814,7.1121601867675786
1748975801372,-4.748126220703125,-3.2250434875488283,7.85895721435547
1748975801439,-4.719236297607422,-2.51237548828125,9.560618591308595
1748975801509,-5.990991668701172,-2.5107289123535157,8.846304016113281
1748975801574,-6.490353240966797,-2.1186941528320316,8.013435974121094
1748975801640,-8.67371292114258,-0.8530760192871094,9.434131622314453
1748975801709,-6.779701538085938,0.7032376098632813,6.720125427246094
1748975801775,-7.941735076904298,-2.239043884277344,6.7476681518554695
1748975801839,-7.236551513671875,-0.39712417602539063,5.403613128662109
1748975801909,-5.658383331298828,-1.101559295654297,6.340215454101563
1748975801972,-5.468128967285157,-2.1213885498046876,6.374793548583985
1748975802039,-5.502257995605469,-1.7205221557617187,6.1328965759277345
1748975802107,-5.222340087890625,-1.1511062622070314,7.969876556396485
1748975802172,-5.115312652587891,-1.9113752746582031,8.985364837646484
1748975802239,-6.571185150146484,-1.597178649902344,8.232430572509767
1748975802309,-7.753576354980469,-3.244203643798828,11.181747436523438
1748975802375,-5.795947265625,0.27797195434570315,7.851023712158203
1748975802439,-5.435796203613282,-0.5834866333007813,8.45007797241211
1748975802510,-5.975124664306641,-3.1028974914550784,9.387877807617189
1748975802575,-5.566025390625001,-2.3423291015625,6.863078155517578
1748975802639,-5.063520355224609,-3.0100904846191407,5.428611145019532
1748975802709,-3.1118788146972656,-2.1315673828125,6.075865173339844
1748975802775,-2.7267297363281253,-1.6793577575683594,7.043902130126954
1748975802839,-3.952979736328125,-2.4182212829589846,7.722291412353516
1748975802909,-6.443350982666016,-2.802023162841797,9.818831634521485
1748975802972,-8.284971313476563,-1.4917977905273438,11.753857727050782
1748975803039,-8.91471176147461,0.5535488891601563,11.335028686523438
1748975803108,-5.888005828857422,0.9903405761718751,7.498506774902344
1748975803176,-5.589227142333985,-0.4966671752929688,6.545289001464844
1748975803239,-5.9156982421875,-1.9489471435546877,7.205116882324219
1748975803309,-6.3054876708984375,-0.996328125,6.961273956298829
1748975803375,-6.650071105957031,-1.2684622192382813,7.079977111816406
1748975803439,-6.511758728027344,-1.8444644165039064,6.5863037109375
1748975803509,-5.632487182617187,-2.5041426086425784,6.826404418945313
1748975803575,-4.7380970764160155,-1.9702029418945313,6.6401916503906255
1748975803639,-5.029690704345703,-1.4332695007324219,7.270979919433594
1748975803709,-6.444398803710937,-0.29054580688476567,8.773555297851562
1748975803775,-7.204967193603516,0.4891827392578125,10.07674530029297
1748975803839,-8.545729064941407,-0.8499325561523438,9.873617706298829
1748975803909,-6.23423583984375,1.7609381103515627,6.30608642578125
1748975803972,-6.37359603881836,-2.5138723754882815,8.651409301757813
1748975804039,-5.339246978759766,-0.6855743408203125,5.95641357421875
1748975804109,-4.960235137939454,-2.1118084716796877,4.518354034423829
1748975804175,-4.447401580810547,-1.632056121826172,5.375321960449219
1748975804239,-4.935835876464844,-0.9186396789550781,6.601721649169922
1748975804309,-5.926625518798828,-0.279019775390625,8.831484832763673
1748975804374,-6.42628646850586,0.5505551147460938,9.865684204101562
1748975804439,-7.320526885986329,-0.142503662109375,9.649234313964845
1748975804509,-7.201524353027344,-0.017064514160156252,9.129365386962892
1748975804573,-4.786446533203125,0.6271957397460938,9.595496063232423
1748975804640,-7.342680816650391,-0.305364990234375,6.2414208984375
1748975804710,-7.958500213623047,-1.733844451904297,6.822362823486328
1748975804774,-7.022047576904297,-1.182989959716797,5.7772361755371096
1748975804839,-6.60785888671875,-1.2497511291503907,6.3583277893066406
1748975804909,-6.058201904296875,-0.5095404052734376,6.678511962890625
1748975804972,-5.759872283935547,-0.16615447998046876,6.346502380371094
1748975805039,-5.824388122558594,-0.19249969482421875,7.119494934082032
1748975805109,-5.877228240966797,0.5427713012695313,8.013585662841797
1748975805175,-6.593339080810547,0.928070068359375,8.311915283203126
1748975805240,-7.297774200439454,-0.02784210205078125,8.43241470336914
1748975805308,-7.141798553466797,-0.5128335571289063,8.218509521484375
1748975805372,-8.821904754638672,-2.3032603454589844,8.735534362792968
1748975805439,-4.840633850097657,1.5643968200683596,5.586682434082031
1748975805510,-6.378984832763672,-1.513802032470703,7.792944488525391
1748975805575,-6.736142120361328,-1.1575428771972658,6.987768859863282
1748975805639,-7.593409423828126,-1.9112255859375,5.506299591064454
1748975805709,-6.05266342163086,-1.0198292541503906,6.454877014160156
1748975805774,-5.038073272705079,-1.5754737854003906,7.311695251464844
1748975805840,-5.286706237792969,-1.7579443359375,6.582711181640625
1748975805909,-6.384074249267578,-2.8241770935058597,7.335346069335938
1748975805972,-7.185657348632813,-2.8626470947265625,8.63688949584961
1748975806040,-7.964188385009766,-1.7438735961914062,7.910001068115235
1748975806109,-7.282356262207031,0.6872209167480469,8.10190200805664
1748975806175,-6.683152313232422,0.08038284301757813,7.334897003173828
1748975806239,-7.766449584960938,-1.7140855407714846,7.545658721923829
1748975806309,-6.205495605468751,-0.7683522033691407,6.632856903076172
1748975806374,-6.150709533691407,-1.2052935791015627,6.173162841796875
1748975806439,-6.058351593017578,-1.7723144531250001,6.249354400634766
1748975806510,-5.8053776550292975,-1.0062075805664064,6.392905883789063
1748975806576,-6.857988739013672,-1.1636801147460938,7.068301391601563
1748975806640,-7.052733764648438,-0.9443861389160156,6.484814758300781
1748975806710,-7.722590789794922,-1.5829582214355469,8.269703063964844
1748975806773,-8.051905975341798,-1.3555810546875,9.924661560058594
1748975806840,-5.9866506958007815,-0.12843292236328124,7.507637786865235
1748975806909,-5.654192047119141,0.31883697509765624,7.009024658203125
1748975806974,-6.0219772338867195,-2.830613708496094,8.840166778564454
1748975807040,-6.056405639648438,-2.125280456542969,5.997727661132813
1748975807107,-5.078638916015625,-2.1568647766113282,5.655838623046876
1748975807172,-3.5386413574218754,-1.6721726989746095,6.600973205566406
1748975807239,-3.946692810058594,-1.7348922729492189,7.278164978027344
1748975807309,-4.894072723388672,-2.600841522216797,8.902287597656251
1748975807375,-6.793472900390626,-3.625760192871094,10.402168579101563
1748975807439,-6.715634765625,-0.1754351806640625,9.676777038574219
1748975807510,-6.528972930908203,0.9873468017578125,7.731572113037109
1748975807574,-6.52163818359375,-0.300574951171875,7.4062985229492195
1748975807640,-7.372169494628906,-1.5317646789550783,7.739505615234376
1748975807710,-6.193071441650391,0.3465293884277344,6.1839404296875005
1748975807775,-5.982459411621094,0.06331832885742188,6.821165313720703
1748975807840,-5.790259094238282,-0.10089019775390626,6.953041076660156
1748975807909,-6.522236938476563,-1.1204200744628907,7.943082275390625
1748975807972,-6.980434112548829,-0.9868977355957032,8.073461151123047
1748975808040,-9.315278778076172,-2.9333001708984376,10.091714172363282
1748975808109,-8.46444808959961,-0.4195774841308594,7.704328765869141
1748975808175,-6.525380401611328,0.15013778686523438,8.139324188232422
1748975808240,-4.697381744384766,-1.5922389221191406,6.93163558959961
1748975808309,-3.8480479431152346,-2.2541624450683595,6.6225283813476565
1748975808375,-6.926546173095703,-3.462898864746094,7.475454711914063
1748975808439,-7.215894470214844,-4.633314971923828,5.261259155273438
1748975808509,-3.9339692687988284,-1.0258168029785157,5.001848602294922
1748975808575,-3.0963111877441407,-3.113226013183594,8.740923156738281
1748975808639,-8.304281158447266,0.10972183227539063,9.668843536376954
1748975808709,-10.001152496337891,-0.408350830078125,8.91231674194336
1748975808775,-7.772137756347656,2.0651055908203126,7.033274230957032
1748975808839,-7.749085693359375,-1.5492782592773438,6.586752777099609
1748975808909,-6.7105453491210945,0.9354048156738282,6.3036914062500005
1748975808972,-6.1312500000000005,0.7246430969238281,6.606361999511719
1748975809040,-6.9253486633300785,-0.8894503784179688,6.9096313476562505
1748975809109,-6.628515930175782,-0.1782792663574219,6.58914779663086
1748975809175,-6.858587493896485,-1.4151571655273438,7.743696899414063
1748975809240,-7.53039047241211,-2.1969813537597656,8.039781188964843
1748975809309,-8.611442413330078,-3.4456846618652346,9.655670928955079
1748975809376,-6.294111328125,-0.3246748352050781,6.734495544433594
1748975809439,-6.181096343994141,0.4110452270507813,8.790769500732422
1748975809509,-6.983128509521484,-2.6432034301757814,8.668773193359375
1748975809575,-5.585784301757813,-2.621498565673828,5.242248687744141
1748975809640,-3.9972875976562503,-2.5105792236328126,5.307512969970704
1748975809709,-3.833079071044922,-0.906514892578125,6.433770904541016
1748975809774,-5.877976684570313,2.083367614746094,8.672066345214844
1748975809840,-6.816075897216797,2.9166847229003907,7.918233947753906
1748975809910,-6.9024462890625005,1.0300080871582031,8.381670227050781
1748975809972,-6.383924560546875,0.27812164306640624,9.477691040039064
1748975810040,-5.678890686035157,1.3142669677734375,7.162305908203125
1748975810109,-8.224048004150392,-1.5881973266601563,6.134842529296876
1748975810174,-6.4252386474609375,-0.22573059082031252,5.554649047851563
1748975810240,-5.265749816894531,-0.29174331665039066,6.14322509765625
1748975810310,-5.158273315429688,-0.9877958679199219,6.577771453857422
1748975810374,-5.746849365234375,-0.8289761352539063,6.41191635131836
1748975810439,-6.260131988525391,-0.06481521606445313,7.202721862792969
1748975810508,-8.89315658569336,-0.939895477294922,8.168513488769532
1748975810572,-8.307723999023438,-1.878743133544922,8.874595184326171
1748975810640,-7.473808135986329,-1.7405804443359376,8.571176147460937
1748975810709,-4.883744201660156,-2.8385472106933594,7.572303314208985
1748975810775,-7.955057373046875,-5.484445037841797,8.643176422119142
1748975810840,-5.795647888183594,-2.9966184997558596,4.6782215881347655
1748975810909,-3.6847375488281253,-0.4441264343261719,5.27428207397461
1748975810972,-4.191882934570312,-0.30731094360351563,5.354814605712891
1748975811040,-5.8422010803222655,-0.8345146179199219,8.03813461303711
1748975811109,-5.124293975830079,1.118324432373047,7.824079742431641
1748975811174,-5.863905944824219,-0.31719039916992187,9.661209411621094
1748975811240,-7.141798553466797,-0.45146118164062504,10.064021759033203
1748975811309,-7.5803865051269534,-0.27991790771484376,9.909542999267579
1748975811375,-5.656437377929688,0.9650431823730469,8.493338012695313
1748975811439,-6.185287628173828,-1.9946022033691406,8.01508255004883
1748975811509,-6.674470367431641,-2.0088226318359377,6.971303100585938
1748975811574,-6.9006500244140625,-1.5090119934082031,5.307213592529298
1748975811640,-6.178851013183594,-1.9223025512695313,5.565426635742188
1748975811709,-4.91263412475586,-1.5130535888671877,5.475912780761719
1748975811773,-5.60195068359375,-1.4555731201171875,6.501879272460938
1748975811840,-6.130950622558594,-1.227447509765625,7.720944213867188
1748975811909,-9.154812469482422,-2.895129547119141,9.262738037109376
1748975811972,-9.362430725097656,-3.775448913574219,10.003397827148438
1748975812040,-6.549031219482422,-2.7393035888671875,5.42471923828125
1748975812107,-6.209387512207032,-4.249513092041016,7.768545227050781
1748975812173,-4.624034271240235,-3.799548797607422,5.526208190917969
1748975812240,-4.4914100646972654,-3.767066345214844,5.02759506225586
1748975812309,-4.3912683105468755,-3.0443692016601562,5.552403717041016
1748975812376,-4.860243072509766,-3.0910720825195312,7.026238861083985
1748975812439,-4.848567352294922,-2.4541465759277346,7.981252899169922
1748975812509,-6.1257115173339844,-3.77694580078125,8.391699371337891
1748975812576,-6.871909790039063,-3.746708679199219,8.145012359619141
1748975812640,-6.058201904296875,-3.3425491333007815,7.536527709960938
1748975812709,-7.073989562988282,-3.6070491027832032,8.944499816894531
1748975812775,-5.050347747802735,-1.7607884216308594,6.237828369140625
1748975812840,-6.410868530273437,-4.6096641540527346,7.288343811035157
1748975812909,-5.838309173583984,-2.0625608825683597,5.52096908569336
1748975812972,-5.98560287475586,-1.858385467529297,5.730383605957032
1748975813040,-5.904770965576172,-2.546953582763672,6.5713348388671875
1748975813109,-5.630241851806641,-2.4971072387695314,6.437363433837891
1748975813175,-5.409600677490235,-2.4043002319335938,6.400240631103516
1748975813240,-5.732179870605469,-3.616329803466797,7.873626708984375
1748975813309,-6.892566833496094,-3.862567749023438,9.298214263916016
1748975813374,-7.490423583984375,-5.1220486450195315,9.170230407714845
1748975813439,-5.483995971679688,-3.41769287109375,6.322552185058594
1748975813510,-5.676944732666016,-4.768184509277344,7.752229156494141
1748975813575,-4.596192169189453,-4.011208648681641,4.697232055664062
1748975813640,-4.730313262939453,-3.8505926513671875,5.401816864013672
1748975813710,-4.255201263427734,-3.5516642761230472,6.887178039550782
1748975813774,-4.1242236328125,-3.250340881347656,7.295079803466797
1748975813840,-4.7660888671875,-3.1986982727050783,9.023385772705078
1748975813909,-5.640270996093751,-4.982688446044922,10.333311767578126
1748975813972,-6.125561828613281,-4.700375518798828,8.035140838623047
1748975814040,-5.030439147949219,-4.864134979248047,6.967860260009766
1748975814109,-4.074077911376953,-7.047943725585938,7.063810729980469
1748975814173,-4.2775048828125,-6.626120910644532,6.1364891052246096
1748975814240,-2.4430696105957033,-4.926106109619141,4.69663330078125
1748975814310,-3.33626220703125,-4.832251281738282,6.1575952148437505
1748975814375,-4.229305114746094,-4.531376953125,6.978937225341797
1748975814439,-4.769382019042969,-4.592300262451172,7.173233184814453
1748975814510,-5.207820281982422,-5.373525695800781,7.824079742431641
1748975814574,-4.800666961669922,-6.6153433227539065,7.372319183349609
1748975814640,-5.435945892333985,-8.815917205810548,10.065368957519532
1748975814710,-2.8024722290039064,-5.584886169433594,5.012177124023438
1748975814775,-1.7083973693847656,-7.061266021728516,6.7404830932617195
1748975814840,-1.4801220703125,-6.392905883789063,4.170028381347657
1748975814910,-0.9324110412597657,-6.0008711242675785,5.108876037597656
1748975814972,-2.743345184326172,-5.721102905273438,6.312822418212891
1748975815040,-1.8140776062011719,-5.596412200927735,6.845863952636719
1748975815111,-2.9556037902832033,-6.108497314453126,8.565188598632814
1748975815175,-3.652255096435547,-7.384144592285157,9.731712799072266
1748975815240,-3.8809794616699222,-6.872209167480469,8.831933898925781
1748975815309,-2.919379119873047,-5.778583374023437,7.378755798339844
1748975815374,-3.2922537231445315,-6.11253890991211,7.527396697998047
1748975815439,-4.043691101074219,-6.9974986267089845,7.140601043701173
1748975815509,-2.168839874267578,-8.051905975341798,5.49462387084961
1748975815573,-3.296445007324219,-5.542524261474609,4.067042541503906
1748975815640,-1.7780026245117189,-8.388406219482423,7.360044708251953
1748975815709,-2.1149519348144534,-5.489833831787109,6.239774322509766
1748975815774,-2.1700373840332032,-6.853348388671876,7.231462097167969
1748975815840,-2.8086094665527344,-8.357720031738282,8.533753967285156
1748975815909,-3.515888671875,-6.9588789367675785,9.547745361328126
1748975815972,-3.394790496826172,-4.782404937744141,7.639962615966797
1748975816040,-4.967569885253907,-4.896018676757813,9.210646362304688
1748975816110,-2.5731491088867187,-3.4311648559570314,7.425308990478516
1748975816175,-3.8812788391113284,-4.2731639099121095,6.12885498046875
1748975816240,-4.914879455566407,-5.0216075134277345,8.095764770507813
1748975816310,-3.5543586730957033,-2.1116587829589846,7.985593872070313
1748975816374,-3.532504119873047,-1.6015196228027344,9.142537994384766
1748975816439,-3.526516571044922,-1.0788066101074218,9.417067108154297
1748975816510,-3.946543121337891,0.5337899780273437,10.136321411132814
1748975816574,-4.807702331542969,0.427510986328125,9.467661895751954
1748975816640,-4.122127990722657,-0.51971923828125,7.3128927612304695
1748975816710,-6.056106262207032,-1.3943504333496095,7.500752105712891
1748975816774,-4.9195198059082035,0.4980143737792969,8.600066070556641
1748975816840,-3.874842224121094,-0.4578977966308594,7.013215942382812
1748975816909,-3.910767517089844,-2.1510269165039064,5.991291046142578
1748975816972,-4.349205780029297,-3.0386810302734375,6.937024383544922
1748975817040,-6.091133422851563,-4.273313598632813,8.046367492675781
1748975817107,-7.579488372802735,-4.1956251525878905,9.237889709472658
1748975817173,-7.656877441406251,-2.864143981933594,11.192225646972657
1748975817240,-8.249046020507812,-3.3718881225585937,10.451715545654297
1748975817309,-5.135520629882813,-0.1490899658203125,6.272705841064454
1748975817375,-5.6627243041992195,-2.2240750122070314,8.377778320312501
1748975817439,-5.765410766601563,-3.3965867614746097,7.187154235839844
1748975817509,-5.421875152587891,-3.338507537841797,6.59348876953125
1748975817574,-4.361480255126954,-4.116888885498047,7.148235168457032
1748975817640,-3.5354978942871096,-3.5411860656738283,6.636898498535157
1748975817709,-2.693049774169922,-4.593198394775391,7.459587707519532
1748975817775,-3.610491943359375,-4.635410614013672,8.75185043334961
1748975817840,-5.443130950927735,-4.366719360351563,9.247320098876953
1748975817909,-6.840624847412109,-4.884642333984376,8.891060943603517
1748975817972,-6.698570251464844,-1.853445739746094,6.760391693115235
1748975818040,-6.81906967163086,-3.702251129150391,7.762557678222657
1748975818109,-5.687572631835938,-1.2784913635253907,6.046226806640625
1748975818176,-5.52815414428711,-2.7161018371582033,6.304290161132813
1748975818239,-5.76960205078125,-2.702629852294922,6.150110778808594
1748975818310,-5.1307305908203125,-2.3954685974121097,6.626120910644532
1748975818373,-5.108426971435547,-3.1915132141113283,7.570956115722657
1748975818439,-5.955365753173829,-3.975732421875,8.350684661865234
1748975818510,-7.087760925292969,-5.606740722656251,10.969488830566407
1748975818574,-5.9374031066894535,-1.6663348388671877,8.050858154296876
1748975818640,-4.707261199951172,-2.521656188964844,8.773106231689454
1748975818709,-3.2662078857421877,-5.3263737487792975,6.738537139892578
1748975818775,-3.1753468322753906,-3.685785369873047,4.79243408203125
1748975818840,-3.5378929138183595,-3.4316139221191406,6.573580169677735
1748975818910,-4.108506317138672,-3.5715728759765626,8.010142822265625
1748975818972,-4.0742276000976565,-2.5391697692871094,7.883805541992188
1748975819040,-4.671635284423829,-3.5331028747558597,8.48839828491211
1748975819109,-5.863606567382813,-3.166066131591797,9.728868713378906
1748975819174,-6.050717468261719,-1.4635066223144533,8.64123046875
1748975819240,-6.754853210449219,-2.327809295654297,10.064620513916017
1748975819310,-5.235662384033203,-3.23806640625,7.986492004394532
1748975819375,-4.894222412109375,-4.647086334228516,8.136180725097656
1748975819439,-5.50180892944336,-2.3743624877929688,5.1061816406250005
1748975819510,-5.122647399902344,-3.413950653076172,6.699468383789063
1748975819575,-5.355413360595703,-2.8722271728515625,6.584507446289063
1748975819640,-5.693260803222657,-3.7744010925292972,5.97123275756836
1748975819710,-5.069956970214844,-3.8779856872558596,7.548353118896485
1748975819774,-5.536087646484376,-3.823349304199219,6.709198150634766
1748975819840,-6.0219772338867195,-4.869374084472656,9.33339111328125
1748975819910,-5.7895106506347656,-2.144590301513672,9.208101654052735
1748975819972,-5.771548004150391,-0.6619235229492187,8.07645492553711
1748975820040,-5.602100372314453,-2.1477337646484376,8.800050201416017
1748975820112,-4.281396789550781,-2.4542962646484376,5.774691467285156
1748975820175,-3.726351013183594,-3.060685272216797,6.553372192382813
1748975820240,-3.518134002685547,-2.9584478759765624,6.778204650878907
1748975820309,-4.10745849609375,-3.3712893676757814,7.696245574951172
1748975820375,-4.7785130310058594,-3.297043762207031,9.032666473388673
1748975820439,-6.097869415283204,-3.210224304199219,9.722432098388673
1748975820509,-5.853427734375,-2.316133575439453,9.124575347900391
1748975820574,-5.747897186279297,-2.1751268005371096,9.216334533691407
1748975820640,-4.689597930908203,-0.7915539550781251,7.8218344116210945
1748975820710,-6.312822418212891,-3.932472381591797,8.388555908203125
1748975820774,-5.8371116638183596,-2.2074595642089845,7.063062286376954
1748975820840,-5.075794830322266,-1.9556831359863283,6.387217712402344
1748975820909,-4.548740844726563,-4.1146435546875,7.15676742553711
1748975820973,-4.461023254394531,-3.6253111267089846,6.568490753173829
1748975821040,-4.35654052734375,-3.43685302734375,6.916217651367188
1748975821109,-4.614454193115234,-3.320395202636719,8.042625274658203
1748975821173,-5.229674835205079,-3.9487884521484378,8.83373016357422
1748975821240,-6.093678131103516,-3.6286042785644534,9.25390640258789
1748975821310,-6.441854095458985,-3.566483459472656,8.367749176025391
1748975821375,-5.929170227050782,-1.7131874084472658,7.6931021118164065
1748975821439,-4.765939178466797,-2.7446923828125,7.413333892822266
1748975821510,-3.993395690917969,-3.789519653320313,5.609584808349609
1748975821575,-3.8932539367675782,-2.9761111450195314,7.541317749023438
1748975821640,-3.9442977905273438,-2.221380615234375,7.741750946044922
1748975821709,-4.022884368896484,-3.6747084045410157,6.988966369628907
1748975821775,-4.597689056396485,-3.6717146301269534,7.260352020263673
1748975821840,-5.215604095458985,-4.5655059814453125,8.788075103759766
1748975821910,-6.692433013916016,-2.796035614013672,9.144334259033204
1748975821972,-5.911207580566407,-4.742438049316407,9.300459594726563
1748975822040,-4.802163848876954,-3.1966026306152346,7.482041015625001
1748975822107,-5.577701110839844,-4.3700125122070315,6.593638458251953
1748975822173,-6.130950622558594,-3.8047879028320315,5.994584197998047
1748975822240,-5.576802978515626,-3.0002110290527346,5.9022262573242195
1748975822310,-5.0058901977539065,-3.383863220214844,6.8249075317382815
1748975822375,-5.339396667480469,-2.6927503967285156,6.718628540039063
1748975822439,-5.846542053222657,-3.0093420410156253,6.913523254394532
1748975822510,-6.174959106445312,-3.1190638732910156,7.147037658691406
1748975822575,-6.104006652832031,-2.9829968261718753,7.84892807006836
1748975822640,-6.409820709228516,-3.9637573242187503,8.426576843261719
1748975822710,-7.260801086425782,-4.360432434082031,8.532556457519531
1748975822775,-6.462810516357422,-2.0086729431152346,6.809788970947266
1748975822840,-5.922733612060547,-1.9351757812500001,7.664810943603516
1748975822910,-5.649551696777344,-3.9272332763671876,7.708070983886719
1748975822972,-4.168082427978516,-4.020639038085938,6.441405029296876
1748975823040,-4.123175811767578,-3.7483552551269534,6.1188258361816406
1748975823109,-3.7086877441406254,-2.7892996215820314,7.168143768310547
1748975823174,-3.877087554931641,-2.5333319091796875,7.756869506835938
1748975823240,-4.201163635253907,-2.668201446533203,8.046068115234375
1748975823309,-4.972808990478516,-2.5774900817871096,8.734187164306642
1748975823375,-5.583538970947266,-1.6346008300781252,9.605674896240235
1748975823439,-6.555018768310547,-2.079924774169922,9.781409454345704
1748975823510,-6.49289794921875,-0.35206787109375004,9.842482452392579
1748975823575,-6.856940917968751,-1.5221846008300781,7.91598861694336
1748975823640,-5.592071228027344,-0.6924600219726563,7.720495147705079
1748975823710,-5.429060211181641,-1.05141357421875,7.152426452636719
1748975823775,-5.318589935302735,-2.127825164794922,6.959627380371094
1748975823840,-5.408702545166016,-2.309846649169922,6.443201293945313
1748975823910,-5.271587677001953,-2.785258026123047,6.773713989257812
1748975823972,-4.944817199707032,-2.6927503967285156,7.146438903808594
1748975824040,-4.810845794677735,-2.318079528808594,7.560178527832032
1748975824109,-4.92416015625,-2.1315673828125,10.412796478271485
1748975824175,-6.777156829833984,-2.654879150390625,10.831775207519533
1748975824240,-5.492079162597657,0.10777587890625001,8.100704498291016
1748975824309,-5.703439636230469,-1.2778926086425781,9.244925079345704
1748975824375,-5.074297943115234,-1.717079315185547,7.188052368164063
1748975824439,-4.531676330566406,-1.9646644592285156,6.702013092041016
1748975824509,-3.637735290527344,-2.22497314453125,7.15392333984375
1748975824575,-3.6543507385253906,-1.8510507202148438,7.475005645751954
1748975824640,-4.3436672973632815,-0.8283773803710938,7.956254882812501
1748975824709,-5.165308685302735,-1.131497039794922,9.205107879638673
1748975824775,-5.933062133789063,-0.9517208862304688,9.544751586914064
1748975824840,-6.316864013671875,-1.3995895385742188,9.451794891357423
1748975824910,-5.019062805175781,-0.1734892272949219,8.762029266357422
1748975824973,-5.98081283569336,-1.7501605224609376,7.862699432373048
1748975825040,-5.4619917297363285,-1.249002685546875,7.730524291992188
1748975825109,-4.8912286376953125,-1.2253518676757813,7.084018707275391
1748975825174,-4.863386535644532,-1.5871495056152345,7.054979095458985
1748975825240,-5.244643707275391,-1.3834231567382813,7.256011047363281
1748975825310,-5.157824249267579,-0.8102650451660157,7.714507598876954
1748975825375,-5.438191223144532,-1.2925621032714845,8.712631988525391
1748975825439,-5.969586181640626,-0.6692582702636719,8.635841674804688
1748975825510,-7.018604736328125,-2.2935305786132814,10.937754821777345
1748975825574,-5.649252319335938,-0.18232086181640625,8.412805480957031
1748975825640,-5.3335588073730476,-0.8786727905273438,8.521180114746095
1748975825709,-4.521946563720704,-2.579286346435547,8.758287048339843
1748975825774,-4.517306213378906,-2.241887969970703,6.878196716308594
1748975825840,-3.8254449462890627,-2.907853088378906,6.638694763183594
1748975825910,-3.0359866333007814,-2.266586608886719,6.70650375366211
1748975825973,-3.2219000244140625,-1.8291961669921877,7.3197784423828125
1748975826040,-3.7416192626953126,-2.01900146484375,8.22060516357422
1748975826110,-4.655618591308594,-2.0348684692382815,8.864715728759766
1748975826175,-6.013295288085938,-1.5831079101562502,9.980345764160157
1748975826240,-6.879543914794922,-1.0193801879882813,9.163644104003907
1748975826309,-6.977290649414063,-0.7734416198730469,9.832004241943359
1748975826375,-6.075865173339844,0.1734892272949219,7.724836120605469
1748975826439,-6.242319030761719,-1.7678237915039063,8.221054229736328
1748975826510,-5.709876251220703,-1.4004876708984375,7.951165466308594
1748975826574,-5.608536987304688,-2.4158262634277343,7.2176907348632815
1748975826640,-5.220394134521484,-2.3941213989257815,7.09165283203125
1748975826711,-4.564009094238282,-2.801574096679688,6.971602478027344
1748975826774,-4.812791748046875,-1.3989907836914064,7.10407699584961
1748975826840,-5.360353088378907,-0.1035845947265625,7.523504791259766
1748975826911,-6.0306591796875,0.360450439453125,8.194409637451173
1748975826972,-6.600673828125,0.5785469055175781,8.376281433105468
1748975827040,-7.752827911376953,-0.7577243041992188,9.529483337402345
1748975827107,-6.410120086669922,0.5950126647949219,7.7790234375
1748975827173,-5.2506312561035156,0.645457763671875,8.851692810058594
1748975827240,-5.833070068359375,-2.871478729248047,8.509205017089844
1748975827310,-5.796246643066406,-2.5222549438476562,5.907016296386719
1748975827375,-4.6464875793457034,-2.693049774169922,6.275998992919922
1748975827439,-3.2385154724121095,-2.302661590576172,7.035070495605469
1748975827511,-3.45601318359375,-1.8712586975097658,7.640860748291016
1748975827574,-4.352798309326172,-1.9122734069824219,8.034392395019532
1748975827640,-5.144202575683594,-1.203347625732422,7.8869490051269535
1748975827711,-5.698948974609375,-1.096769256591797,8.948541412353515
1748975827775,-7.644303588867188,-2.0604652404785155,10.247689819335937
1748975827840,-8.440946960449219,-1.244212646484375,10.31729507446289
1748975827910,-5.73173080444336,1.5364050292968752,6.920708312988282
1748975827972,-6.267915802001953,-1.9390676879882813,7.172784118652344
1748975828040,-6.29935043334961,-1.69806884765625,8.156089324951171
1748975828110,-6.131100311279297,-1.5284715270996094,6.4605651855468755
1748975828175,-5.603597259521485,-2.3831941223144533,6.5590603637695315
1748975828240,-5.011728057861329,-2.23934326171875,6.6225283813476565
1748975828309,-4.885091400146485,-1.7259109497070313,6.7527575683593755
1748975828375,-5.141059112548828,-1.1960128784179689,7.432044982910156
1748975828439,-5.261408843994141,-0.9205856323242188,8.46833999633789
1748975828510,-6.630761260986328,-1.2017010498046876,8.72026611328125
1748975828575,-8.246351623535157,-2.825075225830078,10.559491424560548
1748975828640,-6.035748596191406,0.8193960571289063,6.933431854248047
1748975828709,-6.386768646240235,-1.5178436279296876,10.122699737548828
1748975828775,-5.9920394897460945,-2.4984544372558597,7.776029663085938
1748975828840,-4.863087158203125,-2.4041505432128907,5.878126373291016
1748975828909,-3.1356793212890626,-1.7501605224609376,6.439459075927735
1748975828973,-3.4146990966796875,-1.5328125000000001,6.764732666015625
1748975829040,-3.582799530029297,-1.7236656188964845,8.05250473022461
1748975829109,-5.32218246459961,-1.1780502319335937,8.973689117431642
1748975829175,-6.130351867675782,-0.7737409973144531,9.08146499633789
1748975829240,-7.238796844482422,-0.5322930908203125,9.95983840942383
1748975829310,-7.847131805419922,-0.07349716186523438,9.720635833740236
1748975829376,-6.941814422607422,0.028740234375,6.892716522216797
1748975829440,-7.0837193298339844,-1.9089802551269532,7.431595916748047
1748975829510,-5.884413299560547,-0.5715115356445313,6.9219058227539065
1748975829575,-5.6203623962402345,-1.8769468688964845,6.2462109375
1748975829640,-5.4371434020996094,-1.8640736389160157,6.532415771484375
1748975829710,-5.087021484375001,-1.3718971252441408,6.8407745361328125
1748975829774,-5.179678802490234,-1.7070501708984376,7.235204315185547
1748975829840,-5.442831573486329,-1.4221925354003906,7.854316864013672
1748975829910,-6.692433013916016,-1.8670674133300782,8.64691864013672
1748975829973,-7.87721923828125,-2.997067565917969,10.59841049194336
1748975830040,-6.013295288085938,-0.000449066162109375,7.647596740722657
1748975830109,-5.354814605712891,-2.6496400451660156,8.308622131347656
1748975830174,-4.847669219970704,-3.4346076965332033,6.660100250244141
1748975830240,-4.238885192871094,-2.481389923095703,6.758296051025391
1748975830310,-3.356470184326172,-2.766097869873047,7.601492614746094
1748975830376,-4.356091461181641,-1.716929626464844,6.5942372131347655
1748975830439,-4.919220428466797,-2.1909938049316406,8.203241271972656
1748975830509,-6.068081359863282,-1.7116905212402345,8.78059066772461
1748975830575,-6.635551300048829,-0.8735833740234376,9.05886199951172
1748975830640,-7.6257421875,-1.5049703979492188,10.33885025024414
1748975830710,-7.077282714843751,0.13307327270507813,8.165519714355469
1748975830775,-7.465126190185547,-2.3770568847656253,9.028624877929689
1748975830840,-5.352269897460938,-0.061671752929687504,7.186405792236329
1748975830910,-5.308860168457032,-2.0682490539550784,6.66578842163086
1748975830973,-5.171894989013672,-2.8123516845703125,6.719676361083985
1748975831040,-5.209017791748047,-2.1838087463378906,6.388864288330079
1748975831110,-5.676345977783203,-1.4801220703125,7.0748876953125
1748975831174,-6.835236053466797,-0.5794450378417969,7.588469696044922
1748975831240,-6.084247741699219,-0.2932402038574219,8.59662322998047
1748975831309,-7.110962677001954,-2.0600161743164063,10.425819396972656
1748975831375,-5.9936860656738284,1.1084449768066407,7.886050872802735
1748975831440,-4.667593688964844,0.09370513916015626,9.055718536376954
1748975831509,-5.369484100341797,-2.269281005859375,7.566764831542969
1748975831575,-5.021158447265625,-2.7126589965820314,6.366111602783204
1748975831640,-3.955973510742188,-1.601968688964844,6.593189392089844
1748975831710,-3.782484283447266,-1.9580781555175781,7.589667205810548
1748975831775,-4.3806404113769535,-1.7097445678710939,7.559879150390626
1748975831840,-4.354444885253907,-1.51365234375,8.024962005615235
1748975831910,-5.545368347167969,-2.1797671508789063,8.902586975097657
1748975831973,-6.6330065917968755,-1.192570037841797,8.903036041259766
1748975832040,-7.227270812988282,-0.37976028442382814,8.909023590087891
1748975832107,-7.448361053466797,0.17513580322265626,10.239007873535156
1748975832173,-5.977519683837891,1.5747253417968752,6.796316986083985
1748975832240,-7.2265223693847656,-3.017724609375,8.375233612060548
1748975832310,-6.244414672851563,-0.9243278503417969,6.845714263916016
1748975832374,-6.3601240539550785,-1.7464183044433594,7.162156219482422
1748975832439,-6.1360400390625,-2.7961853027343753,6.36835693359375
1748975832511,-5.163662109375,-1.4169534301757813,5.734425201416016
1748975832575,-5.5553974914550786,-1.7751585388183595,6.468049621582032
1748975832640,-6.416856079101563,-2.3010150146484376,7.948620758056641
1748975832710,-7.600145416259766,-1.5581098937988282,7.776628417968751
1748975832775,-7.001540222167969,-1.409468994140625,8.546627197265625
1748975832840,-7.199578399658203,-1.9980450439453126,7.286996612548829
1748975832909,-5.538332977294922,0.24444168090820315,6.3935046386718755
1748975832973,-5.4250186157226565,-2.4016058349609377,8.745563507080078
1748975833040,-4.750670928955079,-1.609303436279297,7.8094102478027345
1748975833110,-5.0042436218261726,-2.3210733032226565,7.4009097290039065
1748975833176,-3.9185513305664066,-1.945953369140625,7.386389923095703
1748975833240,-3.51349365234375,-2.4598347473144533,7.579937438964844
1748975833309,-3.988905029296875,-2.5077351379394535,8.796906738281251
1748975833375,-4.793182525634766,-2.151625671386719,9.276210021972657
1748975833439,-6.323749694824219,-2.202070770263672,9.383087768554688
1748975833510,-6.387068023681641,-0.629740447998047,8.939859466552734
1748975833577,-6.5696882629394535,-1.0511141967773439,7.5946069335937505
1748975833640,-6.954687652587891,-2.737207946777344,7.505841522216797
1748975833710,-5.647605743408203,-1.5676899719238282,6.287674713134766
1748975833776,-5.929619293212891,-3.048710174560547,6.272855529785157
1748975833840,-5.70778060913086,-3.1463072204589846,5.762267303466797
1748975833909,-5.608986053466797,-2.2670356750488283,6.391558685302734
1748975833973,-6.291716308593751,-3.058290252685547,7.220235443115235
1748975834040,-6.552623748779297,-2.4613316345214846,6.3900617980957035
1748975834109,-6.417754211425781,-3.190764770507813,8.242459716796876
1748975834174,-6.930737457275391,-1.56394775390625,9.37171142578125
1748975834240,-7.361541595458985,-2.894530792236328,9.257648620605469
1748975834309,-5.422174530029297,-0.8506809997558594,7.869585113525391
1748975834375,-5.139861602783204,-3.8622683715820316,6.767127685546876
1748975834440,-5.016069030761719,-5.003644866943359,6.585255889892578
1748975834509,-4.032763824462891,-3.9809715270996096,5.600304107666016
1748975834574,-3.4178425598144533,-3.4277220153808594,6.973548431396485
1748975834640,-2.076032867431641,-2.7536737060546876,8.122259674072266
1748975834710,-2.956501922607422,-2.5939558410644534,8.656798095703126
1748975834774,-5.9635986328125,-3.3799713134765628,9.532776489257813
1748975834840,-6.874753875732422,-3.5215768432617187,10.14575180053711
1748975834910,-5.94728256225586,-3.909420318603516,8.782386932373047
1748975834973,-3.9282810974121096,-1.705104217529297,5.825585632324219
1748975835040,-5.747597808837891,-4.588707733154297,7.20945785522461
1748975835110,-4.638404388427735,-3.8815782165527346,6.499035186767578
1748975835175,-4.353397064208985,-2.901117095947266,6.969806213378907
1748975835240,-4.735702056884766,-2.372266845703125,7.486232299804688
1748975835310,-5.538332977294922,-1.819915466308594,7.954608306884766
1748975835375,-6.028413848876953,-2.3845413208007815,8.300688629150391
1748975835440,-6.15804428100586,-2.1836590576171875,7.679779815673829
1748975835509,-6.516698455810547,-2.1203407287597655,8.26850555419922
1748975835574,-6.520290985107422,-1.8411712646484375,8.005203094482422
1748975835640,-7.214696960449219,-2.9415330505371093,8.740474090576173
1748975835710,-6.121819610595703,-1.3995895385742188,6.88613021850586
1748975835774,-4.937931518554688,-1.7597406005859375,7.865992584228516
1748975835840,-4.694088592529297,-4.617447967529297,7.881111145019531
1748975835910,-4.9759524536132815,-3.8380187988281254,6.705006866455078
1748975835973,-4.04039794921875,-3.573069763183594,6.97714096069336
1748975836040,-3.9375617980957034,-2.9663813781738284,7.354805603027344
1748975836109,-3.610342254638672,-3.514391784667969,7.987988891601563
1748975836175,-4.050726470947266,-3.0596374511718754,8.462951202392578
1748975836240,-5.005441131591797,-2.4903712463378906,9.465566253662109
1748975836309,-5.686973876953125,-3.0388307189941406,9.856403503417969
1748975836375,-5.527705078125,-1.92799072265625,9.237290954589843
1748975836440,-4.599784698486328,-2.309996337890625,5.902825012207032
1748975836511,-5.699847106933594,-4.037553863525391,8.44678482055664
1748975836576,-5.237159271240235,-2.578537902832031,6.123765563964844
1748975836640,-5.786217498779298,-3.2572265625,6.708150329589844
1748975836710,-5.375172271728516,-2.7102639770507815,7.011419677734375
1748975836774,-5.460943908691407,-2.947670288085938,7.879314880371094
1748975836840,-4.4441084289550785,-2.835254058837891,7.926017761230469
1748975836910,-4.580474853515625,-1.9368223571777345,8.613687744140625
1748975836973,-5.401667175292969,-2.8397447204589845,8.691076812744141
1748975837040,-5.961652679443359,-1.4519805908203125,8.881929931640625
1748975837107,-6.996750183105469,-1.4735357666015625,9.961784362792969
1748975837173,-5.616470489501953,-0.6674620056152344,7.798632659912109
1748975837240,-4.703219604492188,-0.5670208740234375,7.084318084716797
1748975837310,-6.004613342285157,-3.4010774230957033,8.622369689941406
1748975837375,-5.339396667480469,-2.3568489074707033,6.68928955078125
1748975837440,-4.467759246826172,-2.1486318969726566,6.764732666015625
1748975837509,-3.6546501159667972,-2.281106414794922,7.149732055664063
1748975837575,-4.560715942382813,-2.202220458984375,7.375612335205078
1748975837640,-4.7415399169921875,-1.2437635803222657,7.894732818603516
1748975837710,-4.819677429199219,-0.9259744262695313,8.293204193115235
1748975837774,-5.5164784240722655,-1.244212646484375,8.366401977539063
1748975837840,-6.154302062988282,-2.412832489013672,11.711196441650392
1748975837911,-8.454119567871095,-2.275867309570313,10.239606628417969
1748975837973,-5.706283721923828,-0.4728666687011719,7.208859100341797
1748975838040,-5.079986114501954,-3.0620324707031252,6.99345703125
1748975838110,-4.860093383789063,-4.092938690185547,6.5520249938964845
1748975838175,-4.601580963134766,-2.302362213134766,5.832920379638672
1748975838240,-5.0674122619628905,-2.961441650390625,7.53039047241211
1748975838310,-5.328319702148438,-0.53408935546875,8.0424755859375
1748975838376,-5.343138885498047,0.5525010681152344,7.801177368164063
1748975838439,-5.265300750732422,0.25237518310546875,8.191715240478516
1748975838510,-6.833589477539062,0.12978012084960938,9.045839080810547
1748975838574,-7.152127075195313,0.07424560546875,10.21326141357422
1748975838640,-8.065677337646484,-2.9562025451660157,11.170520782470703
1748975838710,-3.6931201171875,1.9368223571777345,6.157445526123047
1748975838774,-4.5937971496582035,-1.603315887451172,8.382718048095704
1748975838840,-6.300697631835938,-2.6538313293457034,8.644224243164063
1748975838910,-6.002966766357422,0.19609222412109376,8.645272064208985
1748975838973,-5.348976745605469,0.47256729125976565,8.687783660888673
1748975839040,-4.335733795166016,0.8788224792480469,8.163723449707032
1748975839109,-3.6214192199707034,1.9860699462890625,6.765780487060547
1748975839175,-3.759132843017578,2.289488983154297,7.270081787109375
1748975839240,-5.165009307861328,3.5402879333496093,8.07495803833008
1748975839310,-6.224805450439454,3.2956965637207034,7.959548034667969
1748975839376,-6.311774597167969,3.971840515136719,8.987161102294923
1748975839440,-8.412655792236329,3.0273046875,9.605674896240235
1748975839509,-5.671256561279297,3.367098083496094,8.84480712890625
1748975839574,-4.7151947021484375,1.4817686462402344,6.661746826171876
1748975839640,-4.575684814453125,2.4532484436035156,6.058052215576172
1748975839710,-3.9439984130859376,2.525697784423828,6.012097778320313
1748975839775,-3.5410363769531252,3.131488037109375,5.409301300048829
1748975839840,-3.7233572387695313,3.2314801025390625,6.753506011962891
1748975839910,-4.118086395263672,5.013524322509766,6.5907943725585945
1748975839973,-4.305646362304688,5.036576385498047,7.36513412475586
1748975840040,-3.9797740173339844,4.557422790527344,8.229586486816407
1748975840110,-6.021378479003906,5.351521453857422,10.443782043457032
1748975840175,-3.8010456848144534,5.217849426269532,7.344028015136719
1748975840240,-2.026336212158203,1.9999909973144532,6.898554382324219
1748975840309,-3.159928894042969,1.5908917236328126,9.502389678955078
1748975840375,-4.725972290039063,2.1079165649414064,7.817044372558594
1748975840440,-2.973267059326172,2.6432034301757814,5.753585357666016
1748975840509,-1.8467097473144531,1.7010626220703127,7.445966033935547
1748975840575,-2.993475036621094,4.593497772216797,8.120912475585937
1748975840640,-5.619613952636719,3.9275326538085937,9.201066284179689
1748975840709,-6.562952270507813,4.288432159423828,8.894803161621095
1748975840776,-6.340664520263672,5.548661499023438,9.205556945800781
1748975840840,-6.244414672851563,4.798271942138672,9.411229248046876
1748975840909,-5.770350494384766,3.9582188415527346,10.026599578857422
1748975840973,-3.6049534606933595,2.615061950683594,5.778433685302734
1748975841040,-2.7678941345214847,0.06301895141601563,4.504133605957032
1748975841109,-3.766168212890625,1.8639239501953127,6.382577362060547
1748975841175,-5.910908203125,3.698957977294922,7.888445892333984
1748975841240,-7.045399017333985,3.7259019470214847,6.9974986267089845
1748975841310,-6.664890289306641,4.356091461181641,7.7778259277343755
1748975841375,-6.5479833984375,3.6648289489746095,7.197033691406251
1748975841440,-5.743406524658203,3.2654594421386722,6.8371820068359375
1748975841509,-5.177283782958985,1.6555572509765626,5.166356506347657
1748975841575,-6.348897399902344,1.648821258544922,8.789871368408203
1748975841640,-9.317973175048829,2.585423583984375,11.624526672363281
1748975841711,-9.291478271484376,4.075275421142578,9.938881988525392
1748975841774,-11.504326629638673,3.620072021484375,11.54773635864258
1748975841840,-8.018226013183595,1.3118719482421877,9.94412109375
1748975841910,-2.3800506591796875,0.22153930664062502,2.7351123046875
1748975841973,0.0484991455078125,1.52083740234375,-0.034727783203125
1748975842040,0.30147308349609375,1.6206797790527345,-0.23665786743164063
1748975842107,-2.2876927185058595,2.865042114257813,1.0321037292480468
1748975842173,-5.903124389648438,0.4812492370605469,3.6344421386718753
1748975842240,-8.766819305419922,4.094136199951172,3.573069763183594
1748975842310,-11.099418640136719,2.495460662841797,6.849306793212891
1748975842374,-11.232940979003907,1.8639239501953127,7.4836875915527346
1748975842440,-11.263178100585938,1.7549505615234375,7.328909454345704
1748975842510,-11.292217712402344,1.8390756225585938,6.102509765625
1748975842574,-9.983638916015625,2.501597900390625,3.733386383056641
1748975842640,-9.65147964477539,1.2088861083984375,4.86712875366211
1748975842710,-9.91148895263672,-0.7149133300781251,4.905
1748975842775,-7.193441162109376,-0.7870632934570313,3.9880068969726565
1748975842840,-6.223158874511719,-0.5345384216308594,3.883224792480469
1748975842911,-5.745651855468751,0.10223739624023438,4.2574465942382815
1748975842973,-6.2474084472656255,1.3739927673339845,5.019212493896485
1748975843040,-6.851103057861328,1.5024256896972656,5.18806137084961
1748975843110,-8.276289367675782,2.429148559570313,6.400090942382813
1748975843175,-10.080337829589844,2.0472926330566406,7.116800537109375
1748975843240,-9.56900115966797,1.7884808349609376,7.059769134521485
1748975843310,-9.0867041015625,-0.8960366821289063,6.850953369140625
1748975843374,-9.02967269897461,-0.11735595703125,6.8355354309082035
1748975843440,-6.979685668945313,-0.5813909912109375,5.611830139160157
1748975843511,-7.396718444824219,-0.5885760498046876,7.210056610107422
1748975843576,-6.505172424316407,0.07214996337890625,6.235283660888673
1748975843640,-5.723797302246094,-0.14444961547851562,6.305637359619141
1748975843710,-6.0201809692382815,1.3756393432617189,6.071075134277344
1748975843775,-6.400839385986329,1.4145584106445312,6.447841644287109
1748975843840,-6.865772552490235,1.4931449890136719,6.4957420349121096
1748975843910,-7.3480696105957035,1.7968634033203126,5.957012329101563
1748975843973,-7.591463470458985,2.2897883605957032,6.3529389953613284
1748975844040,-7.869585113525391,1.5799644470214844,6.939269714355469
1748975844110,-8.77774658203125,1.3067825317382813,7.780370635986329
1748975844176,-8.693322143554688,1.033450927734375,8.026907958984376
1748975844240,-6.8232609558105475,0.6991960144042969,5.656138000488282
1748975844309,-5.510341186523438,0.4770579528808594,4.056115264892578
1748975844374,-6.654861145019532,-0.3561094665527344,6.047124938964844
1748975844440,-8.627608795166015,0.4393363952636719,6.179749145507813
1748975844509,-7.3232212829589844,0.8643026733398438,5.304668884277344
1748975844575,-7.1191955566406255,1.2481045532226562,5.799240417480469
1748975844640,-7.48249008178711,1.548230438232422,6.183042297363282
1748975844710,-7.660919036865235,1.2796888732910157,5.868396606445312
1748975844775,-7.619904327392579,1.6113990783691408,5.7523878479003905
1748975844840,-7.738457794189453,2.0437001037597655,5.822741546630859
1748975844910,-8.066126403808594,1.7151333618164064,6.447542266845703
1748975844973,-8.361611938476562,1.4720388793945314,6.832242279052735
1748975845040,-8.426277465820313,0.3465293884277344,6.849157104492188
1748975845110,-8.026309204101564,-0.3305126953125,7.220385131835938
1748975845176,-6.366860046386719,0.18815872192382813,5.3173924255371094
1748975845240,-6.098617858886719,-1.9130218505859375,7.480244750976563
1748975845310,-6.899602203369141,-0.9457333374023438,7.195387115478516
1748975845376,-6.021677856445312,-0.8503816223144531,5.655090179443359
1748975845440,-5.561983795166016,-0.34368530273437503,6.319857788085938
1748975845510,-6.179150390625001,0.24324417114257812,7.065008239746094
1748975845576,-6.859934692382813,-0.429906005859375,7.020101623535156
1748975845640,-6.829398193359375,0.18905685424804688,6.3108764648437505
1748975845710,-6.3195584106445315,0.005538482666015625,7.167694702148438
1748975845776,-7.4202195739746095,-0.12409194946289064,7.293133850097656
1748975845840,-7.653883666992188,-0.11585906982421876,6.447242889404297
1748975845910,-8.721014556884766,-1.1883787536621095,8.163723449707032
1748975845973,-9.705666961669923,-1.3596226501464845,9.137598266601563
1748975846040,-7.651189270019532,-1.2021501159667969,6.387666778564453
1748975846110,-5.811963958740234,-2.5953030395507812,4.873265991210938
1748975846176,-6.751859436035157,-2.167342987060547,5.682034149169922
1748975846240,-7.2124516296386725,-1.2826826477050781,5.951773223876954
1748975846310,-6.602769470214844,-0.8725355529785157,5.51138900756836
1748975846374,-6.770271148681641,0.034129028320312504,6.140381011962891
1748975846440,-6.571484527587891,0.6905140686035156,6.616840209960938
1748975846509,-7.883655853271485,0.32871643066406253,7.717651062011719
1748975846573,-7.720495147705079,0.3308120727539063,6.368955688476563
1748975846640,-8.159083099365235,-0.41583526611328125,6.193370819091797
1748975846711,-8.393795013427734,-0.08637039184570312,6.189927978515625
1748975846775,-6.047274627685547,-1.2605287170410158,6.020929412841797
1748975846840,-4.067790985107422,-1.7836907958984376,5.3667897033691405
1748975846910,-2.801274719238281,-5.175936584472656,8.563542022705079
1748975846978,-2.628533935546875,-3.7878730773925784,6.999145202636719
1748975847040,-3.697461090087891,-4.842430114746094,8.261320495605469
1748975847107,-4.768633575439454,-4.828359375000001,9.320218505859376
1748975847173,-4.9988548278808596,-3.6588414001464846,9.48712142944336
1748975847240,-4.601730651855469,-3.1581326293945313,9.529633026123047
1748975847310,-4.310885467529297,-3.066822509765625,10.00354751586914
1748975847375,-4.387376403808594,-4.005520477294922,10.34453842163086
1748975847440,-4.445455627441406,-3.6878810119628906,9.581425323486329
1748975847511,-4.074077911376953,-2.008074188232422,8.085136871337891
1748975847574,-3.326532440185547,-4.990472259521485,9.041498107910156
1748975847640,-5.139113159179688,-2.9819490051269533,7.556136932373048
1748975847711,-4.468058624267578,-2.891537017822266,5.884263610839844
1748975847773,-4.1198826599121094,-4.321812744140625,7.397167510986328
1748975847840,-3.9442977905273438,-3.122955780029297,6.6541127014160155
1748975847911,-4.029620361328125,-3.907174987792969,8.070018310546875
1748975847973,-4.371509399414062,-3.5401382446289062,8.963809661865234
1748975848040,-5.121898956298828,-4.186643829345703,9.59968734741211
1748975848110,-5.27428207397461,-6.232888641357422,10.26355682373047
1748975848174,-4.543950805664062,-2.1335133361816405,7.994575195312501
1748975848240,-4.50787582397461,-2.528990936279297,8.866961059570313
1748975848310,-3.8169126892089844,-3.0445188903808593,6.599326629638672
1748975848373,-3.3118629455566406,-3.625909881591797,6.355783081054688
1748975848440,-3.087928619384766,-3.3641043090820313,7.566764831542969
1748975848509,-2.748135223388672,-2.8633955383300784,7.247179412841797
1748975848573,-2.652184753417969,-3.360960845947266,7.588020629882813
1748975848640,-3.2723451232910157,-2.915636901855469,8.650361480712892
1748975848710,-4.241429901123047,-2.4828868103027344,9.783505096435547
1748975848775,-5.669160919189453,-3.9977366638183596,10.949430541992188
1748975848840,-5.60479476928711,-2.3540048217773437,9.646839294433594
1748975848910,-4.498146057128906,-3.599864044189453,8.164771270751954
1748975848973,-4.756359100341797,-3.8279896545410157,8.363707580566407
1748975849040,-3.7639228820800783,-1.2473561096191408,6.821614379882813
1748975849111,-4.485422515869141,-2.852019195556641,7.0997360229492195
1748975849174,-4.680616607666016,-2.780767364501953,7.187004547119141
1748975849240,-4.8825466918945315,-3.472478942871094,7.315287780761719
1748975849310,-4.659211120605469,-4.129762115478516,7.447612609863282
1748975849374,-4.230352935791016,-3.707340545654297,7.8710820007324225
1748975849440,-5.620212707519531,-3.3021331787109376,12.644056549072266
1748975849510,-6.193670196533203,1.345851287841797,9.107810211181642
1748975849575,-4.425696716308594,-0.045205993652343755,8.976682891845703
1748975849640,-4.631668395996094,-2.9362939453125003,9.42006088256836
1748975849710,-3.665278015136719,-4.118086395263672,6.670877838134766
1748975849774,-2.3499632263183594,-4.692442016601563,5.63353500366211
1748975849840,0.13067825317382814,-6.242768096923829,6.971303100585938
1748975849911,-1.293160858154297,-4.655468902587891,7.5327854919433594
1748975849973,-2.781964874267578,-4.576433258056641,9.43248504638672
1748975850040,-3.4681379699707033,-3.4446368408203125,9.153914337158204
1748975850110,-3.4621504211425784,-1.0029144287109375,9.331744537353517
1748975850173,-4.4194097900390625,-2.6574238586425785,10.574310607910157
1748975850240,-5.4941748046875,-2.831661529541016,9.912237396240235
1748975850310,-4.484374694824219,-2.61775634765625,7.674690399169922
1748975850375,-4.037553863525391,-2.875071258544922,8.151748352050781
1748975850440,-4.159999237060547,-1.984273681640625,7.47530502319336
1748975850510,-4.2966650390625,-3.207230529785156,8.04771469116211
1748975850574,-4.474944305419922,-2.823578338623047,7.724237365722657
1748975850640,-4.329297180175781,-3.005599822998047,7.718100128173829
1748975850710,-4.473597106933594,-3.9317239379882816,8.247848510742188
1748975850774,-4.690046997070313,-4.0884480285644536,8.315058746337892
1748975850840,-4.55293212890625,-4.726571044921875,9.780361633300782
1748975850910,-4.061204681396484,-4.841831359863281,8.299042053222657
1748975850973,-3.4536181640625,-2.7467880249023438,7.245532836914063
1748975851040,-3.4530194091796877,-4.684358825683594,8.737330627441407
1748975851111,-3.907174987792969,-4.715494079589844,6.49095199584961
1748975851176,-2.758912811279297,-4.920417938232422,7.081623687744141
1748975851240,-2.5906626892089846,-4.229903869628907,6.7370402526855475
1748975851311,-3.0461654663085938,-3.9469921875000002,7.693850555419922
1748975851376,-3.8978942871093754,-3.809877319335938,8.564889221191407
1748975851440,-3.964655456542969,-3.726051635742188,8.614585876464844
1748975851510,-4.300856323242188,-3.782783660888672,9.445507965087891
1748975851574,-4.388573913574219,-3.7744010925292972,9.043593750000001
1748975851640,-4.411925354003906,-3.6504588317871094,10.542576599121094
1748975851710,-4.04997802734375,-1.2876223754882814,7.408992919921875
1748975851774,-4.957840118408203,-3.370989990234375,8.626710662841797
1748975851840,-5.556145935058594,-4.154161376953125,8.514743499755859
1748975851910,-5.2874546813964844,-3.043770446777344,7.430099029541016
1748975851973,-5.016069030761719,-3.695365447998047,7.046446838378906
1748975852040,-4.622238006591797,-4.231101379394532,6.376739501953125
1748975852107,-4.126169586181641,-3.3289274597167973,6.168073425292969
1748975852173,-3.5269656372070313,-3.1400202941894535,7.3164852905273445
1748975852240,-3.8972955322265626,-3.1961535644531254,8.304281158447266
1748975852310,-4.69663330078125,-3.795656890869141,11.031759338378906
1748975852374,-5.799539794921875,-4.2345442199707035,11.383078765869142
1748975852440,-4.7469287109375005,-0.2028282165527344,7.094796295166016
1748975852510,-4.656666412353516,-2.296374664306641,10.209070129394531
1748975852573,-4.9301477050781255,-2.5045916748046877,7.888894958496095
1748975852640,-4.007167053222656,-2.6170079040527345,6.959178314208985
1748975852711,-3.12310546875,-2.494562530517578,7.298522644042969
1748975852776,-2.5497976684570314,-3.2000454711914066,7.339986419677735
1748975852840,-3.173999633789063,-4.279750213623047,8.458011474609375
1748975852911,-3.7417689514160157,-3.727548522949219,8.449928283691406
1748975852973,-3.955075378417969,-3.7808377075195314,8.921747131347656
1748975853040,-4.728666687011719,-4.56056625366211,9.12697036743164
1748975853110,-5.403463439941406,-3.802991638183594,9.767787780761719
1748975853175,-4.8966174316406255,-0.9834548950195313,6.78314437866211
1748975853240,-4.911137237548829,-3.773353271484375,8.197104034423829
1748975853310,-4.937632141113282,-2.93389892578125,7.259753265380859
1748975853376,-4.3924658203125,-3.035238189697266,7.062164154052735
1748975853440,-4.33738037109375,-3.3870066833496097,7.091503143310547
1748975853511,-4.253404998779297,-2.7476861572265627,7.2405931091308595
1748975853576,-4.351002044677735,-2.8889923095703125,7.903115386962891
1748975853640,-4.951553192138672,-3.3016841125488283,8.609496459960939
1748975853711,-5.525010681152344,-3.656596069335938,9.686207427978516
1748975853776,-5.776038665771485,-4.282294921875001,9.239386596679688
1748975853840,-5.148842926025391,-5.134023742675781,9.272916870117188
1748975853911,-2.931653594970703,-2.408790893554688,5.705834655761719
1748975853973,-2.7199937438964845,-4.627776489257813,8.61204116821289
1748975854040,-3.799848175048828,-5.350024566650391,6.529421997070313
1748975854111,-3.8589752197265628,-4.9282017517089844,6.476432189941407
1748975854176,-3.0250593566894532,-4.204007720947266,7.589816894531251
1748975854240,-2.4562422180175782,-3.5317556762695315,7.614365844726563
1748975854310,-2.9032127380371096,-3.798201599121094,8.13303726196289
1748975854375,-3.35302734375,-3.866459655761719,8.367749176025391
1748975854440,-3.8071829223632814,-4.153861999511719,9.114695892333986
1748975854510,-4.121379547119141,-4.350253601074219,9.569450225830078
1748975854574,-4.501139831542969,-4.486769714355469,10.26984375
1748975854640,-3.090623016357422,-2.6015899658203128,7.1664971923828125
1748975854710,-3.1928604125976565,-6.207142181396485,8.54827377319336
1748975854774,-3.9615119934082035,-4.126468963623047,7.530689849853516
1748975854840,-3.4488281250000004,-2.9940737915039066,7.47770004272461
1748975854911,-3.453169097900391,-3.5419345092773438,7.64729736328125
1748975854973,-3.4609529113769533,-3.4889447021484377,7.686366119384766
1748975855040,-3.3679962158203125,-3.4995726013183597,8.070018310546875
1748975855110,-3.084485778808594,-3.357368316650391,8.500523071289063
1748975855176,-3.1234048461914066,-3.9363642883300782,9.39850570678711
1748975855240,-3.956422576904297,-3.9366636657714844,9.601184234619142
1748975855310,-4.681963806152344,-5.614823913574219,11.265722808837891
1748975855375,-4.599335632324219,-1.8047969055175783,6.553671569824219
1748975855440,-3.7004548645019533,-1.5693365478515626,6.6032185363769536
1748975855510,-4.455634460449219,-3.2859667968750004,9.083410949707032
1748975855576,-4.110452270507813,-3.037034454345703,7.8112065124511725
1748975855640,-3.466940460205078,-2.844834136962891,7.391179962158204
1748975855710,-2.8333081054687503,-2.588866424560547,7.983498229980469
1748975855776,-3.310216369628906,-2.437830505371094,7.945926361083985
1748975855840,-3.5833982849121098,-2.6455984497070313,8.219557342529297
1748975855910,-3.8932539367675782,-2.880759429931641,8.782536621093751
1748975855975,-4.701423339843751,-3.629352722167969,9.874216461181641
1748975856040,-5.729186096191406,-2.9328511047363284,10.065967712402344
1748975856111,-5.571863250732422,-1.8637742614746096,9.291478271484376
1748975856175,-4.877457275390626,-0.9213340759277344,8.168513488769532
1748975856240,-5.466332702636719,-3.619772644042969,8.652756500244141
1748975856311,-5.324427795410156,-3.1629226684570315,7.875123596191407
1748975856376,-5.1413584899902345,-2.618504791259766,6.457122344970704
1748975856440,-4.935835876464844,-4.6958848571777345,7.123386840820313
1748975856511,-4.105662231445312,-3.986360321044922,6.081253967285156
1748975856575,-3.589834899902344,-3.399430847167969,6.964567108154297
1748975856640,-3.9507344055175784,-3.2927027893066407,8.275989990234375
1748975856711,-4.578229522705079,-3.168461151123047,9.013206939697266
1748975856776,-5.5658757019042975,-3.8408628845214845,10.155780944824219
1748975856840,-5.389542388916016,-4.84796859741211,11.31541946411133
1748975856911,-5.945486297607422,-1.915865936279297,6.684050445556641
1748975856973,-5.375321960449219,-0.6580316162109375,6.972650299072266
1748975857040,-5.133275299072266,-3.876339111328125,8.508606262207032
1748975857107,-5.420977020263672,-3.476969604492188,6.121819610595703
1748975857174,-4.7222300720214845,-4.1411384582519535,7.223977661132813
1748975857241,-3.6074981689453125,-2.9141400146484377,7.674690399169922
1748975857310,-3.1033465576171877,-3.886817321777344,7.81779281616211
1748975857375,-2.6409580993652346,-3.356619873046875,7.902516632080078
1748975857440,-3.8877154541015626,-3.308420104980469,7.495213623046875
1748975857510,-4.455933837890625,-2.8277696228027347,9.225465545654297
1748975857575,-5.282514953613282,-2.595153350830078,9.989027709960938
1748975857640,-6.623725891113281,-2.3294558715820313,10.140063629150392
1748975857710,-5.325924682617188,-0.6557862854003906,7.303761749267578
1748975857775,-5.078638916015625,-2.9355455017089844,8.010591888427735
1748975857840,-5.304219818115235,-2.226320343017578,8.334368591308595
1748975857910,-5.183271331787109,-2.5559349060058594,7.213200073242188
1748975857973,-4.3349853515625005,-2.6776318359375,7.329807586669922
1748975858041,-4.307143249511719,-3.3323703002929688,7.112908630371094
1748975858111,-4.271068267822266,-1.3955479431152344,6.9588789367675785
1748975858176,-4.333338775634766,-1.7118402099609376,8.294102325439454
1748975858241,-4.666246490478516,-1.3097763061523438,8.582702178955078
1748975858311,-5.472020874023438,-2.02379150390625,9.795031127929688
1748975858376,-6.665039978027344,-2.5677603149414066,10.436297607421876
1748975858440,-6.345304870605469,-3.579207000732422,10.029443664550781
1748975858509,-4.665198669433594,0.05403762817382813,6.6241749572753905
1748975858575,-4.846920776367187,-3.573069763183594,9.464368743896484
1748975858640,-5.134472808837891,-3.726650390625,6.856641540527344
1748975858710,-3.3700918579101566,-3.6176770019531252,6.935078430175782
1748975858776,-2.861000518798828,-2.761607208251953,7.518565063476563
1748975858841,-3.4914894104003906,-2.245630187988281,6.973249053955079
1748975858910,-3.563190307617188,-3.087928619384766,8.733738098144531
1748975858975,-4.546345825195313,-2.285597076416016,8.637787628173829
1748975859041,-4.931045837402344,-2.3150857543945316,9.020841064453126
1748975859111,-5.591921539306641,-2.3080503845214846,9.216783599853516
1748975859176,-6.434818725585938,-2.2041664123535156,10.033784637451172
1748975859240,-6.421795806884766,-0.4537065124511719,8.971443786621094
1748975859309,-5.800437927246094,-1.5623011779785156,8.002808074951172
1748975859375,-6.161337432861329,-3.616180114746094,8.834927673339845
1748975859440,-5.541326751708985,-3.2816258239746094,7.813302154541016
1748975859510,-4.643194427490235,-3.296744384765625,7.072642364501953
1748975859575,-3.6898269653320312,-3.293900299072266,6.433770904541016
1748975859640,-4.019142150878906,-2.3233186340332033,7.1085676574707035
1748975859710,-4.356091461181641,-1.9453546142578126,7.627837829589844
1748975859775,-4.832251281738282,-1.6706758117675782,7.835605773925781
1748975859840,-5.332361297607422,-2.242935791015625,8.604556732177734
1748975859910,-6.003715209960938,-2.925216979980469,10.692415008544922
1748975859973,-7.062912597656251,-3.9330711364746094,10.719957733154297
1748975860040,-5.073549499511719,0.7785310363769532,5.142256622314453
1748975860112,-4.944966888427735,-3.532504119873047,10.032736816406251
1748975860175,-5.310656433105469,-3.296594696044922,8.32838104248047
1748975860241,-2.7351123046875,-3.758983154296875,7.809859313964844
1748975860310,-2.1342617797851564,-3.8850210571289066,7.014563140869141
1748975860375,-3.941902770996094,-4.2200244140625,5.314698028564454
1748975860440,-3.5739678955078125,-4.948709106445313,7.359296264648438
1748975860510,-3.771856384277344,-3.5786082458496096,8.922645263671875
1748975860576,-5.605094146728516,-1.8785934448242188,9.392368469238281
1748975860640,-4.644242248535156,-3.1494506835937504,9.347312164306642
1748975860710,-5.348827056884766,-3.8104760742187502,10.415191497802734
1748975860774,-4.743336181640625,-1.2148736572265626,7.428302764892578
1748975860840,-5.176385650634766,-3.570525054931641,7.452252960205079
1748975860910,-6.445596313476563,-4.877906341552735,7.690258026123047
1748975860973,-5.598807220458984,-3.3865576171875,6.110742645263672
1748975861040,-4.337829437255859,-3.559897155761719,6.8319429016113284
1748975861110,-4.040996704101563,-3.8863682556152344,7.361541595458985
1748975861174,-4.47434555053711,-2.3248155212402346,6.862329711914063
1748975861241,-4.7048661804199226,-2.4412733459472657,7.308102722167969
1748975861310,-5.214556274414063,-2.0362156677246093,8.04008056640625
1748975861375,-6.027366027832032,-1.9214044189453126,9.313183135986328
1748975861440,-7.068750457763672,-2.87162841796875,10.598859558105469
1748975861509,-7.1242849731445315,-2.986439666748047,8.989406433105469
1748975861574,-5.053191833496094,-0.028141479492187503,6.948700103759766
1748975861640,-5.808820495605469,-4.694387969970704,10.559042358398438
1748975861711,-4.443958740234375,-3.3293765258789065,6.240223388671875
1748975861774,-3.2058833312988284,-2.6701473999023437,6.099665679931641
1748975861840,-2.352208557128906,-2.793790283203125,6.297703857421875
1748975861910,-2.6361680603027344,-3.4750236511230472,7.875422973632813
1748975861973,-2.632276153564453,-2.2279669189453126,8.533753967285156
1748975862040,-4.42884017944336,-3.4720298767089846,8.797206115722657
1748975862107,-5.522016906738282,-3.1220576477050783,8.893905029296876
1748975862174,-6.480473785400391,-3.349285125732422,9.102720794677735
1748975862241,-6.997947692871094,-2.1092637634277347,11.017389221191406
1748975862310,-6.497388610839844,-0.7313790893554688,8.613238677978517
1748975862374,-6.122568054199219,-2.259251861572266,7.002138977050782
1748975862440,-6.370901641845704,-3.789819030761719,6.976991271972657
1748975862510,-6.113137664794922,-4.0109092712402346,6.472390594482422
1748975862574,-4.922663269042969,-3.31710205078125,5.942791900634766
1748975862640,-3.8338275146484375,-3.0039532470703127,5.873486022949219
1748975862710,-3.1316377258300783,-2.8361521911621095,6.477629699707031
1748975862776,-4.8367419433593755,-4.1570054626464845,7.96867904663086
1748975862841,-5.876330108642579,-2.574945373535156,7.7266323852539065
1748975862910,-5.982609100341797,-3.3799713134765628,9.679621124267578
1748975862975,-7.608527984619141,-3.7374279785156252,10.732681274414062
1748975863041,-6.582711181640625,-1.101559295654297,6.17720443725586
1748975863111,-5.57800048828125,-0.8138575744628906,7.19508773803711
1748975863176,-6.43826156616211,-3.7630247497558598,8.366401977539063
1748975863241,-5.484295349121094,-3.1226564025878907,6.565047912597657
1748975863310,-4.347559204101563,-2.7795698547363283,7.089557189941407
1748975863376,-3.830684051513672,-3.1470556640625,7.527097320556641
1748975863440,-4.23199951171875,-3.1810350036621093,7.118746490478516
1748975863511,-4.37375473022461,-3.2563284301757816,7.320526885986329
1748975863576,-5.277874603271485,-3.462749176025391,8.586743774414064
1748975863641,-6.788832550048829,-4.0667431640625,9.041498107910156
1748975863710,-7.422913970947266,-3.3150064086914064,9.298064575195314
1748975863775,-6.1911254882812505,-0.03263214111328125,5.88216796875
1748975863841,-5.8528289794921875,-3.382815399169922,7.204518127441407
1748975863910,-6.3637165832519536,-3.490441589355469,7.174430694580079
1748975863973,-6.070476379394532,-2.7021807861328124,6.351591796875001
1748975864041,-5.806425476074219,-2.3549029541015627,6.367009735107422
1748975864111,-5.946534118652344,-3.13508056640625,7.054530029296876
1748975864175,-5.762866058349609,-2.913541259765625,6.922654266357422
1748975864241,-5.450465698242188,-3.196902008056641,6.980733489990235
1748975864311,-5.196593627929688,-3.2452514648437503,7.303312683105469
1748975864378,-5.7559803771972655,-3.3148567199707033,8.716523895263672
1748975864440,-6.997199249267578,-3.7074902343750002,9.658365325927734
1748975864509,-6.072721710205078,-2.318977661132813,6.743626556396484
1748975864574,-4.690795440673829,-0.6842271423339844,6.824458465576172
1748975864641,-5.529351654052735,-4.754413146972657,9.543554077148437
1748975864710,-5.848038940429688,-2.9761111450195314,5.951174468994141
1748975864776,-4.362528076171875,-3.5753150939941407,7.48249008178711
1748975864841,-3.8212536621093753,-2.797083435058594,7.528743896484375
1748975864910,-4.243375854492188,-3.2132180786132816,6.697073364257813
1748975864976,-4.145329742431641,-2.488125915527344,7.965984649658203
1748975865041,-4.851860504150391,-1.4319223022460938,8.59856918334961
1748975865110,-5.680387573242188,-1.8018031311035156,8.369695129394533
1748975865176,-5.961802368164062,-1.9285894775390626,8.98611328125
1748975865241,-7.270979919433594,-3.0849348449707032,9.767039337158204
1748975865310,-7.155420227050781,-1.1225157165527344,7.003935241699219
1748975865376,-6.123915252685547,-1.7214202880859375,6.2754002380371094
1748975865440,-6.7280589294433595,-3.503314819335938,8.039182434082031
1748975865510,-7.9149407958984375,-1.5953823852539064,7.002588043212891
1748975865576,-6.9323840332031255,-1.8640736389160157,6.406826934814453
1748975865641,-5.927823028564453,-2.452649688720703,7.085216217041016
1748975865710,-5.421725463867188,-1.5787669372558595,7.670050048828125
1748975865775,-5.32697250366211,-0.8053253173828125,7.260052642822266
1748975865841,-5.458997955322266,0.4584965515136719,6.547085266113282
1748975865911,-5.168601837158203,0.0437091064453125,6.9166667175292975
1748975865973,-5.038522338867188,-1.0536589050292968,7.074139251708985
1748975866041,-5.586083679199219,-2.847528533935547,8.134683837890625
1748975866111,-5.370980987548829,-2.1882994079589846,8.249644775390625
1748975866176,-4.99840576171875,-0.602347412109375,8.348289642333985
1748975866241,-5.630840606689453,-2.870131530761719,9.46466812133789
1748975866310,-5.512436828613281,-1.8898200988769531,7.354057159423829
1748975866375,-4.817581787109376,-1.06099365234375,7.674840087890625
1748975866440,-4.223766632080078,-0.8690927124023438,8.464897155761719
1748975866510,-4.614454193115234,-1.2744497680664064,8.255482635498048
1748975866575,-4.313280487060547,-0.7704478454589844,8.495433654785156
1748975866641,-4.962630157470703,-0.9532177734375,9.197473754882813
1748975866709,-5.890849914550781,-1.2641212463378906,8.51384536743164
1748975866775,-7.537874908447266,-3.2326776123046876,10.831775207519533
1748975866841,-5.79400131225586,-1.525477752685547,8.436605987548829
1748975866911,-5.214855651855469,-0.6617738342285157,5.816903686523438
1748975866973,-6.095175018310547,-2.2772145080566406,7.8570112609863285
1748975867041,-5.741610260009766,-1.272653503417969,6.20354965209961
1748975867108,-6.582860870361328,-0.23845413208007812,8.059839477539063
1748975867174,-7.572902069091797,3.7866755676269532,12.02868621826172
1748975867241,-8.630452880859375,2.5080345153808596,13.677208099365235
1748975867310,-8.750054168701173,3.0781988525390624,8.776848449707032
1748975867375,-10.419682159423829,-1.6182847595214844,7.383994903564454
1748975867440,-6.426735534667969,-3.1522947692871095,8.797505493164063
1748975867511,-2.4626788330078124,-4.329895935058594,2.649939422607422
1748975867575,2.1284239196777346,-2.713407440185547,1.7571958923339845
1748975867641,-3.3358131408691407,-7.419620819091797,13.549822998046876
1748975867711,-7.913443908691407,-4.728816375732422,5.5305491638183595
1748975867774,1.0529104614257814,-1.4382092285156252,5.758525085449219
1748975867841,1.4638059997558595,-5.804928588867188,8.327333221435547
1748975867911,-6.8214646911621095,-5.787115631103516,11.842174072265626
1748975867973,-2.755469970703125,-2.3523582458496093,6.815926208496094
1748975868041,-1.1755055236816407,0.3890409851074219,3.5293606567382816
1748975868111,-6.02631820678711,-6.3159658813476565,13.32439178466797
1748975868175,-7.206913146972656,-2.3740631103515626,8.814719696044921
1748975868241,-3.3007859802246093,-0.5577401733398438,6.483018493652344
1748975868310,-3.327580261230469,1.3561798095703126,7.912545776367188
1748975868376,-11.834090881347656,-5.488187255859375,13.03414535522461
1748975868440,-5.648204498291016,-2.6375152587890627,7.491920471191406
1748975868511,-0.959055633544922,-0.7876620483398438,4.069437561035157
1748975868577,-3.849544830322266,-3.793411560058594,5.995182952880859
1748975868641,-7.815996551513672,-3.1488519287109376,10.767858123779298
1748975868710,-2.934946746826172,-0.7744894409179688,5.056185607910156
1748975868774,-0.46957351684570314,1.7455201721191407,4.638404388427735
1748975868841,-12.149035949707033,-4.975353698730469,13.797557830810547
1748975868911,-3.6491116333007816,0.19354751586914062,6.851851501464844
1748975868975,-1.7332456970214845,1.5102095031738283,4.268822937011719
1748975869041,-7.7722874450683594,-2.891686706542969,11.202105102539063
1748975869111,-7.172634429931641,-1.2148736572265626,7.732170867919923
1748975869177,-6.437513122558594,-3.122955780029297,7.736661529541016
1748975869240,-6.51729721069336,-2.6502388000488284,8.252638549804688
1748975869310,-4.374802551269531,-3.502566375732422,6.241869964599609
1748975869376,-5.704637145996094,-3.5929783630371097,4.6922923278808595
1748975869440,-6.835086364746094,-2.079475708007813,5.516328735351562
1748975869511,-6.4138623046875,-1.290765838623047,8.628656616210938
1748975869576,-6.5479833984375,-0.4881349182128906,8.13588134765625
1748975869640,-6.478228454589844,-0.8732839965820313,7.405550079345703
1748975869711,-6.4180535888671875,-1.6012202453613282,7.438032531738282
1748975869776,-6.431375885009766,-0.7367678833007812,6.534062347412109
1748975869841,-7.044500885009766,-0.60114990234375,7.746540985107422
1748975869910,-7.157216491699219,0.020207977294921877,6.785838775634766
1748975869973,-9.67153793334961,-1.4540762329101564,7.959697723388672
1748975870041,-8.656199340820313,-0.49576904296875,7.693700866699219
1748975870111,-6.309678955078125,0.04460723876953125,4.679119720458985
1748975870176,-7.670948181152344,-2.3766078186035156,7.746690673828126
1748975870241,-6.712042236328125,-0.6809339904785157,4.999453582763672
1748975870310,-6.425687713623047,-0.5981561279296875,5.8987834167480475
1748975870376,-6.673422546386719,-0.25581802368164064,6.872059478759766
1748975870440,-6.570287017822266,-0.17169296264648437,6.91247543334961
1748975870510,-6.6945286560058594,0.14160552978515625,6.754703521728516
1748975870575,-6.829996948242188,0.295784912109375,7.056625671386719
1748975870641,-7.265441436767579,-0.1818717956542969,7.090754699707031
1748975870710,-7.512427825927735,-0.6300398254394531,7.594008178710938
1748975870776,-7.976612548828125,-1.6176860046386718,7.821085968017578
1748975870841,-7.385791168212891,-0.7837701416015626,6.255192260742188
1748975870910,-5.466781768798828,-0.2956352233886719,5.404511260986329
1748975870976,-7.178621978759766,-2.40220458984375,6.828799438476563
1748975871041,-8.227191467285156,-1.599723358154297,6.697672119140625
1748975871110,-6.64857421875,-1.0196795654296875,5.571713562011719
1748975871174,-5.941893768310547,-0.25147705078125,6.4077250671386725
1748975871241,-6.408024444580079,0.08128097534179687,7.408543853759766
1748975871309,-6.905739440917969,1.0353968811035157,7.731871490478516
1748975871375,-7.124883728027344,1.3537847900390625,6.815477142333985
1748975871440,-6.151457977294922,1.7573455810546876,6.724915466308594
1748975871510,-6.506519622802735,1.287472686767578,6.492448883056641
1748975871575,-6.102659454345703,1.8109341430664063,6.267616424560547
1748975871641,-6.151757354736328,0.6566844177246094,5.733527069091797
1748975871710,-6.521189117431641,-0.4984634399414063,7.130122833251954
1748975871776,-9.198371887207031,-1.5356565856933595,8.268355865478515
1748975871840,-6.841822357177735,-0.4912783813476563,5.64790512084961
1748975871910,-7.497458953857422,-1.7396823120117189,7.146588592529297
1748975871973,-7.201674041748047,-2.3366409301757813,6.576573944091797
1748975872041,-7.030430145263672,-1.4666500854492188,5.829776916503906
1748975872108,-7.9784088134765625,-1.2061917114257814,6.39036117553711
1748975872174,-7.6721456909179695,0.9310638427734376,6.8073939514160156
1748975872241,-8.66757568359375,-0.2884501647949219,4.828658752441407
1748975872310,-8.621920623779298,-2.1463865661621093,5.702840881347656
1748975872375,-8.295748901367189,-3.0099407958984377,8.031997375488281
1748975872440,-10.067763977050781,-4.8331494140625,9.999954986572266
1748975872510,-6.180796966552735,1.0449769592285156,4.778812408447266
1748975872575,-5.9110578918457035,-1.6560063171386719,7.750432891845704
1748975872641,-7.404053192138672,-4.813390502929688,8.417595520019532
1748975872710,-6.3601240539550785,-2.7821145629882813,4.906047821044922
1748975872774,-4.818030853271485,-2.5524920654296874,5.9267752075195315
1748975872841,-3.739822998046875,-1.9610719299316408,6.548881530761719
1748975872910,-3.702251129150391,-1.9963984680175781,8.262518005371094
1748975872973,-5.44193344116211,-2.485880584716797,8.06926986694336
1748975873041,-6.225404205322266,-2.295177154541016,9.372759246826172
1748975873110,-8.092321929931641,-3.006797332763672,9.37455551147461
1748975873175,-7.8077636718750005,-0.7993377685546875,9.148375854492189
1748975873241,-5.756878509521485,-0.047451324462890625,6.497388610839844
1748975873310,-5.816304931640626,-2.9027636718750003,6.331533508300781
1748975873375,-5.5940171813964845,-1.934876403808594,7.55434066772461
1748975873440,-6.197562103271484,-1.9236497497558596,6.355783081054688
1748975873510,-6.56280258178711,-1.8757493591308594,6.3459036254882815
1748975873576,-6.12690902709961,-1.973196716308594,6.983128509521484
1748975873641,-6.147117004394532,-2.2552102661132816,6.704408111572266
1748975873710,-5.491031341552735,-2.1436921691894533,6.637946319580078
1748975873775,-6.035299530029297,-2.5376728820800785,7.700736236572266
1748975873841,-6.728807373046875,-2.1868025207519532,8.490942993164063
1748975873910,-8.628955993652344,-5.297633514404297,11.416309661865235
1748975873975,-7.11126205444336,-1.2627740478515626,6.859186248779297
1748975874041,-3.346740417480469,1.956431579589844,6.137985992431641
1748975874110,-5.846991119384766,-3.236569519042969,8.274193725585938
1748975874175,-6.693929901123047,-3.578009490966797,6.884034576416016
1748975874241,-6.295907592773438,-2.4972569274902345,6.596632232666016
1748975874310,-4.17930908203125,-2.322719879150391,6.531218261718751
1748975874375,-3.4350567626953126,-2.3463706970214844,6.911128234863281
1748975874440,-3.8131704711914063,-1.700164489746094,7.964338073730469
1748975874510,-5.323829040527344,-2.3007156372070314,8.610394592285157
1748975874575,-6.607110443115235,-2.758912811279297,9.368567962646486
1748975874641,-7.849077758789063,-3.275039520263672,10.108329620361328
1748975874710,-5.309907989501953,0.6295907592773438,6.158343658447266
1748975874776,-5.826932830810547,-3.3965867614746097,7.0151618957519535
1748975874841,-6.604416046142578,-3.0323941040039064,7.284302215576172
1748975874910,-5.641468505859375,-1.6690292358398438,6.409221954345703
1748975874975,-5.729186096191406,-2.378104705810547,6.680906982421876
1748975875041,-5.7929534912109375,-2.202070770263672,6.679260406494141
1748975875112,-5.601202239990235,-2.4270529174804687,8.05968978881836
1748975875176,-5.655539245605469,-2.309996337890625,7.927664337158204
1748975875241,-4.549189910888672,-1.9455043029785157,7.701484680175781
1748975875310,-4.963228912353516,-2.120640106201172,9.037606201171876
1748975875376,-6.362818450927735,-3.3066238403320316,9.852062530517578
1748975875440,-6.994804229736329,-2.8800109863281254,8.195906524658204
1748975875510,-4.259392547607422,1.529070281982422,6.347699890136719
1748975875576,-5.575156402587891,-2.7211912536621097,10.173444213867189
1748975875641,-6.957831115722657,-3.310964813232422,7.655380554199219
1748975875710,-5.180576934814454,-2.1116587829589846,6.703809356689454
1748975875775,-3.8607714843750003,-2.5941055297851565,7.449857940673828
1748975875841,-3.9664517211914063,-2.5203089904785156,7.509134674072266
1748975875910,-3.919150085449219,-1.9917581176757813,8.101303253173828
1748975875975,-4.207300872802735,-2.136357421875,8.201594696044923
1748975876041,-4.338278503417969,-1.3934523010253907,8.61204116821289
1748975876109,-4.811743927001953,-1.62142822265625,8.854087829589844
1748975876175,-6.071524200439454,-2.368524627685547,8.766070861816406
1748975876241,-7.040758666992188,-2.069296875,9.641151123046875
1748975876311,-6.564598846435548,0.10103988647460938,8.645272064208985
1748975876375,-5.451962585449219,0.10163864135742189,7.173233184814453
1748975876441,-6.120472412109375,-3.274141387939453,7.611222381591797
1748975876510,-5.897286529541016,-3.801794128417969,7.289691009521484
1748975876575,-5.717510375976563,-2.3342459106445315,7.148534545898438
1748975876641,-5.886808319091797,-1.9414627075195314,6.8391279602050785
1748975876711,-6.2580363464355475,-3.197500762939453,6.84736083984375
1748975876776,-5.715414733886719,-3.2328273010253907,6.339167633056641
1748975876841,-5.275928649902344,-2.9617410278320313,6.640940093994141
1748975876911,-5.908812561035156,-2.1844075012207034,7.339986419677735
1748975876973,-7.249873809814454,-0.5346881103515625,7.803123321533204
1748975877041,-9.32096694946289,-2.7906468200683596,10.547216949462891
1748975877108,-8.620723114013673,-0.9952803039550782,6.792874145507813
1748975877174,-4.999603271484375,1.093027038574219,4.737198944091797
1748975877241,-5.7624169921875,-3.6754568481445316,7.8992234802246095
1748975877311,-7.421866149902344,-4.615352325439454,7.4197705078125
1748975877375,-6.515201568603516,-3.1820828247070314,5.404960327148438
1748975877441,-4.312681732177735,-3.439248046875,6.465205535888672
1748975877511,-3.7248541259765626,-2.7268794250488284,6.947203216552735
1748975877575,-3.9540275573730472,-3.0292506408691406,7.576195220947266
1748975877641,-5.721551971435547,-3.3724868774414065,7.595205688476563
1748975877711,-6.528523864746094,-2.4911196899414065,7.814948730468751
1748975877775,-8.242609405517578,-3.1820828247070314,8.919501800537109
1748975877841,-9.034013671875,-3.4155972290039065,9.069190521240234
1748975877911,-6.378535766601563,-0.40775207519531254,6.790030059814454
1748975877973,-5.191354522705079,-0.011526031494140625,5.367837524414063
1748975878041,-6.70410873413086,-3.889362030029297,7.983498229980469
1748975878111,-7.250322875976563,-1.9859202575683594,6.758595428466797
1748975878175,-6.8427204895019536,-1.535057830810547,6.688391418457032
1748975878241,-6.751260681152344,-2.5004003906250003,6.4252386474609375
1748975878310,-5.914051666259766,-3.096909942626953,6.584657135009766
1748975878375,-5.140909423828125,-4.0989262390136725,7.678731994628906
1748975878441,-4.646188201904297,-2.7345135498046877,7.556136932373048
1748975878511,-4.180207214355469,-3.117117919921875,7.7549235534667975
1748975878576,-5.481451263427735,-3.6634817504882813,9.374256134033203
1748975878641,-6.910230102539063,-4.4441084289550785,10.7296875
1748975878710,-4.527485046386719,1.0999127197265626,5.768853607177735
1748975878776,-4.55338119506836,-1.1656260681152344,8.223299560546875
1748975878841,-6.570736083984375,-4.288731536865234,9.597142639160158
1748975878910,-5.147046661376954,-1.9339782714843752,6.558760986328125
1748975878975,-4.365671539306641,-2.6611660766601566,7.354206848144532
1748975879041,-3.507506103515625,-2.584076385498047,7.439978485107423
1748975879110,-2.575244750976563,-3.3379087829589844,8.092621307373047
1748975879175,-2.9102481079101565,-2.618804168701172,7.979007568359376
1748975879241,-3.7278479003906253,-3.1154713439941406,8.98895736694336
1748975879311,-4.7785130310058594,-3.148103485107422,9.075926513671876
1748975879375,-6.030060424804688,-4.5779301452636725,10.852132873535156
1748975879441,-5.259612579345704,-0.501606903076172,8.567284240722657
1748975879510,-4.541256408691407,-1.3744418334960937,7.521259460449219
1748975879575,-5.694757690429688,-3.9918988037109377,7.9309574890136725
1748975879641,-5.232518920898438,-2.027084655761719,6.42628646850586
1748975879711,-5.096302185058594,-2.664459228515625,7.367828521728516
1748975879777,-5.127886505126954,-2.7557693481445313,7.483238525390625
1748975879841,-4.546944580078125,-2.4541465759277346,7.407046966552735
1748975879910,-4.572990417480469,-2.9773086547851566,7.916437683105469
1748975879974,-5.1236952209472655,-3.0073960876464847,8.334817657470703
1748975880041,-6.483018493652344,-4.5867617797851565,9.963430938720704
1748975880111,-6.651268615722657,-3.274889831542969,9.1154443359375
1748975880176,-4.227957916259766,1.5139517211914064,5.39597900390625
1748975880241,-4.865182800292969,-3.064577178955078,7.781418457031251
1748975880310,-5.378764801025391,-3.4883459472656253,7.93035873413086
1748975880375,-3.623514862060547,-2.714305572509766,7.948770446777345
1748975880441,-2.8997698974609376,-3.327280883789063,8.554111633300781
1748975880510,-3.852239227294922,-3.471131744384766,6.35922592163086
1748975880576,-3.296894073486328,-3.8946011352539065,7.375762023925781
1748975880641,-3.6284545898437504,-3.5351985168457034,8.362510070800782
1748975880710,-4.221521301269531,-2.7740313720703127,9.163195037841797
1748975880777,-6.3084814453125,-3.980223083496094,10.089917907714844
1748975880841,-6.126759338378907,-3.3355137634277345,9.679471435546876
1748975880910,-4.367467803955078,-0.2568658447265625,6.373296661376953
1748975880974,-5.677393798828125,-4.384083251953125,7.9818516540527344
1748975881041,-5.641019439697266,-3.0895751953125004,7.201374664306641
1748975881110,-4.759502563476563,-2.025737457275391,7.180118865966797
1748975881176,-4.846022644042969,-3.0135333251953127,7.834707641601563
1748975881241,-5.124892730712891,-2.4004083251953126,6.765630798339844
1748975881310,-5.0744476318359375,-4.1534129333496095,8.339008941650391
1748975881376,-5.49222885131836,-2.9931756591796876,7.3393876647949226
1748975881440,-5.2153047180175784,-3.6881803894042973,8.120613098144531
1748975881510,-5.320086822509766,-3.526516571044922,8.488547973632812
1748975881574,-5.808521118164062,-3.7013529968261722,8.748257904052736
1748975881641,-5.684279479980469,-3.271297302246094,7.356302490234375
1748975881710,-5.0605265808105475,-1.196162567138672,7.003935241699219
1748975881775,-5.964945831298828,-3.2651600646972656,8.504414978027345
1748975881841,-5.532794494628907,-2.4098387145996094,6.472390594482422
1748975881911,-5.119503936767578,-2.1748274230957034,6.9166667175292975
1748975881974,-3.604055328369141,-2.864443359375,7.463778991699219
1748975882041,-3.330873413085938,-2.556533660888672,7.859256591796876
1748975882108,-4.514911193847657,-2.135010223388672,7.551945648193359
1748975882174,-5.777385864257813,-2.82851806640625,8.117769012451172
1748975882241,-7.006929016113282,-2.169588317871094,8.659791870117187
1748975882311,-9.044192504882814,-3.0264065551757815,8.973389739990235
1748975882375,-5.278024291992188,0.12618759155273437,7.58068588256836
1748975882440,-7.154971160888672,-1.3060340881347656,4.520749053955078
1748975882511,-8.23602310180664,-3.7425173950195316,6.907086639404297
1748975882576,-5.911656646728516,-0.6741979980468751,6.511908416748047
1748975882641,-5.5853352355957036,-2.0246896362304687,6.919810180664063
1748975882711,-5.453609161376954,-2.1109103393554687,7.656428375244141
1748975882776,-5.255570983886719,-2.0053797912597657,7.402406616210938
1748975882841,-5.466183013916016,-2.168839874267578,7.919431457519532
1748975882910,-5.341492309570313,-1.3232482910156251,7.851622467041016
1748975882974,-5.553301849365234,-2.6464965820312503,9.241182861328125
1748975883041,-6.640491027832032,-2.2138961791992187,9.410181427001953
1748975883111,-7.0645591735839846,-2.194885711669922,9.29357391357422
1748975883176,-5.98081283569336,-0.3016227722167969,5.553900604248047
1748975883241,-4.4547363281250005,-4.1234751892089845,7.358248443603516
1748975883310,-5.172643432617188,-5.037324829101562,6.69886962890625
1748975883376,-5.369783477783203,-4.268523559570313,5.66467025756836
1748975883440,-4.5984375,-4.032165069580079,6.376889190673828
1748975883511,-4.690496063232422,-3.207529907226563,6.565646667480469
1748975883575,-5.392835540771484,-3.4709820556640625,6.86652099609375
1748975883641,-6.580016784667969,-3.4646951293945314,8.198451232910157
1748975883711,-7.1720356750488286,-2.717898101806641,7.420968017578125
1748975883776,-8.688981170654298,-4.7099555969238285,8.190368041992189
1748975883841,-6.760092315673829,-2.8963270568847657,7.3393876647949226
1748975883910,-3.4947825622558595,-2.408192138671875,6.597380676269531
1748975883974,-5.504802703857422,-4.937482452392579,6.982829132080078
1748975884041,-5.851631469726563,-4.190835113525391,6.891668701171875
1748975884111,-5.138364715576172,-3.440445556640625,6.525380401611328
1748975884175,-4.9566426086425786,-4.108656005859375,6.885082397460938
1748975884241,-4.268523559570313,-5.285059661865235,6.936575317382813
1748975884311,-5.627846832275391,-4.216282196044922,6.074517974853516
1748975884375,-5.426964569091798,-4.8967671203613286,7.896229705810547
1748975884441,-5.529651031494141,-4.945266265869141,7.816894683837891
1748975884511,-5.407804412841797,-4.992268524169922,9.67303482055664
1748975884575,-5.072501678466797,-5.2700907897949225,8.365952911376954
1748975884641,-3.6980598449707034,-2.3596929931640624,5.738766174316407
1748975884711,-3.75299560546875,-4.358486480712891,8.571026458740235
1748975884776,-4.536466369628906,-4.908592529296875,6.453679504394532
1748975884841,-3.307072906494141,-4.865332489013672,7.258705444335938
1748975884910,-2.8337571716308596,-3.890559539794922,7.833659820556641
1748975884976,-4.126169586181641,-3.7046461486816407,7.356452178955078
1748975885041,-3.981420593261719,-3.3545242309570313,7.780520324707032
1748975885110,-4.2296044921875,-3.689677276611328,7.906558227539063
1748975885175,-4.807852020263672,-3.068918151855469,7.661068725585938
1748975885241,-5.830375671386719,-4.33543441772461,8.613687744140625
1748975885311,-6.6243246459960945,-4.387077026367188,9.159752197265625
1748975885375,-5.460345153808594,-2.1498294067382813,6.246809692382813
1748975885441,-5.060077514648437,-3.981570281982422,6.956184539794922
1748975885515,-6.084547119140625,-5.316643981933594,6.662345581054688
1748975885574,-5.468428344726563,-2.872526550292969,6.339167633056641
1748975885641,-5.483846282958985,-3.848497009277344,5.979016571044922
1748975885711,-5.48219970703125,-4.444407806396485,6.371799774169922
1748975885777,-5.287005615234375,-4.1164398193359375,7.120243377685547
1748975885841,-5.2753298950195315,-3.456611938476563,6.700366516113282
1748975885911,-5.102140045166016,-3.9076240539550784,7.287595367431641
1748975885976,-5.355563049316406,-3.3185989379882814,7.7794725036621095
1748975886041,-6.310128021240235,-3.7570372009277344,9.36213134765625
1748975886111,-7.8799136352539065,-5.626799011230469,9.914333038330078
1748975886175,-5.5518049621582035,-0.7614665222167969,4.5937971496582035
1748975886241,-3.989054718017578,-0.7276368713378907,6.995253295898438
1748975886311,-5.790259094238282,-5.060376892089844,7.791597290039063
1748975886375,-5.846542053222657,-4.016597442626954,6.686445465087891
1748975886441,-4.566553802490235,-3.2955468750000003,7.026089172363282
1748975886511,-3.583547973632813,-3.5579512023925783,7.394473114013672
1748975886577,-3.5884877014160157,-3.3882041931152345,7.3461236572265625
1748975886641,-3.775448913574219,-3.3413516235351564,7.7848612976074225
1748975886711,-4.601880340576172,-2.5571324157714845,8.132438507080078
1748975886775,-5.201683044433594,-2.182611236572266,8.404722290039063
1748975886841,-5.5694682312011725,-2.998414764404297,9.257498931884767
1748975886910,-7.0310289001464845,-3.6979101562500003,10.027048645019532
1748975886974,-6.030359802246094,0.07828720092773438,6.74242904663086
1748975887041,-5.059029693603516,-2.8554620361328125,7.865393829345703
1748975887108,-6.2719573974609375,-3.226839752197266,6.974296875
1748975887174,-5.6908657836914065,-3.084336090087891,6.681954803466797
1748975887241,-5.419330444335937,-2.9891340637207033,7.222031707763672
1748975887310,-5.655838623046876,-3.224444732666016,6.965315551757813
1748975887374,-4.755910034179688,-2.975662078857422,7.350314941406251
1748975887441,-4.385430450439453,-3.2693513488769534,7.875722351074219
1748975887511,-3.719165954589844,-2.519261169433594,8.298143920898438
1748975887577,-5.21874755859375,-2.4836352539062503,8.931776275634766
1748975887641,-6.6030688476562505,-4.134851531982422,9.18534896850586
1748975887711,-7.411687316894532,-4.596641235351563,8.913813629150392
1748975887778,-5.056484985351562,-0.9876461791992188,5.991889801025391
1748975887841,-4.440066833496094,-3.0356872558593753,7.641309814453125
1748975887910,-5.546266479492187,-4.660857696533204,6.1646305847167975
1748975887974,-4.782704315185547,-3.8943017578125003,6.319708099365235
1748975888041,-4.286635894775391,-3.2888108825683595,7.235952758789063
1748975888111,-4.639003143310547,-3.696562957763672,7.586224365234376
1748975888176,-3.276536407470703,-2.6948460388183597,7.940238189697266
1748975888241,-5.333858184814454,-3.550317077636719,8.20339096069336
1748975888310,-5.515879669189453,-2.3138882446289064,5.663023681640626
1748975888375,-6.046376495361328,-4.888085174560547,9.61166244506836
1748975888441,-8.14635955810547,-5.869743804931641,7.357350311279297
1748975888511,-3.470083923339844,-3.755989379882813,6.4849644470214844
1748975888575,-7.480544128417969,-5.601351928710938,2.8671377563476566
1748975888641,-5.899681549072266,-5.914201354980469,5.396577758789062
1748975888711,-4.548890533447266,-4.575834503173828,6.882238311767578
1748975888777,-5.812113647460937,-3.9243891906738284,6.469097442626953
1748975888841,-5.869594116210938,-4.640799407958984,6.905140686035157
1748975888911,-5.33415756225586,-4.371210021972656,6.418652343750001
1748975888976,-6.03829330444336,-4.6114604187011725,6.17675537109375
1748975889041,-5.696254577636719,-4.161047058105469,6.734944610595703
1748975889111,-7.361391906738282,-4.30908920288086,7.2546638488769535
1748975889177,-6.764732666015625,-4.693789215087891,9.107810211181642
1748975889241,-4.448599090576172,-2.0288809204101566,7.280260620117188
1748975889311,-5.482798461914062,-5.374423828125,6.427184600830079
1748975889379,-5.128934326171875,-6.373446350097656,6.454278259277344
1748975889441,-4.5126658630371095,-3.8883142089843754,6.799909515380859
1748975889511,-3.8217027282714846,-4.326153717041016,6.279591522216797
1748975889577,-4.143982543945313,-4.621040496826172,6.335126037597656
1748975889641,-4.817881164550782,-3.270099792480469,8.151598663330079
1748975889711,-4.854854278564454,-0.9134005737304688,10.013277282714844
1748975889779,-5.743855590820313,-0.15522720336914064,9.355844421386719
1748975889841,-5.934559020996094,1.066831512451172,8.652756500244141
1748975889911,-6.566544799804688,-1.0255174255371093,9.427994384765626
1748975889976,-5.281317443847657,-0.7619155883789063,9.940229187011719
1748975890041,-4.721331939697266,0.681233367919922,7.7707905578613286
1748975890111,-3.454366607666016,1.2891192626953125,6.4975382995605475
1748975890177,-5.193150787353516,-0.14609619140625002,8.549920349121095
1748975890241,-4.252656555175782,3.063080291748047,6.866820373535156
1748975890311,-3.1184651184082033,2.4912693786621096,7.8251275634765625
1748975890375,-4.2080493164062505,4.0667431640625,7.695347442626954
1748975890441,-3.4732273864746097,4.0091130065917975,9.096134490966797
1748975890511,-3.139720916748047,4.819527740478516,7.7722874450683594
1748975890576,-3.6113900756835937,5.353018341064454,7.915389862060548
1748975890641,-3.0371841430664066,5.923931121826172,8.551566925048828
1748975890710,-3.530408477783203,5.11815673828125,8.520880737304688
1748975890777,-4.925657043457032,3.6060012817382816,8.621621246337892
1748975890841,-3.147804107666016,5.373974761962891,9.267827453613283
1748975890910,-3.156336364746094,3.137026519775391,7.102580108642578
1748975890976,-3.715573425292969,2.861748962402344,7.085216217041016
1748975891041,-5.419929199218751,3.054248657226563,7.390132141113281
1748975891111,-3.1457084655761722,3.6350408935546876,7.987539825439454
1748975891176,-3.2980915832519533,3.1175669860839847,7.320077819824219
1748975891241,-2.488574981689453,4.244273986816406,7.686815185546876
1748975891310,-3.174299011230469,4.840184783935547,8.033045196533203
1748975891375,-2.7988796997070313,5.931864624023437,7.88724838256836
1748975891441,-3.0725106811523437,5.610333251953126,7.720794525146485
1748975891511,-3.456911315917969,5.701643371582032,8.091124420166016
1748975891575,-4.4792852783203125,5.071902923583985,7.954159240722657
1748975891641,-5.159919891357422,6.206543426513672,9.18100799560547
1748975891710,-3.149300994873047,4.51506088256836,8.488248596191406
1748975891774,-2.465522918701172,3.5615437316894534,6.344107360839844
1748975891841,-4.416715393066406,3.2650103759765625,5.482499084472656
1748975891910,-5.695506134033203,4.598736877441406,6.840475158691406
1748975891974,-3.6543507385253906,6.149062957763673,7.323670349121094
1748975892041,-3.0156289672851564,4.796026611328125,6.3089305114746095
1748975892108,-3.193309478759766,5.027894439697266,7.301217041015625
1748975892174,-3.1235545349121097,5.829028472900391,7.425907745361329
1748975892241,-2.8912376403808597,5.416785736083985,7.8692857360839845
1748975892310,-2.6393115234375,5.383405151367188,7.201075286865235
1748975892375,-3.6281552124023437,6.306385803222657,7.734715576171875
1748975892441,-4.520000610351563,5.506748657226563,8.879085845947266
1748975892510,-6.430328063964844,5.697152709960938,8.411907348632813
1748975892575,-3.6579432678222656,4.587210845947266,7.9697268676757815
1748975892641,-4.720284118652344,2.1716839599609377,6.450386352539063
1748975892710,-5.022505645751953,3.1919622802734375,7.587421875
1748975892776,-3.5016682434082034,3.2358210754394534,8.002508697509766
1748975892841,-3.8540354919433595,2.875071258544922,6.940616912841797
1748975892911,-3.3280293273925783,3.801794128417969,7.054679718017579
1748975892974,-3.8634658813476563,4.746479644775391,7.954608306884766
1748975893041,-2.845133514404297,4.877906341552735,8.621172180175781
1748975893110,-3.819607086181641,4.183500366210938,8.571625213623047
1748975893176,-3.879482574462891,5.1784812927246096,8.733438720703125
1748975893241,-4.167333984375,4.615951080322266,8.29874267578125
1748975893310,-5.731581115722657,5.3350556945800784,9.600435791015625
1748975893376,-3.5307078552246094,5.447172546386719,7.710615692138672
1748975893441,-4.128714294433594,3.4242791748046875,6.098917236328125
1748975893511,-3.873495025634766,5.207371215820313,5.778134307861328
1748975893575,-4.293970642089844,4.773573303222657,8.04921157836914
1748975893641,-1.755249938964844,5.522465972900391,7.094197540283203
1748975893710,-2.2014720153808596,5.270689544677735,6.8108367919921875
1748975893776,-2.3101460266113283,4.446653137207031,8.673114166259767
1748975893841,-1.2534933471679688,5.505551147460938,9.167985076904298
1748975893911,-1.357676696777344,7.98304916381836,8.939859466552734
1748975893974,-3.0520033264160156,4.2239163208007815,10.043065338134767
1748975894041,-3.127745819091797,3.4286201477050784,9.02009262084961
1748975894110,-3.0999037170410157,3.981420593261719,8.621471557617188
1748975894177,-2.033521270751953,2.3144869995117188,6.40473129272461
1748975894241,-4.023483123779297,1.9820283508300782,7.810757446289063
1748975894310,-3.8121226501464847,4.709506530761719,9.813293151855468
1748975894377,-2.061812438964844,3.562591552734375,8.257428588867189
1748975894441,-1.0090516662597657,1.943258972167969,7.24777816772461
1748975894510,-1.608255615234375,4.300856323242188,7.368726654052735
1748975894575,-2.957998809814453,5.157075805664062,7.567513275146485
1748975894641,-2.6226960754394533,7.069498901367188,7.814499664306641
1748975894709,-2.443967742919922,7.429500274658204,7.436685333251954
1748975894774,-4.076622619628907,6.942413177490235,8.192313995361328
1748975894843,-3.6112403869628906,8.65649871826172,8.651409301757813
1748975894910,-3.005450134277344,5.8405545043945315,5.969885559082032
1748975894974,-3.8335281372070313,4.436474304199219,4.645140380859376
1748975895041,-3.2816258239746094,6.105653228759766,6.4780787658691406
1748975895111,-3.309617614746094,6.284680938720704,7.347919921875
1748975895177,-3.0385313415527344,5.849984893798829,7.361391906738282
1748975895241,-2.9713211059570312,8.152945861816407,9.818083190917969
1748975895310,-6.056854705810547,6.643484802246094,8.78448257446289
1748975895374,-5.711223449707031,4.4704536437988285,10.872340850830078
1748975895441,-2.0721409606933596,5.108876037597656,9.873767395019533
1748975895510,-1.0606942749023438,1.8974542236328127,8.362061004638672
1748975895575,0.7650590515136719,3.8344262695312503,7.186405792236329
1748975895641,-0.5254074096679687,2.2146446228027346,8.314310302734375
1748975895710,-0.3703298950195313,3.187621307373047,8.371641082763672
1748975895775,-0.03278182983398438,4.781955871582031,6.244714050292969
1748975895841,-0.9604028320312501,4.3559417724609375,8.358019409179688
1748975895911,-0.6806346130371094,5.010380859375,5.870941314697266
1748975895976,-0.2221380615234375,5.404361572265625,6.608757019042969
1748975896041,-0.5589376831054688,6.023324432373047,6.505920867919922
1748975896111,-0.61552001953125,5.867199096679688,6.257287902832031
1748975896176,-0.8521778869628907,6.416856079101563,7.2211335754394534
1748975896241,-1.1910731506347656,6.374344482421876,7.523355102539063
1748975896311,-0.39278320312500004,5.428910522460938,6.404880981445313
1748975896376,-1.331481170654297,7.45853988647461,7.282356262207031
1748975896441,-2.4048989868164066,5.05109619140625,10.098749542236328
1748975896510,-1.3251942443847657,4.58212142944336,7.9625418090820315
1748975896575,-0.8259823608398438,5.56842041015625,7.536677398681641
1748975896641,-1.2695100402832031,4.849764862060547,7.46332992553711
1748975896712,-1.6862434387207033,5.327122192382813,8.763226776123048
1748975896775,-1.5438894653320314,5.524561614990235,7.7531272888183596
1748975896841,-1.6197816467285158,5.308560791015625,7.7838134765625
1748975896910,-1.8009049987792969,5.6627243041992195,8.043523406982422
1748975896974,-1.4796730041503907,6.467151489257813,9.184001770019531
1748975897041,-1.6781602478027344,5.86585189819336,8.345744934082031
1748975897108,-1.3946498107910157,6.110443267822266,8.211623840332031
1748975897174,-0.6189628601074219,6.32045654296875,8.868008880615236
1748975897241,0.3254232788085938,8.039481811523437,7.473209381103516
1748975897310,-0.7430548095703126,4.499942321777344,8.548423461914062
1748975897376,1.1666738891601562,6.110293579101563,5.3229309082031255
1748975897441,0.4620890808105469,6.959028625488282,5.1007928466796875
1748975897512,0.3794609069824219,6.38033203125,7.567064208984376
1748975897576,0.6099815368652344,7.348518676757813,5.436095581054688
1748975897641,0.4962181091308594,7.703580322265625,5.348976745605469
1748975897711,0.5453160095214844,7.879015502929688,5.113217010498047
1748975897775,0.947230224609375,7.589068450927734,5.038672027587891
1748975897841,0.9560618591308594,7.900720367431641,4.273762664794922
1748975897912,0.6649172973632813,7.948022003173828,6.0484721374511725
1748975897974,-0.45235931396484375,8.60380828857422,6.524332580566407
1748975898041,0.09385482788085937,8.847501525878906,6.979386291503906
1748975898111,-0.760418701171875,6.267017669677735,6.675967254638672
1748975898177,-0.9858499145507813,7.25017318725586,6.170917510986328
1748975898241,-1.041534118652344,7.415130157470704,6.219566345214844
1748975898310,-1.0018666076660157,7.054679718017579,5.899980926513672
1748975898377,-0.6971003723144532,7.210056610107422,5.524711303710938
1748975898441,-0.26794281005859377,7.208110656738282,5.665269012451172
1748975898510,0.29952713012695314,7.047794036865235,5.834117889404297
1748975898576,-0.2197430419921875,7.6387651062011726,5.8740847778320315
1748975898641,-0.7349716186523438,7.7954891967773445,6.179300079345704
1748975898710,-0.4147874450683594,8.01508255004883,6.700815582275391
1748975898776,-0.6403683471679688,8.448730773925782,6.466552734375
1748975898841,0.1191522216796875,8.60665237426758,6.5184947204589845
1748975898910,-0.2552192687988281,6.391109619140625,7.492818603515626
1748975898977,1.3647120666503907,6.545438690185547,5.9621017456054695
1748975899041,0.5972579956054688,6.981182556152344,6.380182342529297
1748975899110,0.22049148559570314,6.788533172607422,6.348747711181641
1748975899176,0.09610015869140626,7.209607543945313,5.1539323425292976
1748975899241,-0.2089654541015625,7.271129608154297,6.043382720947266
1748975899311,-0.27153533935546875,7.601492614746094,5.9303677368164065
1748975899377,-0.022303619384765626,7.179370422363282,7.023095397949219
1748975899441,-0.42870849609375,7.384593658447266,7.185807037353516
1748975899511,0.02365081787109375,8.530161437988282,7.154073028564453
1748975899576,-0.2540217590332031,7.1367091369628906,7.860753479003907
1748975899641,-1.0777587890625,5.73607177734375,6.603667602539063
1748975899710,-1.3696517944335938,6.608906707763672,5.797893218994141
1748975899776,-1.8826350402832033,6.091732177734375,6.9025959777832036
1748975899841,-1.8579364013671875,6.040089569091797,7.644453277587891
1748975899910,-1.107696533203125,6.056255950927735,7.429949340820313
1748975899974,-1.3873150634765625,5.6570361328125,7.477849731445313
1748975900041,-1.1916719055175782,6.233936462402344,7.686665496826172
1748975900111,-1.1623329162597658,6.555916900634766,7.091802520751953
1748975900175,-1.5045213317871096,6.667285308837891,7.225175170898438
1748975900241,-1.2258009338378908,6.283932495117188,8.74077346801758
1748975900311,-0.39547760009765626,7.598498840332032,8.30727493286133
1748975900376,-0.6207591247558594,5.551056518554688,8.095615081787109
1748975900441,1.272952880859375,4.999752960205078,6.793173522949219
1748975900510,0.5701643371582031,6.366710357666016,5.521118774414063
1748975900576,0.0461041259765625,4.629423065185547,7.8429405212402346
1748975900641,0.9283694458007813,5.71257064819336,6.656507720947266
1748975900710,1.1187734985351563,6.412066040039063,7.355254669189454
1748975900778,1.1541000366210938,6.089187469482423,8.118367767333984
1748975900841,0.8918453979492188,5.403613128662109,7.929310913085938
1748975900909,1.0231224060058595,4.643793182373047,7.405400390625
1748975900974,0.3975732421875,4.274361419677734,7.389533386230469
1748975901041,0.3359014892578125,3.6540513610839844,8.039930877685547
1748975901112,-0.8330177307128906,4.949008483886719,9.73291030883789
1748975901177,-0.7536827087402345,2.3799009704589844,9.96567626953125
1748975901241,-0.9372010803222657,3.3605117797851562,8.072862396240234
1748975901311,-0.9937834167480469,4.274660797119141,8.274193725585938
1748975901376,-0.7966433715820312,2.915786590576172,10.498867492675782
1748975901441,-0.22513183593750002,3.2263906860351566,9.581125946044923
1748975901510,-0.32901580810546877,2.9035121154785157,9.387279052734376
1748975901576,0.07634124755859376,3.904929656982422,9.698930969238281
1748975901641,0.08053253173828126,4.594545593261719,9.462273101806641
1748975901711,-0.9090596008300782,3.9513331604003907,9.766141204833986
1748975901774,-1.4079721069335938,3.759581909179688,8.65125961303711
1748975901841,-1.2319381713867188,3.7781433105468754,8.362510070800782
1748975901912,-1.3460009765625,3.5721716308593754,9.568701782226563
1748975901974,-0.827479248046875,4.042044525146484,11.415261840820314
1748975902041,-0.195194091796875,3.2997381591796877,9.00811752319336
1748975902108,0.8346643066406251,3.3459919738769535,8.578211517333985
1748975902174,1.512305145263672,2.402354278564453,9.051976318359376
1748975902241,2.052382049560547,2.3381378173828127,8.853638763427735
1748975902310,2.2465283203125,3.191064147949219,8.835077362060547
1748975902376,2.1990769958496097,3.826193389892578,8.808133392333986
1748975902441,1.8982026672363281,4.661456451416016,8.866661682128907
1748975902512,2.033521270751953,4.5090733337402344,8.59422821044922
1748975902577,2.108964385986328,4.736151123046875,8.564589843750001
1748975902641,1.7652790832519532,5.085674285888672,8.81172592163086
1748975902712,1.1645782470703125,4.486919403076172,8.427624664306641
1748975902776,0.4117936706542969,4.750670928955079,7.638316040039063
1748975902841,1.4485377502441408,5.163961486816406,10.366542663574219
1748975902912,1.5762222290039063,4.9211663818359375,8.421786804199218
1748975902976,1.08015380859375,4.867577819824219,7.246430969238282
1748975903041,0.8987310791015626,5.048401794433594,7.880961456298828
1748975903111,1.00830322265625,5.231770477294922,7.979007568359376
1748975903176,0.7162605285644532,5.358257446289063,8.324938201904297
1748975903241,0.961450653076172,5.730383605957032,8.110284576416015
1748975903310,1.0148895263671875,5.622008972167969,7.9658349609375
1748975903374,1.2639715576171875,5.282814331054688,7.957302703857422
1748975903441,0.9949809265136719,5.0247509765625,8.278534698486329
1748975903510,0.8430468750000001,5.319039001464844,8.271499328613281
1748975903576,0.8111631774902344,5.097948760986329,8.186925201416017
1748975903641,0.9876461791992188,5.8869580078125,8.66323471069336
1748975903710,0.6713539123535157,5.800886993408203,8.928932189941406
1748975903775,0.14160552978515625,5.475164337158203,9.260642395019532
1748975903841,0.46119094848632813,5.319188690185547,8.773704986572266
1748975903911,0.7485932922363282,5.3036210632324226,8.029901733398438
1748975903974,0.7664062500000001,4.991220703125,7.543712768554688
1748975904041,-0.13501922607421876,5.302423553466797,6.354585571289062
1748975904111,-0.4763095092773438,5.784870300292969,6.336173858642579
1748975904176,0.0056881713867187505,6.05266342163086,5.912554779052734
1748975904241,0.05703140258789063,5.999523925781251,5.251080322265625
1748975904310,0.10553054809570313,6.591692504882813,6.163283386230469
1748975904378,-0.3754193115234375,6.4676005554199225,7.250921630859375
1748975904441,-0.8138575744628906,5.749843139648438,7.3338491821289065
1748975904511,-1.5609539794921876,4.870870971679688,7.177574157714844
1748975904577,-2.3725662231445312,3.1448103332519532,7.9451779174804695
1748975904641,-3.434158630371094,1.823507995605469,9.866282958984376
1748975904711,-4.026327209472656,0.12049942016601563,9.537117462158204
1748975904775,-4.20849838256836,-0.106578369140625,9.959688720703125
1748975904841,-3.903432769775391,-0.19624191284179687,10.26460464477539
1748975904911,-2.991529083251953,-0.4537065124511719,10.000254364013673
1748975904976,-2.908751220703125,-0.41463775634765626,9.998308410644531
1748975905041,-2.7903474426269534,-0.506546630859375,9.46077621459961
1748975905111,-2.6803262329101565,-0.6804849243164063,9.708361358642579
1748975905176,-2.348316650390625,-0.8662486267089844,9.260642395019532
1748975905241,-2.1969813537597656,-0.6283932495117188,9.378896484375
1748975905310,-2.459385681152344,-0.7225474548339844,9.30988998413086
1748975905376,-2.6312283325195316,-0.8327183532714845,9.340725860595704
1748975905441,-2.5638684082031253,-0.7237449645996095,9.301806793212892
1748975905509,-2.345921630859375,-0.5014572143554688,9.38218963623047
1748975905574,-2.219734039306641,-0.3706292724609375,9.550290069580079
1748975905641,-2.182611236572266,-0.4071533203125,9.497150573730469
1748975905711,-2.2709275817871095,-0.43963577270507814,9.476942596435547
1748975905778,-2.321672058105469,-0.35820510864257815,9.990524597167969
1748975905841,-3.3030313110351566,0.11181747436523438,11.054661712646485
1748975905911,-4.195774841308594,1.7071998596191407,11.394155731201172
1748975905974,-3.5595977783203128,1.9953506469726563,11.59189453125
1748975906041,-3.370989990234375,2.794538726806641,10.826835479736328
1748975906111,-1.1632310485839845,3.439996490478516,8.539292449951173
1748975906177,-1.5320640563964845,2.8322602844238283,7.163353729248048
1748975906241,-1.7814454650878908,3.6254608154296877,6.961124267578126
1748975906311,-1.619033203125,4.536765747070313,6.037544860839844
1748975906376,-1.8616786193847656,5.642516326904297,6.558760986328125
1748975906441,-1.2567864990234376,6.252946929931641,7.03896240234375
1748975906511,-1.4635066223144533,6.773414611816406,7.234156494140626
1748975906576,-1.648970947265625,6.671476593017578,7.008425903320313
1748975906641,-1.374591522216797,6.321803741455079,6.7704208374023445
1748975906711,-1.294358367919922,6.804250488281251,6.574029235839844
1748975906776,-1.253792724609375,7.092401275634766,6.156397705078125
1748975906841,-1.3380674743652345,6.775809631347657,6.1293040466308595
1748975906910,-1.2470567321777344,7.018604736328125,6.295757904052735
1748975906974,-1.2385244750976563,7.045848083496094,6.422394561767579
1748975907041,-1.23822509765625,7.180118865966797,6.443500671386719
1748975907108,-1.0361453247070314,7.299570465087891,6.306834869384766
1748975907174,-1.3798306274414063,7.5170681762695315,5.621859283447266
1748975907241,-1.4163546752929688,7.516619110107422,3.6384837341308596
1748975907310,-2.205363922119141,8.273894348144532,5.660329284667969
1748975907374,-2.5249493408203127,8.198900299072266,5.500312042236328
1748975907441,-2.9271629333496096,8.48510513305664,4.357139282226563
1748975907521,-2.642454986572266,8.771609344482423,3.809128875732422
1748975907574,-2.4234603881835937,8.63494354248047,2.8612998962402347
1748975907642,-2.292931823730469,8.423283691406251,2.4421714782714843
1748975907713,-2.688559112548828,8.830287322998048,2.344574432373047
1748975907777,-4.169579315185547,10.231224060058594,2.6720933532714843
1748975907841,-2.8577073669433597,7.714507598876954,2.220033416748047
1748975907910,-3.105142822265625,10.222242736816407,2.3703208923339845
1748975907974,-3.1102322387695316,7.544461212158203,4.954097900390625
1748975908041,-2.601140899658203,7.5538916015625,4.9494575500488285
1748975908110,-2.468666381835938,7.335346069335938,7.329059143066407
1748975908174,-2.5512945556640627,6.833739166259766,5.867947540283203
1748975908241,-2.5200096130371095,7.043303375244141,6.0131455993652345
1748975908310,-2.7898983764648437,6.8707122802734375,6.463558959960938
1748975908376,-2.6267376708984376,6.792874145507813,6.308331756591797
1748975908442,-2.788700866699219,6.73763900756836,6.396648101806641
1748975908510,-2.8392956542968752,6.718029785156251,6.450985107421875
1748975908574,-3.004402313232422,6.803651733398437,6.438560943603516
1748975908642,-2.731370086669922,6.57956771850586,6.169270935058594
1748975908710,-2.9488677978515625,6.661597137451173,6.380781097412109
1748975908774,-3.2180081176757813,6.929090881347657,7.107070770263673
1748975908841,-2.925366668701172,7.024143218994141,6.457272033691407
1748975908910,-2.7189459228515624,6.966962127685547,6.359375610351563
1748975908978,-2.820883941650391,6.919510803222656,6.265969848632813
1748975909041,-2.8731253051757815,6.806346130371094,6.290668487548828
1748975909110,-3.1189141845703126,7.049440612792969,6.699019317626954
1748975909174,-2.9451255798339844,7.405849456787109,6.085594940185548
1748975909241,-2.9398864746093754,7.218738555908203,5.552703094482422
1748975909308,-2.841391296386719,7.240293731689453,5.478457489013672
1748975909377,-2.9958700561523437,7.195836181640625,5.635780334472656
1748975909441,-2.5725503540039063,8.399483184814454,4.272415466308594
1748975909511,-2.538271636962891,8.10235107421875,3.6839891052246094
1748975909577,-2.045496368408203,8.228089599609376,3.2183074951171875
1748975909641,-2.7343638610839847,7.861202545166016,4.314627685546875
1748975909716,-3.063978424072266,9.506580963134766,4.031266937255859
1748975909774,-2.1442909240722656,7.795938262939454,3.7678147888183595
1748975909841,-2.4815396118164066,8.74227035522461,4.322261810302734
1748975909911,-2.299368438720703,8.566386108398438,4.205504608154297
1748975909977,-2.5703050231933595,8.264613647460937,4.179458770751953
1748975910041,-2.5381219482421877,8.683742065429687,4.314028930664063
1748975910110,-2.641856231689453,8.192313995361328,3.8351747131347658
1748975910174,-2.9268635559082035,8.664581909179688,4.386029205322266
1748975910241,-2.512525177001953,8.320148162841797,4.247866516113281
1748975910310,-2.7526258850097656,8.05924072265625,4.064497833251953
1748975910376,-3.2491433715820315,8.125403137207032,4.292773132324219
1748975910441,-3.046315155029297,8.132288818359376,5.200635223388672
1748975910511,-2.9954209899902344,7.923622741699219,4.743785247802735
1748975910577,-2.7213409423828128,7.884104919433594,4.714446258544922
1748975910641,-2.866688690185547,7.940986633300781,4.7961763000488284
1748975910711,-2.9175828552246097,7.9396394348144534,5.066364440917969
1748975910777,-2.8560607910156253,7.960296478271485,5.159620513916016
1748975910841,-2.637814636230469,7.815098419189454,4.941224670410157
1748975910913,-2.692900085449219,7.868836669921875,5.059478759765625
1748975910974,-2.7304719543457034,7.839497680664063,4.851710815429688
1748975911042,-2.6676026916503908,7.88245834350586,4.975204010009766
1748975911110,-2.6441015625,7.961943054199219,4.91502914428711
1748975911176,-2.5427622985839844,7.873027954101563,4.874164123535157
1748975911241,-2.5641677856445315,7.993078308105469,4.932093658447266
1748975911312,-2.469115447998047,7.892487487792969,5.082830200195313
1748975911375,-2.703827362060547,7.635921020507813,5.146447906494141
1748975911441,-2.7930418395996095,7.7053765869140625,5.045857086181641
1748975911511,-2.6825715637207033,7.827522583007813,5.0302894592285154
1748975911574,-2.4995022583007813,7.811505889892579,4.994962921142578
1748975911642,-2.5132736206054687,7.085515594482422,4.923262023925782
1748975911712,-2.129322052001953,6.248755645751953,5.4161869812011725
1748975911776,-3.2627650451660157,7.5911640930175786,5.360353088378907
1748975911842,-2.7264303588867187,7.5224569702148445,7.480843505859375
1748975911911,-2.614912261962891,6.417604522705078,8.313861236572267
1748975911974,-1.5549664306640625,4.932243347167969,7.946375427246094
1748975912041,-2.158810729980469,6.033353576660157,7.8975769042968755
1748975912108,-2.173480224609375,5.657185821533203,8.312813415527344
1748975912175,-1.9405645751953127,5.070555725097656,7.766898651123047
1748975912241,-1.7312997436523438,5.728587341308594,7.483238525390625
1748975912310,-2.026934967041016,5.729036407470703,7.517217864990235
1748975912377,-1.813179473876953,5.232369232177734,7.5911640930175786
1748975912441,-2.286195831298828,5.937103729248047,7.822732543945313
1748975912510,-2.2215303039550784,5.689668273925782,7.641160125732422
1748975912576,-2.216590576171875,5.636079711914062,7.597001953125001
1748975912642,-2.0209474182128906,5.470224609375,7.5752970886230475
1748975912710,-1.9755917358398438,5.711971893310547,7.719746704101563
1748975912776,-2.0718415832519534,5.290448455810547,7.420518951416016
1748975912841,-2.242636413574219,5.949228515625,7.861052856445313
1748975912910,-1.9764898681640626,5.815257110595703,7.5856256103515625
1748975912974,-2.1082159423828126,5.767955474853516,7.273524627685547
1748975913042,-1.8723065185546877,5.743107147216797,7.468269653320313
1748975913110,-2.133812713623047,5.992488555908204,7.403005371093751
1748975913174,-1.969903564453125,5.720504150390625,7.207362213134766
1748975913242,-2.075134735107422,5.860014038085938,7.88006332397461
1748975913311,-1.9896624755859376,5.824986877441407,7.313341827392579
1748975913374,-1.6796571350097658,5.053042144775391,7.744744720458985
1748975913441,-1.85853515625,4.552033996582032,8.270750885009766
1748975913511,-2.030826873779297,4.9440687561035155,8.723259887695313
1748975913576,-1.9149678039550782,5.064717864990235,8.331225128173829
1748975913641,-1.9770886230468752,5.531147918701172,7.645351409912109
1748975913712,-1.6179853820800782,5.046006774902344,7.667954406738281
1748975913777,-1.9058367919921877,5.8441470336914065,7.924969940185547
1748975913841,-2.1740789794921875,4.9389793395996096,7.583380279541016
1748975913911,-1.8839822387695313,5.996081085205079,7.304959259033203
1748975913976,-1.9227516174316408,5.950126647949219,7.141349487304688
1748975914042,-1.9724482727050783,6.196813659667969,7.479496307373047
1748975914111,-1.888472900390625,6.235433349609376,7.1367091369628906
1748975914177,-1.8910176086425783,6.068829803466797,6.936126251220704
1748975914241,-2.1213885498046876,6.190676422119141,7.349267120361328
1748975914310,-2.0246896362304687,6.284231872558594,7.19508773803711
